XMTM2MTYwNzM2MA==	103	184	130	59	8	12	42	52	27	14	30	28	8	20	5	26	23	9	5	44	24	17	32	14	15	28	25	14	10	14
XMTM2MTA0NzI0OA==	234	609	463	212	13	107	126	90	14	4	5	8	0	1	1	2	0	1	3	31	1	1	2	2	0	2	1	0	0	1
XMTM2MTcxMjk3Mg==	710	1045	463	519	85	359	337	303	289	240	156	195	235	262	170	266	193	153	157	168	168	116	211	167	143	190	153	143	150	135
XMTM2MDc2NzM3Ng==	9	22	3	5	1	1	4	0	2	0	0	1	0	0	1	0	1	0	0	0	0	0	0	1	1	0	0	1	3	1
XMTM2MTI4NDY5Ng==	28	31	11	6	1	11	13	4	13	10	19	26	12	36	50	21	41	60	93	231	146	217	352	303	108	179	40	148	100	135
XMTM2MTQ4NTkyMA==	29	30	10	15	1	9	10	5	5	15	4	4	11	16	7	6	8	2	4	7	0	1	1	1	0	11	4	1	0	4
XMTM2MTUwNjE0OA==	27	64	12	5	0	0	5	7	3	2	7	4	1	0	6	2	1	1	0	27	8	5	1	0	1	2	5	3	2	5
XMTM2MTQ1Mzg0NA==	5	7	4	0	1	1	0	0	0	0	0	0	0	0	0	0	0	0	0	0	0	0	0	0	0	0	0	3	1	2
XMTM2MDg5OTU2OA==	3441	7556	2821	2444	16	1	5	20	116	3	1	5	0	8	0	10	7	10	8	1	3	2	11	4	9	287	183	73	117	229
XMTM2MTIyNjI2MA==	8	12	5	3	2	4	1	1	5	0	1	1	2	0	0	0	1	1	0	6	1	3	0	1	1	0	0	1	4	2
XMTM2MDgzOTA0MA==	147779	243164	137894	67863	1554	1104	763	804	591	631	855	1541	4338	3180	1650	562	354	389	518	738	544	387	296	460	283	604	286	287	30509	494
XMTM2MTU5NzE0NA==	45	190	24	18	6	1	3	23	5	1	3	0	1	0	0	0	0	0	1	7	1	0	0	1	0	0	1	0	0	1
XMTM2MTQzMDg1Mg==	15	49	10	14	23	9	22	40	21	14	3	3	5	4	15	0	3	1	7	26	21	8	1	1	0	2	3	4	2	16
XMTM2MTM0NTkwOA==	10	59	29	16	10	14	7	5	5	2	1	1	1	0	0	0	0	1	2	7	0	0	1	0	0	1	0	1	0	0
XMTM2MTMyMzM2OA==	13	20	4	14	1	4	8	6	2	0	0	2	0	1	0	1	0	0	1	3	0	2	1	1	0	0	0	0	1	0
XMTM2MTY0MTgwMA==	22	46	25	3	1	0	3	0	0	1	0	0	0	0	1	0	0	0	1	2	0	0	0	0	0	1	0	0	0	0
XMTM2MTIyODIyOA==	226	311	128	115	5	44	50	19	9	16	12	2	5	1	10	2	2	2	1	53	7	3	1	1	1	3	1	5	2	4
XMTM2MTExMDI3Mg==	137	410	19	5	4	0	0	3	0	0	1	4	1	0	2	6	0	6	1	1	0	0	0	1	0	1	32	3	22	2
XMTM2MTYxNjU2OA==	352	831	217	45	45	0	3	84	43	56	34	9	0	11	54	9	1	47	11	21	33	50	22	5	2	0	1	8	16	49
XMTM2MTA2OTYzMg==	219	257	99	65	27	14	87	40	51	45	27	12	23	16	14	3	7	8	50	2	12	30	41	15	15	27	7	33	17	20
XMTM2MTQ5MDk5Mg==	1474	2038	1249	655	237	277	487	199	108	254	67	142	92	107	86	71	86	66	78	62	56	68	16	30	10	4	32	45	36	26
XMTM2MTQ1NDI4MA==	156	313	68	11	10	5	3	5	5	1	3	3	2	2	4	11	25	0	1	1	4	1	1	3	1	9	1	3	8	14
XMTM2MDc1NjUwMA==	17	20	7	8	1	5	11	2	3	10	4	3	0	2	0	1	0	1	5	19	1	2	2	2	0	0	2	2	2	6
XMTM2MTUwMzU0OA==	189	240	71	114	4	65	86	181	88	35	30	53	79	38	30	44	42	7	0	50	4	46	43	6	11	9	13	41	25	79
XMTM2MTQwNDQwOA==	7	93	0	1	0	0	0	0	0	0	1	0	3	0	0	0	1	0	0	0	0	0	0	0	1	0	0	3	0	0
XMTM2MTYxMjU0OA==	31	71	18	13	1	19	33	16	3	1	1	3	2	1	2	2	0	1	1	16	3	5	6	1	4	3	1	2	1	4
XMTM2MTYyNDA4OA==	29	88	0	11	0	2	0	1	4	3	1	3	0	0	0	1	1	0	1	4	0	0	0	0	1	0	0	0	0	0
XMTM2MTAxMDM3Ng==	6	10	6	0	0	1	0	0	0	0	0	0	2	0	1	0	1	0	1	5	0	1	0	2	0	0	0	1	0	0
XMTM2MTIzNTI2NA==	38	329	1	1	0	0	0	0	0	0	0	0	0	0	0	0	0	0	0	0	0	0	18	19	10	0	7	5	8	0
XMTM2MTYwMDMyMA==	560	3180	661	354	35	95	109	95	71	44	28	39	11	1	2	6	3	3	0	158	74	32	13	7	6	18	7	10	2	10
XMTM2MDgwMzk4NA==	42	90	19	6	2	1	5	0	3	4	0	0	0	1	0	1	1	0	0	2	3	0	0	0	0	0	0	0	1	0
XMTM2MTYxMzc4NA==	171	1777	327	317	139	450	483	481	182	5	61	53	50	11	77	44	77	120	47	64	64	73	60	35	3	138	47	77	64	42
XMTM2MDkzMTkyMA==	744	1228	366	184	14	18	89	101	70	91	42	37	28	28	50	34	47	49	20	18	26	17	47	145	71	51	11	30	14	14
XMTM2MTQ4Nzk0OA==	64	133	25	5	1	2	1	0	3	0	3	3	1	1	2	1	0	2	0	8	1	1	0	1	0	0	0	5	2	16
XMTM2MDg1MzI4OA==	87	108	29	54	5	7	31	35	48	44	7	2	2	1	1	1	0	5	2	6	6	5	3	6	1	0	1	5	3	2
XMTM2MTYwMzE2OA==	70	190	31	1	3	2	1	0	0	0	0	1	0	0	1	1	0	0	0	0	0	1	0	0	3	0	1	1	0	3
XMTM2MTIyOTAzNg==	26	53	11	7	1	0	0	0	0	2	1	0	0	0	2	1	3	0	24	18	4	0	1	0	2	1	0	0	2	0
XMTM2MTIyMTc1Mg==	1540	527067	185584	4808	17274	17903	9017	2788	11521	16021	3356	13	1005	729	12243	6907	1035	1016	918	1280	6660	3461	691	302	432	749	543	3206	31507	14796
XMTM2MTI3MTk0MA==	6	15	5	2	0	0	0	0	0	0	1	0	0	0	0	0	1	1	0	1	0	0	0	0	0	0	0	0	0	0
XMTM2MTU4MDM2NA==	8	14	1	1	0	0	5	0	9	3	1	1	1	5	2	0	5	0	1	5	1	0	0	2	5	6	1	4	3	2
XMTM2MTE5NjYwMA==	81	233	65	70	21	50	62	77	40	24	16	18	17	5	11	25	0	0	4	70	8	7	0	19	3	4	7	35	11	22
XMTM1OTI5NTkyNA==	4	8	2	2	1	0	0	0	0	0	1	1	0	0	0	0	0	1	0	1	1	0	0	0	2	2	2	2	1	0
XMTM2MTU1NDQyOA==	107	628	172	70	1	11	7	20	11	16	6	1	2	11	1	0	1	2	1	41	2	2	0	0	1	2	0	1	0	0
XMTM2MTM3NDQyMA==	7498	13659	4162	4181	293	283	1016	862	868	755	723	376	429	219	188	180	112	351	86	76	94	185	37	115	66	117	143	76	2145	566
XMTM2MTQ5ODk5Mg==	67	269	168	101	2	2	17	2	0	1	0	1	0	3	0	0	0	0	0	0	1	0	0	3	3	1	9	2	0	0
XMTM2MTE3MjM4MA==	520	2841	2273	1182	1588	1022	507	3275	1433	714	367	357	490	227	228	242	124	181	144	149	170	131	323	112	86	70	80	88	67	99
XMTM2MTM0MDcwMA==	4	12	5	0	0	1	0	3	0	0	3	1	2	0	0	1	0	3	0	1	1	0	0	2	1	0	1	1	1	0
XMTM2MTMxMTk0MA==	406	498	279	158	25	58	57	54	49	71	55	48	24	7	29	23	22	14	46	197	71	58	85	72	72	145	25	58	44	36
XMTM2MTU4NjQ4MA==	1122	3813	875	682	135	725	876	1107	190	134	12	7	42	84	74	40	71	68	80	57	55	48	64	54	37	55	31	45	42	45
XMTM2MDgxNDg1Ng==	24	30	10	3	10	13	6	8	7	2	0	0	1	0	0	0	0	1	20	2	9	1	1	1	1	3	0	0	2	1
XMTM2MDk1MTk4OA==	3	10	4	0	0	0	0	0	0	1	0	0	0	1	0	0	2	0	0	4	1	0	1	0	0	8	0	1	0	0
XMTM2MDczNDQ2MA==	10	39	7	0	0	2	0	0	0	0	0	0	1	1	3	5	2	2	0	3	0	1	0	0	2	0	0	2	0	0
XMTM2MTUzMTEzMg==	6	27	7	4	0	2	6	9	15	3	0	2	2	0	3	8	0	0	3	7	5	3	2	1	1	2	2	0	4	10
XMTM2MTI4MzMwMA==	5	12	6	3	0	0	2	3	1	20	20	33	5	41	56	19	61	34	37	278	144	297	360	112	60	110	102	92	194	161
XMTM2MTUxMTAxNg==	27	53	19	17	0	12	7	4	1	9	3	2	2	2	1	0	2	2	0	11	0	2	2	1	0	3	1	0	1	0
XMTM2MDg2MzgyNA==	18	66	0	0	0	0	0	0	0	0	1	0	0	0	0	0	0	0	0	1	2	0	0	4	0	1	0	1	0	0
XMTM2MDk0NjY4MA==	50	129	1	0	0	1	0	0	0	0	1	0	0	0	0	0	1	0	0	0	0	0	0	0	0	0	0	16	1	0
XMTM2MTEwNDYwOA==	20	81	19	27	14	10	0	0	0	0	0	0	0	0	0	0	0	1	0	0	0	0	0	0	0	0	12	3	2	1
XMTM2MDc0MTY2NA==	12325	15337	9060	6608	183	3955	4575	4915	2487	4573	1378	1385	1569	1109	1045	1049	940	915	921	852	837	785	1053	607	415	766	731	961	631	700
XMTM2MTY0MTQ4MA==	3	15	0	0	0	0	0	0	0	0	0	0	0	0	0	1	0	0	0	0	0	0	1	0	3	0	0	0	0	0
XMTM2MDk2NjM2MA==	502	17052	26	18	9	10	14	10	23	10	0	9	2	6	0	37	6	1	1	1	2	2	2	2	2	5	2428	476	1732	14
XMTM2MTM1MTM4MA==	929	1304	393	490	86	301	212	204	121	121	130	69	113	72	103	71	73	66	80	85	81	106	93	54	45	75	58	71	67	114
XMTM2MDk2NzM4NA==	285	12246	972	45	11	26	13	4	8	10	16	19	18	6	7	10	6	36	32	29	14	21	20	2	5	7	3	10	1	7
XMTM2MTIyMjEwOA==	527	21996	4105	2149	41	6589	13196	2978	2168	954	574	543	350	253	295	301	293	302	107	195	164	173	176	104	60	139	106	139	100	107
XMTM2MTUyNzk2NA==	66	371	75	15	22	0	5	6	4	1	0	0	1	1	0	0	2	0	0	1	1	1	0	0	0	1	0	0	0	0
XMTM2MTIwNjY5Ng==	1717	3132	889	819	357	621	638	2701	1183	813	80	626	413	535	898	753	162	116	68	128	659	1460	869	156	63	224	143	155	504	372
XMTM2MTU4MDQ0NA==	6	9	1	7	1	1	0	1	0	0	0	0	0	0	0	0	0	1	0	0	0	0	0	0	0	0	0	0	1	1
XMTM2MTU3MDg4MA==	45	50	14	21	0	22	6	3	3	5	2	0	0	1	4	2	3	1	1	21	8	2	0	0	5	2	1	1	3	4
XMTM2MTUyNTU0OA==	9	12	2	5	5	1	4	7	3	5	5	2	0	0	5	1	2	21	4	1	4	5	0	2	1	1	1	2	0	6
XMTM2MDg0MDQxMg==	37	102	34	16	3	3	1	2	0	7	0	0	0	0	4	0	4	0	3	2	1	0	0	0	0	1	1	0	0	0
XMTM2MDcyOTY3Ng==	42	81	20	10	2	1	23	7	13	8	4	7	1	1	0	1	4	1	0	29	1	3	3	1	2	2	0	4	2	0
XMTM2MTQ4NzE4MA==	10	21	4	7	9	3	1	2	1	2	1	3	7	5	3	1	7	3	10	0	1	2	3	4	6	1	0	1	6	2
XMTM2MTYwNTA4MA==	25	129	0	0	1	0	0	0	0	1	2	2	0	0	0	0	0	0	0	0	0	0	14	1	4	1	2	6	4	0
XMTM2MTQzNzU0OA==	10	39	19	27	8	28	1	15	4	10	39	13	23	10	32	64	9	20	13	15	25	9	18	30	42	67	14	36	43	32
XMTM2MTYxMTA3Ng==	7	67	14	0	0	0	0	0	0	0	0	0	0	3	0	0	0	0	0	0	0	0	0	0	0	0	1	0	0	3
XMTM2MDk2MDE5Ng==	398	547	301	313	27	82	135	163	149	136	83	135	147	66	93	31	47	50	18	35	41	32	53	26	6	35	35	51	40	33
XMTM2MDkzNDEzMg==	73	86	22	34	14	24	30	22	25	21	15	1	4	2	1	0	1	1	10	89	6	12	0	11	0	4	2	5	9	5
XMTM2MTExMzcwMA==	491	2654	422	583	59	358	387	517	438	193	58	57	55	43	114	56	21	54	26	80	41	56	32	5	7	9	14	49	23	51
XMTM2MTQxNzU1Ng==	2615	4975	1755	86	42	117	145	59	38	138	29	14	22	34	27	7	24	31	30	30	41	15	10	29	13	18	28	16	36	423
XMTM2MTYwMzkzMg==	77	194	30	28	7	18	27	9	5	5	4	6	4	7	11	17	13	4	3	54	11	9	30	9	9	25	23	58	36	10
XMTM2MTYyMjQxMg==	109	113	64	37	6	18	43	40	14	19	25	7	22	14	2	2	4	0	7	48	14	9	21	3	2	13	12	12	12	9
XMTM2MTU5NzYzNg==	1	2	1	1	0	1	0	1	0	0	0	0	1	0	0	0	0	0	1	0	2	0	0	1	0	3	0	0	1	2
XMTM2MTI2MDkxMg==	100	1190	261	0	16	43	7	15	1	15	12	11	6	27	7	2	2	12	12	98	12	1	4	11	1	52	40	13	25	15
XMTM2MTM3NDk1Ng==	591	1102	293	149	10	26	28	85	33	35	45	26	12	13	8	4	8	3	3	81	9	5	2	7	4	6	5	12	8	9
XMTM2MDcxODk3Ng==	72	160	43	73	15	1	9	26	15	14	16	4	4	1	2	1	15	2	0	83	11	1	20	10	2	4	11	7	10	10
XMTM2MTYxNTYyOA==	57	395	9	5	15	2	3	0	1	6	4	0	2	4	0	5	1	1	5	10	1	1	0	1	0	1	1	2	7	14
XMTM2MTUwMjQwNA==	6084	42272	10556	1081	663	316	937	111	268	371	668	1037	1039	579	246	121	168	122	88	136	114	120	150	118	61	135	116	118	112	103
XMTM2MTU5NDQ3Mg==	96	44271	7037	2	75	71	64	41	62	47	50	42	76	38	48	19	17	17	15	11	38	8	63	13	2156	563	27	106	868	371
XMTM2MTMzMDYyNA==	25	77	53	39	14	14	5	11	7	6	0	3	0	2	1	1	2	2	2	15	3	1	1	0	0	0	1	0	0	0
XMTM2MTYwODM3Mg==	109	490	3	4	1	1	5	8	0	0	1	0	1	1	0	8	2	0	0	1	0	0	0	7	9	27	1	31	13	1
XMTM2MTQ3MTc5Ng==	25	256	15	0	0	0	0	0	0	0	0	0	0	0	0	2	1	0	2	0	1	0	0	0	0	0	0	0	0	0
XMTM2MTUzNDg3Ng==	6	54	1	0	0	0	0	0	0	0	0	0	0	0	0	0	0	0	0	0	1	1	15	3	1	2	0	0	1	0
XMTM2MTYwOTMzMg==	368	879	310	187	11	126	131	163	57	48	11	40	11	23	40	5	18	27	17	56	29	24	26	13	14	3	13	13	13	14
XMTM2MTA2NzkxNg==	2810	3669	1943	1100	106	776	859	711	296	404	288	330	368	576	600	562	349	140	51	84	83	53	81	47	61	61	33	68	85	69
XMTM2MTUwODg2MA==	172	971	342	178	136	154	89	77	46	65	17	47	46	12	15	24	51	16	12	3	11	11	15	14	44	18	12	16	4	9
XMTM2MDc1MTkwOA==	7372	25711	13975	5006	285	2785	2841	3418	3308	1804	990	1947	1712	1466	1409	1028	646	253	121	170	265	961	819	185	222	512	195	1110	335	318
XMTM2MTU5NjI5Mg==	25	104	0	0	0	0	0	0	0	0	0	1	0	0	0	0	1	0	0	0	0	0	0	0	0	0	22	18	2	0
XMTM2MTQ4MTk0NA==	3720	6646	2118	873	128	102	301	299	69	937	236	146	140	149	59	57	40	65	103	53	41	52	69	34	55	42	34	180	479	175
XMTM2MTI3Njk0NA==	5738	8409	2819	1681	153	3773	4283	2494	1547	3311	1617	1660	1126	1686	1012	677	436	364	294	304	688	448	243	294	254	371	196	319	250	225
XMTM2MTExNTM4OA==	7	15	2	1	2	0	7	7	0	0	3	3	2	3	0	0	1	0	0	27	3	2	1	2	0	2	0	0	0	4
XMTM2MTQ5NDM0NA==	1358	2231	718	306	62	25	121	167	90	94	84	105	39	87	59	26	83	87	62	289	58	83	58	39	8	60	20	44	54	39
XMTM2MTYyNDgxNg==	105	199	48	22	4	0	0	0	1	0	0	1	0	0	0	1	0	2	0	0	0	1	0	1	0	0	0	0	16	3
XMTM2MTE4OTcxNg==	6	35	1	1	5	1	1	0	0	0	0	0	0	0	0	0	0	0	0	0	0	0	0	0	0	0	0	0	0	0
XMTM2MDk1NzM0MA==	5	19	3	8	0	5	1	2	3	5	1	1	3	0	2	2	1	3	0	14	5	0	0	0	0	7	1	1	0	1
XMTM2MTE0OTk4NA==	3	50	5	0	0	0	0	0	1	0	0	0	4	1	0	2	2	0	0	0	1	1	0	0	0	0	0	0	10	0
XMTM2MTI3MTEyMA==	6	34	0	0	0	0	0	0	0	0	1	1	0	0	0	0	1	0	0	0	0	0	0	0	0	1	0	3	1	0
XMTM2MTQ4Njg2OA==	252	1968	39	41	26	42	33	25	27	30	40	4	36	37	30	47	28	5	9	13	36	29	38	19	49	39	15	29	24	29
XMTM2MDg4NzAwMA==	1	2	1	0	0	0	0	0	0	0	0	0	0	0	0	0	0	0	0	0	0	0	0	0	0	0	0	0	0	0
XMTM2MTU5NzY5Ng==	124	139	62	37	6	23	47	45	46	45	29	40	6	24	0	24	2	5	1	194	32	58	21	32	12	3	48	94	89	77
XMTM2MTQ2ODg0OA==	9	21	6	0	2	3	2	8	25	1	1	0	2	2	0	3	1	5	10	1	2	2	13	2	4	0	3	1	0	0
XMTM2MTY0MTI2NA==	138	195	68	70	5	8	33	68	107	90	10	6	24	9	2	7	1	0	1	17	1	0	2	0	1	2	1	0	2	2
XMTM2MTQ5MzQ1Mg==	82	384	35	18	18	7	5	7	11	9	9	6	0	2	24	13	10	0	2	60	10	6	4	11	4	5	1	12	12	10
XMTM2MTE5MjEzNg==	5	48	18	2	0	0	0	0	2	0	0	0	1	0	0	0	0	0	0	3	7	0	0	0	0	0	0	0	0	0
XMTM2MDg1NjQ1Ng==	260	584	333	171	11	68	35	33	26	37	20	1	0	11	1	0	0	20	0	117	4	3	3	5	2	5	4	1	10	8
XMTM2MTYxNDU4MA==	110	136	52	45	2	24	27	15	16	45	24	4	1	0	1	3	12	1	6	63	4	5	17	2	0	16	8	36	4	9
XMTM2MTU4NDU5Mg==	19	51	0	1	1	0	0	0	0	0	1	0	1	0	0	0	0	0	1	0	0	16	8	0	2	0	0	1	0	0
XMTM2MDgzMzY5Mg==	8	119	2	0	0	0	1	0	0	0	0	0	0	0	0	0	0	0	0	1	0	0	0	0	0	1	29	0	0	0
XMTM2MTIzNTA1Ng==	705	793	459	340	18	196	238	185	200	225	85	326	309	218	258	324	249	334	175	183	189	246	201	130	138	247	89	85	88	68
XMTM2MTQyNjM2NA==	8	19	1	1	4	6	12	1	0	2	4	4	2	3	1	15	2	4	0	19	2	14	2	9	1	6	0	3	4	5
XMTM2MTEwOTY4NA==	680	1121	244	480	49	342	334	305	194	251	252	343	336	344	226	202	200	161	124	187	128	161	197	317	7	245	89	222	181	141
XMTM2MTI4MjEwOA==	613	3366	766	886	443	936	511	194	324	616	587	327	85	2	17	1	13	21	4	23	23	3	16	7	5	9	6	1	13	33
XMTM2MDY3ODU2NA==	8	19	9	7	0	2	2	6	9	15	4	3	0	1	0	2	0	10	1	1	0	3	0	0	1	8	2	0	0	2
XMTM2MTQ4NzYyMA==	110	701	392	139	149	89	61	37	9	24	18	21	34	32	21	0	5	3	3	59	13	12	9	7	2	13	19	1	12	4
XMTM2MTMyODY0MA==	9	20026	1	1	1	0	0	0	0	0	0	1	1	0	0	0	0	0	0	0	0	0	0	1	0	0	100	4	3	0
XMTM2MTUxMzkzMg==	1049	1450	716	629	29	222	330	288	209	320	157	225	155	114	133	124	102	125	67	87	80	83	89	96	34	70	81	58	53	56
XMTM2MDgzOTMyMA==	2017	7148	758	1597	356	735	990	1043	670	1236	1137	1237	1180	927	930	222	516	45	238	742	1502	2066	779	1169	957	2291	643	1527	1436	698
XMTM2MTYwMTI4OA==	149	901	107	94	23	67	117	106	3	1	1	1	0	3	2	1	7	31	1	2	2	7	2	0	2	3	4	58	5	13
XMTM2MDc2NDE5Ng==	215	496	134	28	5	13	23	20	57	18	12	8	2	1	22	4	11	5	1	75	9	1	5	3	6	7	3	3	7	3
XMTM2MTIwMTEwOA==	375	486	242	123	20	28	87	47	48	61	40	34	50	41	27	24	53	26	11	34	15	54	55	40	77	58	19	27	31	29
XMTM2MTU1ODY3Mg==	8	36	17	3	1	0	2	0	0	0	1	3	3	0	0	1	4	0	0	2	0	0	2	0	0	4	1	0	0	0
XMTM2MTYzMDgzMg==	46	939	172	106	356	378	446	66	286	86	26	27	27	22	43	19	28	20	24	68	43	38	30	14	18	42	18	31	71	87
XMTM2MTA5NzkwOA==	44	100	8	1	3	0	7	1	5	1	6	1	3	8	8	70	56	11	0	26	5	1	1	2	0	0	0	0	0	1
XMTM2MTI5MzUwMA==	5828	27807	1565	486	239	66	53	97	97	61	54	71	52	35	48	66	37	47	58	47	27	81	36	64	49	45	1216	2206	1922	107
XMTM2MTY3NjI0NA==	148	401	82	8	17	7	4	2	2	4	0	4	1	2	0	1	0	1	0	19	3	3	6	18	1	6	2	8	7	4
XMTM2MTI3NzY4MA==	3	4	1	3	0	0	0	0	0	0	0	0	0	1	0	0	0	0	0	0	0	0	0	0	0	0	0	0	0	0
XMTM2MTQxMzg0MA==	15	34	9	17	6	10	26	27	7	8	2	3	0	1	0	0	0	0	2	24	2	0	1	0	0	1	2	2	0	1
XMTM2MTQ3ODA4MA==	4	19	10	3	0	0	0	1	0	0	0	0	0	0	0	0	1	0	0	1	0	0	0	0	0	1	1	0	0	0
XMTM2MTUxMzQ4MA==	629	1312	705	590	97	422	365	358	300	255	150	240	174	147	145	149	118	140	80	147	70	74	110	85	43	74	68	63	46	56
XMTM2MTQyODM5Mg==	159	293	48	33	20	1	22	33	50	14	4	14	0	16	1	3	7	3	0	60	7	11	5	3	2	2	6	7	7	19
XMTM2MTUwMjYzMg==	17	308	32	0	0	1	2	0	2	1	1	0	0	1	0	0	5	1	0	3	0	3	0	4	1	0	0	0	1	0
XMTM2MTUwNzg4MA==	203	371	126	84	5	63	64	75	143	123	132	166	196	210	236	46	124	216	73	2	322	19	88	11	51	121	43	175	142	112
XMTM2MTMzNDIzMg==	16	24	9	8	9	9	9	5	4	3	0	0	0	0	5	1	4	1	0	0	0	0	0	0	0	0	0	0	0	0
XMTM2MTM2MDE0MA==	21	31	15	11	7	1	7	5	1	4	2	8	0	0	1	6	0	4	0	24	2	1	2	1	0	3	10	9	7	10
XMTM2MDkyODY2MA==	167	189	60	50	24	51	66	88	58	101	52	46	83	45	100	105	74	92	42	74	85	76	96	55	32	46	74	84	74	90
XMTM2MDgzNDA3Mg==	91	198	57	1	1	0	4	2	5	0	3	0	2	1	0	0	0	1	1	9	1	0	0	0	0	0	0	2	0	0
XMTM2MTU2NDg4OA==	650	3547	21	12	3	5	2	2	1	0	0	4	2	0	4	3	8	0	0	0	0	0	3	2	1	0	0	85	631	10
XMTM2MTU3NjY2OA==	60	66	21	22	7	17	37	15	4	4	4	4	4	14	3	7	3	0	0	21	4	6	7	1	2	1	0	4	1	1
XMTM2MDk3NzU0NA==	2188	45513	14551	855	1185	111	55	702	2677	830	1631	340	254	17	166	129	2258	425	174	73	2083	308	1876	165	23	24	29	114	887	1055
XMTM2MTIyMTg2OA==	1009	11609	1695	4006	1900	3419	4609	1011	321	542	1431	2701	1604	2062	1524	1532	1632	2188	1560	1491	1842	1364	1657	1752	2074	2924	1971	2326	2030	1797
XMTM2MTM4NTk2MA==	3	27	6	3	1	0	0	0	0	0	0	1	0	0	0	0	0	0	0	0	0	0	0	0	0	1	0	0	0	0
XMTM2MTI4MDY4OA==	3	4	2	1	1	0	1	3	9	23	13	45	26	32	73	23	83	42	30	255	96	341	397	127	60	122	123	137	222	132
XMTM2MTQ0ODg3Ng==	87	251	57	2	4	7	3	16	49	30	11	2	6	1	2	1	1	6	1	74	22	18	25	3	6	10	0	11	11	14
XMTM2MDg0OTQxNg==	20	128	4	3	2	0	1	1	0	1	0	0	0	0	1	2	0	0	1	1	0	2	0	0	0	0	2	0	1	0
XMTM2MTUzMzU4NA==	1157	4880	2442	2293	1770	2287	2056	1765	1006	1582	1149	961	1297	880	808	821	737	679	449	565	526	602	645	447	371	636	339	683	404	620
XMTM2MTYyMzg2MA==	508	1853	495	708	366	784	886	643	432	61	85	71	66	175	110	131	130	150	153	126	142	144	141	136	104	199	87	186	104	139
XMTM2MTA5ODE3Ng==	5	12	1	1	1	0	0	1	1	0	0	0	0	0	4	2	1	0	0	4	0	0	0	0	1	1	0	0	0	0
XMTM2MTYzOTUyMA==	267	348	131	212	3	59	73	80	60	58	29	39	22	29	32	18	18	19	4	55	10	16	21	15	4	1	28	19	15	16
XMTM2MTM3MDM4NA==	135	900	385	200	5	132	130	137	63	180	109	510	177	280	117	134	84	20	31	60	90	46	38	20	66	105	61	91	93	94
XMTM2MTQyMTI0OA==	91	204	67	5	8	2	1	0	1	0	0	0	1	0	0	0	2	1	0	0	0	0	0	1	0	0	0	4	4	52
XMTM2MTI5Nzg5Ng==	38	76	51	31	3	17	12	24	4	11	10	2	2	0	11	2	11	4	0	51	4	2	3	2	0	4	2	3	3	2
XMTI4NDg5NzMzNg==	24	1546	6	2	7	3	1	0	3	6	245	1	0	1	6	1	1	0	0	0	2	1	2	1	2	0	1	0	3	0
XMTI4NTY2MDczNg==	337	800	20	7	6	7	7	6	12	5	3	3	3	1	2	8	3	2	1	6	19	12	8	9	8	6	11	4	3	2
XMTI4Nzc5ODgxMg==	1229	14073	17	8	10	5	16	1139	5	6	2	1	5	5	11	1	1	5	7	5	3	2	2	0	1	3	2	0	1	0
XMTI4Nzk3NDU2NA==	30	38	17	17	17	11	3	13	9	6	8	2	4	13	7	8	7	10	10	5	14	11	8	9	13	12	11	6	8	42
XMTI4ODA1MTAzNg==	1238	23859	67	66	65	61	39	53	44	48	24	23	28	40	40	47	38	21	42	33	18	24	24	26	20	38	27	17	28	12
XMTI4ODA1NTA0NA==	21	54	11	2	7	2	0	0	1	2	2	0	1	0	1	0	1	0	0	0	1	1	2	0	2	4	2	0	0	0
XMTI4ODA2ODU2OA==	188	1385	47	29	35	27	32	18	21	15	26	236	35	24	32	18	9	9	10	12	17	16	16	16	19	14	12	2	5	7
XMTI4ODAyMTYyNA==	46	97	50	24	22	10	2	6	0	2	2	0	0	0	0	1	1	0	0	4	0	5	0	0	0	0	0	2	0	0
XMTI4ODAyMjExMg==	11	41	1	0	0	0	0	0	0	0	0	0	0	0	0	0	0	0	0	0	0	0	0	0	0	0	0	0	0	0
XMTI4ODAyNDc0NA==	50	2237	24	15	13	9	14	391	20	10	7	4	0	5	2	8	3	9	1	3	4	7	2	2	2	4	0	0	4	3
XMTI4ODAzOTc2MA==	446	14962	15	10	25	9	7	7	7	5	6	2	3	5	3	12	3	11	3	3	3	0	4	8	4	3	6	0	2	3
XMTI4ODE1NTkxNg==	65543	140821	107743	40377	58972	37367	39695	791	710	653	722	623	682	751	827	793	656	421	333	312	762	690	733	549	607	556	608	621	190	448
XMTI4ODE1NjY0OA==	198	710	468	159	201	113	110	78	73	42	18	22	17	30	23	72	83	72	62	24	22	24	16	26	22	27	80	80	29	50
XMTI4ODExMjAzNg==	101	187	83	59	0	3	0	0	86	1	69	1	1	2	0	4	15	8	6	2	1	6	2629	3	1	4	1	1	0	3
XMTI4ODExNDkxNg==	164	374	160	88	77	86	67	71	40	23	27	16	2	6	7	4	5	6	3	9	2	12	9	12	8	7	5	6	6	6
XMTI4ODExNzEyNA==	12	24	4	0	1	1	2	0	3	0	2	2	0	2	3	0	1	1	1	0	0	0	0	0	0	0	1	2	0	1
XMTI4ODExOTY0NA==	45	188	4	0	0	1	0	2	3	1	0	0	2	0	1	0	5	1	1	0	1	0	1	2	1	1	0	0	0	0
XMTI4ODEyMDAzNg==	34	304	30	12	28	38	113	20	9	11	9	4	2	2	3	3	5	2	4	2	1	1	0	5	0	3	1	0	1	0
XMTI4ODEzMTYzNg==	358	537	322	29	191	37	25	42	435	192	96	93	90	51	17	58	54	355	33	36	41	30	26	34	28	23	33	24	9	384
XMTI4ODEzOTI4NA==	10	188	5	1	1	35	1	1	1	0	0	1	0	0	1	0	0	0	0	0	0	0	0	0	0	0	0	0	2	0
XMTI4ODI0OTUyMA==	9	20	16	17	5	1	0	0	0	0	1	0	0	0	0	0	0	0	0	0	0	0	0	0	0	0	0	0	0	0
XMTI4ODI1NjIxMg==	103	201	66	14	14	5	6	2	3	2	1	0	1	0	0	0	3	0	1	2	1	0	0	1	0	0	3	0	0	3
XMTI4ODI2NTQ2MA==	43	190	80	13	1	1	1	0	0	0	0	0	1	1	0	0	1	0	0	0	0	0	0	0	0	1	0	0	0	0
XMTI4ODI4ODk5Ng==	42584	125126	10403	607	546	202	139	222	45	87	74	107	31	53	97	66	37	46	58	39	24	56	39	5	53	61	3	55	34	32
XMTI4ODI5NjYzNg==	53	1969	7	3	8	3	5	1	0	3	0	2	0	1	4	1	1	2	3	1	1	0	0	0	5	1	1	1	0	0
XMTI4ODIwNDQ1Ng==	256	875	3	0	1	0	1	2	2	0	0	0	1	2	0	1	5	104	1	0	1	0	0	1	1	1	2	0	2	0
XMTI4ODIwODQ0OA==	4569	5879	5217	1600	808	378	338	513	428	185	221	179	215	156	143	208	160	114	129	189	132	168	200	235	354	334	318	389	340	455
XMTI4ODIyNjgwNA==	119	207	111	19	33	79	26	28	22	17	15	20	5	14	33	266	13	5	5	11	23	15	11	11	6	2	10	2	171	15
XMTI4ODM3OTU1Mg==	896	7802	3246	2968	2459	860	1922	417	179	1371	111	112	84	1202	76	89	93	81	79	1219	52	67	57	64	1116	52	48	43	38	42
XMTI4ODM4NDA4MA==	749	1985	602	384	547	503	469	372	349	252	138	1159	1978	2017	934	169	114	115	1542	1103	2261	1056	237	200	131	127	101	86	90	91
XMTI4ODM4NzA0OA==	34	332	9	1	0	2	0	1	1	1	0	3	3	1	2	2	0	0	22	21	13	7	2	2	1	2	1	0	1	0
XMTI4ODM4NzI5Mg==	1	2	0	0	0	1	1	0	1	0	0	0	1	0	0	0	0	0	0	0	0	0	0	0	0	1	0	3	1	0
XMTI4ODM4Nzc2OA==	0	1	0	0	0	0	0	0	0	0	1	0	0	0	0	0	0	0	0	0	0	0	0	0	0	0	0	0	0	0
XMTI4ODM5MzcwNA==	462	2030	410	82	90	73	146	173	629	253	289	909	341	1018	366	352	1218	307	374	1480	581	561	1721	591	589	1641	645	706	634	1782
XMTI4ODMwODY0NA==	0	1	0	0	0	0	0	0	0	0	0	0	0	0	0	0	0	0	0	0	0	0	0	0	0	0	0	0	0	0
XMTI4ODMyNTA0OA==	85	344	222	214	121	6	6	9	8	7	6	6	6	4	6	11	11	8	16	17	12	8	8	11	9	12	8	17	3	7
XMTI4ODQ0Mzc5Mg==	368	547	167	111	126	155	209	228	119	147	135	93	146	156	86	174	178	106	138	145	156	186	102	118	72	107	102	135	70	79
XMTI4ODQ0OTIxMg==	3	12	0	0	1	0	0	0	0	0	0	0	0	0	0	0	0	0	0	0	1	0	0	0	0	0	0	0	0	0
XMTI4ODQ2ODQ2NA==	12	29	1	2	0	1	2	1	0	2	1	5	0	0	0	0	0	0	0	0	2	0	0	0	0	2	0	1	1	0
XMTI4ODQ3MzIwOA==	9	67	1	2	0	0	0	0	0	0	0	0	0	0	0	0	0	0	0	0	0	0	0	0	0	0	0	0	0	0
XMTI4ODQ4NTc0NA==	174	483	321	168	139	93	97	60	62	48	37	22	14	20	17	39	44	39	15	20	7	10	7	13	9	2	12	22	14	5
XMTI4ODQwOTcwOA==	106	146	46	17	32	23	23	10	14	22	9	10	10	13	8	9	4	16	6	8	14	15	10	10	5	5	6	10	0	13
XMTI4ODQyNTgxMg==	27	29	23	9	1	5	5	5	2	1	2	2	3	6	3	3	2	1	6	0	2	2	1	3	1	1	4	1	1	0
XMTI4ODQyODkyOA==	901	16293	10005	1430	3703	2877	4153	2133	704	499	294	213	116	100	135	121	111	66	70	103	83	70	51	58	69	64	61	42	37	60
XMTI4ODU0ODk4MA==	113	3174	512	1133	581	71	871	115	91	912	77	83	85	64	163	92	97	1178	22	22	25	14	19	22	19	7	17	10	12	21
XMTI4ODU2MjY4NA==	4	18	7	2	0	0	0	0	0	0	0	0	0	0	0	0	0	0	0	0	0	0	0	0	0	0	0	0	0	0
XMTI4ODU2ODUyMA==	61	184	107	39	18	7	8	3	4	5	4	6	1	3	0	2	2	6	2	1	2	0	1	1	1	1	1	0	2	5
XMTI4ODU2OTg0NA==	109	303	133	39	12	6	2	6	6	12	1	2	2	4	6	0	3	1	1	4	3	0	1	0	0	1	3	2	0	0
XMTI4ODU3NzIxNg==	34	462	280	99	63	33	31	14	14	20	19	27	26	21	28	19	25	29	24	21	21	10	22	8	21	9	18	27	28	24
XMTI4ODU3OTg1Mg==	1453	3884	38	64	57	64	50	53	49	54	52	51	40	54	29	50	37	50	52	58	43	40	54	42	39	47	70	34	44	43
XMTI4ODUxMTQzNg==	932058	1128622	594155	271282	288747	188899	173494	161632	55679	41549	33533	25452	28178	24503	31909	27949	20324	15115	12913	12944	11979	18612	25671	12849	9364	8077	7943	8766	13939	14740
XMTI4ODUzMDgxNg==	2973	90875	6915	1872	405	411	1431	340	244	179	172	173	147	164	158	131	87	95	374	385	411	543	434	132	127	121	98	72	90	67
XMTI4ODUzNjM0OA==	265	1246	148	30	34	27	32	17	11	9	13	16	19	16	22	19	9	23	13	8	13	18	6	12	18	13	4	9	3	8
XMTI4ODUzNjYwOA==	78	137	96	21	30	19	29	25	24	31	22	30	12	17	20	28	27	34	22	16	11	16	12	5	10	10	11	17	16	25
XMTI4ODY1NTA2MA==	6	45	0	0	0	0	0	0	0	0	0	0	0	0	0	0	0	0	0	0	0	0	0	0	1	0	0	0	4	0
XMTI4ODY1NzA2OA==	4	11	2	3	3	1	1	1	5	5	0	2	0	3	5	3	1	2	6	4	6	3	4	1	1	3	1	0	1	0
XMTI4ODY3MzY4OA==	74	168	24	17	28	72	33	14	94	9	5	7	6	5	7	7	8	4	8	13	12	10	6	9	14	8	11	9	8	8
XMTI4ODY3NTI4MA==	3832	25612	1794	108	41	21	21	19	9	19	14	7	22	13	14	14	7	10	7	9	15	60	19	10	4	6	5	8	5	6
XMTI4ODY5MTY0OA==	1933	17874	4229	5184	8154	6926	10101	7367	4732	4368	7206	4225	3704	3764	4305	4395	3317	5572	8885	9178	9577	11455	12310	9780	6341	5940	5680	5807	5843	5836
XMTI4ODc0NTg1Ng==	149	1388	455	11	33	25	15	27	16	8	11	2	15	6	12	19	18	19	13	11	10	1	10	4	3	1	3	4	25	22
XMTI4ODc1MzI4NA==	358	3623	47	13	23	14	1	2	1	2	1	0	0	2	2	1	1	0	1	0	0	1	2	2	0	1	1	1	1	1
XMTI4ODc1NjQ4OA==	1476	6709	306	210	68	73	57	53	20	36	36	37	20	31	21	21	27	46	33	28	20	5	20	41	17	31	20	14	28	18
XMTI4ODc1NzU4MA==	59	104	35	10	77	8	3	1	7	1	3	2	0	3	2	1	1	0	2	2	4	1	1	3	0	1	0	2	0	2
XMTI4ODc2OTAzNg==	40	56	39	5	9	2	3	1	6	3	0	1	4	3	29	1	2	1	1	2	1	0	2	0	5	2	0	0	0	1
XMTI4ODc3OTQ3Ng==	112	208	64	28	25	30	10	10	17	13	10	8	11	11	30	11	72	4	2	4	8	5	7	15	3	1	16	8	6	3
XMTI4ODc4ODE2NA==	15	22	10	8	2	4	0	1	1	3	2	3	2	0	1	2	1	4	0	3	3	0	1	1	0	1	1	1	0	0
XMTI4ODc4OTA3Mg==	10	12	6	4	3	2	2	2	1	2	7	4	16	3	0	2	2	0	1	3	0	0	0	0	0	0	0	3	1	0
XMTI4ODc4OTYzNg==	5	9	1	3	4	1	3	5	2	0	10	5	5	1	3	6	4	2	2	5	7	3	1	0	7	4	1	3	2	2
XMTI4ODc5ODExMg==	1978	2076	1111	737	586	366	383	408	311	272	233	163	210	207	171	155	141	118	140	153	207	232	358	364	228	170	158	103	161	195
XMTI4ODcwMjgyMA==	11279	21153	14073	2707	3284	1892	2846	1085	1660	1982	2204	2049	1628	428	992	930	903	695	782	923	900	658	617	414	229	544	866	643	665	680
XMTI4ODcwNzcxNg==	299	567	212	23	12	8	12	156	14	6	7	4	5	6	0	12	660	10	13	8	5	3	4	1	5	2	1	4	612	1
XMTI4ODcwODAwMA==	1016	2074	1175	599	872	506	499	628	746	707	522	543	1438	832	407	460	469	491	435	520	812	677	530	491	727	907	819	811	771	679
XMTI4ODcwODczNg==	2297	3076	733	1065	429	355	445	377	388	446	346	55	39	37	53	54	94	1173	1526	88	72	48	44	29	34	29	27	27	27	27
XMTI4ODcxMTMzNg==	23	36	10	8	5	1	7	3	0	3	2	3	0	0	1	0	0	1	0	3	0	0	0	1	0	0	0	0	0	0
XMTI4ODcxNTY0OA==	6	14	2	3	0	0	3	0	0	1	1	1	2	0	0	0	0	0	0	0	0	0	0	0	0	0	0	0	0	0
XMTI4ODcxNTgxMg==	53	1324	16	8	7	9	4	1	3	1	7	5	1	0	0	2	2	3	1	0	2	5	1	5	3	0	0	2	0	0
XMTI4ODcxODI4NA==	5	7	2	1	1	2	2	1	0	0	0	0	1	0	0	1	1	0	0	0	1	1	0	0	2	1	4	0	0	0
XMTI4ODcyMDM4OA==	25	104	3	0	3	4	1	2	0	1	3	0	2	0	2	0	0	4	0	0	2	3	3	0	3	2	3	0	0	1
XMTI4ODcyNDA3Ng==	185	243	96	50	35	23	20	54	26	10	13	23	10	9	11	13	6	6	7	9	4	3	10	19	22	6	6	5	8	3
XMTI4ODcyNjAyMA==	4	15	8	5	1	0	0	0	0	2	4	1	0	2	0	1	1	3	0	1	0	3	0	1	2	2	0	1	1	0
XMTI4ODcyODIyMA==	21	4689	2204	2134	481	359	488	445	442	503	362	97	103	71	52	79	64	97	103	238	138	176	163	178	137	92	56	52	19	28
XMTI4ODczNDcwOA==	70	166	49	24	32	9	10	6	4	5	3	3	1	1	1	3	1	0	3	1	0	2	1	0	0	2	2	1	2	0
XMTI4ODg0MDAzMg==	396	2863	1601	1290	1552	705	643	680	853	676	689	573	488	1578	557	347	272	276	422	415	450	405	399	381	281	225	272	300	282	211
XMTI4ODg0NjgyNA==	112	363	145	32	34	11	13	8	5	8	5	6	8	7	1	6	4	16	13	18	23	29	18	17	13	19	19	116	8	18
XMTI4ODg1MTEzNg==	1727	3733	246	92	120	98	136	179	104	92	38	38	20	24	11	13	7	7	7	9	4	3	9	5	7	3	9	11	9	4
XMTI4ODg2NDcyMA==	18	27	12	6	5	6	6	3	1	1	4	1	1	1	1	1	1	3	0	1	1	2	0	5	1	0	0	0	0	1
XMTI4ODg2NTUzNg==	58	75	37	23	5	9	18	19	10	9	126	14	6	8	4	3	1	1	0	0	0	0	6	2	0	0	0	4	2	4
XMTI4ODgwMjk5Ng==	7	14	1	1	1	1	0	0	0	0	0	0	0	0	0	0	1	1	0	4	1	0	2	0	3	2	1	1	0	0
XMTI4ODgxODkxNg==	46	79	55	29	23	6	13	13	14	8	2	0	0	0	0	0	0	0	0	0	0	0	0	0	0	0	0	0	0	0
XMTI4ODgyMDc3Mg==	7	19	0	1	1	0	0	0	0	0	0	0	1	0	0	0	0	0	0	0	0	0	0	0	1	0	0	0	0	1
XMTI4ODgyMjUyNA==	15	68	12	4	0	2	2	1	1	0	1	0	0	1	0	0	0	1	0	0	0	0	0	1	0	0	0	0	1	1
