XMTM2MTExMjM4NA==	22	21	24	6	2	4	7	12	3	9	7	1	1	4	1	2	1	3	11	18	2	0	1	2	1	1	2	2	2	1
XMTM2MTQ1NjU1Mg==	24	36	18	45	55	81	43	87	70	41	27	58	54	56	78	72	35	39	56	105	81	92	99	50	46	80	73	70	75	59
XMTM2MTIzMDYyMA==	132	128	43	61	7	52	55	67	36	41	46	75	117	42	9	27	119	10	45	312	100	36	77	86	34	82	55	87	46	48
XMTM2MDgzNDcyNA==	32	22	8	21	5	17	15	15	4	22	9	46	2	2	5	2	16	0	2	122	19	33	23	1	14	33	12	31	39	25
XMTM2MTA5NDg2MA==	4421	4216	2753	2519	421	845	680	426	362	324	278	401	394	286	281	231	186	129	86	404	257	54	154	62	123	137	678	203	241	664
XMTM2MTI3NjU1Ng==	624	934	481	824	324	638	608	561	732	958	351	282	42	26	26	2	60	47	11	91	19	26	19	32	28	53	55	34	29	20
XMTM2MTUyNzg2NA==	303	343	128	120	187	544	437	186	75	36	18	60	50	34	27	13	39	15	11	27	16	3	4	11	16	3	4	102	9	91
XMTM2MTI5ODg3Mg==	7	11	12	5	8	3	0	0	0	0	0	0	0	0	0	0	0	0	0	0	0	0	0	0	0	0	0	0	0	0
XMTM2MTY0OTUwNA==	707	624	236	493	458	703	132	67	318	574	695	764	1784	146	62	30	23	1	3	79	42	27	34	20	6	11	8	56	40	29
XMTM2MDk4MTE0OA==	817	543	261	347	249	453	434	375	411	615	914	1204	1633	1104	978	1077	840	880	751	713	822	1462	2125	1096	766	1230	817	1398	1226	1249
XMTM2MTE3MzEzMg==	12	15	0	11	10	3	8	11	5	14	1	0	0	0	1	1	1	2	0	20	2	3	1	2	1	0	3	0	1	2
XMTM2MTY5OTk5Ng==	1875	2988	1739	1568	972	1030	688	1087	803	799	624	534	590	506	764	1125	896	755	355	418	472	235	491	386	234	315	118	301	302	138
XMTM2MTU4MDEwNA==	213	240	100	94	143	103	108	79	149	97	85	99	88	58	82	93	54	55	15	98	149	399	256	124	154	2056	2012	2799	2374	2871
XMTM2MDkxMzU4NA==	5026	8604	3542	9478	5970	6623	4116	4208	3169	2365	3089	6047	4305	2797	2476	1844	1149	2888	2581	1346	1304	2086	1852	898	946	4012	1430	2460	1941	1850
XMTM2MDc0NDUwMA==	311	350	118	255	359	276	240	324	382	317	240	273	583	574	416	251	135	236	403	234	60	171	314	144	67	304	148	256	342	444
XMTM2MTY1OTk0OA==	15	17	16	9	0	5	0	1	0	1	1	4	0	0	0	1	0	0	0	7	0	1	0	0	0	0	0	1	0	0
XMTM2MTcxMzI3Ng==	1661	1442	1270	1779	1283	1819	2641	5199	3165	1006	919	741	1257	1903	2889	1933	1538	134	270	1108	761	694	1869	1051	486	838	1345	889	618	1459
XMTM2MDc3OTY1Ng==	19	12	8	11	8	9	10	2	1	1	0	0	1	0	0	2	1	0	1	4	2	1	0	2	0	1	0	3	0	0
XMTM2MTYwOTYwNA==	4	7	7	2	8	10	8	5	4	21	4	11	1	0	4	12	8	3	2	62	14	18	16	3	4	0	8	6	12	19
XMTM2MTYwMjI4MA==	5	5	6	5	3	3	6	8	3	4	2	1	0	3	5	8	4	3	0	9	3	1	0	2	0	0	0	2	2	2
XMTM2MTI2MzYyMA==	1615	1158	820	646	28	1192	1252	570	462	371	382	367	248	135	201	258	226	246	211	302	209	325	335	246	189	301	184	296	158	165
XMTM2MTU1ODExMg==	289	314	123	156	133	191	208	270	215	215	167	268	432	486	606	569	568	766	597	585	587	672	831	802	824	1513	457	1489	895	857
XMTM2MTQxMzk1Ng==	4	9	1	8	8	8	0	4	3	3	1	0	1	0	1	1	1	1	0	15	3	2	1	0	0	2	2	3	4	2
XMTM2MTE2NzE2NA==	46	42	14	31	6	21	5	1	4	1	0	1	1	1	0	0	0	1	0	2	1	3	0	0	0	1	0	1	0	0
XMTM2MTA0NzIyNA==	1140	1221	3163	2934	2787	2805	2695	2607	2556	3013	1837	2993	3706	2163	2393	2489	2471	2708	2539	2193	2986	2800	3181	2525	1882	3425	2295	3117	2065	2609
XMTM2MDgzODc1Ng==	21	20	11	13	2	4	12	12	2	9	6	0	0	4	2	0	1	1	7	29	3	2	11	0	1	13	10	16	9	6
XMTM2MTYxMjgwMA==	35	71	80	69	24	50	40	34	15	10	4	0	1	0	1	4	1	2	1	32	8	4	11	6	2	141	29	49	27	6
XMTM2MTQ3NjcxMg==	911	896	288	441	56	331	269	211	175	301	233	166	236	269	168	192	322	281	190	306	211	146	171	199	157	392	121	380	132	131
XMTM2MTU2NzExMg==	18	18	16	9	5	20	9	9	2	7	4	1	0	2	0	3	0	2	0	12	1	0	1	0	2	1	0	0	0	0
XMTM2MDc4MzI3Ng==	27	14	1	25	33	28	4	3	2	6	5	0	1	1	1	3	1	0	0	33	2	3	0	0	0	1	0	2	0	6
XMTM2MDk4MzY0MA==	938	797	318	944	145	119	77	80	74	113	60	73	3	8	0	12	16	30	6	501	8	47	7	15	13	37	6	10	19	37
XMTM2MTQyMTc2MA==	19	17	32	31	32	35	35	68	53	29	14	23	27	37	56	56	47	31	14	25	33	71	96	47	3	7	24	2	46	8
XMTM2MTE5NzI0OA==	166	1485	1543	1374	616	504	316	319	194	143	124	197	3	19	7	95	18	11	159	780	80	53	56	34	30	43	8	34	30	22
XMTM2MTEyMjcxNg==	424	310	658	1023	882	1250	503	103	38	121	93	135	29	72	42	27	81	4	31	33	34	65	10	8	43	13	28	24	17	27
XMTM2MTUzNzkyNA==	14	23	16	12	1	4	13	15	2	24	26	43	34	20	4	6	7	6	37	57	4	2	6	1	0	19	17	17	3	5
XMTM2MTMzNjA4OA==	1676	1777	2743	2088	360	2865	441	391	248	323	563	329	210	233	185	595	325	176	222	250	131	138	110	394	116	109	4	253	56	201
XMTM2MDc0NTI1Ng==	95	67	119	170	98	108	105	161	118	71	101	101	143	127	170	95	314	1605	1811	1778	2288	2691	5361	440	1612	2694	772	3992	2820	5630
XMTM2MTU0MTUwNA==	80	83	30	56	10	43	50	26	38	26	23	19	3	0	0	2	0	2	20	99	12	14	19	2	2	11	22	37	46	19
XMTM2MTM2MTU2MA==	33	19	32	38	29	31	14	0	0	0	0	1	1	0	0	1	1	0	0	0	2	1	1	0	3	1	1	2	3	1
XMTM2MTI0ODU4NA==	263	222	161	124	51	106	108	113	69	135	123	129	112	200	128	127	136	145	95	145	151	101	178	79	34	243	55	260	102	92
XMTM2MTU4NTQ2MA==	31	34	27	37	22	13	14	11	8	4	1	0	0	1	1	1	2	0	0	3	0	1	0	0	0	1	0	0	0	0
XMTM2MTIzNzAyMA==	7146	6018	3599	5380	404	2474	2759	3385	2083	5608	2405	4113	4783	7296	11459	24390	23049	25355	14917	37739	47958	77795	107204	55307	27865	48789	43022	54024	43539	51902
XMTM2MDg2OTY1Mg==	32	13	8	11	8	34	16	22	7	30	0	3	0	5	4	1	1	10	2	67	12	15	7	1	4	4	1	0	6	3
XMTM2MDk4Mzg1Mg==	1511	1211	615	853	1458	1016	980	1171	736	912	591	297	252	140	133	106	113	150	82	193	176	77	76	45	88	159	62	125	95	84
XMTM2MDc4MDI5Mg==	36	31	7	9	12	45	38	33	17	22	14	19	0	2	8	0	0	1	0	35	1	20	16	9	3	6	5	9	10	4
XMTM2MTIyMTg4OA==	3	5	9	7	4	7	0	7	11	1	0	8	0	1	1	2	1	0	1	7	2	4	2	1	1	0	0	5	5	6
XMTM2MTMzMjM1Ng==	269	277	63	78	150	89	80	63	56	45	42	36	35	67	41	28	14	4	12	90	232	26	4	2	1	9	5	13	24	7
XMTM2MTU3NjI0OA==	90	77	30	48	13	35	42	34	18	14	12	7	8	2	5	1	1	1	0	63	7	10	11	7	6	3	4	9	21	6
XMTM2MDkxNTIyNA==	3797	4154	3368	2442	1896	2518	3930	3877	1866	891	628	947	116	686	1068	559	411	346	118	319	457	973	973	339	172	225	134	345	390	387
XMTM2MTcxMjYyNA==	468	572	321	423	201	236	169	187	132	123	78	89	114	107	121	112	97	124	126	112	107	53	76	88	95	122	105	114	116	60
XMTM2MTE0MjA1Ng==	67	93	87	36	55	65	88	61	1	0	1	20	44	45	31	28	23	25	17	22	12	23	35	40	13	46	36	39	35	62
XMTM2MDgzMzA4MA==	77	42	9	44	110	132	121	8	4	2	4	16	166	18	23	2	225	3	0	37	67	3	1	0	0	7	5	7	1	1
XMTM2MTEyMDM5Mg==	535	542	241	254	15	178	140	133	87	139	77	102	76	87	67	40	5	12	16	195	53	50	61	38	8	70	33	68	49	44
XMTM2MTM0OTk3Mg==	186	103	89	115	76	164	56	15	9	27	18	18	24	18	3	2	0	3	13	103	11	4	7	5	2	14	3	1	6	3
XMTM2MTE0NTA2NA==	68	90	60	50	42	55	72	29	23	20	1	0	2	1	1	15	2	14	2	47	2	2	1	3	2	2	4	4	5	2
XMTM2MDgyMjEzMg==	5508	4470	2280	5362	6465	6460	9226	12714	10188	11276	6692	9190	8689	6297	4814	6305	4037	3952	2941	3510	3267	5201	4688	2888	1849	2691	1020	1890	1560	1914
XMTM2MTUyMzA0OA==	272	211	120	57	78	139	121	123	109	62	49	117	161	81	85	54	107	73	55	59	81	143	136	115	89	115	93	180	127	177
XMTM2MTA0NzA2OA==	1545	1866	889	879	14	638	1160	1024	682	495	283	441	324	392	433	522	256	300	225	313	266	283	242	109	129	388	384	499	480	389
XMTM2MTM4ODY0NA==	16	17	9	10	13	9	6	21	10	4	5	1	1	0	1	2	1	3	0	16	3	1	1	1	1	1	2	1	0	6
XMTM2MTU1ODU4OA==	20	17	6	7	0	16	8	2	0	3	2	1	0	0	1	0	0	0	1	2	0	0	0	1	0	0	0	0	6	3
XMTM2MDg5MTY2NA==	25	19	9	9	10	12	13	9	10	17	2	12	1	5	2	5	0	1	8	51	6	4	5	0	2	2	3	2	0	2
XMTM2MTA3Mjk5Mg==	36	58	43	135	169	207	101	89	101	125	99	68	151	249	2340	1090	319	196	84	112	101	142	256	198	107	296	81	164	109	92
XMTM2MTAwOTc2OA==	180	114	51	380	222	292	211	161	113	108	137	93	109	94	111	153	66	98	76	125	80	34	40	53	40	66	50	68	86	94
XMTM2MTM4MzE2OA==	18	102	44	142	83	162	105	61	131	37	1	1	0	1	0	1	0	1	0	4	1	2	0	1	0	0	0	1	0	0
XMTM2MDk1NzY0NA==	22	24	26	15	7	7	1	1	0	0	1	0	0	1	0	2	0	2	0	2	1	0	2	0	0	1	0	0	1	0
XMTM2MTEzNDg2OA==	2054	1477	684	836	642	1324	1364	663	501	500	415	403	387	520	1108	690	620	625	524	454	503	773	725	525	373	668	375	739	403	409
XMTM2MDkwMjQ3Ng==	11	5	0	9	10	13	6	1	3	8	4	0	1	1	0	1	13	0	1	20	3	0	2	1	0	1	0	7	2	1
XMTM2MTU0MTQ2MA==	6	8	1	7	1	1	9	7	10	12	3	9	1	3	1	0	10	3	2	4	4	5	16	4	1	3	3	8	0	2
XMTM2MDQyMDcyOA==	3483	1992	1116	3540	516	1210	1112	917	714	662	466	618	475	600	485	447	379	363	390	311	346	536	536	333	208	438	264	607	565	529
XMTM2MTU0NDUxNg==	12	6	8	5	2	8	5	1	0	1	0	0	0	1	1	1	1	0	0	6	2	0	0	0	2	0	0	1	0	1
XMTM2MDk5ODcwMA==	6	6	6	8	2	2	1	1	1	0	0	0	0	1	1	0	0	1	0	2	0	0	1	2	1	0	1	0	2	2
XMTM2MTE1NzQ2MA==	897	510	545	541	397	579	291	128	100	118	74	150	26	118	73	98	96	10	35	382	89	61	81	21	17	92	22	19	29	15
XMTM2MTE2NDQyOA==	45	30	25	94	94	81	18	17	34	61	45	72	45	1	55	43	104	2	8	124	1	0	2	2	0	5	3	2	0	0
XMTM2MTE0NTM1Ng==	528	446	75	85	74	284	442	155	122	80	42	54	74	101	109	185	124	106	69	85	147	294	325	125	136	161	62	168	195	161
XMTM2MDgzMDE1Mg==	52	38	17	2	52	17	22	3	2	4	2	6	3	3	4	17	2	1	0	20	1	1	1	0	1	0	1	0	0	0
XMTM2MTA1MzI5Ng==	6	1	3	4	1	5	2	1	0	1	3	1	2	0	1	1	0	0	3	8	1	7	3	4	0	4	7	8	2	2
XMTM2MTMyNjA5Mg==	3	2	5	2	1	1	5	1	1	1	0	1	0	0	0	1	0	0	1	0	0	0	0	0	0	1	0	5	0	0
XMTM2MTA1ODU5Ng==	1828	2006	1910	1286	155	855	1221	924	586	602	496	478	474	419	498	419	403	492	416	477	471	325	347	319	277	371	254	389	245	317
XMTM2MTIwNTg4MA==	886	749	639	808	269	352	329	204	169	155	143	85	97	128	134	90	118	132	78	110	87	73	88	54	75	116	28	100	54	76
XMTM2MTMxMzcxNg==	10	11	4	3	6	10	8	10	8	8	14	2	1	0	4	1	0	2	0	58	8	12	17	5	1	5	0	3	4	2
XMTM2MDg4ODA2OA==	58	15	47	40	34	13	14	9	14	16	5	1	2	3	3	7	4	1	7	53	5	0	4	4	1	1	5	5	4	0
XMTM2MDk3Mjg3Mg==	6	5	2	1	6	3	4	1	1	0	1	1	1	0	0	1	1	1	0	6	0	1	0	0	2	2	0	1	9	4
XMTM2MTEyMzU4NA==	2655	1816	3535	1641	924	1358	1780	394	182	680	542	52471	508	532	212	155	90	100	50860	96	56	106	122	77	46	110	66	111	56	69
XMTM2MTMwNDMyOA==	42	58	56	39	10	29	77	91	18	28	17	24	5	51	64	5	8	30	25	191	26	17	9	10	5	16	8	227	62	26
XMTM2MTA2MTcwOA==	33	14	18	53	123	130	136	13	5	2	0	3	0	4	0	1	4	1	0	23	2	0	0	1	0	1	1	0	1	2
XMTM2MTI1ODA1Mg==	2709	2911	2021	1144	59	919	1018	1285	2499	3374	2223	5943	5740	4806	6978	10780	8249	8277	9258	8386	6654	7282	7970	6272	4209	6934	6299	4745	6793	4469
XMTM2MTQ5ODU5Mg==	118	261	320	356	253	167	342	323	321	190	115	314	278	339	480	619	303	305	375	217	378	474	786	406	404	724	589	1036	705	681
XMTM2MTIyNDU5Ng==	162	1099	1502	1915	1127	1471	1653	1419	1428	1486	1360	1195	1360	1475	728	138	725	505	553	261	310	413	438	445	300	613	468	745	511	518
XMTM2MTAxMzMxNg==	25	12	10	20	15	10	19	9	17	28	11	11	25	17	14	11	19	14	2	43	20	16	21	18	15	31	27	36	44	16
XMTM2MTExMTc3Mg==	46	50	34	23	17	22	35	24	16	19	12	17	1	2	6	1	5	11	6	124	12	18	3	25	12	40	16	19	10	9
XMTM2MTQxNTY0OA==	739	2233	1526	2613	1223	1403	1210	692	423	478	327	500	467	595	423	467	198	226	255	304	260	205	328	249	173	221	170	198	207	195
XMTM2MTQzODU4MA==	44	34	25	18	9	15	17	23	28	16	13	9	3	3	10	1	10	6	4	45	4	6	2	11	0	15	4	7	7	21
XMTM2MDg4MTAyOA==	2790	2805	2942	4477	1447	2795	2405	2539	2220	2249	1374	2378	2313	3132	2300	2062	2294	1710	1495	1287	1318	1576	1975	1028	757	1443	803	1496	1120	1130
XMTM2MDg1MDkxMg==	8	9	8	1	5	6	1	2	1	0	0	0	0	1	4	0	0	1	0	6	0	1	4	0	2	0	0	0	0	0
XMTM2MTA2NTU4OA==	13	7	6	3	5	9	7	1	1	3	1	1	0	0	2	1	1	1	2	8	0	3	1	3	0	0	1	4	6	8
XMTM2MDg3ODUwNA==	355	374	265	130	59	85	53	50	32	43	31	42	44	47	29	27	49	57	46	79	48	12	38	19	19	31	2	9	3	1
XMTM2MTQzNDI3Ng==	18	24	9	34	11	17	25	22	23	21	6	18	2	1	3	2	1	2	27	18	2	3	8	1	3	2	6	3	16	5
XMTM2MTQ0ODQ5Ng==	192	81	33	267	165	180	76	2	4	2	0	0	1	0	0	1	1	0	0	22	1	2	1	1	0	10	3	4	2	1
XMTM2MTM3MDM3Ng==	7	1	4	6	5	1	1	1	2	0	0	0	1	1	0	0	0	1	1	2	1	0	0	0	1	1	0	1	1	3
XMTM2MTczNjUwNA==	3	3	1	3	1	0	1	5	1	4	0	4	1	0	0	2	2	5	2	20	8	0	2	2	4	3	4	0	1	8
XMTM2MTI4NjcwNA==	5196	2949	2436	3545	4031	5916	9526	13452	11713	8819	7143	11398	9906	10661	10123	7353	5827	8392	7587	11945	18026	26125	25076	14275	9138	18309	10710	20009	16263	22510
XMTM2MTU3MTE0OA==	14	123	88	170	86	246	152	116	60	125	13	2	3	0	1	3	0	2	0	22	5	0	1	1	1	1	1	1	2	0
XMTM2MDk3NzkwNA==	22	17	5	19	2	8	14	9	14	20	13	2	2	2	0	3	6	4	9	84	0	12	1	5	1	3	3	7	1	2
XMTM2MTAwNjEyNA==	47	57	54	97	71	118	88	126	131	151	100	142	191	162	170	176	186	168	192	149	225	190	225	154	174	310	194	294	166	175
XMTM2MTE5MDkwMA==	84	73	63	86	47	55	16	6	13	53	26	8	1	1	5	5	26	7	20	58	4	0	0	2	3	3	0	4	2	1
XMTM2MDk4NjY5Mg==	1617	1654	903	574	264	538	698	618	629	668	263	964	101	643	22	12	176	296	71	3536	458	701	7	541	42	35	465	530	612	508
XMTM2MTU0NTM0MA==	195	351	336	280	648	1098	963	836	706	741	508	735	1072	1635	846	590	575	757	542	433	366	491	525	380	352	659	288	484	438	393
XMTM2MDcyNzEzNg==	187	164	177	242	5	56	109	156	218	412	282	427	450	527	539	578	564	697	527	522	501	495	1359	982	588	1163	452	891	577	588
XMTM2MTE1MjAyNA==	76	56	83	57	2	22	2	3	5	6	2	3	1	3	5	7	8	4	1	21	1	1	3	2	0	1	1	4	0	0
XMTM2MTcwNzYzNg==	1420	1012	561	2591	1295	1655	2492	4807	3533	1004	777	1303	1255	1319	2128	2087	535	649	493	331	622	2528	1777	547	1113	169	67	658	2593	1592
XMTM2MTIxMTE4OA==	969	1028	555	570	66	415	635	900	423	281	123	285	220	492	537	413	153	138	35	157	123	188	222	52	121	46	186	37	174	709
XMTM2MDkwMTM5Mg==	112	175	82	92	14	78	104	81	82	89	59	94	19	16	8	4	21	19	86	577	342	205	107	91	297	302	94	124	86	73
XMTM2MDk4OTgwOA==	376	360	218	190	46	217	125	52	49	51	28	25	33	17	38	17	21	17	4	103	20	17	15	0	2	7	10	8	7	36
XMTM2MTU1MjgzMg==	1562	1530	559	452	48	413	951	411	332	386	266	440	744	485	698	365	665	206	37	397	1005	752	470	379	789	154	72	1123	138	344
XMTM2MTE3MzU3Mg==	35	11	12	30	43	11	14	4	7	8	19	11	6	3	2	5	1	0	2	58	5	1	2	3	0	0	3	0	5	2
XMTM2MTE1MDUyNA==	2289	2411	1218	803	73	1210	978	646	595	649	520	437	612	758	675	708	1008	873	611	664	478	586	892	711	606	786	244	359	227	263
XMTM2MTIxODQxMg==	68	56	31	53	58	73	104	141	4	2	2	0	7	7	4	5	2	14	13	1	2	0	2	8	1	8	1	14	10	68
XMTM2MTQ3Nzg3Mg==	97	53	47	113	66	24	35	10	14	25	17	6	13	10	20	1	7	12	4	50	5	18	23	12	6	9	7	13	5	21
XMTM2MTE1NTQ5Mg==	112	109	70	77	36	46	23	17	10	18	23	14	9	10	5	2	6	2	0	43	3	3	2	3	1	1	3	4	2	3
XMTM2MTEwODAwNA==	19	14	6	17	9	21	18	25	12	15	9	14	28	14	14	6	9	1	0	27	10	4	0	8	5	1	2	6	20	37
XMTM2MTYwOTgyNA==	269	256	141	114	16	98	86	92	103	94	127	68	95	99	68	88	52	54	70	46	158	123	3	76	54	190	145	63	38	86
XMTM2MTI0MzM2NA==	2380	1998	1223	1050	297	924	599	551	622	406	328	262	324	435	34	231	301	304	263	543	255	287	213	230	126	345	162	306	166	154
XMTM2MTM5NTk3Mg==	146	197	95	151	65	134	298	172	132	181	186	191	276	217	189	61	155	229	169	215	351	207	333	283	224	416	60	324	261	161
XMTM2MDc3MTgyOA==	4	3	2	2	3	2	0	0	0	0	0	1	0	1	0	1	5	0	0	0	1	0	0	0	0	1	0	0	0	0
XMTM2MTUyMDAzNg==	127	195	103	134	305	422	292	95	30	17	79	112	12	10	5	6	5	0	33	4	6	4	1	5	1	4	0	6	6	29
XMTM2MDkzMzUyNA==	23	10	15	13	6	7	15	5	12	18	4	18	7	0	8	2	4	32	15	45	38	19	20	13	12	30	7	31	21	24
XMTM2MDk5NzU4OA==	1383	2197	2080	1554	125	549	361	282	265	318	211	174	174	124	109	192	240	174	159	107	112	107	166	551	225	191	158	129	137	109
XMTM2MDk5Nzk0NA==	854	682	463	467	223	355	227	180	149	152	67	52	87	125	87	128	95	97	80	92	77	117	117	120	85	111	45	108	81	66
XMTM2MTQ3OTI5Mg==	183	232	214	120	36	48	48	34	16	16	13	15	16	3	4	7	0	1	3	49	6	11	13	18	12	1	7	3	7	20
XMTM2MTA5MjQ2MA==	51	52	18	26	4	24	14	38	17	28	16	23	33	5	23	28	26	3	2	73	17	26	49	6	7	15	26	44	35	27
XMTM2MDk4OTQ4MA==	81	89	31	29	16	36	57	31	19	15	22	13	2	5	2	1	5	1	3	85	20	12	11	2	6	3	0	12	23	10
XMTM2MTA2OTQ0MA==	147	94	77	54	42	102	136	25	12	11	21	10	11	1	4	0	9	2	0	81	45	52	59	23	42	164	121	132	104	112
XMTM2MTQ4NTkyOA==	34	51	22	28	88	60	41	25	19	23	11	8	23	13	11	7	1	12	20	31	4	1	0	4	0	0	1	2	4	19
XMTM2MTQ1NjQ4OA==	6959	9270	6648	5162	1022	2358	1141	1613	850	1005	409	173	192	158	269	184	145	174	121	267	239	225	410	327	316	376	178	353	297	304
XMTM2MTQwNjAyOA==	5774	7291	4040	1924	753	3024	4922	6436	3072	282	1031	246	892	2726	3255	2006	970	1195	792	616	1117	2395	1866	568	359	767	383	949	1079	800
XMTM2MTM0NzkwMA==	5916	5143	1927	2245	650	2868	2454	452	237	34	170	271	245	199	179	153	188	157	146	166	120	221	268	133	92	174	121	185	208	186
XMTM2MTMzMjIxNg==	0	0	0	0	0	0	0	0	0	0	0	0	0	0	0	0	0	0	0	0	0	0	0	0	0	1	0	0	1	0
XMTM2MDk0NDQxMg==	91	102	96	127	105	181	230	191	147	435	627	741	1132	1561	1038	693	254	234	194	131	158	146	164	83	89	95	61	102	119	95
XMTM2MTA4NDIwNA==	87	99	14	39	1	68	60	150	104	88	45	53	118	115	230	178	59	84	72	80	102	257	262	104	67	150	31	124	347	257
XMTM2MDk2MDA0NA==	2718	2512	2628	1865	918	1773	2174	1722	1558	1789	1574	1612	3466	1750	1752	1983	1699	1813	1613	2041	2079	1872	1982	1303	1232	2276	1772	2635	1498	1337
XMTM2MTU5NTk5Ng==	7	22	21	6	6	15	13	17	10	10	4	11	19	3	4	6	2	1	6	66	15	0	14	8	1	1	15	4	19	17
XMTM2MTAwMDg3Ng==	31	18	39	56	48	10	10	20	3	7	14	5	1	1	1	0	2	3	0	51	4	1	2	2	2	3	0	2	1	2
XMTM2MTExMzAzNg==	719	542	374	1272	1619	1362	1060	1160	1052	1501	1032	618	550	352	366	263	236	302	186	183	167	219	202	162	145	239	63	176	115	72
XMTM2MTA2NDE1Ng==	470	206	362	369	435	537	456	584	402	550	466	543	752	429	324	407	375	625	253	656	479	393	360	260	293	401	316	561	357	545
XMTM2MTExNzI2OA==	9	11	5	1	6	3	4	4	2	6	1	1	1	1	1	1	0	2	0	10	1	0	1	0	0	2	1	0	0	3
XMTM2MTM5NTM2MA==	72	51	27	19	24	44	31	29	30	34	15	29	13	20	39	48	34	14	26	14	22	32	34	22	5	10	1	26	17	21
XMTM2MTA2MDIwMA==	3130	4678	2714	2108	988	1795	1028	8331	3356	2005	1033	900	848	707	773	536	581	686	531	444	567	501	670	372	268	242	205	337	269	297
XMTM2MTQwOTkyNA==	20	60	25	22	47	24	18	22	18	6	11	37	16	6	37	34	1	10	20	119	37	34	26	4	0	13	15	21	52	26
XMTM2MTU1MTc2MA==	406	431	247	253	82	267	273	73	55	48	12	33	25	34	26	19	33	31	29	84	29	38	25	13	17	35	15	25	20	13
XMTM2MTIzMzY2OA==	2178	2884	6043	6348	6305	4080	461	437	111	129	90	92	108	57	65	124	141	92	89	84	70	86	114	92	119	94	39	53	46	74
XMTM2MTcwODcxMg==	16749	22892	9349	9121	4995	11831	8270	9968	6032	2747	1362	2448	1098	3342	6700	6155	2177	2272	1611	2310	599	3077	2350	536	439	1231	418	957	1296	1444
XMTM2MTU2NTc1Ng==	8	8	17	13	18	0	1	1	1	1	1	1	0	0	0	1	2	0	2	2	0	0	0	0	0	2	1	0	0	0
XMTM2MDkwNzI0NA==	5292	2152	8306	19042	18059	21700	19789	18973	19232	12224	285	166	162	274	335	210	307	237	234	179	170	163	185	173	99	215	144	197	161	154
XMTM2MTU2ODMyOA==	1393	1705	757	1236	807	838	1586	710	145	41	11	47	49	43	64	55	38	50	29	36	34	34	59	9	17	34	7	21	25	15
XMTM2MTIxNDk0OA==	1724	1076	422	898	765	1779	1651	34	46	15	29	19	12	31	0	25	3	44	76	58	29	30	55	15	59	26	35	63	866	350
XMTM2MTIzMzM5Ng==	111	125	55	79	28	85	76	75	54	89	60	78	6	16	8	1	2	18	30	497	67	5	61	34	31	17	31	34	40	39
XMTM2MTI4NDg1Ng==	8759	18527	12424	9143	2094	9922	16307	8732	4930	2975	1459	3562	692	1251	2510	1729	222	310	689	2267	343	163	402	640	419	829	99	679	260	5163
XMTM2MTI4OTQ4MA==	27	17	17	12	2	13	19	11	6	10	3	3	6	4	4	0	2	5	1	52	10	9	21	10	10	61	23	55	40	77
XMTM2MTIwMzI3Ng==	155290	357437	223883	347113	4304	74038	152218	30138	33080	14375	23463	41970	48053	38715	34564	103968	12274	11634	2895	1818	822	561	1395	827	1493	1921	55456	54970	4906	14484
XMTM2MTQxNDQxMg==	16	29	10	8	15	8	17	1	8	2	1	2	1	0	1	1	0	2	0	10	0	0	0	1	0	1	0	0	0	1
XMTM2MTMyNzg4NA==	798	1483	1041	570	480	1457	929	939	713	937	613	651	772	809	714	731	438	80	23	70	57	81	77	58	41	84	55	118	69	69
XMTM2MTU3NDA4OA==	152	203	94	149	174	137	44	11	0	3	6	14	2	4	0	1	1	1	4	0	0	0	2	0	1	0	2	1	65	1
XMTM2MTIzNDAwOA==	19	19	11	11	2	8	9	6	5	1	2	1	1	0	1	2	4	1	0	8	1	2	1	4	2	8	0	1	0	4
XMTM2MDc1OTMzNg==	73	70	32	56	32	28	32	19	16	8	19	17	23	44	7	0	11	3	3	53	14	33	28	33	9	30	10	26	28	16
XMTM2MTMzNTQwMA==	882	501	220	979	549	538	382	244	154	80	58	13	85	46	30	35	29	9	8	36	22	15	5	3	2	13	32	29	44	120
XMTM2MTU0ODA3Ng==	301	239	91	127	109	172	189	261	161	135	145	186	209	78	184	154	156	187	118	307	440	467	699	675	642	1265	886	1763	1476	2716
XMTM2MTM0ODAyOA==	701	700	690	380	280	497	327	398	323	344	203	129	185	226	207	217	486	331	174	235	279	352	297	297	244	206	201	279	222	238
XMTM2MTA0MTY1Ng==	53	48	11	24	39	28	38	29	21	33	31	38	25	29	50	39	32	27	34	29	63	3	39	14	42	60	29	34	39	30
XMTM2MTM5MDMyMA==	84	100	62	101	94	59	64	71	36	70	33	48	14	29	32	29	93	80	26	82	36	37	54	5	28	113	34	75	36	40
XMTM2MTEwNjEwMA==	104	87	76	96	19	36	25	26	9	12	0	11	9	9	0	0	2	2	1	7	1	1	1	0	1	3	3	0	1	3
XMTM2MDcyOTYxNg==	49	27	119	146	113	100	90	151	116	169	7	97	249	7	146	81	423	1590	2011	2134	2395	3036	3506	2142	1529	2942	719	6806	378	3495
XMTM2MTM5ODU1Ng==	228	196	193	98	0	47	66	18	9	34	2	0	3	1	1	3	6	8	1	29	2	0	1	0	0	4	2	2	0	0
XMTM2MDk4NDIyOA==	56	52	47	54	40	52	86	49	21	55	41	51	69	40	136	108	120	102	101	89	155	39	70	88	70	126	18	92	37	185
XMTM2MTMwMzAxNg==	2607	2927	691	1076	336	1543	1249	876	618	1064	718	685	703	947	633	781	759	754	542	430	759	632	738	750	558	188	140	195	103	100
XMTI4NzI2MDE4OA==	131	128	72	115	121	52	87	76	52	25	75	115	88	203	77	84	3386	163585	448	312	255	247	202	158	123	156	185	183	193	164
XMTI4NzU5MDc0NA==	1537	946	834	791	1156	1023	1284	1587	2574	1436	1452	1938	1887	2074	1823	1544	1165	1401	1521	1489	1542	1387	1502	2567	1609	1730	1589	1454	1303	1051
XMTI4Nzg1NjA2MA==	6344	3685	3379	2176	2676	4451	3638	4179	3482	3852	1898	1590	1453	1500	1371	1272	1370	1561	1708	1822	1712	1396	1382	1712	1860	2987	3384	2136	1373	1153
XMTI4Nzk2ODc5Mg==	161	92	54	70	113	59	49	60	41	49	35	39	27	165	16	19	13	33	10	18	24	22	14	6	1	1	3	9	10	17
XMTI4Nzk5OTkyMA==	22	8	14	8	13	27	5	8	5	7	4	3	1	5	3	6	4	1	1	4	2	0	1	0	1	1	1	2	0	0
XMTI4NzkyOTEzMg==	13	179	637	286	402	481	246	219	135	54	52	86	390	472	203	194	379	417	230	141	108	39	20	23	21	22	32	15	11	17
XMTI4ODA1MjMwNA==	635	510	670	112	114	318	104	76	24	22	24	17	15	17	15	22	16	28	16	16	14	16	16	19	16	12	9	11	16	10
XMTI4ODA2OTAzMg==	5	3	3	5	2	1	1	1	1	2	3	2	1	1	4	7	5	4	1	1	4	5	4	6	5	3	5	9	9	1
XMTI4ODA2OTI2NA==	43	40	32	14	21	20	17	9	8	9	6	8	12	10	8	7	6	5	6	6	4	3	1	1	8	6	7	10	5	4
XMTI4ODA3Nzc1Mg==	1284	487	532	605	965	1973	2196	1696	971	689	501	396	173	197	165	118	149	120	127	121	85	115	101	114	130	86	87	94	84	74
XMTI4ODA4NzI3Mg==	145	34	200	102	158	152	53	67	60	112	110	103	125	132	122	83	108	115	82	76	51	47	95	71	54	58	48	44	32	72
XMTI4ODA4ODkyMA==	104	25	61	88	97	41	10	13	11	14	17	27	19	14	12	11	16	12	9	16	19	9	2	6	12	10	4	7	5	1
XMTI4ODA5MTI3Mg==	21	18	11	15	20	17	29	6	17	25	17	17	19	18	13	10	11	7	18	8	13	12	24	8	18	4	8	11	12	1
XMTI4ODA5MzM0NA==	619	579	813	1750	1744	250	1089	419	285	294	283	291	301	372	300	280	205	214	216	236	233	178	182	186	199	148	138	176	176	160
XMTI4ODAxMjQxMg==	19	13	18	10	15	8	3	6	14	0	0	0	2	0	3	4	1	0	2	1	2	1	0	0	0	0	2	0	3	1
XMTI4ODAxNjE2MA==	24	12	17	6	15	12	8	4	7	9	7	11	6	10	16	24	18	61	19	23	14	21	18	10	8	8	14	13	14	15
XMTI4ODAyMTEwNA==	123	88	82	30	55	50	64	57	68	66	46	43	65	73	55	63	37	51	47	63	62	57	72	65	68	102	98	70	76	80
XMTI4ODAyNTU0OA==	28	13	32	21	31	16	12	7	4	13	9	7	4	5	5	16	42	23	29	6	15	7	11	15	6	3	3	0	4	4
XMTI4ODE0OTUzNg==	53	34	50	34	32	24	34	29	24	35	27	10	20	16	12	18	27	19	14	20	19	22	17	24	16	10	12	13	14	22
XMTI4ODE1OTg0MA==	24	14	11	11	7	11	15	4	5	1	5	4	1	0	0	1	3	1	0	1	0	0	2	0	0	1	1	0	0	1
XMTI4ODE2MjY2OA==	1276	1148	888	1043	711	109	111	93	103	638	58	33	77	82	46	38	48	38	46	43	48	40	38	26	14	28	32	21	32	33
XMTI4ODE3MDYyNA==	293	210	222	240	168	116	194	91	166	179	178	150	126	131	189	120	229	189	218	107	79	155	230	191	177	181	112	47	62	48
XMTI4ODE3MzI4OA==	10	6	0	0	10	8	7	7	3	3	7	2	2	5	7	2	5	6	0	2	4	3	9	5	9	1	4	0	2	1
XMTI4ODE4Mjk4NA==	16	5	8	5	11	7	6	8	5	6	5	9	8	7	13	10	5	10	12	12	6	4	2	9	12	12	5	2	8	10
XMTI4ODE5NDYyMA==	79	105	74	46	45	123	58	48	55	134	41	29	32	29	37	62	56	38	62	46	53	94	37	30	27	36	51	48	20	39
XMTI4ODEwMTM3Ng==	4033	3494	8881	5533	3837	4929	2923	1947	2337	3289	2877	2486	1675	656	1840	1704	3351	1759	1027	780	173	1055	764	816	511	507	305	533	295	286
XMTI4ODExNTIwNA==	14396	17224	10568	7618	9366	10712	6552	3721	3461	963	1514	1332	1189	1011	53	814	685	770	691	587	686	724	727	611	56	492	89	492	507	706
XMTI4ODEzNjg0OA==	2657	738	2223	1230	1244	1168	103	798	661	498	438	393	405	390	292	285	252	212	192	213	224	160	152	153	140	131	140	142	119	121
XMTI4ODI0MjI4MA==	1126	553	615	477	489	329	404	245	247	331	228	245	196	191	255	388	392	351	429	519	426	353	255	290	347	408	491	402	391	377
XMTI4ODI2MTkxMg==	690	192	300	270	639	607	369	252	384	409	459	439	443	557	579	628	633	602	623	633	721	578	713	801	1059	832	490	505	413	464
XMTI4ODI2ODg4NA==	16	7	4	11	3	3	14	1	1	0	2	2	3	2	4	1	4	1	5	6	0	1	4	4	2	3	3	1	0	3
XMTI4ODI4MjI3Mg==	1533	383	400	860	1560	1225	1397	1168	1010	1098	1147	1036	1142	186	1345	1454	1216	1288	1186	1162	1356	1232	1226	295	1012	1089	1027	989	1037	999
XMTI4ODI4NDYzMg==	277	173	336	474	246	160	179	166	177	170	290	201	94	101	141	99	66	218	229	126	101	73	77	95	141	86	64	69	81	72
XMTI4ODI4NjA1Mg==	209	130	149	79	102	111	116	6	80	84	127	114	104	107	109	126	130	174	208	139	161	107	137	147	139	124	138	122	124	110
XMTI4ODI4ODgxNg==	327	315	221	194	298	321	301	416	766	859	770	856	977	974	1163	1327	1489	1538	1760	1461	1358	1205	1034	18	1057	1336	1151	1428	1065	1286
XMTI4ODI5MzAxMg==	60	87	64	48	58	68	74	11	49	80	76	67	155	305	303	203	188	172	210	194	178	159	147	157	163	95	96	50	74	105
XMTI4ODI5Mzc2OA==	180	96	138	76	95	71	64	75	65	59	61	64	55	82	67	55	55	104	100	94	103	111	160	130	163	120	153	113	120	111
XMTI4ODI5OTA1Mg==	2385	2085	1304	1343	811	753	931	808	792	712	1803	554	649	590	619	635	588	638	658	646	743	714	722	592	528	586	574	512	436	551
XMTI4ODIwOTExMg==	77	32	38	66	75	50	51	61	55	61	76	73	34	3	6	10	457	48	37	15	30	18	10	45	18	13	2	2	1	5
XMTI4ODIyNDI4MA==	11	8	9	4	8	8	7	19	9	9	4	1	2	42	7	6	10	2	18	3	4	2	5	4	5	2	5	32	3	2
XMTI4ODIyNTAwMA==	23	24	31	21	21	12	11	12	15	17	9	8	23	17	11	14	20	15	15	24	13	12	19	23	13	30	18	9	13	11
XMTI4ODIyNjcyOA==	48	82	61	77	76	10	3	1	6	1	0	5	2	1	5	0	2	0	0	0	1	1	1	0	1	3	2	7	2	1
XMTI4ODIzMDUxNg==	1	1	0	0	1	0	1	4	0	0	0	0	1	0	0	0	1	0	0	0	1	0	0	0	7	0	0	2	0	1
XMTI4ODM0MjU4MA==	2534	2553	3299	3283	5380	2277	200	531	358	377	368	296	283	368	346	304	232	260	247	232	191	137	163	183	214	131	113	113	138	169
XMTI4ODM1NTI0MA==	120	52	65	63	48	40	54	33	41	45	27	22	34	46	35	26	26	52	130	13	25	28	34	23	30	33	41	40	27	27
XMTI4ODM4ODEyMA==	3	3	0	1	1	2	1	3	1	1	0	1	1	0	0	0	1	0	1	0	1	0	0	2	0	1	0	1	0	0
XMTI4ODM5MTAzNg==	0	0	0	0	0	0	0	0	0	0	0	0	0	0	0	0	0	0	0	0	0	0	0	0	0	1	0	0	0	0
XMTI4ODM5MzM1Ng==	348	90	135	179	207	204	175	36	23	20	11	13	16	7	6	3	7	3	3	1	0	5	2	3	4	0	0	1	1	3
XMTI4ODMwOTE2NA==	1081	1045	1415	969	844	1327	878	667	682	573	663	577	683	691	609	509	432	520	560	504	581	521	557	531	573	801	1614	1344	1272	1113
XMTI4ODMxNjg1Ng==	51	16	16	45	51	32	30	24	30	15	19	16	7	9	10	10	7	9	4	1045	7	14	3	7	7	7	1	1	5	7
XMTI4ODMxODI2OA==	11934	15486	20598	12237	20564	31107	19442	12183	14471	13945	15686	12991	17050	10047	12663	12083	9389	11535	9032	10461	14839	8137	8835	8071	8371	7271	13358	10378	8303	4765
XMTI4ODMyMTQ0MA==	20	24	43	39	10	14	7	2	1	1	6	2	2	7	6	8	1	0	1	2	1	1	0	0	0	0	1	0	0	0
XMTI4ODMyMjQyNA==	195	81	91	69	83	99	68	26	41	26	27	24	49	51	49	23	21	24	18	30	26	24	12	15	21	10	16	14	12	8
XMTI4ODMyMzUwNA==	1279	626	624	528	735	779	894	459	357	375	360	341	354	418	340	370	405	394	334	328	387	362	328	370	357	350	359	386	381	368
XMTI4ODMyNTUwOA==	726	907	890	318	805	339	758	328	420	426	288	941	328	487	1359	353	222	265	286	1373	303	222	224	252	218	216	413	316	1387	241
XMTI4ODMyNzc5Mg==	253	117	105	79	113	96	124	87	78	109	125	148	154	221	183	180	236	228	206	200	192	190	222	294	248	190	249	158	179	242
XMTI4ODMyOTg1Mg==	1312	865	940	443	984	129	167	65	56	50	40	42	41	61	28	24	21	22	21	16	18	13	10	20	20	11	22	7	7	4
XMTI4ODMzMDQ3Mg==	1024	672	1263	988	1124	1437	2345	973	845	760	784	572	695	725	499	422	460	425	450	1521	582	457	347	336	210	169	334	280	232	182
XMTI4ODMzMzMyOA==	284	98	119	100	215	122	90	92	82	69	66	38	8	11	9	17	13	3	9	11	11	10	8	4	6	6	7	2	5	5
XMTI4ODQ0MDA5Mg==	101	112	100	54	21	61	70	60	68	71	57	74	52	64	79	86	62	67	75	98	89	101	120	100	99	96	105	83	84	151
XMTI4ODQ0MjQ4OA==	109	51	78	49	55	35	17	7	5	6	7	8	7	8	1	1	12	3	4	4	8	6	1	5	8	3	2	5	1	1
XMTI4ODQ0NDExNg==	155	10	125	199	43	41	184	31	57	34	146	17	6	5	4	6	4	2	9	11	3	2	3	2	4	4	2	1	2	2
XMTI4ODQ1MjUzMg==	74	102	57	36	107	28	14	20	13	21	22	11	7	5	19	65	12	17	5	14	4	8	9	3	10	2	1	4	3	2
XMTI4ODQ2ODQwMA==	11	12	2	10	12	8	17	3	5	4	1	1	3	5	1	0	1	2	0	2	0	11	12	8	7	4	9	1	1	4
XMTI4ODQ3MzQyNA==	2047	2207	3060	1449	1189	530	611	483	617	837	593	568	544	512	522	548	434	527	604	492	461	461	540	561	538	568	590	607	570	577
XMTI4ODQ4MDU3Ng==	10	1	11	8	16	2	10	14	7	8	10	7	5	2	2	7	0	2	0	2	3	4	2	7	1	1	2	5	8	4
XMTI4ODQ4MTIyNA==	1534	1591	1986	1752	1684	1374	2019	2328	1855	1418	1432	1090	1089	1656	1587	1063	765	792	761	789	878	788	816	911	640	547	427	331	352	291
XMTI4ODQ4Mjk2OA==	146	145	110	36	28	27	35	18	97	22	27	31	10	31	25	19	24	24	39	20	34	24	31	9	38	47	46	34	27	26
XMTI4ODQ4NTQyNA==	278	470	684	245	259	712	510	183	347	156	33	32	42	21	34	33	61	84	61	66	82	77	74	93	113	89	102	73	41	39
XMTI4ODQ5MzY4OA==	17	6	8	12	9	1	8	3	0	0	0	0	1	1	7	6	2	4	1	1	5	0	1	4	2	1	2	2	3	2
XMTI4ODQ5Mzc2OA==	562	212	1262	1229	939	205	193	1786	326	186	141	135	122	136	107	60	78	71	48	72	76	77	89	91	63	71	84	81	90	59
XMTI4ODQ5NDE1Ng==	195	80	146	91	111	150	113	115	90	80	90	67	84	85	109	105	187	386	300	273	293	262	190	204	251	182	154	170	143	147
XMTI4ODQ5NzU3Mg==	352	191	149	42	334	408	61	23	4	36	214	17	8	13	12	9	11	6	9	11	22	9	11	14	8	16	11	7	3	7
XMTI4ODQwNzA1Mg==	134	208	241	188	143	54	177	62	57	25	242	42	38	116	362	81	40	27	18	11	15	14	6	4	16	13	24	8	294	9
XMTI4ODQxMTQ2MA==	1	1	0	1	1	0	0	0	0	0	7	0	5	2	3	1	1	0	1	0	0	1	0	0	0	0	0	0	0	2
XMTI4ODQxMjQ1Mg==	12	11	7	7	2	4	7	0	6	4	7	5	5	2	3	1	2	3	7	4	11	2	1	5	1	4	1	2	4	4
XMTI4ODQxMjc2NA==	61	69	76	28	35	17	7	13	8	12	10	19	12	3	8	10	21	3	5	4	9	7	6	6	11	2	3	6	3	3
XMTI4ODQxODI5Ng==	137	60	117	49	71	17	92	20	21	25	25	26	17	7	14	28	26	22	19	37	24	22	41	15	27	24	25	18	20	15
XMTI4ODQyMTA4NA==	61	43	36	12	23	37	61	140	85	83	65	148	59	84	67	39	56	55	36	73	223	42	32	32	40	32	29	33	21	20
XMTI4ODQyOTU3Ng==	53	109	186	151	170	83	118	98	71	49	90	45	63	89	73	76	103	98	77	59	135	98	68	104	91	48	42	43	42	41
XMTI4ODQzMzc5Mg==	133	79	131	70	75	40	22	18	18	17	16	5	8	18	11	5	4	8	2	4	5	7	6	5	3	5	22	16	15	4
XMTI4ODQzNjYyMA==	304	93	113	56	184	268	86	113	362	242	136	113	125	106	356	98	121	229	163	155	153	68	434	42	57	32	55	40	86	51
XMTI4ODU0Njk1Mg==	513641	303073	496103	240638	406403	238826	303284	35025	36454	34021	19255	16582	18035	15888	16317	16614	20005	20120	16989	18565	18026	15522	14121	14107	5109	852	718	660	8388	704
XMTI4ODU0NzM1Ng==	27	21	3	15	8	18	16	10	9	13	8	6	7	15	16	6	9	13	5	7	9	11	6	17	16	7	8	12	12	12
XMTI4ODU0ODg0NA==	823	1400	850	890	497	343	803	363	304	247	221	173	959	155	193	152	146	142	119	993	118	128	110	107	102	112	1251	115	110	74
XMTI4ODU1MTU5Ng==	677	1011	1061	661	1472	122	1898	54	43	34	28	20	28	22	21	17	37	24	19	13	16	21	29	13	17	32	37	22	23	22
XMTI4ODU1MzQyMA==	2	0	2	2	0	2	0	1	0	0	0	0	0	1	0	0	0	0	0	0	1	0	0	1	0	1	0	0	0	1
XMTI4ODU1NDEzMg==	4	4	4	2	1	1	0	0	0	0	1	0	0	0	1	2	0	0	0	0	0	1	0	0	1	0	0	0	0	0
XMTI4ODU1NDkwNA==	54	20	35	21	37	19	18	36	70	49	27	13	18	11	15	19	25	15	19	25	29	11	20	12	18	6	17	15	9	18
XMTI4ODU1NzIwMA==	101	26	38	84	106	29	16	21	21	23	18	18	13	8	13	23	19	20	14	28	43	22	22	22	19	17	18	15	11	9
XMTI4ODU1NzQ0MA==	9295	5730	9949	8781	2197	533	436	305	237	292	251	223	164	147	151	135	126	87	76	73	56	34	49	37	31	23	28	14	29	14
XMTI4ODU1ODU5Ng==	109446	110318	103345	99596	99196	424	47	1390	27244	939	694	622	892	894	699	866	800	592	324	367	344	366	804	788	1413	507	751	14261	80	14916
XMTI4ODU3MzY5Ng==	17	21	11	7	8	12	19	9	5	6	10	16	10	10	18	14	6	7	10	13	11	10	19	18	13	14	12	12	17	12
XMTI4ODU3NDAyOA==	5	6	4	3	1	0	7	5	1	2	0	1	4	0	2	0	1	2	4	1	3	1	1	0	3	2	11	1	0	6
XMTI4ODU3ODczMg==	434	281	298	199	274	187	168	123	134	118	98	98	112	80	90	86	151	148	105	66	59	59	49	35	52	81	73	51	58	40
XMTI4ODU4NTYyOA==	775	1452	1174	460	765	795	1597	528	392	276	300	300	316	282	269	203	151	1212	128	130	143	141	174	212	274	275	378	279	209	1030
XMTI4ODU4NzQyNA==	12447	14931	11794	8017	5116	4767	4450	3031	2740	1522	2839	2668	2595	2176	116	1038	995	908	782	463	559	394	361	300	247	303	417	479	469	314
XMTI4ODUxODE4OA==	13	8	10	3	11	8	15	11	21	15	10	5	11	5	12	15	16	16	17	15	4	5	13	13	9	20	22	17	19	23
XMTI4ODUxODg1Mg==	42	17	13	38	8	28	3	0	1	3	2	6	2	4	2	3	5	3	23	2	2	3	2	0	2	3	2	2	2	2
XMTI4ODUxOTQxNg==	13	2	9	2	11	3	7	9	1	4	2	1	4	2	12	9	6	8	22	37	40	33	27	31	54	61	107	36	46	59
XMTI4ODUxOTYyMA==	1605	1863	3363	2135	2314	1353	1722	1462	1646	1637	1594	1321	1448	1919	1824	2176	2473	2067	2188	2583	3857	2810	2535	2584	2731	3041	2938	3566	2623	2813
XMTI4ODUyNjEzMg==	1143	2626	3406	1874	1246	1445	961	544	516	533	531	609	772	675	481	502	656	528	557	633	579	506	447	415	418	456	725	598	479	574
XMTI4ODUzNDE0OA==	378	282	190	141	239	200	167	141	115	121	164	112	165	162	87	72	95	106	91	116	76	50	19	14	17	32	56	44	33	25
XMTI4ODY0OTE3Ng==	81766	100607	191987	146679	169103	163882	40056	25484	12870	12132	13110	11824	14612	14370	9851	7472	8003	7109	5593	5084	2808	904	612	402	356	317	297	267	226	227
XMTI4ODY2NTIyMA==	209	174	138	136	120	22	12	12	8	11	17	8	2	8	9	13	8	16	19	7	9	4	4	1	3	3	3	8	9	7
XMTI4ODY2Nzk4OA==	10	7	12	7	14	8	6	11	12	12	7	6	2	4	5	6	14	15	15	14	12	1	0	5	0	2	3	2	0	3
XMTI4ODY3OTUxNg==	236	189	173	97	108	77	69	79	70	159	186	160	90	108	110	113	128	148	185	226	465	428	344	334	555	417	245	181	168	162
XMTI4ODY4MTEyMA==	383	415	358	286	357	367	349	344	330	277	371	358	306	398	404	380	354	285	381	352	343	271	318	287	285	290	322	295	320	252
XMTI4ODY4NTE1Mg==	5	1	0	0	5	5	5	2	0	1	2	1	1	3	1	3	0	0	0	0	1	0	1	1	0	0	0	0	1	0
XMTI4ODY4NzU2MA==	4	2	5	1	3	5	2	1	0	5	3	139	0	0	2	0	0	0	1	1	0	1	0	0	1	2	0	0	0	1
XMTI4ODYxNzg0NA==	2970	2702	1636	678	701	725	1040	735	715	678	673	586	625	529	532	602	627	589	494	443	469	386	369	353	342	375	317	346	277	296
XMTI4ODYyNDkwOA==	11148	8771	4827	5646	4142	2869	3034	1157	1635	1565	1311	1041	732	418	384	97	472	480	472	414	343	313	381	288	256	209	226	212	180	159
XMTI4ODYyNzQ1Ng==	23	17	20	11	7	8	6	14	6	10	14	21	11	18	18	14	10	6	4	7	5	5	4	3	1	4	5	2	4	4
XMTI4ODc2NjQzMg==	854	4954	6263	3808	3977	3571	2610	3105	305	374	338	242	247	219	270	232	188	251	275	240	263	301	233	240	196	186	162	159	143	145
XMTI4ODc2OTQwOA==	104131	234034	175133	87169	98097	66769	73051	63900	37648	26451	20294	15271	16590	16484	24660	23190	16958	13758	11446	12472	11614	18528	23633	11146	8686	7998	6560	6491	13507	14684
XMTI4ODc3NTcxNg==	56544	67203	31488	24527	15783	57002	18241	7693	5229	3557	2676	2183	2853	964	1859	405	1713	387	1369	768	222	683	740	593	203	413	547	465	205	194
XMTI4ODc5NzE1Mg==	3	9	7	2	0	6	9	2	1	2	23	1	6	0	2	0	4	0	2	0	1	0	0	1	0	0	0	1	1	0
XMTI4ODc5OTMxNg==	5	2	7	4	6	2	0	2	0	0	1	0	0	0	0	0	0	0	1	0	0	1	0	0	0	1	3	1	2	0
XMTI4ODcwNTI2NA==	5900	7738	8705	5903	6136	5441	4789	2401	2702	1844	1109	670	664	726	674	563	629	641	593	620	725	539	591	594	594	651	731	913	748	670
XMTI4ODcxNDkwOA==	2	2	1	0	1	1	1	0	0	0	0	0	0	0	0	0	0	0	2	1	0	0	1	0	0	0	0	0	0	0
XMTI4ODczNzM0MA==	3	4	3	2	3	5	2	6	5	3	5	2	4	2	2	8	5	5	5	2	3	2	3	4	2	2	5	3	2	2
XMTI4ODczNzYwNA==	60	77	55	28	37	22	51	8	17	6	11	18	9	11	9	9	9	12	5	2	8	4	11	7	2	8	7	5	6	1
XMTI4ODgwNTU4MA==	5	0	7	6	2	2	5	0	0	2	1	0	2	2	0	0	0	0	2	0	0	0	0	1	1	0	1	0	2	0
XMTI4ODgzMjkzMg==	44751	39564	39930	20589	8322	8406	5603	18496	16333	14999	5949	3448	4066	3518	2547	4681	2136	2399	2145	2126	2019	4576	2618	2323	1823	3063	1807	1509	1555	1561
