XMTM2MDkzMDQ2OA==	38	12	0	124	38	18	16	14	5	22	14	15	3	1	1	2	0	11	11	46	7	9	24	11	13	16	7	14	2	10
XMTM2MTYyNjQ3Ng==	25	36	13	12	0	20	48	24	25	41	13	7	34	13	11	12	14	5	1	51	18	21	17	3	4	10	13	10	14	10
XMTM2MTQzNzQ5Ng==	1196	574	118	81713	36	46	52	78	48	214	261	93	24	22	35	33	14	14	17	17	34	45	40	5264	63	4	209	5	195	2
XMTM2MTE3ODY3Ng==	13	4	0	15	6	3	0	1	0	1	0	1	0	2	0	38	0	2	0	4	2	1	0	0	0	0	0	0	0	0
XMTM2MTQxNjYxNg==	27	35	36	4	0	1	2	0	0	0	0	0	0	0	0	0	0	0	1	2	0	0	0	0	0	1	0	0	1	3
XMTM2MTE3MjQ2NA==	27	634	413	87	137	78	54	77	51	76	60	110	44	50	68	7	38	55	23	58	25	50	56	12	1	34	21	36	58	22
XMTM2MTA4MzE3Ng==	295	121	3	16	28	197	23	7	14	3	12	5	5	7	1	0	8	5	69	12	20	23	9	8	24	6	16	36	18	80
XMTM2MDc1NTYyOA==	8	12	12	1	1	3	0	1	0	1	1	0	0	2	0	0	0	0	0	1	0	0	0	0	1	1	0	0	0	0
XMTM2MDg1NDUwMA==	2	0	5	67	49	37	32	10	4	12	1	0	2	3	0	2	9	4	0	33	1	8	0	5	2	1	3	15	0	1
XMTM2MTIyNDg5Ng==	56	17	48	45234	262993	241606	242724	294	7	90224	90348	70410	114352	47249	144	39	40181	50452	58471	35319	55088	107	89	45	89728	180257	84	182198	163	100
XMTM2MTIwNzA5Ng==	1	0	0	0	0	0	1	0	0	0	0	0	0	1	0	0	1	0	1	0	0	1	0	0	0	0	0	1	0	2
XMTM2MTM3MTI0OA==	1	0	0	0	0	1	0	0	0	0	0	0	0	0	0	0	0	0	0	0	0	0	0	0	0	0	0	0	0	0
XMTM2MTQ3NDI4MA==	6	10	7	20	10	5	5	5	5	14	4	3	1	2	3	3	6	2	1	11	10	2	8	1	1	3	0	0	0	0
XMTM2MDgyODE4NA==	94	80	39	56	13	72	165	93	91	127	106	229	102	91	42	43	60	40	50	23	36	19	40	21	17	13	10	10	11	17
XMTM2MTI4MDQ2OA==	7	6	4	10	0	1	0	0	0	0	0	0	0	2	0	0	0	0	0	0	0	0	0	0	0	0	0	0	0	0
XMTM2MTEyMjczMg==	524	170	22	381	6	3535	5526	4847	4266	3697	1903	1263	495	204	236	295	203	206	35	258	40	32	22	10	29	5	33	20	4	14
XMTM2MTExOTcxNg==	86	67	100	670	363	397	416	572	418	675	348	821	396	434	345	140	445	1523	1939	2592	2399	3481	3653	1914	733	1748	2074	3900	3583	3429
XMTM2MTI5OTkyMA==	4	1	85	65	63	24	12	9	10	17	6	5	1	0	0	2	6	0	1	84	8	5	7	2	12	31	18	7	4	8
XMTM2MDkxNDI1Ng==	323	336	24	84	3	693	650	197	79	37	22	31	0	38	19	8	9	5	14	9	7	9	4	0	9	0	5	15	61	116
XMTM2MTA1NjU4NA==	1324	514	7	796	13	26	3	39	62	60	21	94	149	91	108	205	211	234	290	300	238	367	320	169	156	464	314	380	256	238
XMTM2MTE2ODkxMg==	13	11	0	0	0	17	8	4	9	2	7	4	5	1	0	0	2	0	0	33	10	4	0	9	1	2	1	11	1	4
XMTM2MTA5OTk2NA==	17	4	77	6	5	2	3	1	1	0	0	0	0	0	0	0	1	1	0	0	0	0	1	0	0	0	0	0	0	0
XMTM2MTM1OTQ4OA==	19623	34324	18874	31472	33147	95875	50565	27209	12553	19573	7206	11956	10971	18498	5720	4994	3552	10416	2027	3535	6417	3495	2532	3329	1536	1845	2309	3386	1891	25154
XMTM2MTUzNjA4MA==	190	989	490	121	1486	127	3	6	13	0	4	2	2	0	1	4	4	14	0	0	1	0	0	6	1	0	1	1	55	4
XMTM2MTA5NzM1Mg==	665	603	142	117	9	141	790	8	7	1	0	0	1	2	2	4	28	10	7	0	4	15	1	13	16	4	3	254	81	35
XMTM2MDc4MjI0NA==	52	35	14	50	10	5	6	0	2	5	17	14	23	36	9	3	1	21	3	56	12	14	17	16	2	24	18	58	25	12
XMTM2MDc2ODYwOA==	1	2	2	11	1	6	3	10	1	1	2	4	1	4	6	4	1	0	2	18	2	0	1	0	1	2	1	8	0	7
XMTM2MTU3NTgyMA==	101	207	145	283	1183	985	485	71	31	16	30	59	44	21	28	12	5	2	3	0	0	1	0	0	2	2	2	6	7	0
XMTM2MTEwODQ4NA==	13	2	2	0	17	1236	1572	1305	1203	846	394	343	251	146	140	121	81	140	266	234	66	14	3	7	0	0	113	5	31	22
XMTM2MDk4NjYyOA==	174	54	572	67	2	2	3	0	1	1	0	0	0	1	1	0	5	8	4	1	0	2	0	1	2	0	0	0	14	3
XMTM2MTUxNTk2NA==	4	0	1	8	2	2	0	1	1	0	1	1	1	0	2	1	0	7	4	1	0	3	1	1	4	0	0	8	2	3
XMTM2MTE5NTA0OA==	3	13	0	21	9	2	1	0	0	0	0	0	0	0	0	1	0	0	0	0	0	0	0	0	1	0	0	0	0	0
XMTM2MDQ0NzAyMA==	8	0	2	9	3	4	0	1	0	0	0	0	0	0	0	0	0	0	0	0	0	0	0	0	0	0	1	0	0	0
XMTM2MTExODY2NA==	3	2	0	0	103504	3263	1822	891	711	810	398	632	428	238	274	244	453	189	152	141	43	43	62	32	29	75	35	69	60	45
XMTM2MTIxODU1Ng==	16	6	1	14	3	2	2	4	3	3	2	3	3	2	0	2	0	1	0	29	9	4	7	9	1	12	8	11	5	6
XMTM2MTM0NDQ0MA==	20	374	365	80	21	14	10	5	6	2	0	0	0	1	7	2	1	1	0	7	0	1	1	1	0	0	1	3	1	6
XMTM2MTEzNTgwNA==	12	7	281	91	42	36	27	17	21	62	9	1	13	8	33	2	23	19	15	177	16	11	0	6	3	3	0	0	2	4
XMTM2MTM1MTE1Mg==	10	5	4	1	1	20	7	2	2	4	2	0	0	3	1	0	1	0	1	7	0	1	1	1	0	1	0	0	0	0
XMTM2MDkxODE1Ng==	58	70	86	5	3	4	1	1	2	1	3	0	1	1	0	2	1	1	0	19	5	1	4	0	4	3	1	3	4	1
XMTM2MTQ5NzA1Ng==	4	2	0	1	3	0	0	0	0	0	0	0	0	0	0	0	0	0	0	0	0	0	0	0	0	3	0	0	0	0
XMTM2MTIwMTAzNg==	290	342	46	105	135	729	756	487	278	315	327	300	323	173	225	271	181	185	191	237	232	277	330	277	237	344	233	390	292	293
XMTM2MDk4NzAwMA==	3	2	2	0	0	0	0	0	0	0	0	1	0	0	0	0	1	0	0	0	0	0	1	0	0	0	0	0	0	0
XMTM2MTQwNzQ4MA==	1584	24072	20789	2516	990	687	1430	258	208	506	563	379	154	188	1108	251	206	160	200	201	266	698	550	191	96	117	26	69	88	2531
XMTM2MDkyOTUyOA==	152	59	2	4	167	1120	158	52	21	6	1	1	0	3	0	2	3	0	0	18	0	0	2	1	0	2	0	0	1	0
XMTM2MTExNjM2NA==	8	2	0	3	0	31	3	0	1	0	0	0	0	0	0	1	0	0	0	1	0	1	0	0	1	2	0	0	0	0
XMTM2MTMwODk3Mg==	14	5	2	3	0	0	10	4	4	1	2	0	0	0	1	0	1	0	0	5	0	1	0	0	0	0	0	1	0	0
XMTM2MTQ1OTUwMA==	71	27	19	9	89	49	25	11	4	44	39	1	0	3	1	4	2	4	9	161	10	2	5	2	6	6	2	7	7	2
XMTM2MTMwMzMzNg==	221	629	1111	629	2043	2952	2497	1921	728	945	537	587	450	337	320	315	373	281	187	226	292	297	177	123	76	120	151	238	152	177
XMTM2MTIxNTAwNA==	25	9	75	48	6	7	4	6	4	2	2	0	2	0	2	0	2	2	0	7	1	1	2	1	5	1	4	16	16	7
XMTM2MTE2MDA4OA==	7	1	0	27	4	1	0	0	0	0	0	0	0	0	3	7	1	0	0	0	0	0	1	1	0	0	0	0	0	0
XMTM2MTQ3MDc0MA==	19	14	46	4	4	0	14	0	0	0	0	0	0	0	0	0	0	0	0	0	0	0	0	0	0	0	0	1	0	0
XMTM2MTE0ODY1Ng==	378	24385	302300	98150	71949	123	79	57	33	29	37	22	38	38	27	11	11	2	3	44	20	21	11	3	5	7	16	35	31	23
XMTM2MDk0NTUyOA==	2	0	0	0	1	0	0	0	0	0	0	0	0	0	0	0	0	0	0	0	0	0	0	0	0	0	0	0	0	0
XMTM2MTE3MzY5Mg==	3	1	0	0	0	1	2	0	0	0	0	0	0	0	0	0	0	0	1	0	1	0	0	2	1	0	2	1	3	3
XMTM2MDc0NDM2OA==	1201	697	160	166	1759	716	150	37	16	1	4	12	2	7	6	17	14	8	11	77	15	7	4	8	3	3	5	12	29	54
XMTM2MTA5MTk5Ng==	9	1	1	4	12	2	2	0	0	0	0	0	0	0	0	0	0	1	0	0	1	0	0	0	0	0	0	1	0	0
XMTM2MTMwMDgyNA==	428	464	222	1174	1434	587	517	449	284	369	169	109	190	116	159	161	187	109	95	86	124	137	147	95	68	127	89	129	150	94
XMTM2MTEwMzY2NA==	1	0	0	1	0	0	0	0	0	0	0	0	0	0	0	0	0	0	0	0	0	0	0	0	0	0	0	0	0	0
XMTM2MTE2MTQ3Mg==	149	70	7	101	4	0	11	49	40	10	0	6	0	3	0	4	1	4	0	8	0	3	0	0	0	0	1	0	1	0
XMTM2MTEyMjU1Ng==	7	2	0	1430	4	1	0	1	0	0	0	0	0	0	0	0	0	0	0	2	0	8	5	18	18	16	10	10	8	5
XMTM2MTM3NDczNg==	27	16	0	37	0	8	0	18	11	0	0	1	0	0	0	1	2	0	0	1	0	0	0	0	0	0	0	0	1	1
XMTM2MTA3OTgwMA==	7	3	1503	3	1	127	1	34	59	65	19	41	41	88	63	19	46	51	82	61	67	83	31	34	15	70	51	69	98	75
XMTM2MTE0MjU2OA==	8	6	18	1	0	2	0	4	6	3	2	1	4	0	1	0	0	0	8	2	2	3	5	2	2	3	3	2	3	1
XMTM2MTQ5MTc0NA==	2	0	0	0	0	1	0	0	0	0	0	0	0	0	0	0	0	0	0	0	0	0	0	0	0	0	0	0	0	0
XMTM2MDY3MDY0MA==	36	19	7	3	0	2	27	14	4	13	24	28	11	32	1	4	25	14	13	75	11	18	21	38	20	13	17	16	33	25
XMTM2MTA0NDExNg==	13	14	24	1	2	3	4	0	1	1	1	1	0	1	0	1	0	0	3	5	1	0	0	1	1	2	0	1	0	1
XMTM2MTA4MDIxNg==	15	1	1	2	13	1	1	1	0	1	0	0	0	0	0	0	0	0	0	3	0	0	0	2	0	1	1	1	0	0
XMTM2MDYwNTU3Mg==	2	4	11	7	3	5	3	1	0	1	1	1	2	1	0	1	0	1	5	3	1	1	0	3	0	1	1	3	4	2
XMTM2MTAwNjQ3Mg==	149	56	63	527	18	1	9	11	6	6	5	1	0	0	0	7	8	1	0	13	0	4	0	2	1	1	0	3	5	2
XMTM2MTQwMTMzMg==	22	10	8	23	0	1	1	1	1	0	0	0	0	1	0	1	0	0	0	0	1	0	0	0	0	2	1	0	5	0
XMTM2MTAyOTkxMg==	7	1	0	3	1	0	7	2	0	0	0	0	0	0	0	1	0	0	0	0	0	0	1	0	0	0	0	0	2	0
XMTM2MTM5MDk4OA==	11	6	42	24	23	8	6	5	3	12	1	0	0	1	3	0	5	4	0	10	0	5	1	0	3	0	1	0	3	3
XMTM2MTA5Mzk4NA==	6	13	8	0	0	0	0	0	0	0	0	0	2	0	9	6	1	1	0	0	1	0	0	0	0	1329	14	5	1	2
XMTM2MDg5NTcwOA==	3	2	0	7	1979	5493	3253	3070	4029	2598	2028	3055	3087	3375	2554	3052	2430	1474	1383	1044	1195	918	1097	784	491	1017	505	705	849	794
XMTM2MDkwNTUwOA==	2544	2533	2800	322	11	3	108	76	53	37	30	88	27	8	24	25	1	7	0	101	16	2	11	3	5	8	1	5	12	7
XMTM2MDg2Nzc4NA==	11	8	0	2	0	95	15	5	4	12	2	0	1	0	1	1	1	1	0	15	1	0	1	1	0	1	0	1	0	0
XMTM2MDg0MTc5Mg==	2	0	0	549	1676	735	312	143	51	42	21	26	18	13	26	1	19	12	6	23	10	14	8	2	3	7	7	15	10	7
XMTM2MTU1Mzk0MA==	3961	3442	1011	6569	3192	1255	808	1079	642	379	364	359	421	414	366	354	231	337	214	217	215	231	374	144	135	196	107	153	128	137
XMTM2MDk0MDY1Ng==	3	0	0	1	0	1	14	0	0	0	1	1	0	0	1	0	0	0	0	0	0	0	0	0	0	0	2	0	0	0
XMTM2MTIzMDc5Mg==	6	2	45	26	19	7	1	0	0	2	0	0	0	4	3	2	3	1	0	15	0	3	0	0	0	1	2	0	7	7
XMTM2MTM3NTc0MA==	28	8	146	227	118	50	18	1	0	0	8	8	7	5	4	3	1	0	2	11	0	1	0	0	0	0	1	0	0	0
XMTM2MTE3MjkwNA==	738	288	105	545	12	15	24	11	4	2	0	1	0	2	2	1	1	12	10	0	0	1	0	0	0	2	0	0	6	0
XMTM2MTI1ODc3Ng==	25	20	7	9	142	201	313	627	402	384	192	222	223	227	388	481	14633	17770	16857	19611	19949	34039	31033	6222	93	755	161	1353	2319	1623
XMTM2MTQ4MjM4MA==	25	19	8	23	1	1	1	0	0	0	1	0	0	0	0	0	0	1	0	1	0	0	0	0	1	0	0	0	0	2
XMTM2MDk5NDExNg==	2608	29165	326937	111673	72299	713	475	299	492	403	154	200	226	174	206	173	142	193	189	120	139	212	307	190	110	186	120	169	154	165
XMTM2MTA4MTAwNA==	18	12	79	11	4	1	1	2	0	1	0	0	0	1	1	0	4	0	1	3	1	1	0	4	0	0	0	0	1	0
XMTM2MTI4OTE2MA==	27	16	1	0	2	32	11	2	22	0	0	0	1	1	2	7	2	0	0	4	1	0	0	0	1	2	0	1	0	0
XMTM2MTI4OTg5Ng==	2	0	3	0	0	0	2	0	0	1	0	1	0	1	0	0	1	1	3	1	2	0	0	1	0	1	0	1	2	0
XMTM2MTU0OTQ0OA==	8	16	2	0	0	54	2	0	0	0	1	0	1	0	0	0	0	0	0	1	0	1	0	0	0	2	0	0	4	1
XMTM2MDk5NDI4NA==	6	1	18	52	5	10	5	4	3	1	2	7	7	6	3	6	1	12	0	40	4	2	0	1	0	1	3	1	1	12
XMTM2MTYwMDAwOA==	2	2	3	0	0	0	0	1	0	0	1	1	0	0	0	0	3	0	0	2	0	1	0	0	0	0	0	0	0	0
XMTM2MTIzMTA4OA==	9	3	13	58	23	32	1	5	4	1	0	4	0	3	1	1	1	0	1	19	2	2	1	2	0	0	2	1	0	0
XMTM2MTU1ODA2OA==	2	0	0	0	1	0	0	1	0	0	0	0	0	0	0	0	0	0	0	0	0	1	0	0	0	0	0	0	0	0
XMTM2MTMwODE5Mg==	4	1	0	0	0	7	2	96	0	0	0	1	0	0	8	9	101	3	5	5	2	56275	29891	23672	56472	1	0	25496	1	1
XMTM2MTM3MjU5Ng==	2892	2445	654	458	6904	461	126	108	166	2	140	8	25	100	107	109	80	101	140	169	126	117	76	76	49	117	185	108	64	161
XMTM2MDc0NDQ3Mg==	978	570	131	117	7625	4823	106	48	31	65	58	56	79	68	62	53	58	51	10	63	14	10	11	13	6	0	15	6	17	7
XMTM2MDk5MDAyNA==	233	97	45	2067	1077	210	5487	9023	6729	3819	810	186	138	1580	2491	3404	1294	319	173	187	1209	2852	3212	1576	184	433	196	488	1651	1344
XMTM2MDc3ODU1Mg==	6745	37049	110399	162263	60679	11804	4180	3485	2597	2215	1299	1280	1670	1301	2409	1802	997	1428	1172	1145	977	1272	1699	1024	1043	2337	529	1709	1349	1325
XMTM2MTI5OTAwMA==	89	8	14	3	2	0	780	310	56	15	0	1	6	1	3	4	7	8	1	29	1	0	2	2	12	2	0	2	2	3
XMTM2MDc2NTA2OA==	3300	1250	317	163	3215	1089	140	32	23	12	18	30	37	1	32	30	24	233	370	218	104	22	21	9	16	182	76	68	26	27
XMTM2MDkyNDM2NA==	2671	1235	181435	164654	35411	25968	18540	14302	11249	14205	7164	2235	2141	472	1554	1260	1794	1572	5427	3914	1110	896	726	1130	1262	810	231	718	453	379
XMTM2MTU3NjQ0MA==	3	3	0	4	2	1	0	0	1	0	0	0	1	0	0	3	1	1	0	1	0	0	0	0	0	0	0	0	0	0
XMTM2MTExMjQyMA==	124	142	380	154	19	66	21	34	13	8	31	2	2	2	15	10	81	15	2	42	7	2	1	15	2	0	5	0	4	7
XMTM2MTYzNDEzMg==	14	6	42	24	0	0	1	1	1	5	0	1	0	0	1	0	0	2	0	1	0	0	0	0	0	2	0	0	0	0
XMTM2MTQyODMyNA==	178	261	314	20	1	0	1	1	1	0	0	0	0	0	2	0	1	1	0	0	0	0	0	0	0	0	0	0	45	0
XMTM2MDkzMjY0MA==	29	11	309	149	92	45	63	33	38	92	80	54	72	48	58	46	47	89	66	52	106	48	83	74	76	111	30	100	64	78
XMTM2MDc2ODQ1Mg==	2	0	0	0	0	1	0	0	0	0	0	0	0	0	0	1	0	0	0	0	0	0	0	0	0	0	0	0	0	6
XMTM2MTcwNTA2OA==	6	1	2	2	0	0	10	4	1	0	0	0	0	1	0	0	0	0	0	1	0	0	0	1	0	0	0	0	0	0
XMTM2MDc5MDQ2NA==	5	0	0	0	3	0	0	0	0	0	0	0	0	0	0	0	0	0	0	0	0	0	0	0	0	0	0	0	0	0
XMTM2MTE3MDk4MA==	5	18	38	16	45	17	6	22	8	2	4	5	10	0	1	0	3	0	5	44	14	2	3	10	4	10	2	41	14	24
XMTM2MTUxNzA2MA==	2	2	0	3	0	0	0	0	0	0	1	2	0	1	2	83	7	0	0	3	2	0	0	0	0	0	1	0	0	0
XMTM2MTE3NTA0OA==	1	0	0	3	0	0	0	0	1	0	0	0	0	0	0	0	0	1	2	1	0	1	0	0	0	1	0	0	0	1
XMTM2MDg4MjgzMg==	8	5	2	2	0	10	1	0	0	0	0	0	1	0	0	0	1	0	0	0	1	2	0	0	0	0	0	0	0	0
XMTM2MTMzNzk4MA==	3	0	0	2	2	0	5	1	1	0	0	0	0	0	0	0	1	1	0	1	1	0	0	0	0	0	0	2	0	0
XMTM2MTEzNTAwNA==	9	6	0	17	19	9	0	0	0	0	0	0	1	1	0	0	0	2	0	3	1	0	0	0	2	22	1	221	36	15
XMTM2MTI5NTM3Mg==	64	85	11	519	510	333	630	820	592	226	189	179	399	361	727	388	1579	1373	228	115	271	340	443	295	174	319	58	453	623	727
XMTM2MTE2OTA1Ng==	1	0	0	1	0	0	0	0	0	0	0	0	0	0	0	0	0	0	0	0	3	0	0	2	0	0	0	0	0	0
XMTM2MTUwNjIwMA==	1523	1399	2412	994	547	196	558	718	157	308	388	407	279	119	66	161	122	125	56	53	53	64	49	30	23	34	15	31	39	26
XMTM2MTE0MDA2OA==	99	45	12	249	62	33	19	10	10	7	9	0	1	1	2	2	4	2	2	28	1	5	1	4	1	1	0	7	1	3
XMTM2MDg4ODUxNg==	13	1	38	4	2	0	1	0	1	0	0	0	0	1	0	0	0	1	0	2	0	0	0	0	0	0	0	0	0	0
XMTM2MTMwNDE4OA==	16	8	0	0	0	0	13	8	3	5	1	1	0	0	1	8	1	0	0	13	2	0	0	1	0	0	2	2	0	1
XMTM2MDkzOTkwOA==	72	40	825	1630	1014	1152	831	888	918	724	535	853	1002	620	343	485	260	368	9	195	211	8	104	21	184	78	132	47	13	138
XMTM2MTE4MjA0OA==	15	5	1	5	23	6	7	6	11	7	2	1	3	2	1	6	0	2	0	23	2	4	2	0	4	2	2	4	0	0
XMTM2MTMwMzA0MA==	4	2	1	0	0	6	19	1	1	0	34	0	29883	428	451	65	1	2	1	1	0	0	1	6	101013	120	611	3	159	0
XMTM2MTQ0MDM2MA==	2	1	6	0	0	0	0	0	0	0	0	0	0	0	0	0	0	0	0	0	0	0	0	0	1	0	0	9	0	0
XMTM2MTQ5OTU0NA==	39	162	111	24	3	0	10	3	57	4	1	0	1	0	20	10	18	2	1	2	0	0	0	0	0	0	0	0	0	0
XMTM2MTE1ODg0OA==	17	20	64	32	1	0	1	2	0	0	0	0	0	0	0	0	5	0	0	0	0	0	0	0	0	0	0	0	0	0
XMTM2MTI1NzUxMg==	14	6	0	23	1	1	0	3	1	1	0	0	1	0	1	1	1	0	0	7	1	1	0	1	1	0	0	1	2	1
XMTM2MTYxNDM3Mg==	6	2	2	0	0	0	4	0	0	0	0	0	0	0	0	0	0	0	0	0	0	0	0	0	0	0	0	0	1	0
XMTM2MDk4MzMzMg==	66	21	5	86	7	1	0	1	0	1	0	0	3	1	0	1	1	0	0	6	0	0	0	0	0	0	0	1	0	0
XMTM2MTI0MjE0OA==	1315	759	41	89	1948	5750	1480	307	46	65	173	126	215	143	128	97	39	68	59	69	99	212	337	183	27	105	105	91	142	48
XMTM2MTQzMTg4MA==	7957	10909	36797	51160	5348	3175	1046	2858	913	1046	864	1661	2201	1198	1302	1113	1889	4152	3629	1377	4649	2404	4430	4495	3408	5708	1675	5984	2372	4567
XMTM2MTU0OTM4OA==	42	23	197	748	107	44	64	405	512	209	7	39	73	111	290	54	343	185	2	485	23	2	16	16	4	20	10	9	16	3
XMTM2MTY5MDg0MA==	2	0	0	0	0	1	0	0	0	0	0	0	0	0	0	0	0	0	0	0	0	0	0	0	0	0	0	0	0	0
XMTM2MTMzMDExNg==	193	133	33	31	11	28823	55475	60411	58390	78943	57753	62434	61965	82111	70531	66407	75634	70118	5451	127985	73263	78616	63752	19669	5263	34315	874	123861	102374	326218
XMTM2MTMxMDQyMA==	25	10	10	1	0	0	36	22	1	0	0	0	0	0	0	1	0	0	0	0	0	0	1	0	0	0	0	0	0	0
XMTM2MTYzMTgyMA==	2698	10795	90920	19479	1132	121	74	46	62	71	147	63	36	38	39	1	26	31	20	60	88	51	16	3	4	33	6	6	423	19
XMTM2MDg2MzUyMA==	2	1	0	2	0	2	0	0	0	0	0	0	0	0	0	0	1	0	0	0	0	0	0	0	0	0	0	0	0	0
XMTM2MTQ1MjQ1Ng==	74	77	106	49	4	9	9	8	83	31	8	4	5	25	25	61	64	24	6	109	10	41	64	37	50	32	11	6	8	2
XMTM2MTQzNzgwOA==	1489	712	116	310	15	37	2393	721	352	407	337	291	606	546	522	472	826	8	1	6	8	1	1	0	7	14	7	14	6	11
XMTM2MDgxMzE3Ng==	110	234	36	19	2	684	455	55	20	14	14	15	6	8	6	9	10	3	1	24	3	18	13	4	4	10	1	2	10	9
XMTM2MTQ3NzM1Mg==	159	41	1	1	0	171	16	0	0	0	0	1	0	0	0	0	0	1	0	0	2	1	0	4	1	1	1	1	5	1
XMTM2MTI0NDE1Mg==	2	0	0	0	2	0	1	0	0	0	0	0	0	0	1	3	0	1	0	0	0	4	0	0	0	0	0	0	0	0
XMTM2MDk5OTEwNA==	131	3374	2381	394	48	154	59	49	46	40	27	8	14	4	1	14	0	17	0	113	19	21	8	10	1	5	7	29	13	14
XMTM2MDk4NjgzNg==	1634	1634	821	799	8067	2400	380	190	128	189	166	130	177	178	143	138	98	51	45	34	36	38	14	13	17	26	25	34	27	17
XMTM2MDcyNDIyOA==	2	0	0	1	0	0	0	0	0	0	0	0	0	0	0	0	0	0	0	0	0	0	0	0	0	0	0	0	0	0
XMTM2MTI3NjA5Ng==	4	9	15	4	0	0	0	0	0	0	0	0	0	0	0	0	0	0	0	0	0	0	0	0	0	0	0	0	0	0
XMTM2MTEwNDc4OA==	2	0	0	1	0	0	0	0	0	0	0	0	0	0	0	1	0	0	0	0	0	0	0	0	0	0	0	0	0	0
XMTM2MDkzMTEyMA==	752	1006	346	510	1536	721	238	241	106	38	45	38	55	58	86	58	31	44	31	27	18	51	81	31	32	34	12	36	36	48
XMTM2MTE4ODA5Mg==	1762	907	5484	8548	1768	781	705	705	276	177	117	108	16	648	622	372	192	223	128	284	223	144	98	93	49	101	45	547	151	110
XMTM2MTI2NjI2OA==	10	9	4	12	21	35	59	142	84	55	40	28	60	64	110	57	80	257	270	188	367	629	887	590	254	370	74	297	174	192
XMTM2MTQ4MzE2MA==	5	8	9	3	0	0	0	0	0	0	0	0	0	0	0	0	0	0	0	0	2	0	2	0	0	0	0	0	0	0
XMTM2MTM5NTM0MA==	123	56	7607	2977	130	474	551	257	223	97	37	77	65	98	128	160	279	534	144	63	22	166	208	49	13	81	69	106	277	230
XMTM2MDk4MzYyMA==	18	7	28	68	13	8	2	5	3	1	1	3	8	2	2	1	0	3	0	28	1	3	1	1	2	2	3	3	5	2
XMTM2MDg3MTE1Mg==	9	5	1	1	25	1	0	1	1	0	0	1	0	0	0	1	0	1	0	1	0	0	0	0	0	1	0	0	1	0
XMTM2MDQ1NzQyNA==	16	4	8	5	27	7	0	9	1	3	2	0	1	2	3	0	2	0	0	14	3	1	0	0	0	0	0	0	1	0
XMTM2MTAxMzUxMg==	17	11	3	15	795	1991	1109	220	138	178	173	116	1	60	2	12	7	3	9	614	65	44	99	48	16	124	77	93	52	38
XMTM2MTIyOTYxMg==	19	17	1	18	1187	4643	1471	479	217	395	162	161	201	228	174	269	198	89	67	382	74	153	151	74	39	99	110	130	90	99
XMTM2MTM4NDc4OA==	21	40	73	56	7	6	4	5	12	10	9	0	0	1	0	1	4	1	1	35	4	1	3	2	2	5	2	5	2	4
XMTM2MDkxMTA2OA==	1968	1254	66	133	9	4410	11730	5856	1098	1364	617	671	908	664	469	575	370	387	259	220	243	205	268	40	59	95	70	211	140	156
XMTM2MTI2OTU1Mg==	2	9	3	4	17	43	58	152	112	78	23	60	52	58	40	104	55	120	151	463	334	599	808	152	183	172	206	256	277	203
XMTM2MTYzNTQ1Mg==	170	1931	1359	887	3314	2157	1506	1121	977	416	247	423	265	399	417	242	259	221	163	212	171	192	165	118	102	168	123	123	91	132
XMTM2MDg3MTM4OA==	31	21	35	16	4	0	3	6	7	1	1	0	0	0	2	0	2	0	7	0	3	2	0	0	0	3	0	1	1	23
XMTM2MTEwMjcxMg==	3	1	0	50	4	3	4	38	5	1	1	4	2	2	1	4	5	14	7	36	3	0	9	3	4	9	1	1	8	5
XMTM2MTU2MjQ1Mg==	17	6	11	11	30	11	18	6	7	4	0	0	4	6	4	9	36	30	1	38	2	1	0	2	1	1	3	3	2	3
XMTM2MTM1MTk0OA==	3	7	1	3	0	8	2	0	0	0	1	0	0	0	0	8	0	0	0	2	0	1	0	0	1	1	0	0	0	1
XMTM2MTE4NDU3Ng==	13	3	0	0	10	2	0	0	0	0	0	1	0	0	0	1	0	1	0	1	0	0	0	0	0	0	1	0	0	0
XMTM2MTEzNzc1Mg==	7	6	341	95	70	40	33	23	19	87	13	0	22	7	39	1	28	24	18	247	19	14	0	9	5	0	0	1	3	5
XMTM2MTIzMTc1Ng==	29	93	45	33	25	112	21	29	31	26	44	20	34	21	12	29	15	2	1	87	20	7	13	21	2	26	12	18	18	17
XMTM2MDk0NzEzNg==	502	371	656	10804	1877	836	408	24	25	13	12	1	16	1	22	2	1	3	68	4	8	5	2	1	3	1	2	11	19	55
XMTM2MDYxOTAyMA==	13	14	6	0	53	81	18	34	9	3	0	0	0	0	0	2	0	0	0	3	0	0	0	0	0	1	0	0	0	0
XMTM2MTI2NzUwNA==	22	12	4	1	7	52	63	134	112	76	33	54	52	62	83	84	117	192	246	266	222	871	826	241	81	301	143	221	351	208
XMTM2MDk2NTMyNA==	5	1	0	1	0	0	8	4	2	0	0	0	0	1	0	0	0	0	0	0	0	0	0	0	1	0	0	0	0	0
XMTM2MTIzNjM3Ng==	4	11	39	11	1	1	0	0	0	0	0	0	0	0	0	0	0	0	0	0	0	0	0	0	0	0	0	0	0	0
XMTM2MTIxNjY2OA==	4	2	3	41451	0	0	0	0	0	0	0	0	0	0	0	0	0	0	0	0	0	0	2	3434	0	0	803	0	12	2
XMTM2MTM3ODYxMg==	414	377	113	97	15	27	588	110	30	44	56	40	41	44	18	11	3	10	4	44	19	38	14	7	2	14	5	10	14	7
XMTM2MTE0ODYwNA==	4	1	12	2	0	0	0	0	0	0	0	0	0	0	0	0	0	0	0	0	0	0	0	0	0	0	0	0	1	0
XMTM2MTAyNzgxNg==	8	5	17	0	11	32	28	17	12	6	2	6	0	3	0	1	0	3	1	31	2	9	4	153	25	37	17	6	15	71
XMTM2MDc0OTE5Mg==	106	42	11	206	183	34	27	61	23	16	6	17	16	2	21	25	6	14	0	59	10	12	10	11	4	2	12	7	15	21
XMTM2MTIzODYzMg==	462	2244	1668	96	201	11	2526	1413	22	15	8	14	17	19	28	3	20	9	30	56	41	16	3	4	6	13	4	14	11	10
XMTM2MTczNzc3Ng==	2	17	11	5	2	0	0	2	0	0	0	0	0	0	0	1	0	0	0	0	0	0	0	0	0	0	0	0	0	1
XMTM2MTMwMjEyOA==	5	0	0	0	0	3	0	0	0	0	0	0	0	0	0	0	1	0	0	0	0	0	0	0	0	0	0	0	0	0
XMTM2MDg3OTk4NA==	12	0	2	1	0	1	7	0	0	1	0	0	1	1	0	0	0	1	1	3	0	0	0	0	0	0	1	1	0	0
XMTM2MTU4MDM2OA==	85543	114218	1204389	1494981	140753	1015604	38838	30608	22967	13950	9789	12892	13284	1527950	12101	9067	6066	5007	5597	4715	4918	6886	5736	3305	2123	4574	3844	5141	3346	3590
XMTM2MTE4NjE2NA==	69	58	684	406	206	104	47	51	39	39	16	21	3	2	11	11	7	8	0	74	5	5	3	1	7	3	4	2	9	3
XMTM2MDgxNDcwNA==	97	36	24	14	0	146	404	89	34	22	12	31	5	2	71	32	267	9	40	69	18	73	80	24	19	35	26	72	82	52
XMTM2MTY2MDI3Ng==	2	0	0	1	0	0	0	0	0	0	0	0	0	2	0	0	0	1	0	3	0	1	0	0	0	0	0	0	0	2
XMTM2MTI3MDI5Mg==	7	14	7	5	3	42	57	141	73	86	28	35	50	57	50	79	19	161	204	368	282	658	799	191	53	203	168	198	290	195
XMTM2MTU3MDU1Mg==	397	398	122	113	288	1208	1578	879	364	169	168	310	263	147	235	147	209	99	69	87	213	60	38	49	59	64	92	99	31	539
XMTM2MDg5NDg5Ng==	31	11	0	263	11	6	0	460	24	16	1	2	0	0	1	0	0	1	3	19	16	7	3	2	1	0	1	0	1	1
XMTM2MDc3OTU5Mg==	45	10	0	1296	325	14	11	8	6	4	8	4	1	1	2	3	6	2	1	32	2	0	0	1	3	0	2	2	5	1
XMTM2MTI4ODEyMA==	791	386	145	170	19	68	666	1020	946	620	1259	789	906	1513	3155	2921	1942	2300	2374	2412	2948	10874	6201	1777	1562	1904	1345	2851	3455	2653
XMTM2MDIyODA0OA==	8	2	0	0	35	7	7	3	18	0	1	1	2	0	0	0	0	2	1	13	8	0	2	1	0	0	0	0	1	3
XMTM2MDc0NjI2MA==	2	0	1	0	5	0	4	0	0	1	0	0	0	0	0	0	0	0	2	0	0	0	0	0	0	0	1	0	1	0
XMTM2MTQzMTQxMg==	2	2	0	0	2	0	0	0	1	0	0	0	0	0	0	0	0	0	1	0	0	0	0	0	0	0	0	0	0	0
XMTM2MTM5MTI5Ng==	27	6	2	4	0	0	30	6	0	7	8	0	1	1	1	0	0	0	0	21	3	0	2	1	0	6	0	2	3	0
XMTM2MTMyMzU0OA==	4	1	0	732	324	52	39	39	12	50	1	6	10	0	0	6	7	12	0	150	12	2	19	21	3	26	10	17	31	5
XMTM2MTQzNjMwMA==	100	92	137	111	0	0	0	0	0	0	0	1	0	0	0	0	1	0	0	0	0	0	0	0	1	4	5	7	7	0
XMTM2MDcxMzYwNA==	67	24	1	2	0	31	155	127	67	70	5	8	15	2	6	19	38	23	14	67	7	1	6	3	2	25	5	4	5	3
XMTM2MTI2NTA3Mg==	19	17	2	0	14	34	93	185	129	43	84	43	59	0	49	128	118	324	309	632	537	1040	1325	389	128	243	273	241	367	295
XMTM2MTMyMDU2NA==	4	1	0	4	2	1	0	0	1	0	0	1	0	0	0	0	0	0	1	1	4	2	0	0	0	0	0	0	0	0
XMTM2MTIyOTIyMA==	24	34	50	7	16	0	3	12	6	18	6	1	1	3	0	10	5	18	7	22	0	0	3	1	3	5	2	7	4	1
XMTM2MTQzOTkwNA==	44	30	12	60	95	9	36	35	7	7	7	1	1	3	0	2	1	1	0	34	0	1	2	2	3	3	4	47	29	10
XMTM2MDk1Njk0NA==	3	0	0	1	39	5	1	3	0	4	2	2	1	2	0	1	0	0	1	8	3	0	1	0	2	3	0	1	0	0
XMTM2MDk4MDA5Mg==	438	353	159	123	23	255	779	1796	747	414	207	109	268	172	307	182	277	79	73	224	66	356	3	452	491	161	317	273	40	244
XMTM2MTUwMTEwNA==	1913	7902	26597	6585	10720	5197	12400	2867	8109	5099	1091	4708	11430	8338	13837	23593	751	277	371	341	159	133	135	160	264	16	95	299	12156	2904
XMTM2MTEzNjYwMA==	8	5	295	95	68	42	28	24	34	85	2	6	22	9	25	7	28	20	15	248	11	18	4	4	2	7	2	0	2	0
XMTM2MDk1NjM5Mg==	6	1	0	0	0	4	0	0	0	0	0	0	0	0	0	0	0	0	0	0	0	0	0	0	0	0	0	0	0	0
XMTM2MTYyOTY5Ng==	695	765	22220	21007	20719	139	158	79	60	144	47	77	75	59	55	61	50	139	90	43	30	98	138	91	18	73	39	68	49	43
XMTM2MTQ1MDI0MA==	2	0	0	0	0	0	1	1	4	0	0	0	0	1	0	2	0	1	0	1	0	0	0	1	0	0	1	0	0	0
XMTM2MTI3NDI0NA==	16	17	36	3	1	0	2	3	13	38	38	37	43	47	81	62	13	129	46	241	169	346	468	278	45	230	215	3	162	146
XMTM2MTEyNzUwOA==	6496	48	29	0	4132	2199	256	50	2478	2012	525	71	6	323	4	971	1	6922	3569	2	8753	2	9080	638	1375	0	17673	42745	88171	2100
XMTM2MDk2Nzc1Ng==	17	4	14	22	6	10	0	7	0	0	0	0	0	0	0	0	0	0	1	0	0	0	0	0	0	0	0	0	0	0
XMTM2MTczMTYwMA==	5	4	12	6	0	0	0	1	2	0	0	0	0	1	0	2	0	0	0	2	0	0	0	0	0	0	1	0	0	0
XMTM2MTA5MDY4MA==	66	24	0	0	4	0	107	1	0	1	0	0	0	6	1	1	1	1	0	0	0	1	0	1	0	0	0	1	2	2
XMTM2MTAyNzA2OA==	18	5	56	89	125	30	10	11	1	8	0	0	2	1	1	2	2	0	5	19	5	3	2	0	0	1	1	2	2	0
XMTM2MTI2Njc5Mg==	16	22	9	1	24	40	63	175	102	57	46	29	54	81	107	68	72	255	213	234	336	507	818	572	237	369	69	274	184	196
XMTM2MTcwMTE0OA==	2	0	0	3	1	0	0	0	0	0	0	0	0	0	0	1	0	0	0	0	0	0	0	0	0	0	2	2	0	0
XMTM2MTIxMDAzNg==	1	0	0	1	0	0	0	0	0	0	0	0	0	0	1	0	1	0	0	0	0	0	0	0	0	0	0	0	0	0
XMTM2MTA2Mzk4MA==	77	49	281	41	14	51	10	5	17	3	1	1	1	0	14	10	11	8	0	13	1	0	0	0	2	11	0	1	0	0
XMTM2MTI2MDU3Mg==	17	13	3	2	36	51	150	216	221	103	57	87	82	94	111	144	706	1168	1160	796	2059	2837	2909	765	191	351	400	329	749	482
XMTM2MTM5MTYzMg==	431	492	220	16	55	5	600	1090	42	45	45	37	6	28	33	61	31	52	51	27	3	7	0	25	42	41	797	210	99	9
XMTM2MTE3Mzc5Ng==	2	0	0	0	0	1	0	0	0	0	0	0	0	0	0	0	0	0	0	0	0	0	0	0	0	0	0	2	0	0
XMTM2MTExNjY2NA==	7	3	0	1	10	0	0	1	0	0	0	0	0	0	0	0	0	0	0	0	0	0	0	1	0	0	0	0	5	0
XMTM2MTY0MDUyNA==	211	278	130	135	2115	1991	2013	2214	2092	1679	1263	1736	1733	1552	1620	1102	544	135	207	82	129	213	427	71	113	114	114	37	83	113
XMTM2MDkwNDgyNA==	2	0	0	0	0	1	0	1	0	0	1	0	0	0	0	1	1	0	2	0	1	0	0	0	0	0	0	1	1	0
XMTM2MDgzODgzMg==	1513	482	32	223	2016	90	25	49	63	38	0	5	40	10	9	0	5	12	17	127	15	14	40	8	5	31	2	18	20	35
XMTM2MTY5MzQwMA==	2	0	0	1	0	0	0	0	0	0	0	0	0	0	0	0	0	0	0	0	0	0	0	0	0	0	0	0	0	0
XMTM2MDg4NDk2OA==	2	0	0	0	1	0	0	0	0	0	0	0	0	0	0	0	0	0	0	0	0	0	0	0	0	0	0	0	0	0
XMTM2MTAwMTYxMg==	4	1	0	4	1	0	0	0	0	0	0	0	0	0	0	0	0	0	0	0	0	0	0	0	0	0	0	0	0	0
XMTM2MTAxMjk2NA==	11	116	100	26	20	8	13	6	2	2	4	6	0	3	7	5	1	6	2	16	5	0	5	1	2	1	2	3	4	2
XMTM2MTI0NDczMg==	3	0	1	1	0	0	2	0	0	0	0	0	0	0	0	0	0	0	0	0	0	0	0	0	0	0	0	0	0	0
XMTM2MTM2MTUxMg==	4	0	1	0	0	2	0	2	0	0	0	0	0	0	0	0	0	0	1	1	0	0	0	0	1	0	0	0	0	0
XMTM2MDc0OTk1Mg==	591	166	16	22	1437	1002	109	39	18	39	15	15	8	9	29	9	12	3	6	58	24	6	19	3	9	1	8	11	5	14
XMTM2MTU4NDgzMg==	33	19	27	98	101	67	2	11	0	5	4	1	0	3	0	3	2	1	2	17	1	0	1	1	3	3	5	4	3	1
XMTM2MTU2ODcxMg==	867	969	626	307	27136	14639	133	185	4	291	99	54	72	4	91	41	65	64	99	74	17	57	30	32	16	11	369	17	5793	112
XMTM2MTAxOTE2OA==	4	1	0	1	0	1	3	0	0	0	0	0	0	0	0	0	1	2	0	0	0	0	0	0	0	0	2	1	0	0
XMTM2MTI5ODM0MA==	6	4	83	8	0	1	0	0	0	0	0	0	0	0	1	1	1	0	0	0	0	1	0	0	0	0	0	0	5	1
XMTM2MTQ5MzM4OA==	4421	3826	8814	11150	4410	3259	55227	287	258	167	288	275	265	397	165	29	334	225	238	282	1872	371	130	564	764	560	331	396	305	49
XMTM2MDk4NzE4MA==	2	0	1	0	0	0	2	0	0	0	0	0	0	0	0	0	0	0	0	0	0	0	0	0	0	0	0	0	0	0
XMTM2MDkzNTQ2OA==	37	26	41	72	7	19	13	14	9	19	18	0	1	5	2	5	5	17	8	49	4	7	12	3	16	11	8	8	4	2
XMTM2MDk1NDM2OA==	2	2	6	0	0	0	0	0	0	0	0	0	0	1	0	0	0	0	0	1	0	0	0	0	0	1	0	0	0	1
XMTM2MDgzOTE2OA==	4	1	10	1	1	0	1	0	0	0	0	0	1	0	0	0	0	0	0	1	3	3	1	1	0	3	0	5	0	0
XMTM2MTUyMjYyOA==	10	3	1	0	14	97	7	2	0	1	1	0	0	0	0	0	0	1	0	2	1	1	0	0	0	1	0	0	0	0
XMTM2MTM1NTcyNA==	4	75	18951	54	31	53	80	50	47	81	39	82	36	24	29	33	48	3280	37	7	63	3	488	107	58	1	8304	226	129	104
XMTM2MTM3MjUxNg==	71	33	7	7	0	13	355	360	325	329	115	146	149	137	112	111	71	86	116	85	105	96	106	31	8	33	87	91	148	91
XMTM2MTMwMTk5Ng==	7	1	3	0	2	0	20	2	0	0	1	0	0	1	0	1	0	0	0	37	15	1	0	0	1	0	0	0	0	0
XMTM2MTEzNzIyOA==	10	6	488	151	94	58	48	27	38	132	95	8	4	26	10	62	8	52	5	262	2	29	5	2	4	3	2	5	0	2
XMTM2MDk5Nzk3Mg==	6	2	6	4	7	5	35	49	4	43	25	9	5	0	35	35	36	65	54	188	97	3	93	14	4	0	19	23	25	33
XMTM2MTE4MjMwNA==	2732	4116	4569	3081	666	6689	944	379	25	45	325	112	139	107	98	85	95	46	34	86	71	65	28	30	35	31	69	51	43	347
XMTM2MTYwMDc2NA==	3	2	2	0	22	1	1	0	1	0	0	0	0	0	0	1	0	0	0	1	0	1	0	0	0	0	2	0	0	0
XMTM2MTU3ODM0NA==	309	314	363	966	398	501	511	521	384	322	217	66	78	62	59	27	47	71	24	73	0	2	2	0	3	10	0	0	2	1
XMTM2MDk1MDI5Ng==	14	2	2	8	0	0	1	0	0	4	0	1	0	0	0	0	1	0	1	2	5	0	0	0	0	0	0	1	0	0
XMTM2MTE2NDkxMg==	9	5	67	0	0	0	1	0	2	0	0	0	2	1	0	0	2	0	0	2	0	0	0	0	0	1	2	0	0	0
XMTM2MTU3MDQxNg==	29	43	29	23	95	160	153	76	25	30	10	30	23	16	30	0	20	0	3	0	0	1	0	1	1	0	1	1	30	1
XMTM2MTI4NDU4NA==	2	1	10	1	0	0	1	0	0	1	2	1	0	0	1	16	1	0	1	1	2	1	30	0	0	11	3	1	3	0
XMTM2MTA5NDIzMg==	7	1	1	0	0	6	1	0	0	5	4	4	0	1	2	0	0	2	4	12	4	13	7	1	0	5	7	9	13	9
XMTM2MDkyNjY2OA==	9	1	0	10	10	0	0	0	0	0	0	0	0	0	0	2	0	0	0	2	0	0	0	0	0	0	0	0	0	0
XMTM2MDY2NzYwNA==	6	16	17	10	0	0	0	0	0	0	0	0	1	0	0	0	0	0	0	0	0	0	0	0	0	0	0	0	0	0
XMTM2MTUzODcyOA==	7	26	46	3	1	0	1	0	0	0	0	0	1	0	0	0	0	0	0	1	0	0	0	0	0	0	0	0	0	0
XMTM2MDY4OTU4OA==	2	1	0	4	0	0	0	0	0	0	0	0	0	0	0	0	0	0	0	0	0	0	1	0	0	0	0	0	0	0
XMTM2MTQ3MjM2MA==	2	0	0	0	0	0	1	1	2	0	0	0	0	0	0	1	0	1	0	0	0	0	0	0	0	1	0	0	0	2
XMTM2MTU3OTc3Ng==	78	19	2	547	1659	553	402	185	99	65	82	33	53	21	10	27	22	5	6	97	9	19	0	14	2	6	0	28	14	13
XMTM2MDk2MjkyMA==	12	3	0	0	4	12	2	4	0	0	3	9	4	3	19	18	2	4	0	14	2	1	0	3	1	0	0	1	4	1
XMTM2MTQ5MzE4MA==	4	4	13	0	0	1	0	0	0	0	0	0	0	0	0	1	0	0	0	0	0	0	1	0	0	0	0	0	0	0
XMTM2MTE1NzU4NA==	8	3	0	7	0	0	0	0	0	0	0	0	0	1	0	0	0	0	0	0	0	0	0	0	0	0	0	0	1	0
XMTM2MTYwMDM4OA==	3	3	7	1	1	182	184	29	32	6	6	3	4	2	1	3	1	3	0	47	2	4	2	0	1	2	1	1	1	8
XMTM2MTAzMzM4MA==	3	1	3	1	0	7	3	0	0	0	0	0	0	0	1	0	0	1	0	0	0	0	0	0	0	0	0	0	0	0
XMTM2MDk4MDM3Mg==	286	125	74	124	596	1465	1306	123	28	1	77	39	4	33	86	111	154	201	12	62	35	27	79	59	52	95	47	85	59	48
XMTM2MTYzMDQ0MA==	29	37	112	41	4	0	0	1	3	2	1	3	5	0	11	3	13	9	3	8	0	0	1	0	0	2	1	0	0	0
XMTM2MDkzNTkzMg==	534	128	59	20	8	13	10545	43	8	76	82	12	1	15	26	18	29	2	8	3	21	23	1098	158	215	785	428	10	117	27
XMTM2MDU5MDQ4NA==	2	0	0	0	1	0	0	0	1	0	0	0	0	0	0	0	0	0	0	0	0	0	0	0	0	0	0	1	0	0
XMTM2MTU4MTM2NA==	2	0	0	0	0	1	0	0	0	0	0	0	0	0	0	0	0	0	0	0	0	0	0	0	0	0	0	0	0	0
XMTM2MTExODc2NA==	6	4	4	0	0	0	0	0	0	0	1	0	1	0	1	0	0	0	0	0	0	0	0	0	0	0	0	1	0	0
XMTM2MTM3Mzk1Ng==	2	0	0	0	0	0	1	0	0	0	0	0	0	0	0	0	0	0	0	0	4	0	0	0	0	0	0	0	0	0
XMTM2MTI0MjgwOA==	112	73	46	263	599	1076	1004	1017	238	91	2	26	45	73	30	21	37	32	16	16	74	30	22	23	4	8	5	50	21	10
XMTM2MTA3OTAwOA==	11	1	4	7	22	2	2	0	0	1	0	0	0	1	0	1	0	1	0	1	0	0	2	4	1	1	0	0	3	0
XMTM2MDc3MTkwOA==	423	120	2986	16	1	3	6	5	2	0	1	1	0	2	0	0	5	9	4	1	0	0	2	0	0	0	2	0	1	0
XMTM2MTYzMzY2NA==	24	5	2	16	0	0	0	0	0	0	0	1	0	0	0	0	0	0	0	0	0	0	0	0	0	0	1	0	2	0
XMTM2MTI3ODQwOA==	3	0	1	0	1	0	2	0	0	0	0	0	0	0	0	0	0	0	0	0	0	0	0	0	0	0	0	0	0	0
XMTM2MTQ2OTM5Ng==	141	56	10	3	6	3	616	289	104	59	62	57	55	11	7	17	11	17	1	7	4	0	0	1	4	0	1	1	4	1
XMTM2MDg1NjgyNA==	11	2	2	0	16	2	1	0	0	0	0	1	0	1	0	2	0	0	1	1	1	0	0	0	0	0	0	0	0	0
XMTM2MTI3ODk4OA==	4	1	0	5	0	0	0	0	0	0	0	0	0	0	0	0	0	0	0	0	0	0	0	0	0	0	0	0	0	0
XMTM2MTEzMzMzNg==	67	57	34	21	1	147	80	73	50	100	40	47	58	2	23	46	29	20	2	210	57	110	67	33	34	102	33	38	42	36
XMTM2MTAxNTQ3Ng==	34	2	7	0	1	0	37	1	7	1	0	0	1	0	0	0	1	0	2	0	0	0	0	1	0	0	0	0	0	0
XMTM2MDk0Njg4OA==	3	2	4	0	0	1	3	0	0	0	0	0	0	0	0	0	0	0	0	0	0	0	0	0	0	0	0	0	0	0
XMTM2MTY5MDA5Mg==	9	5	0	2	0	8	2	0	1	0	0	0	0	0	0	0	0	0	0	0	0	0	0	0	0	0	0	0	0	0
XMTM2MTMxMDUyNA==	1	0	0	0	0	1	0	0	0	0	0	0	0	0	0	0	0	0	0	0	0	0	0	0	0	0	0	0	0	0
XMTM2MTIxNDExNg==	18	8	23	20	0	0	0	1	1	0	0	0	0	0	1	0	0	0	1	1	1	0	0	0	0	0	0	0	0	0
XMTM2MTU5NzE2OA==	81	55	11	4	0	98	23	3	3	2	1	0	0	1	0	1	0	8	1	0	1	0	1	12	0	12	0	0	0	0
XMTM2MDg3MTg5Mg==	3	0	1	2	0	0	1	0	0	0	0	0	0	0	0	0	0	0	0	0	0	0	0	1	0	1	6	1	0	0
XMTM2MTU3OTcyNA==	4	5	1	8	7	4	12	12	10	4	0	0	2	2	1	0	3	1	3	8	6	1	0	2	2	4	1	11	0	3
XMTM2MTIxNzM5Ng==	6	3	0	5	0	0	0	0	0	0	0	0	0	0	0	0	0	0	0	0	0	0	0	0	0	0	0	0	0	0
XMTM2MTQ2ODA5Ng==	608	289	10615	6375	20	5912	227	155	151	109	65	76	62	23	36	30	26	17	12	8	10	8	13	4	4	7	3	9	14	6
XMTM2MDkxNDM2MA==	2	0	0	0	1	0	0	0	0	0	0	3	0	0	1	1	1	2	0	0	0	0	0	0	0	2	0	0	0	4
XMTM2MTQ4MzUxNg==	158	151	45	185	206	455	56	22	1	12	6	17	3	10	11	5	3	10	5	39	7	9	14	2	6	27	11	13	15	7
XMTM2MTIwOTY4MA==	2	0	0	0	1	0	0	0	0	0	0	0	0	0	0	0	0	0	0	0	0	2	0	0	0	0	0	0	0	0
XMTM2MDkyODI0OA==	11	2	26	3	8	6	4	7	4	2	0	1	0	0	3	2	0	0	0	12	0	2	1	1	1	5	2	0	1	9
XMTM2MTA5NjA3Mg==	2	0	7	0	0	1	0	0	0	0	0	0	0	0	0	0	0	0	0	0	0	0	0	0	0	0	0	0	1	0
XMTM2MTU3MjQ3Ng==	30	33	17	36	295	282	5	2	0	0	0	0	1	0	1	0	5	0	0	0	1	0	1	0	1	4	0	1	0	0
XMTM2MDg0MTIzMg==	107	203	370	144	74	84	74	416	131	59	13	55	64	81	108	104	45	54	47	49	74	67	82	38	34	66	20	36	70	30
XMTM2MDk5NzM4MA==	56	20	119	49	1	2	3	3	0	0	1	4	0	1	3	0	1	3	0	2	0	0	1	0	0	10	0	1	0	0
XMTM2MTMwNTU2MA==	2554	1932	796	35760	17794	2674	597	802	935	1183	2146	1252	3315	598	297	214	265	222	175	265	207	316	610	131	257	289	892	254	29	293
XMTM2MTEzMzYzNg==	10	5	12	6	0	1	3	7	3	3	0	2	2	0	0	2	0	1	0	10	3	2	1	1	1	4	0	4	2	2
XMTM2MTA4Nzg2OA==	23	6	6	8	5	33	9	5	10	6	20	22	6	1	5	5	9	14	1	38	5	4	4	5	2	2	13	16	7	10
XMTM2MDgwMzA3Ng==	9	5	8	0	7	35	21	5	0	5	1	0	0	2	1	1	1	2	0	16	0	2	0	4	1	0	1	4	0	6
XMTM2MTU1MTQ0NA==	88	97	77	3	1	1	1	2	0	1	0	0	0	1	1	0	0	5	1	0	0	0	0	1	0	0	0	0	4	0
XMTM2MDk0MjQxMg==	5	3	441	313	55	18	14	8	8	4	8	1	0	8	7	117	19	12	1	25	6	0	1	4	1	4	5	7	0	4
XMTM2MTA2ODM5Ng==	8	4	89	10	1	0	1	0	2	1	1	0	0	0	0	0	1	0	0	1	0	0	0	0	0	1	1	2	0	0
XMTM2MDkyMDYyOA==	38696	14493	4194	1544	96	138644	1019201	9472	8169	5448	2820	2776	2618	2119	1478	1543	1092	1009	967	889	866	713	808	510	311	628	373	701	599	493
XMTM2MTYwOTY2NA==	486	909	1088	949	2420	3075	241	237	27	119	180	282	212	191	171	179	367	248	163	142	52070	1326	1326	564	165	233	156	300	270	394
XMTM2MDg0MzExNg==	3	0	126	119	1881	3	40	13	32	31	41	33	9	28	71	67	35	57	36	81	41	44	65	28	58	4	30	21	197	73
XMTM2MTAyMDM2OA==	1193	804	1412	5426	4103	1071	811	718	839	709	379	375	405	61	292	102	294	287	327	1630	1323	306	311	233	185	1571	1309	864	667	546
XMTM2MDgwNTE1Mg==	1610	706	148	60	80	21	1208	2538	2597	1219	682	187	277	191	133	80	86	43	43	49	58	48	56	50	37	41	28	56	178	421
XMTM2MTI1MjIwMA==	12	3	30	1	7267	30295	56	2	1	0	2	0	2	0	7	40	3	0	0	1	0	1	1	103353	7	4	1039	8	1	1
XMTM2MDg5MDExMg==	2	0	0	0	0	3	17	0	1	0	0	2	1	0	3	2	2	1	0	3	0	0	0	0	0	0	0	2	1	0
XMTI4MjEwNDA2MA==	13	2	9	6	7	3	28	6	0	5	3	1	2	3	3	1	24	8	4	30	10	5	13	5	5	14	9	14	19	15
XMTI4NzQyMTczNg==	37	16	14	84	3	4	4	4	10	4	1	1	3	1	1	5	7	7	3	0	0	5	3	3	11	5	6	4	2	4
XMTI4NzUyOTE2OA==	9	1	43	0	0	1	0	0	0	0	0	0	0	0	1	17	0	0	0	0	1	2	1	0	0	0	0	0	0	0
XMTI4NzY2MjI2NA==	2	2	2	0	0	0	1	1	0	0	0	0	0	0	1	1	1	0	0	3	0	1	0	0	0	0	0	1	0	2
XMTI4NzY3MzYxNg==	43	9	2932	0	0	0	0	0	0	0	3	0	0	0	0	0	0	0	0	0	0	0	0	0	0	0	0	0	0	0
XMTI4Nzc1ODM0OA==	20	3	180	1	0	1	0	0	0	0	2	1	1	0	0	1	0	0	0	0	1	1	0	0	0	1	0	0	0	3
XMTI4Nzg1ODkwNA==	6	0	0	0	2	5	0	0	0	0	0	0	0	0	0	0	0	0	0	0	0	0	0	0	0	0	0	0	0	0
XMTI4Nzg2MDg5Mg==	9	5	84	3	5	2	1	1	0	0	0	0	0	0	0	0	0	0	0	0	1	0	0	0	0	0	0	0	0	0
XMTI4NzgyOTUyOA==	12	3	1	1	8	4	27	3	0	0	0	0	1	0	0	0	0	0	0	0	0	0	0	0	0	0	0	0	0	0
XMTI4Nzk0MTE5Mg==	54	21	57	5	23	10	24	25	15	12	12	5	16	12	8	14	112	13	6	5	6	6	6	11	2	14	11	4	4	8
XMTI4Nzk1MjAwOA==	631	17	7	5	299	3	5	4	0	1	1	1	0	2	0	1	3	3	2	1	1	0	0	1	0	5	1	2	0	10
XMTI4Nzk1NzE2OA==	6	0	1	5	12	1	0	0	0	0	1	0	1	2	0	0	0	0	0	0	0	0	0	0	0	0	0	1	0	0
XMTI4Nzk3NDc4NA==	10	0	1	0	0	2	6	1	0	0	0	0	0	0	0	0	0	0	1	0	0	0	0	0	0	0	0	0	0	0
XMTI4Nzk4MDcyMA==	17	11	32	1	2	2	1	2	1	2	1	1	0	0	0	3	1	0	0	0	0	2	0	0	3	0	0	1	1	0
XMTI4Nzk4MTU2OA==	8	4	1	0	15	6	4	2	0	2	1	1	0	0	0	0	1	0	0	0	0	0	1	0	1	0	0	0	0	0
XMTI4Nzk5MDAwOA==	59	66	275	48	25	8	15	2	8	4	1	2	2	5	0	3	4	4	4	6	1	7	1	6	1	0	0	2	4	0
XMTI4Nzk5OTEzNg==	3	0	0	1	3	0	0	0	0	0	0	0	0	1	0	0	0	0	0	0	0	0	0	0	0	0	0	0	0	0
XMTI4Nzk5OTc4MA==	157	27	46	118	269	715	760	541	555	468	455	477	383	314	303	286	507	1000	756	519	497	441	457	566	590	519	505	444	372	410
XMTI4NzkwNTE0MA==	6	0	0	2	2	7	2	0	1	0	1	1	0	6	5	1	2	2	0	0	0	1	0	3	3	1	0	2	2	2
XMTI4NzkyMTk4OA==	16	0	2	41	1	0	6	1	2	0	1	1	0	0	0	0	0	0	1	0	1	0	0	0	0	0	0	0	0	0
XMTI4NzkzODI0OA==	18	4	0	1	275	0	1	0	1	8	1	0	0	0	0	1	0	0	0	0	0	0	2	0	0	1	0	0	0	0
XMTI4ODA0MjA1Mg==	13	2	202	744	34	17	18	15	13	10	3	5	5	6	5	4	3	3	1	4	4	1	0	1	1	0	4	0	0	2
XMTI4ODA0NTMyNA==	4	2	7	0	1	1	0	1	0	0	0	0	0	0	0	0	0	0	0	0	0	0	0	0	0	0	1	0	0	0
XMTI4ODA1MTYxNg==	2	0	1	7	0	0	1	0	0	0	0	0	0	0	0	0	0	0	0	0	0	1	0	0	0	0	0	0	0	0
XMTI4ODA1MjIxMg==	15	9	1053	3	6	7	0	0	1	1	0	0	1	0	1	2	0	0	0	1	1	1	0	2	1	0	2	1	1	1
XMTI4ODA1ODk3Mg==	9	0	3	0	0	6	1	3	0	0	0	0	0	0	0	0	0	2	0	0	1	0	0	0	0	0	0	0	0	0
XMTI4ODA2NTEyNA==	36	4	9	129	1	2	0	2	0	2	0	1	0	3	1	0	0	0	0	0	3	0	0	2	0	0	0	1	1	2
XMTI4ODA3MTUyOA==	440	1108	1135	750	227	135	152	125	94	105	108	92	92	127	101	138	177	159	107	119	194	136	154	147	138	131	149	166	162	162
XMTI4ODA3NzIzNg==	16	2	0	0	11	6	0	0	3	1	0	0	0	0	0	0	3	0	0	0	0	0	0	0	0	0	0	0	0	0
XMTI4ODA3OTI2MA==	4	0	4	1	3	6	2	6	4	13	1	0	1	1	0	3	5	1	0	0	4	0	0	4	2	2	0	2	2	5
XMTI4ODA3OTg5Mg==	15	2	99	0	0	0	0	0	0	0	0	0	1	0	0	0	0	0	0	0	0	1	0	0	0	0	0	0	0	0
XMTI4ODA4ODMwMA==	5	0	0	2	5	0	0	0	0	0	0	1	0	0	0	0	0	0	0	0	0	0	0	0	0	0	0	0	0	0
XMTI4ODA5MjI5Ng==	32	5	113	2	9	9	0	1	0	0	2	70	1	0	0	0	0	0	6	1	0	1	1	2	1	0	1	0	0	0
XMTI4ODA5MjQ4MA==	56	5	2	2	206	0	2	2	0	2	0	1	0	0	0	0	0	0	0	0	0	0	0	0	0	0	0	0	0	0
XMTI4ODA5NTE3Ng==	6	2	2	15	0	0	0	0	1	0	0	0	0	0	0	0	1	1	0	0	0	0	1	0	0	0	0	0	1	0
XMTI4ODA5NjM0MA==	5	1	1	4	1	0	0	0	0	0	0	0	0	1	3	1	1	1	0	1	1	1	7	2	0	2	1	0	1	0
XMTI4ODA5NjQyNA==	3	1	3	0	0	3	0	0	1	0	0	0	3	1	1	1	1	0	0	0	0	0	0	0	0	0	0	0	0	0
XMTI4ODA5ODQ0OA==	2	0	0	2	1	0	0	0	0	0	0	0	0	0	0	0	0	0	0	0	0	0	0	0	0	0	0	0	0	0
XMTI4ODAwMTc2MA==	30	1	5	29	18	2	2	1	1	2	1	0	0	1	4	1	1	1	0	5	3	7	7	4	2	6	3	6	5	0
XMTI4ODAwMTcxMg==	23	0	2	13	2	0	2	0	1	0	1	0	0	1	1	1	1	0	0	0	1	1	0	1	0	2	6	2	2	0
XMTI4ODAwNTUxNg==	14	10	10	8	27	4	1	3	3	4	1	6	3	2	3	9	5	6	1	2	4	5	5	4	7	3	2	6	1	3
XMTI4ODAwNjkyOA==	2	0	0	1	0	0	0	0	0	0	0	0	0	0	0	0	0	0	0	0	0	0	0	0	0	0	0	0	0	0
XMTI4ODAwOTEyMA==	2	2	2	0	0	1	0	0	0	0	0	0	0	0	0	0	0	0	1	0	1	0	0	0	0	0	0	0	0	0
XMTI4ODAxMDc4MA==	29	5	76	4	28	2	2	4	4	4	6	2	9	1	5	3	13	9	3	7	113	6	33	6	4	17	9	4	2	2
XMTI4ODAxMTIxMg==	1	0	0	0	0	1	0	0	0	0	0	0	0	0	0	0	0	0	0	0	0	0	0	0	0	0	0	0	0	0
XMTI4ODAxMjAyNA==	1	0	0	0	1	0	1	0	0	0	0	0	0	0	0	0	0	0	0	0	0	0	0	0	0	0	0	0	0	0
XMTI4ODAxMzE1Mg==	69	7	2	3	2	3	58	1	0	1	0	0	0	1	1	1	38	0	1	1	0	2	0	1	4	1	0	1	0	0
XMTI4ODAxMzM5Ng==	13476	4813	608	483	3518	22668	3543	646	1684	283	633	6216	326	337	347	464	344	288	273	193	224	204	175	193	138	174	168	204	138	138
XMTI4ODAxNDMyNA==	8	0	0	0	0	4	0	0	0	0	0	0	1	0	0	0	0	0	1	2	0	0	1	0	0	0	0	0	0	3
XMTI4ODAxNTEyNA==	89	212	213	67	32	20	7	8	4	9	7	7	8	0	2	5	4	9	8	9	3	0	2	1	0	0	1	5	0	0
XMTI4ODAxNTMyMA==	49	4	2	2	1	2	27	1	1	1	5	1	0	4	0	1	0	2	1	1	0	0	1	6	4	0	0	1	0	1
XMTI4ODAxNjQ3Mg==	246	97	960	33	593	30	383	23	22	346	21	6	9	16	413	24	12	3	10	7	14	24	30	411	23	10	22	12	11	14
XMTI4ODAxNzAwOA==	6	2	0	0	7	1	1	0	0	4	0	1	0	0	0	0	1	3	1	0	0	2	30	0	0	0	0	0	1	1
XMTI4ODAyMDMyMA==	3	0	1	0	0	1	2	0	0	0	13	0	0	2	1	0	0	4	2	0	0	0	0	0	0	0	0	0	0	0
XMTI4ODAyNDI4OA==	14	0	0	0	0	8	2	0	0	0	0	0	0	0	0	0	0	0	0	0	0	0	0	0	0	0	0	0	0	0
XMTI4ODAyODU2NA==	7	5	1	0	0	17	39	0	1	1	0	1	0	0	1	3	0	1	1	0	0	2	0	3	0	0	0	1	0	0
XMTI4ODAyOTU5Mg==	1	0	0	1	0	0	0	0	0	0	0	0	0	0	0	1	0	0	0	0	0	0	0	0	0	0	0	2	1	0
XMTI4ODAzMjM0NA==	19	0	0	5	168	2	0	0	5	0	0	0	2	1	0	0	0	0	0	0	3	0	0	0	0	0	4	0	0	0
XMTI4ODAzMjkzMg==	1	0	0	0	1	0	0	0	0	0	0	0	0	0	0	0	0	0	0	0	0	0	0	0	0	0	0	0	0	0
XMTI4ODAzNDkwNA==	2	0	1	0	0	2	1	0	1	0	0	0	0	0	0	0	0	0	0	0	0	0	0	0	0	0	0	1	0	0
XMTI4ODAzNTE0OA==	106	48	28	19	363	13	15	26	33	46	101	76	44	30	17	23	27	20	9	71	14	17	9	11	3	3	5	9	4	3
XMTI4ODAzNTQwOA==	129	48	319	10	7	18	7	4	8	2	1	6	6	1	2	5	3	1	3	4	3	2	8	7	75	8	6	18	5	1
XMTI4ODAzODc5Mg==	112	29	407	115	674	158	63	53	36	48	28	34	45	28	35	30	25	50	43	29	49	26	22	24	27	26	266	21	24	18
XMTI4ODE0MTk0OA==	49	4	9	2	3	47	9	5	6	2	1	5	2	0	1	65	3	19	3	1	0	4	0	3	1	5	0	2	1	2
XMTI4ODE0NDk3Mg==	17	0	5	7	14	2	0	1	0	3	1	1	1	1	2	1	3	2	0	4	6	15	5	7	9	14	5	2	8	5
XMTI4ODE0NjM4OA==	35	1	1	0	2	1	29	0	0	0	0	0	0	0	0	0	0	0	0	0	0	0	0	0	0	0	0	0	0	2
XMTI4ODE1MjkwNA==	5	0	0	2	0	0	0	1	0	0	0	0	0	0	0	0	0	0	0	0	0	0	0	0	0	0	0	0	0	0
XMTI4ODE1MzM3Mg==	276	0	0	0	4	0	193	1	0	0	1	2	0	0	0	0	0	232	2	0	0	0	1	3	0	1	1	0	0	2
XMTI4ODE1MzMzNg==	268	309	825	146	39	7	11	39	18	22	13	8	3	1	4	8	22	13	8	5	6	12	2	5	3	4	8	2	6	4
XMTI4ODE1NDAyNA==	15	3	8	3	5	1	14	8	1	6	2	0	9	5	7	12	14	1	12	8	7	6	4	1	7	6	1	11	8	8
XMTI4ODE1NzY3Mg==	3	0	1	1	6	0	0	0	0	0	0	0	0	0	0	0	0	0	0	0	0	0	1	0	0	0	0	0	0	0
XMTI4ODE1NzgyOA==	2	0	0	1	0	0	0	2	0	0	0	0	0	0	0	0	0	0	0	0	0	0	0	0	0	0	0	0	0	0
XMTI4ODE1OTIwMA==	104	1	0	0	0	1	58	0	0	0	0	1	0	0	0	0	0	0	0	0	0	0	0	0	0	0	0	0	0	0
XMTI4ODE1OTM0MA==	8	1	281	9	14	3	3	3	0	0	0	1	0	0	1	0	0	1	3	1	1	4	0	0	0	0	3	0	0	0
XMTI4ODE2MDQ5Mg==	39	498	2512	45	66	29	28	5	9	7	7	3	2	5	6	1	2	2	0	1	2	3	1	0	0	1	1	1	1	0
XMTI4ODE2NzA1Mg==	4	1	1	0	2	1	12	0	0	0	0	0	0	0	0	0	0	0	0	0	0	0	0	0	1	0	0	0	5	0
XMTI4ODE3MTAwNA==	68	11	91	16	59	3	0	79	31	7	6	0	1	4	2	1	1	0	2	0	0	0	0	1	1	0	1	0	5	1
XMTI4ODE3MjI1Ng==	346	19	16	1	388	9	5	2	1	2	1	0	4	1	2	3	9	0	2	1	3	0	1	1	1	2	0	2	3	4
XMTI4ODE3MzI0MA==	4	0	0	0	0	2	1	0	0	0	0	0	0	0	0	0	0	0	0	0	0	0	0	0	0	0	0	0	0	0
XMTI4ODE3NTI4OA==	6	0	0	0	4	0	0	0	0	0	0	0	0	0	0	0	0	0	0	0	0	0	0	0	0	0	0	0	0	0
XMTI4ODE3NzczNg==	3	0	0	0	0	2	0	0	0	0	0	0	0	0	0	0	0	2	0	0	1	0	0	0	0	0	0	0	0	0
XMTI4ODE3OTEyOA==	1	0	0	1	0	0	1	0	0	0	0	0	0	0	0	0	0	0	0	0	0	0	0	0	0	0	0	0	0	0
XMTI4ODE3OTM5Ng==	78	9	12	42	103	28	14	10	0	0	8	12	4	2	3	6	3	5	0	0	4	3	1	5	3	1	0	5	2	1
XMTI4ODE4NDQ4NA==	34	27	29	9	67	3	2	1	2	0	0	0	0	1	1	0	1	0	0	5	0	0	2	6	2	6	0	0	0	0
XMTI4ODE5MjkwOA==	32	26	758	38	401	20	15	18	13	13	11	9	159	12	9	12	13	17	15	15	13	15	13	18	23	14	18	32	14	1
XMTI4ODE5NjI0OA==	2	0	0	1	0	0	0	0	0	0	0	0	0	0	0	0	0	0	0	0	0	0	0	0	0	1	0	0	0	0
XMTI4ODEwMTg4MA==	5	3	0	0	5	0	0	0	0	1	0	0	0	0	0	0	0	0	0	0	0	0	0	0	0	0	0	0	0	0
XMTI4ODEwOTg0MA==	661	4	4	2	2	2	696	54	1	0	0	1	1	3	0	0	0	3	0	3	4	0	1	0	0	0	0	0	0	0
XMTI4ODExMzM2NA==	4	10	6	0	0	1	0	0	0	0	0	0	0	0	0	0	0	0	0	0	0	0	0	0	0	0	0	1	0	0
XMTI4ODExMzc0OA==	4	1	4	1	1	0	5	0	0	0	0	0	0	0	0	0	0	0	0	0	0	0	0	0	0	0	0	0	0	0
XMTI4ODExNDQ3Mg==	19	9	26	4	3	6	10	4	4	2	5	4	1	0	7	2	1	1	0	1	3	0	9	0	1	0	1	3	0	0
XMTI4ODExNzM1Mg==	49	10	323	7	2	0	1	0	1	0	0	1	1	0	0	1	2	1	0	0	0	0	0	0	0	0	0	0	0	0
XMTI4ODExNzc0NA==	4	0	0	3	9	0	0	0	0	0	0	1	0	0	0	0	0	0	0	0	0	0	0	0	0	0	0	0	0	0
XMTI4ODExODY1Mg==	3	0	0	0	3	1	0	0	0	0	0	1	0	0	0	0	0	0	0	0	0	2	0	0	0	6	0	0	0	0
XMTI4ODEyMTE3Ng==	3	0	0	2	1	1	0	0	0	0	0	0	0	0	0	0	0	0	0	0	0	0	0	0	0	0	0	0	0	0
XMTI4ODEyMjc3Mg==	46	11	0	4	294	5	2	1	0	1	1	0	0	0	0	0	0	0	0	0	0	2	0	0	0	0	0	1	0	0
XMTI4ODEyNTcxMg==	30	1	219	0	1	0	0	1	1	3	0	0	0	0	1	0	0	0	0	0	0	0	0	0	0	0	0	0	0	0
XMTI4ODEyNzI3Mg==	3	1	0	0	0	0	3	0	0	0	0	0	0	0	0	1	0	3	0	0	0	0	0	0	0	0	0	0	0	0
XMTI4ODEzMTQ1Ng==	31650	21677	59827	43609	26622	1954	2902	2208	428	2065	2356	2915	1814	2386	1510	1847	2879	3023	1350	1350	75	1176	1102	1624	1575	1130	989	1492	112	1405
XMTI4ODEzMjEyOA==	5	2	0	1	2	19	1	0	0	0	0	0	0	0	0	0	0	0	0	0	5	0	1	0	0	1	0	1	0	0
XMTI4ODEzODAwNA==	6	0	0	0	4	1	2	0	0	0	0	0	0	1	0	0	0	0	0	0	0	0	0	0	1	0	0	1	0	0
XMTI4ODEzOTUxNg==	1	0	0	1	0	0	0	0	0	0	0	0	0	0	0	0	0	0	0	0	0	0	0	0	0	0	0	0	0	0
XMTI4ODI0MTI0MA==	45	84	16	20	84	8	10	18	15	10	17	71	11	11	13	7	19	17	18	12	15	28	26	22	16	15	18	24	106	49
XMTI4ODI0MTY0NA==	29	2	2	18	2	1	4	0	1	1	0	0	0	0	0	0	0	0	1	0	0	0	0	1	1	0	0	0	0	0
XMTI4ODI0MzEzNg==	2	0	0	2	0	1	0	0	0	0	1	0	0	0	0	0	0	0	0	0	0	0	0	0	0	0	0	0	0	0
XMTI4ODI0MzUxMg==	44	90	1317	131	47	37	23	32	26	19	17	7	15	9	6	13	10	10	15	13	17	26	17	12	20	15	12	12	5	7
XMTI4ODI0Mzg0NA==	2	0	0	0	5	3	0	0	0	0	0	0	0	0	0	0	0	0	0	0	0	0	0	0	0	0	0	0	0	0
XMTI4ODI1MDE5Mg==	8	20	20	9	2	0	0	0	0	1	0	0	0	0	0	0	0	0	0	0	0	0	0	0	0	0	0	0	0	0
XMTI4ODI1Njg3Mg==	4	0	1	0	4	0	0	0	0	0	0	0	0	0	0	0	0	1	0	0	0	0	0	0	0	0	0	0	0	0
XMTI4ODI1Njk2NA==	87	0	0	1	74	0	0	0	1	0	1	0	0	0	0	0	1	1	0	0	0	1	1	1	1	1	0	0	0	0
XMTI4ODI1Nzc5Mg==	49	12	622	79	30	367	14	514	9	7	8	11	282	10	242	17	7	11	266	7	6	3	6	11	7	11	10	5	12	5
XMTI4ODI1ODEyOA==	61	11	248	2	10	1	3	9	2	1	397	3	6	2	15	303	9	1	4	5	261	9	6	11	0	2	2	7	5	8
XMTI4ODI1ODM3Ng==	4	10	9	0	0	0	0	0	0	0	0	0	0	0	0	0	0	0	0	0	0	0	0	0	0	0	0	0	0	0
XMTI4ODI1OTYwNA==	20	0	0	2	36	0	0	0	2	0	1	0	4	0	0	1	0	0	0	0	0	0	0	0	0	0	0	0	0	0
XMTI4ODI2MzE3Ng==	60	9	9	3	37	0	1	2	0	3	0	2	0	1	0	0	0	0	0	0	0	0	0	0	1	1	0	0	0	0
XMTI4ODI2MzkzNg==	10	1	0	1	6	0	0	0	1	3	2	1	0	2	0	0	0	0	0	0	0	1	0	0	0	0	0	0	0	0
XMTI4ODI2NDI3Ng==	10	12	87	63	45	62	4	6	0	0	0	0	0	0	0	0	0	0	0	0	1	0	0	0	0	0	0	0	0	0
XMTI4ODI2NDk2MA==	1	1	0	0	0	0	1	1	0	0	0	0	0	0	0	0	0	0	1	0	0	0	0	0	0	0	0	0	0	0
XMTI4ODI2NTAwOA==	9	1	7	3	0	0	17	0	2	0	0	0	0	0	2	1	1	0	1	0	1	0	2	0	0	0	0	0	1	0
XMTI4ODI2NTU0NA==	6	0	0	0	6	0	0	0	0	0	1	0	0	0	0	0	0	1	0	0	0	0	0	0	0	0	0	0	0	0
XMTI4ODI2NTc5Mg==	19	0	0	0	0	2	3285	8	1954	8	694	6	2	4	11	2	0	0	1	1	1	3	0	0	68	16	3	1	7	9
XMTI4ODI2NjczNg==	42	13	7	3	51	3	1	1	3	0	0	2	1	2	2	0	0	0	1	6	15	1	1	2	3	1	2	8	6	8
XMTI4ODI2NzAyMA==	31	10	83	4	2	3	3	3	1	4	1	3	2	1	3	5	1	0	6	4	2	0	1	1	2	4	1	3	0	2
XMTI4ODI2Nzc3Ng==	53	46	79	12	5	2	1	0	2	5	0	0	2	0	2	1	2	1	2	0	0	0	1	0	2	108	2	0	0	0
XMTI4ODI3Mjk3Mg==	13	10	71695	21129	42957	28869	14812	33378	155000	7330	14580	30644	900	811	288	405	24	3220	44	27	18	30	20	12	15	23	23	25	369	302
XMTI4ODI3NzU5Ng==	15	29	82	15	0	0	2	1	0	1	1	0	1	0	0	2	0	0	0	0	0	0	0	1	0	0	0	0	0	0
XMTI4ODI3Nzc2NA==	97	33	18	95	2	2	0	1	1	0	1	2	2	1	0	1	0	1	1	0	0	0	1	0	0	0	0	0	0	1
XMTI4ODI4MDQ0MA==	1	0	0	0	1	0	0	0	0	0	0	0	0	0	0	0	0	0	0	0	0	0	0	0	0	0	0	0	0	0
XMTI4ODI4MDY3Mg==	7	0	0	0	5	0	0	0	0	0	0	0	0	0	0	0	0	0	0	0	0	0	0	0	0	0	0	0	0	0
XMTI4ODI4MjA0OA==	6	4	9	0	2	1	0	1	0	0	1	0	0	0	0	1	0	0	0	0	0	0	0	0	0	0	0	0	0	0
XMTI4ODI4MjEyNA==	4	0	1	0	1	3	0	0	0	0	0	0	0	0	0	0	0	0	0	0	0	0	0	0	0	0	0	0	0	0
XMTI4ODI4Mzg4OA==	62	2	3	0	1	2	78	0	0	0	0	0	0	0	1	2	3	1	0	0	0	0	0	0	0	0	0	0	0	0
XMTI4ODI4NjMwOA==	42	8	9	5	253	8	424	15	109	4	6	99	8	8	9	7	9	8	6	6	5	203	7	5	8	6	12	8	2	8
XMTI4ODI4Njc1Ng==	4	0	1	0	1	6	0	1	0	0	0	0	0	0	0	0	1	0	0	1	0	0	1	0	1	0	0	0	0	2
XMTI4ODI4NzI3Mg==	11	0	1	0	0	6	0	0	0	0	0	0	0	0	0	0	0	0	0	0	0	0	0	0	0	0	0	1	0	0
XMTI4ODI5MTY4OA==	9	1	5	48	4	0	0	0	0	0	0	0	0	0	0	0	0	0	0	0	0	0	0	0	0	0	0	2	0	0
XMTI4ODI5MTc0MA==	12	3	0	0	1	1	11	18	11	6	9	8	2	3	4	7	15	2	4	20	9	6	2	3	0	3	3	2	1	1
XMTI4ODI5MjE0NA==	8	1	0	0	6	0	0	0	0	0	0	0	0	0	0	0	0	0	1	1	0	0	0	0	0	0	0	0	4	0
XMTI4ODI5MzE5Ng==	2	0	0	1	0	0	0	0	0	0	0	1	0	0	0	0	0	1	0	0	0	1	0	0	0	0	0	0	0	0
XMTI4ODI5MzM2OA==	37	16	325	3	25	21	14	62	172	59	129	196	83	102	108	39	49	36	25	26	47	49	33	31	25	11	35	65	33	28
XMTI4ODI5Mzc4NA==	44	1	4	1	4	2	101	18	35	7	2	5	1	6	5	1	0	1	1	1	0	1	1	2	1	5	0	1	3	0
XMTI4ODI5NjA0NA==	4	0	0	0	0	2	10	0	0	0	0	0	0	0	0	0	0	0	0	0	0	0	0	0	0	0	0	0	0	0
XMTI4ODI5OTA3Ng==	80	15	6	0	1	1	317	3	3	4	4	1	0	0	1	0	1	1	0	1	2	1	1	0	0	0	0	2	0	0
XMTI4ODI5OTM2MA==	1208	144	77	123	140	342	965	13	35	714	204	640	185	67	0	0	0	3	1	0	2	1	1	0	0	0	2	1	0	1
XMTI4ODIwMDU4NA==	8	2	8	2	2	1	347	0	0	2	2	0	0	2	0	1	0	0	0	0	0	0	0	1	0	0	0	0	0	0
XMTI4ODIwMjAyOA==	3	2	1	1	10	3	2	6	9	10	7	7	3	5	5	1	2	1	2	5	4	1	2	1	2	1	1	1	2	1
XMTI4ODIwMjg2OA==	61	15	6	138	6	1	0	1	1	0	2	3	2	0	2	0	0	1	0	1	0	1	2	0	0	1	0	1	0	0
XMTI4ODIxMjU1Mg==	43	9	13	120	9	15	13	8	9	4	4	2	3	50	3	2	2	3	5	2	0	2	3	3	5	5	8	12	19	9
XMTI4ODIxMzcxMg==	21	2	0	1	1	6	55	1	0	0	0	0	0	0	0	0	0	0	0	0	0	0	0	0	0	1	0	0	0	0
XMTI4ODIxNDUwMA==	1	0	0	1	0	1	0	0	0	0	0	0	0	0	0	1	0	0	0	0	0	0	0	0	0	0	0	0	0	0
XMTI4ODIxNjUwNA==	2	0	0	0	2	0	0	0	0	0	0	0	0	0	0	0	0	0	0	0	0	0	0	0	0	0	0	0	0	0
XMTI4ODIxNjYyNA==	3551	4090	22033	27985	8796	4970	3485	3124	470	1604	298	157	389	267	120	83	198	231	53	38	30	34	14	29	17	35	12	32	28	17
XMTI4ODIxODI4MA==	4	2	0	0	0	4	0	1	0	0	0	0	3	0	0	0	0	1	0	0	0	0	0	0	0	0	0	0	0	0
XMTI4ODIyNTYwNA==	313	346	1496	353	418	494	271	230	127	20	27	32	50	63	27	41	36	17	11	25	16	10	17	14	11	12	16	10	9	9
XMTI4ODIyNzcwMA==	1	0	1	0	0	0	1	1	0	0	2	1	0	0	1	0	6	0	0	1	3	0	0	2	0	0	0	0	0	0
XMTI4ODIyODA0NA==	2	0	0	0	1	0	0	0	0	0	0	0	0	0	0	0	0	0	0	0	0	0	0	0	0	0	0	0	0	0
XMTI4ODIyODk2NA==	4	3	1	1	9	3	3	0	1	0	0	1	0	1	0	0	0	0	3	1	0	0	0	0	0	0	0	1	0	0
XMTI4ODIzMDk2NA==	2	0	1	2	2	0	0	0	0	0	0	1	0	0	0	0	0	0	0	0	0	0	0	0	0	0	0	0	0	0
XMTI4ODIzMjQ2NA==	13	0	1	22	17	7	11	12	18	5	5	6	1	0	2	2	1	1	0	1	1	2	2	0	2	3	0	0	0	0
XMTI4ODIzMjY2OA==	41	3	2	12	95	0	0	0	4	0	0	1	1	0	1	1	0	1	0	1	0	2	1	0	0	1	1	0	0	0
XMTI4ODIzNDYyOA==	49	122	489	101	16	9	16	13	5	6	5	4	0	1	0	1	1	1	0	1	1	1	4	1	0	0	0	0	0	0
XMTI4ODIzNzAzNg==	25	9	6	0	0	46	11	24	5	4	1	0	2	1	1	0	0	0	5	0	4	1	0	1	1	0	0	1	0	0
XMTI4ODIzNzY2OA==	481	1319	947	118	74	57	37	24	23	27	12	89	486	30	46	43	31	28	47	45	71	202	275	198	475	444	320	263	201	200
XMTI4ODM0NTUwMA==	46	6	9	4	3	7	43	1	0	0	0	0	0	1	1	0	0	0	0	0	0	0	0	1	0	0	1	0	0	2
XMTI4ODM0NTY2MA==	476	2864	277432	84246	15651	1837	400	149	44	28	28	32	51	50	42	3071	27	1712	29	26	14	15	48	7113	21	18	21	34	4215	9
XMTI4ODM0NzI5Ng==	26	4	3	24	4	4	0	0	0	0	0	2	0	0	2	0	0	1	0	1	1	0	0	3	0	0	0	0	0	1
XMTI4ODM1MjI5Mg==	1	0	2	1	0	0	2	0	0	0	2	0	0	0	71	683	824	663	385	94	92	30	33	35	24	30	33	369	961	27
XMTI4ODM1MzU4NA==	6	1	5	8	2	0	1	3	1	0	0	0	0	0	2	3	0	0	0	0	0	0	1	0	1	0	0	0	0	0
XMTI4ODM1Nzc3Ng==	1	0	0	3	0	1	0	0	0	0	0	0	4	0	0	0	0	0	0	0	0	0	2	0	0	0	1	0	0	0
XMTI4ODM2NDAyMA==	2	0	0	0	0	2	0	0	1	0	0	0	0	1	0	0	0	0	1	0	0	0	0	0	0	0	0	0	0	0
XMTI4ODM2NDU0OA==	39	22	7	178	83	18	103	123	17	14	16	10	9	4	5	71	3	4	2	2	5	2	1	3	1	1	0	11	6	6
XMTI4ODM2NTM1Ng==	39	7	90	4	4	1	1	5	0	0	0	1	0	0	1	0	0	1	0	1	0	1	0	0	0	0	0	0	0	0
XMTI4ODM2ODYyOA==	1252	2494	3129	1225	1033	843	944	2033	1915	851	586	101	92	88	71	57	43	43	31	32	30	39	29	39	86	63	70	38	24	28
XMTI4ODM2ODgxNg==	16	6	21	37	57	7	47	42	33	20	31	23	24	38	20	23	47	25	57	38	28	30	35	31	29	19	28	3	21	9
XMTI4ODM3MDM4OA==	3	0	5	0	2	1	0	0	0	0	0	0	0	0	0	0	0	0	0	0	0	0	0	0	0	0	0	0	0	0
XMTI4ODM3MTQyNA==	3	0	0	0	0	2	0	0	0	0	0	0	0	0	0	0	0	0	0	0	5	5	0	0	0	0	0	1	0	0
XMTI4ODM3MjcxNg==	26	23	144	7	8	2	0	0	0	3	4	3	5	9	0	3	2	1	3	4	2	1	0	0	0	1	1	0	1	71
XMTI4ODM3NzU0MA==	4	4	8	10	4	0	1	3	3	1	8	1	1	1	0	0	1	0	0	0	0	0	1	0	0	1	1	0	1	0
XMTI4ODM3OTM4OA==	3	0	4	3	0	0	0	0	0	0	0	0	0	0	0	0	0	0	0	0	0	2	0	1	0	0	0	1	0	0
XMTI4ODM4MTY4MA==	7	2	16225	9	12	10	8	8	1019	6	23037	8	9	2	2	3	0	0	0	0	1	0	0	0	0	0	0	0	0	0
XMTI4ODM4OTU5Mg==	0	0	0	0	1	0	0	0	0	0	0	0	0	0	0	0	0	0	0	0	0	0	0	0	0	0	0	0	0	0
XMTI4ODM5MDk5Mg==	107	53	2103	47	291	35	30	30	65	57	20	22	12	21	321	9	21	17	8	14	18	11	11	7	7	16	17	13	17	17
XMTI4ODM5MTQ5Ng==	350	3549	32164	12772	7133	4101	4251	3534	2770	2116	819	2230	798	1952	843	2234	520	393	1613	474	451	456	470	390	1505	296	364	332	273	1419
XMTI4ODM5MTc1Ng==	1106	64037	46569	6669	7450	4962	3495	2944	841	2327	1018	2469	862	2310	728	2246	519	1770	509	1614	696	401	1613	482	440	1603	469	439	1476	451
XMTI4ODM5MTg3Ng==	755	1061	22896	2862	2155	472	1870	310	201	1338	130	100	212	240	1763	207	193	153	155	1183	143	95	80	78	63	77	91	75	1414	51
XMTI4ODM5MTgzMg==	63	14	503	12772	17	10	16	11	2	1	6	15	4	6	6	2	1	8	1	4	4	3	2	3	5	4	3	8	5	3
XMTI4ODM5MjI0MA==	204	59	320	428	516	34	21	10	5	1	0	6	3	5	5	12	4	4	5	2	1	2	4	2	2	5	2	2	0	0
XMTI4ODM5Mzk2MA==	62	6	10	12	961	8	15	8	16	15	11	143	9	5	3	11	10	20	10	4	3	10	10	11	9	23	13	14	22	16
XMTI4ODM5NTcwNA==	23	2	416	13	1	1	1	0	3	0	1	0	1	0	2	0	1	1	1	1	0	1	2	0	85	0	0	0	1	0
XMTI4ODMwMDM4OA==	7	0	1	1	4	0	1	0	0	0	0	0	0	0	0	0	0	0	0	1	0	0	0	2	0	0	0	0	1	0
XMTI4ODMwMDkxNg==	924	752	1251	2954	2651	287	262	153	87	2339	2506	1724	589	183	17	4	2	3	1	5	4	6	8	1	97	302	201	169	114	21
XMTI4ODMwMTc1Mg==	1	1	1	0	0	0	0	0	0	0	0	0	0	0	0	0	0	1	0	0	0	0	0	0	0	0	0	0	0	0
XMTI4ODMwNTYwMA==	172	22	436	7	5	3	1	0	0	1	1	4	3	0	0	1	2	0	1	1	1	0	1	0	2	79	0	0	2	3
XMTI4ODMwNzI3Ng==	2	0	0	0	2	0	0	0	0	0	0	0	0	0	0	0	0	0	0	0	0	0	0	0	0	0	0	0	0	0
XMTI4ODMwNzg1Mg==	5837	4695	14453	2265	757	391	276	241	333	1185	159	144	113	66	93	84	66	69	68	61	53	38	54	63	61	59	64	50	47	38
XMTI4ODMwNzkzMg==	42	2	3	111	2	0	0	1	2	0	0	0	0	0	0	0	0	0	0	1	0	0	1	0	0	0	0	0	0	1
XMTI4ODMwODI2NA==	774	79	44	25	49	23	400	60	281	36	31	71	40	71	72	30	24	23	25	21	24	12	9	21	18	13	10	9	9	15
XMTI4ODMxMDkwMA==	322	191	511	66	97	27	27	22	35	18	12	8	10	5	6	2	6	8	6	1	3	1	5	2	3	3	1	4	3	2
XMTI4ODMxMDkzNg==	6	0	6	0	0	1	13	0	0	0	1	0	0	0	1	0	0	1	0	0	0	2	0	0	0	0	0	0	0	0
XMTI4ODMxMjY0MA==	24	0	8	16	0	0	0	9	0	1	0	0	0	0	1	2	13	7	9	7	0	0	0	0	1	6	0	0	0	0
XMTI4ODMxNDEyMA==	5	0	0	0	0	2	0	0	0	1	0	0	0	0	0	0	0	0	0	0	0	0	0	0	0	1	0	1	0	0
XMTI4ODMxNzM0OA==	23	0	8	16	6	1	2	9	3	1	1	0	0	0	1	3	14	7	9	7	0	0	0	1	1	6	0	0	0	0
XMTI4ODMyNjM1Ng==	54	4	23	65	43	1	2	0	0	0	0	0	0	1	0	0	0	0	0	0	0	0	0	0	1	0	0	0	0	0
XMTI4ODMyODM1Ng==	23	0	8	15	0	0	0	9	0	0	0	0	0	0	0	2	11	7	9	6	1	0	0	1	1	6	0	0	0	0
XMTI4ODMyODk1Ng==	2	0	30	1	1	3	0	1	0	0	0	0	0	0	0	0	0	0	0	0	0	0	0	0	0	0	0	0	0	0
XMTI4ODMyOTg2NA==	2	0	0	0	1	0	0	0	0	0	0	0	0	1	1	0	0	0	0	0	0	0	0	0	0	0	0	0	0	0
XMTI4ODMzMDUyMA==	8	4	60	13422	13140	10829	16750	12992	23731	12760	23095	18090	13411	2331	895	1763	586	2114	541	2035	1385	1352	1410	391	1856	397	1971	1302	1361	87
XMTI4ODMzMjI2MA==	5	10	10	13	6	0	1	0	2	1	0	0	2	0	15	55	1	4	0	0	0	1	0	0	0	0	0	0	1	0
XMTI4ODMzMjc5Ng==	2	0	0	0	0	0	1	0	0	0	0	0	0	0	0	0	0	0	0	0	0	0	0	0	0	0	0	0	0	0
XMTI4ODMzMzQ4OA==	5	0	0	0	3	0	0	0	0	0	0	0	0	0	0	0	0	0	0	0	0	0	0	0	0	0	0	0	0	0
XMTI4ODMzNTI3Mg==	6	3	61	91	28	8	3	4	3	8	65	19	465	758	409	89	68	41	45	60	43	44	34	44	40	34	22	14	15	13
XMTI4ODMzNTY4NA==	11	1	1	0	1	35	0	0	0	1	0	0	0	0	0	0	0	0	0	0	0	1	0	0	0	0	0	0	0	0
XMTI4ODMzNjIyMA==	2	0	0	1	0	0	0	0	0	0	0	0	0	0	0	0	0	0	0	1	0	0	0	0	0	0	0	0	0	0
XMTI4ODQ0NDg4NA==	9	1	2	0	0	9	2	1	0	1	0	0	0	0	0	0	0	0	0	0	0	0	0	0	0	4	0	0	0	0
XMTI4ODQ0NDgxNg==	5	0	0	0	2	0	0	0	0	0	0	0	0	0	0	0	0	0	0	0	0	0	1	0	0	0	0	0	0	0
XMTI4ODQ0ODk4OA==	2076	3040	16700	35394	2826	5620	6464	4610	3847	1734	1963	1757	1701	321	126	1171	435	318	236	207	133	166	128	170	175	159	155	28	125	159
XMTI4ODQ1MDM0NA==	3	0	0	0	0	0	2	1	0	0	0	0	0	0	0	0	0	0	0	0	1	0	0	0	0	0	1	1	0	0
XMTI4ODQ1MTE2NA==	9	2	0	2	6	2	0	0	4	0	0	1	0	0	1	1	0	1	0	0	0	0	0	0	0	0	0	0	0	0
XMTI4ODQ2MTk0NA==	222	45	45	1116	19	10	3	2	2	4	5	3	1	6	5	2	1	2	3	3	2	3	3	1	1	2	0	5	2	0
XMTI4ODQ2MjMwNA==	6	0	0	15	0	0	0	0	0	0	0	0	0	0	0	0	0	0	0	0	0	0	0	0	0	0	0	0	0	0
XMTI4ODQ2Mjc1Mg==	6	0	0	1	4	2	0	0	0	0	0	0	0	0	0	0	0	0	2	0	2	0	0	0	0	0	4	1	0	0
XMTI4ODQ2Njc4NA==	2	0	0	0	0	1	0	0	0	0	0	0	0	0	0	0	0	0	0	0	0	0	0	0	0	0	0	0	0	0
XMTI4ODQ2NzA1Ng==	306	1045	1968	259	275	182	153	105	56	49	18	28	21	26	16	7	14	18	11	6	10	15	15	20	6	6	9	11	11	14
XMTI4ODQ2NzMwMA==	50	22	486	343	101	25	35	69	61	53	40	39	15	5	34	27	303	12	19	3	1	18	15	10	10	11	2	3	16	18
XMTI4ODQ2NzU4MA==	11	0	2	1	9	1	0	0	0	1	0	0	0	0	0	0	0	0	0	0	0	0	0	0	0	0	0	0	0	0
XMTI4ODQ2Nzc5Ng==	173	128	98	244	36	23	18	9	12	28	22	30	16	10	16	23	20	5	0	1	0	0	0	5	0	1	1	0	0	0
XMTI4ODQ2ODU1Mg==	20	2	2	0	1	13	3	5	12	6	1	9	30	1	0	3	4	5	6	1	0	0	2	3	3	1	0	1	1	1
XMTI4ODQ2ODk4MA==	4	0	13	0	2	170	0	1	0	0	0	0	0	0	2	0	3	0	0	2	0	0	0	0	0	0	2	0	0	1
XMTI4ODQ3MDU2NA==	609	236	22	15	28	54	804	31	41	33	32	32	21	29	45	41	40	45	29	31	43	37	42	31	29	52	61	43	39	48
XMTI4ODQ3Mzc5Ng==	223	150	287	243	364	931	1186	1108	1416	1897	2132	2921	3026	3350	6045	7846	6017	5744	3737	5872	4232	4403	3247	3315	7570	10373	8373	5099	5288	3645
XMTI4ODQ3NjcxNg==	6	4	187	1	0	0	0	0	0	0	1	0	0	0	0	0	0	1	2	0	0	0	0	0	1	0	0	0	0	1
XMTI4ODQ3NzI0OA==	125	8	16	29	29	92	15	64	13	2	5	4	1	2	3	6	0	2	1	3	0	1	2	3	1	2	3	1	0	2
XMTI4ODQ3Nzc4MA==	13	2	0	1	16	0	0	0	0	1	0	0	0	0	0	0	0	0	0	0	0	0	0	0	0	0	0	0	0	0
XMTI4ODQ4MjI3Ng==	8	11	1	0	4	829	1	0	2	196	0	1	3	1	6	2	0	2	0	0	0	0	0	0	0	1	3	4	4	2
XMTI4ODQ4NTQ2NA==	3	0	0	2	1	1	0	0	1	0	0	0	0	0	0	0	0	0	0	0	0	0	0	0	0	0	0	1	0	0
XMTI4ODQ4NTkzMg==	2	0	0	1	0	0	0	0	0	0	0	0	0	0	0	0	0	0	0	0	0	0	1	0	0	0	0	0	0	0
XMTI4ODQ4OTEwNA==	113	59	187	34	17	23	20	18	19	17	2	6	13	29	10	55	91	30	21	25	16	12	16	11	15	13	17	12	19	40
XMTI4ODQ5MDI0MA==	9	0	1	0	7	1	0	0	0	1	0	0	0	0	0	1	2	0	0	0	0	0	0	0	2	0	0	2	3	1
XMTI4ODQwMDYxMg==	1	0	0	0	0	0	1	0	0	0	0	0	0	0	0	0	0	0	0	0	0	0	0	0	0	0	0	0	0	0
XMTI4ODQwMzMyNA==	0	0	0	1	0	0	1	0	0	0	0	0	0	0	0	0	0	0	0	0	0	0	0	0	0	0	0	0	0	0
XMTI4ODQwNjQ0OA==	17	28	11	15	255	6	0	0	0	1	0	0	0	0	1	0	0	0	0	0	0	0	0	0	0	0	0	0	0	0
XMTI4ODQwODc3Ng==	26	1	1	41	4	8	4	0	0	0	0	0	0	1	0	0	0	0	1	0	0	0	0	0	0	0	0	0	0	0
XMTI4ODQwOTY0OA==	23	10	519	314	153	43	33	21	18	22	132	14	15	21	10	14	19	24	18	15	21	16	28	14	20	24	12	16	19	19
XMTI4ODQxNDc0NA==	6	20	15	17	28	0	0	0	0	0	0	0	0	0	0	0	0	1	0	0	0	0	0	0	0	0	0	0	0	0
XMTI4ODQxNTAyMA==	2	0	0	0	1	0	0	0	0	0	0	0	0	0	0	0	0	0	0	0	0	0	0	0	0	0	0	0	0	0
XMTI4ODQxODM2MA==	1	1	0	1	1	0	2	2	1	0	0	0	0	0	0	0	0	0	2	2	2	0	0	1	1	0	0	0	0	0
XMTI4ODQxOTE1Ng==	1	0	0	0	1	0	0	0	0	0	0	0	0	0	0	0	0	0	0	0	0	0	0	1	0	0	0	0	0	0
XMTI4ODQxOTM2MA==	1	0	0	0	1	0	0	0	0	0	0	0	0	0	0	1	0	0	0	0	1	0	0	0	0	0	0	0	1	0
XMTI4ODQyMDgwNA==	66	46	20	6	210	12	9	7	8	2	2	5	9	4	6	8	3	14	8	24	8	8	15	12	14	6	13	7	9	8
XMTI4ODQyNDA4MA==	2	0	0	0	1	0	0	0	0	0	0	0	0	0	0	0	0	0	0	0	0	0	0	0	0	0	0	0	0	0
XMTI4ODQyNDY0OA==	93	15	8	69	4	2	2	0	0	1	1	0	1	3	1	0	0	0	2	0	0	1	0	0	1	0	0	0	1	0
XMTI4ODQyNjQwMA==	1	1	1	0	0	0	0	0	0	0	0	0	0	0	0	0	0	0	0	0	0	0	0	0	0	0	0	0	0	0
XMTI4ODQyNzk1Mg==	4	0	0	1	1	3	0	0	0	0	0	1	0	0	0	0	0	0	0	0	0	0	0	0	0	0	0	0	1	0
XMTI4ODQyOTY2MA==	8	1	4	13	6	0	1	1	1	1	0	2	1	1	2	0	2	0	1	0	0	0	0	0	0	0	0	1	0	0
XMTI4ODQzMjE0MA==	910	555	2028	951	683	660	1005	1508	1087	537	508	424	431	472	578	596	797	705	517	479	479	490	522	487	677	530	551	567	427	479
XMTI4ODQzNzkzMg==	26	0	4	1	1	3	16	0	5	1	0	0	0	2	0	1	1	0	0	1	5	0	0	0	0	0	1	0	0	2
XMTI4ODU0MjIyNA==	43	19	2	7	33	2	1	0	1	2	1	0	0	1	0	1	0	2	1	0	0	1	0	1	0	0	1	0	0	1
XMTI4ODU0NjM4NA==	231	5002	7041	1403	808	441	751	667	627	697	704	613	190	200	224	187	88	92	315	162	122	102	109	59	82	70	50	35	47	23
XMTI4ODU0ODI3Ng==	2	0	0	0	0	0	2	0	0	0	0	0	0	0	0	0	0	0	0	0	0	0	0	0	0	0	0	0	0	0
XMTI4ODU0ODYyOA==	104	0	1	4	50	3	0	0	0	0	0	0	0	0	0	0	0	1	1	0	0	0	0	0	0	1	0	0	0	0
XMTI4ODU0OTk5Mg==	112	24	174	209	73	16	7	5	0	14	2	1	6	4	2	4	6	5	8	8	2	6	2	3	1	1	0	1	1	0
XMTI4ODU1MDc0MA==	182	14	21	152	26	8	28	1	3	0	0	11	0	1	0	0	0	0	0	3	0	1	0	1	0	0	0	0	0	0
XMTI4ODU1NTA4NA==	2	0	0	0	0	1	0	0	0	0	0	0	1	0	0	0	0	0	0	0	0	0	0	0	0	1	0	1	0	0
XMTI4ODU1NTQ3Ng==	5	0	0	0	2	8	0	1	0	0	0	0	0	0	0	0	0	0	0	0	0	0	0	0	0	1	0	0	0	0
XMTI4ODU1NjM4MA==	45	3	3	600	1	2	0	1	1	0	0	1	0	0	0	0	2	0	1	0	1	0	0	0	0	0	0	0	0	0
XMTI4ODU1NzE4OA==	6	26	29	4	5	0	0	1	0	0	0	3	0	0	0	1	0	0	1	3	2	0	2	2	1	1	2	1	0	2
XMTI4ODU1NzU3Mg==	1	0	0	0	0	1	0	0	0	0	0	0	1	2	0	0	0	0	0	0	0	0	0	0	0	1	0	1	0	0
XMTI4ODU2MDg0MA==	24	44	60	29	4	8	0	1	0	0	0	0	0	0	0	0	0	0	2	1	0	0	0	0	0	0	2	0	0	0
XMTI4ODU2NTQxNg==	19	703	10818	2449	85	48	50	36	38	28	21	23	21	24	17	19	15	23	17	21	16	15	16	20	12	14	10	12	10	6
XMTI4ODU2NTg0OA==	13	0	1	10	1	5	2	1	1	0	10	6	2	2	1	2	1	0	2	4	1	1	1	2	0	2	0	0	2	2
XMTI4ODU3MTE0OA==	124	352	377	94	48	56	66	111	92	51	58	98	95	109	80	82	86	73	50	65	69	66	75	93	72	124	118	126	8	95
XMTI4ODU3MTg2OA==	202	232	223	30	22	2	0	6	0	1	2	0	2	0	0	0	0	2	0	3	2	0	1	0	1	0	0	0	0	0
XMTI4ODU3ODY4MA==	149	79	8484	16	12	13	16	7	2	3	1	0	2	2	1	5	2	4	0	2	2	0	1	0	0	0	9	2	1	1
XMTI4ODU4MDI4OA==	2	0	0	0	0	2	0	0	0	0	0	0	0	0	0	0	0	0	0	0	0	0	0	0	0	0	0	0	0	0
XMTI4ODU4MzQwNA==	1	0	1	8	0	0	0	0	0	0	1	0	0	0	0	0	0	0	0	0	0	0	0	0	0	0	0	0	0	0
XMTI4ODU5MDk0OA==	2	0	0	1	0	0	0	0	0	0	0	0	0	0	0	0	0	0	0	0	0	0	0	0	0	0	0	0	0	0
XMTI4ODUwMTc5Mg==	4	2	8	3	4	3	1	0	0	0	1	1	2	3	1	1	1	2	1	1	2	3	1	3	3	1	1	3	1	1
XMTI4ODUwMzQwOA==	3	0	2	0	5	0	2	5	0	0	0	0	0	1	0	0	1	1	0	1	0	0	0	0	0	0	1	0	1	1
XMTI4ODUxMTAxNg==	7	0	0	0	99	0	0	0	0	0	0	1	0	3	1	0	0	0	0	1	0	1	0	0	1	2	0	2	7	0
XMTI4ODUxMjIwOA==	18	12	13	3	2	4	22	4	9	5	9	7	6	8	4	6	5	2	7	2	6	4	6	9	5	8	1	1	6	4
XMTI4ODUxODMwMA==	26	2	1	1	4	0	34	65	7	0	0	0	0	0	0	0	0	0	0	0	0	1	1	0	0	0	0	0	0	0
XMTI4ODUxOTIxNg==	2	5	18	117	2	1	0	0	6	1	1	0	0	1	0	0	0	0	0	0	0	1	0	0	0	0	0	0	0	0
XMTI4ODUxOTM3Mg==	1	0	0	0	0	0	1	9	1	0	0	0	0	0	0	0	0	0	1	0	0	0	0	0	0	0	0	0	0	0
XMTI4ODUyMDIxMg==	11	4	5	3	5	2	21	0	0	1	0	0	0	0	1	0	0	0	0	0	0	0	1	0	0	0	0	1	0	0
XMTI4ODUyMDc4NA==	1	0	1	0	0	0	6	0	0	0	0	0	0	0	0	0	0	0	0	0	0	0	0	0	0	0	0	0	0	0
XMTI4ODUyMjU1Mg==	655	203	314	2269	4900	1272	404	482	881	1091	3015	713	469	361	296	285	264	307	306	257	191	172	108	92	99	177	186	225	198	179
XMTI4ODUyNjExMg==	6322	2957	1961	826	1038	9369	9608	3772	403	362	288	237	280	281	300	262	261	248	117	144	159	107	109	103	99	100	141	95	88	88
XMTI4ODUyODM1Ng==	9	42	67	14	19	28	14	19	13	25	9	2	9	15	20	20	12	11	14	12	5	9	8	2	3	0	7	3	7	11
XMTI4ODUyOTQyMA==	300	294	1577	2455	1420	576	1202	324	238	167	95	68	59	58	70	35	60	61	33	51	42	29	7	12	18	19	22	12	16	18
XMTI4ODUzMjIyMA==	1	0	0	0	0	2	0	0	0	0	0	0	0	0	0	0	0	0	0	0	0	0	0	0	0	0	0	0	0	0
XMTI4ODY0MDI2NA==	7	4	1	0	0	5	0	0	1	1	3	1	0	0	0	0	0	0	0	1	0	0	1	0	0	0	0	0	0	0
XMTI4ODY0MzI1Mg==	1	0	0	0	0	1	0	0	0	0	0	0	0	0	0	0	0	0	0	0	0	0	0	0	0	1	0	0	0	0
XMTI4ODY0NDI5Mg==	4	4	4	0	0	1	1	0	0	0	0	0	0	0	1	0	0	0	0	0	0	0	0	0	0	0	0	0	0	0
XMTI4ODY0NDk4OA==	2353	1372	6294	798	763	440	294	218	196	124	135	143	143	104	123	113	58	110	166	143	178	175	169	192	127	138	117	100	86	84
XMTI4ODY0NjE3Ng==	582	22343	28266	3146	968	744	858	2098	673	695	1792	791	325	217	246	279	296	268	208	272	1238	198	212	182	152	154	186	206	250	270
XMTI4ODY0ODAwOA==	78	102	96	16	11	8	0	0	3	2	0	5	2	5	3	1	3	1	3	5	7	4	5	0	4	3	3	3	5	2
XMTI4ODY0OTc1Ng==	71	14	9	5	82	4	0	1	2	1	2	2	1	0	1	0	5	3	1	2	0	0	0	1	0	0	0	0	0	0
XMTI4ODY1NTU5Mg==	763	77	1410	2470	6238	2283	454	383	315	219	221	223	199	164	185	196	180	184	137	141	109	98	88	90	88	88	61	44	50	44
XMTI4ODY1NjE2NA==	1	0	0	0	0	0	1	7	0	0	0	0	0	0	0	0	0	0	0	0	1	0	1	0	0	0	0	0	0	0
XMTI4ODY2MTIwNA==	1	1	0	0	0	1	0	0	0	0	0	0	2	0	1	1	0	1	1	0	1	0	0	1	1	1	2	1	0	1
XMTI4ODY2NTQ0OA==	11	1	0	1	7	0	2	0	0	1	0	0	0	1	1	0	0	0	0	0	0	1	0	0	0	0	0	0	0	0
XMTI4ODY2OTU4NA==	120	63	32	14	114	0	4	4	5	2	2	5	2	5	3	0	0	1	0	1	1	1	0	1	0	2	0	0	0	0
XMTI4ODY3Mjg3Ng==	2	0	0	0	1	0	3	0	0	0	1	1	1	0	1	2	0	2	1	1	2	1	1	1	2	1	2	1	0	2
XMTI4ODY3NDcyNA==	21	2	9	19	39	4	3	2	3	0	3	1	5	0	2	2	0	6	4	8	6	4	2	1	3	1	2	6	1	0
XMTI4ODY3NjU1Mg==	5	3	9	0	3	0	2	0	1	0	0	0	0	0	0	0	0	0	0	0	0	0	0	0	0	0	1	0	0	0
XMTI4ODY3NzgwMA==	3	0	0	9	3	21	0	0	0	0	1	0	1	0	0	0	0	0	0	0	0	0	0	0	0	0	0	0	0	0
XMTI4ODY3OTQ4MA==	2	0	0	1	0	0	0	0	0	0	0	0	0	0	0	0	0	0	0	0	0	0	0	0	0	0	0	0	0	0
XMTI4ODY4MzcyNA==	6	0	1	7	0	0	0	0	0	0	0	0	0	0	0	0	0	0	0	0	0	0	0	1	0	0	0	0	0	0
XMTI4ODY4NDE0OA==	9	0	15	5	1	2	0	0	0	0	0	1	0	0	0	0	0	0	0	0	0	0	0	0	0	0	0	0	0	0
XMTI4ODY4OTk3Mg==	2	0	4	0	0	1	1	0	0	0	0	0	0	0	0	0	0	0	0	0	0	0	0	0	0	0	1	0	0	0
XMTI4ODY5MDkwNA==	5	2	1	4	0	0	0	0	0	0	0	0	0	0	0	0	0	0	0	0	0	0	0	0	0	0	4	0	0	0
XMTI4ODY5MTMwOA==	2	0	0	0	0	0	1	0	0	0	0	0	0	0	0	0	0	0	0	0	0	0	0	0	0	0	0	0	0	0
XMTI4ODY5NzA4NA==	2	0	0	0	0	1	0	0	0	0	0	0	0	0	0	0	0	0	0	0	0	0	0	0	0	0	0	0	0	0
XMTI4ODYwNzU3Ng==	7	11	16	4	4	2	3	3	7	2	0	0	0	0	0	1	1	15	1	1	0	1	1	1	5	5	1	1	1	0
XMTI4ODYwODQwOA==	1	0	0	0	0	0	1	0	0	0	0	0	0	0	0	0	0	0	0	0	0	0	0	0	0	0	0	0	0	0
XMTI4ODYxMDQwMA==	217	105	24	1503	12	40	4	2	0	0	1	0	1	0	0	0	0	0	0	0	1	0	0	0	0	0	0	0	0	0
XMTI4ODYxNzYyMA==	8	3	21	2	4	8	4	3	0	2	0	1	2	1	1	2	1	0	0	1	1	1	0	0	1	0	0	0	2	1
XMTI4ODYyMDcwNA==	2	0	2	0	5	0	1	0	0	0	0	0	0	0	0	0	0	0	0	0	0	0	1	0	0	0	0	0	0	0
XMTI4ODYyMzQwOA==	5	0	239	102	70	159	103	59	73	26	20	12	11	2	6	12	6	10	2	17	5	7	15	5	0	2	2	2	0	3
XMTI4ODYzOTY5Ng==	60	76	232	534	857	492	256	891	178	854	170	772	101	179	111	99	129	83	694	65	60	64	48	65	59	40	52	39	35	55
XMTI4ODc0MjkwMA==	41	33	48	20	17	3	5	3	5	9	2	7	3	1	3	3	2	7	8	0	1	4	3	1	5	5	3	5	5	3
XMTI4ODc0NDk2OA==	18	21	25	4	2	5	4	1	2	1	5	0	2	0	0	0	0	0	1	0	1	0	1	2	0	5	0	4	0	2
XMTI4ODc0NTA0NA==	108	58	24	96	5	17	10	10	5	9	5	4	8	4	11	5	6	5	6	1	0	1	2	0	1	0	2	0	6	73
XMTI4ODc0NTY4OA==	1	1	2	0	0	0	0	0	0	0	0	0	0	0	0	0	0	0	0	0	0	0	0	0	0	0	0	0	0	0
XMTI4ODc0Njc4NA==	3	1	3	0	3	5	0	3	0	0	0	0	0	0	0	0	0	0	0	0	0	0	0	0	0	0	0	0	0	0
XMTI4ODc1MTIzNg==	2	0	0	0	1	0	0	0	0	0	0	0	0	0	0	0	0	0	0	0	0	0	0	0	0	0	0	0	0	0
XMTI4ODc1MjMxMg==	6	1	0	0	6	0	0	0	0	0	0	0	0	0	0	0	0	0	0	0	0	0	0	0	0	0	0	0	0	0
XMTI4ODc1MjU1Mg==	2	0	2	0	8	0	0	0	0	1	0	0	0	0	0	0	0	0	0	0	0	0	0	0	0	0	0	0	0	0
XMTI4ODc1ODAyMA==	7	7	5	4	20	6	0	1	0	0	1	0	0	0	0	0	0	0	0	1	0	0	0	0	0	0	0	0	0	0
XMTI4ODc1ODI4MA==	25	39	91	3	0	0	1	1	0	0	0	0	1	0	0	2	0	0	1	0	1	0	0	1	0	0	0	0	0	0
XMTI4ODc1OTQ5Ng==	1	0	0	0	0	0	1	0	0	0	0	0	0	0	0	0	0	0	0	0	0	0	0	0	0	0	0	0	0	0
XMTI4ODc2NzQyOA==	4	1	2	1	13	2	0	0	0	0	0	0	0	0	0	0	0	0	0	0	0	0	0	0	0	0	0	0	0	0
XMTI4ODc2ODAwNA==	2	2	1	2	7	0	0	0	0	0	0	0	0	0	0	0	0	0	0	0	0	0	0	0	0	0	0	0	0	0
XMTI4ODc3MDg2OA==	431	1265	1051	533	132	47	43	29	22	25	22	10	391	17	16	20	18	11	21	9	54	49	64	43	14	9	3	8	5	5
XMTI4ODc3Mzc3Mg==	2	0	0	2	0	0	0	0	0	0	0	0	0	0	0	0	0	0	0	0	0	0	0	0	0	0	0	0	0	0
XMTI4ODc3NTIyMA==	4	1	10	0	0	0	2	0	0	0	0	0	0	0	0	0	0	0	0	1	0	0	0	0	0	1	0	0	0	0
XMTI4ODc3NzMxMg==	2	0	0	2	1	0	0	0	1	0	1	0	0	0	0	0	1	0	0	0	0	1	0	0	0	0	0	0	0	0
XMTI4ODc4OTY0NA==	2	1	1	5	3	7	5	3	2	7	25	4	7	2	11	7	4	0	2	3	3	7	1	10	3	2	4	5	2	3
XMTI4ODc4OTYwMA==	9	1	6	14	3	8	4	1	1	2	3	1	2	2	0	1	2	1	1	2	3	0	0	1	2	3	3	0	0	0
XMTI4ODc4OTk0NA==	31	97	35	18	313	3	6	6	8	4	7	5	80	14	6	6	7	5	2	2	3	6	3	5	2	0	3	6	4	3
XMTI4ODcwMDAyMA==	112	159	195757	65140	15466	9869	10289	9309	155858	3802	3139	1651	1709	738	2669	1961	927	1827	1691	1561	1493	1263	1217	117	901	778	799	774	673	690
XMTI4ODcwMzk1Mg==	51	12	7	181	3	3	3	3	1	5	0	3	2	0	3	5	0	0	1	0	0	0	0	0	0	1	0	0	0	0
XMTI4ODcwNDM1Mg==	1	0	0	0	1	0	0	0	0	1	0	0	0	0	0	0	0	1	0	1	0	0	0	0	0	0	0	0	0	0
XMTI4ODcwNTQwOA==	12	0	1	7	0	0	1	0	0	0	0	1	0	0	0	0	0	0	0	0	0	0	0	0	0	0	0	0	0	0
XMTI4ODcwNzg4MA==	4	0	2	2	3	23	18	0	0	0	0	0	0	1	2	0	0	0	2	1	0	0	0	1	2	1	0	0	0	0
XMTI4ODcwOTI2MA==	1	1	1	0	0	0	0	0	0	0	0	0	0	0	0	0	0	1	0	0	0	0	0	0	0	0	0	0	0	0
XMTI4ODcxMjY4OA==	3	2	0	0	3	0	0	1	0	0	0	1	5	0	0	0	0	2	0	1	0	0	0	1	0	0	0	0	0	0
XMTI4ODcxMzIyOA==	17	5	2	6	340	0	1	1	5	5	2	0	1	3	1	0	0	0	0	0	0	1	2	0	0	0	0	0	0	0
XMTI4ODcxMzYwOA==	1	0	1	0	2	0	0	0	0	0	0	0	0	0	0	0	0	1	0	0	0	0	0	0	0	0	0	0	0	0
XMTI4ODcxNjk3Ng==	5	8	138	1	1	0	0	0	0	0	0	0	0	0	0	0	0	0	0	1	0	0	0	0	0	0	1	0	0	0
XMTI4ODcyMjczMg==	3	0	0	0	0	0	3	0	0	2	0	0	1	0	0	0	1	0	2	3	31	9	0	0	0	0	0	0	0	0
XMTI4ODcyNzk1Ng==	2	0	0	0	0	2	0	0	0	0	0	0	0	0	1	0	0	0	0	0	0	0	0	0	0	1	1	0	0	0
XMTI4ODczOTI0OA==	30	64	20	703	3	2	1	3	1	1	1	0	0	0	0	0	1	2	0	3	0	4	0	4	1	1	1	0	0	0
XMTI4ODczOTYyMA==	3	1	0	3	0	0	0	0	0	0	1	0	0	0	0	0	0	0	0	0	0	0	0	0	0	0	0	0	0	0
XMTI4ODg1NDE0NA==	65	67	355	854	549	111	366	79	426	42	56	70	439	32	27	28	14	11	31	52	24	14	13	11	14	16	12	7	11	12
XMTI4ODg1Nzc0MA==	2	1	0	0	0	1	3	0	0	0	0	1	0	0	0	0	1	1	1	0	0	1	0	0	2	0	0	0	0	0
XMTI4ODg2NDQyMA==	20	15	14	2	6	300	0	0	0	1	0	4	0	2	0	1	0	1	0	0	0	0	0	0	0	0	0	0	0	0
XMTI4ODgwNDU4NA==	6	6	10	2	0	2	0	0	1	0	0	0	0	0	0	0	0	0	0	0	0	0	0	0	0	0	1	0	0	0
XMTI4ODgwNTY0NA==	2	0	0	0	1	0	0	0	0	0	0	0	0	0	0	0	0	0	0	0	0	1	1	0	0	0	0	0	0	0
XMTI4ODgyMTA1Mg==	7	1	200	5	7	0	0	2	0	0	1	0	0	1	0	0	0	0	0	0	0	2	0	1	1	0	1	0	0	0
XMTI4ODgyNDc1Mg==	4	5	24	5	4	2	1	0	2	0	0	3	0	0	5	2	0	0	0	1	53	1	0	1	0	1	0	1	0	0
XMTI4ODgyNTgyNA==	3	0	0	1	8	0	0	0	0	0	1	0	0	0	0	0	0	0	0	1	0	0	0	0	0	0	0	0	0	0
XMTI4ODgyNzI2MA==	5	1	2	6	0	1	2	0	2	1	0	1	0	1	1	2	1	1	2	0	0	0	4	1	0	1	1	0	0	1
XMTI4ODgyNzc1Ng==	3	2	1	6	0	0	3	0	1	1	1	2	3	4	4	0	0	1	1	0	0	1	0	0	1	1	3	0	1	1
XMTI4ODgyOTY4OA==	35	24	93	0	0	2	1	0	0	0	0	0	0	4	1	0	1	0	0	0	0	2	0	0	1	0	0	0	0	0
XMTI4ODgzMzg3Ng==	7	0	0	1	8	0	0	0	2	1	0	0	1	1	1	1	0	0	3	0	0	0	1	0	0	1	2	0	0	0
