XMTM2MTI2MTM4MA==	3	0	4	0	0	1	0	0	0	0	0	0	0	0	0	0	0	0	0	0	0	0	0	0	0	0	0	0	0	0
XMTM2MTMxMTQ4NA==	10	3	6	0	0	0	0	0	0	0	0	0	1	1	0	0	0	0	0	0	0	0	0	0	0	0	0	0	0	0
XMTM2MDgxNzcxMg==	90	31	66	9	5	1	2	6	2	0	0	1	1	2	0	2	0	3	0	18	8	2	0	2	1	1	0	0	0	8
XMTM2MTcwMjI4NA==	727	349	1348	20	11	19	12	27	5	10	4	9	0	0	8	23	0	30	17	1	1	2	2	4	3	6	1	5	2	4
XMTM2MTI3MzUzMg==	9	8	11	1	1	0	0	4	23	49	16	79	57	40	68	97	5	112	4	304	276	476	577	71	52	180	151	117	291	183
XMTM2MTE2OTA2OA==	11	3	14	0	0	0	0	0	0	0	0	0	0	0	0	0	0	1	0	0	0	0	0	0	0	2	0	0	0	1
XMTM2MTU3OTI0OA==	6	3	6	1	1	0	0	1	0	0	0	3	1	0	0	2	0	3	3	6	1	0	1	1	0	1	1	1	6	2
XMTM2MTM2NzU2NA==	2	0	3	0	0	0	0	0	0	0	0	0	0	0	0	0	0	0	0	0	0	0	0	0	0	0	0	0	0	0
XMTM2MTY3OTEyNA==	57	20	37	0	0	0	0	0	0	0	0	1	1	0	1	0	0	0	0	0	2	0	1	0	0	1	0	0	5	0
XMTM2MTI5NzQ2MA==	7861	2571	11713	247	75	24	239	422	6748	333	285	356	443	273	384	350	357	310	354	225	318	401	426	9199	245	294	264	451	392	423
XMTM2MDkwNDQ1Ng==	1444	1359	2081	39	27	49	6	7	15	15	14	27	3	2	2	2	79	5	3	10	2	2	5	7	3	6	1	1	168	4
XMTM2MTE5NTkwNA==	3	0	2	0	0	0	0	0	0	0	0	0	0	0	0	0	0	0	0	0	3	0	0	0	0	0	0	0	1	0
XMTM2MDk4MzExNg==	26	6	29	22	2	0	0	0	1	4	0	2	0	0	0	1	1	0	1	14	0	2	0	1	0	0	0	0	2	3
XMTM2MTAwMzY2NA==	64	34	94	13	1	1	1	1	2	3	0	1	0	2	2	0	2	0	0	14	8	1	5	2	0	1	1	1	2	0
XMTM2MDkyNzIyMA==	2	0	1	0	0	0	0	0	0	0	0	0	0	0	1	0	0	0	0	0	0	0	0	0	0	0	0	0	0	0
XMTM2MTIzODg0MA==	2	0	1	0	0	0	0	0	0	0	0	0	0	0	0	0	0	0	0	0	0	0	0	0	0	0	0	0	0	0
XMTM2MDg2NDA2OA==	6	4	5	1	0	0	0	1	0	0	0	0	0	0	0	0	0	0	0	0	0	0	0	0	1	0	0	0	0	0
XMTM2MDg3MTA0MA==	2	0	1	0	0	0	0	0	0	0	0	0	0	0	0	0	0	0	0	0	0	0	0	0	0	0	0	0	0	0
XMTM2MTI5MzY5Ng==	4	0	3	0	0	0	2	0	2	0	0	0	0	0	0	1	0	0	0	0	0	0	0	0	0	0	0	0	0	0
XMTM2MTA2OTAxMg==	117	57	90	7	2	1	1	0	1	0	0	0	1	0	0	0	0	3	0	1	1	1	0	0	1	0	0	1	17	4
XMTM2MTEzMDQ0NA==	5	0	5	1	0	2	0	5	2	1	0	3	0	0	0	0	0	0	1	3	1	0	0	0	0	0	0	0	2	0
XMTM2MDg4NDExMg==	2	0	1	0	0	0	0	0	0	0	0	0	0	0	0	0	0	0	0	0	0	0	0	0	0	1	0	0	0	0
XMTM2MDg3ODU2OA==	7	2	5	0	0	0	0	0	0	0	0	0	0	0	0	2	0	0	0	0	0	0	0	0	0	0	0	0	0	0
XMTM2MTAwMjg5Ng==	2	0	1	0	0	0	0	0	0	0	0	0	1	0	1	0	0	1	0	0	0	0	0	0	0	0	0	0	0	0
XMTM2MDgzOTQwOA==	9	1	12	0	0	0	0	0	0	0	0	0	0	0	0	0	0	0	0	0	0	0	0	0	0	0	1	0	1	0
XMTM2MTM3NjgxMg==	166	107	162	106	8	3	1	1	1	0	9	2	1	0	0	1	0	0	0	5	1	1	2	0	1	1	0	0	0	1
XMTM2MDk1MzgzNg==	26	5	25	1	1	0	13	3	1	0	0	0	0	1	0	0	0	0	0	0	1	0	0	0	0	0	0	0	1	54
XMTM2MDg3MDkyNA==	2	1	2	0	0	0	0	1	1	0	0	0	0	0	0	0	0	0	0	0	0	0	0	0	0	0	0	0	0	0
XMTM2MTEwNTU3Mg==	74	62	95	3	0	1	1	1	0	0	0	0	1	0	0	0	0	5	0	0	1	0	0	1	0	1	1	0	3	0
XMTM2MTY1Nzk5Mg==	1	0	1	0	0	0	0	0	0	0	0	0	0	0	0	0	0	1	0	0	0	0	0	0	0	0	0	1	0	0
XMTM2MTIxOTA1Mg==	17	4	25	6	1	0	0	0	0	0	0	0	0	1	1	0	0	0	1	2	0	1	0	0	0	0	0	2	0	0
XMTM2MTExNzk5Ng==	4	2	3	0	0	0	0	0	0	0	0	0	1	0	0	0	0	0	0	0	0	0	0	0	0	0	0	1	0	0
XMTM2MTQ2Nzk0MA==	2	0	1	0	0	0	0	0	0	0	0	0	0	0	0	0	0	0	0	0	0	0	0	0	0	0	0	0	0	0
XMTM2MTE0NjM4OA==	90	31	69	18	1	12	16	4	1	9	5	2	1	2	0	0	1	0	3	44	3	0	6	2	4	0	0	0	0	2
XMTM2MDc4MzkwOA==	3	0	2	0	0	0	0	1	0	0	0	0	0	0	0	0	0	0	0	0	2	0	0	0	0	0	0	0	0	0
XMTM2MTYxNjkyNA==	3	1	2	0	0	0	0	0	0	0	0	0	0	1	0	0	0	1	0	0	0	0	0	0	0	2	0	0	0	0
XMTM2MDgzODI3Mg==	39	4	20	1	0	0	1	0	0	1	1	0	0	0	0	0	1	0	0	2	0	0	0	0	0	1	0	0	0	0
XMTM2MDcyMzQ3Ng==	1	0	1	0	0	0	0	0	0	0	0	0	0	0	0	0	0	0	0	0	0	0	0	0	0	0	0	0	0	0
XMTM2MDg2Nzc5Mg==	107	32	72	3	1	2	2	0	0	1	0	0	1	0	2	0	0	1	0	0	0	0	0	2	0	0	0	0	1	0
XMTM2MTE5NTM5Ng==	2	0	1	0	0	0	0	0	0	0	0	0	0	0	0	0	0	0	1	0	0	0	0	0	0	0	0	1	0	0
XMTM2MTExNjgwOA==	5	2	3	0	0	0	0	2	0	0	0	0	0	0	0	1	0	0	0	0	0	0	0	0	0	0	0	0	0	0
XMTM2MTIyNDE2NA==	2	1	2	0	0	0	1	0	2	1	1	0	0	1	0	0	1	0	0	1	0	0	0	1	0	0	0	1	0	0
XMTM1ODU1NTIwOA==	13	10	19	0	0	0	0	0	0	0	0	1	0	0	0	0	0	0	0	0	1	0	0	0	0	0	0	1	0	0
XMTM2MTA5MDU4NA==	13	1	16	4	3	1	0	0	0	1	1	1	0	4	0	0	0	1	0	0	2	1	0	1414	5	1	0	0	11	2
XMTM2MTI3NDc0NA==	2	0	1	0	0	0	0	0	2	0	0	1	0	0	0	0	1	0	0	0	0	0	0	0	0	1	0	1	0	0
XMTM2MTAwNTcyMA==	4	2	3	0	0	1	0	0	0	0	0	1	0	0	0	1	0	0	0	0	0	1	0	1	0	0	0	0	0	3
XMTM2MTY0MjM5Mg==	53	22	55	7	0	21	8	4	0	1	0	0	0	1	1	0	1	1	0	0	0	0	0	0	0	0	0	0	0	0
XMTM2MTA3ODM5Ng==	29	11	24	0	0	1	0	1	1	0	1	1	0	0	0	1	3	0	0	1690	11	0	2	7	0	3	1	0	0	2
XMTM2MTUwNDg0NA==	20	4	12	0	0	0	0	0	0	0	0	0	1	0	0	0	0	0	0	0	0	0	0	0	0	0	0	0	2	0
XMTM2MTUwNTEyOA==	5	1	7	0	1	0	0	3	0	0	0	0	0	0	0	0	0	0	0	0	0	0	0	0	0	0	0	0	0	0
XMTM2MTYwNDM0OA==	9	1	8	1	1	0	2	0	0	0	0	1	1	0	6	15	6	0	0	72	6	4	2	0	2	0	1	1	0	0
XMTM2MDg3MzY5Ng==	1	0	1	0	0	0	0	0	0	0	0	0	0	0	0	0	0	0	59	39	6	0	1	1	1	1	1	0	0	1
XMTM2MDk3MzkyNA==	32	7	51	9	0	8	4	2	6	31	175	5024	3	1	2199	3	0	0	251	2383	12	124	1	0	0	1976	1	0	3	27918
XMTM2MDg4NTU4NA==	1	0	1	0	0	0	0	0	0	0	0	0	0	0	0	0	0	0	0	0	0	0	0	0	0	0	0	0	0	0
XMTI4NzcyNzkyOA==	2	0	3	1	0	1	0	0	1	0	0	0	0	0	0	0	0	0	0	2	0	0	0	0	0	0	0	0	0	0
XMTI4Nzk1NzcwMA==	8	1	4	0	0	0	0	0	0	0	0	2	6	1	0	0	0	0	1	0	0	0	0	0	0	0	0	0	0	0
XMTI4Nzk3OTI4NA==	2447	36	1470	25	18	466	27	30	28	11	10	10	12	15	12	3	10	544	20	17	23	18	10	16	11	18	15	17	16	13
XMTI4Nzk5MjIzMg==	38	7	26	6	6	4	4	7	1	10	4	12	5	10	9	10	0	3	6	6	5	4	11	8	6	4	5	2	4	1
XMTI4NzkyODU0NA==	551	83	333	69	45	40	28	54	46	254	46	43	29	28	42	44	47	47	32	35	30	36	29	33	26	37	16	33	35	32
XMTI4ODA0MTMyNA==	8	0	5	0	1	0	0	0	0	0	0	0	0	0	0	0	0	0	0	0	0	0	0	0	0	0	0	0	0	0
XMTI4ODA0MjcyOA==	6	2	8	0	0	0	0	2	0	1	0	0	0	0	2	0	2	0	0	1	0	0	0	1	0	0	0	0	0	0
XMTI4ODA0MzkzNg==	6	3	7	1	0	0	0	1	0	0	0	0	0	0	0	0	0	0	0	1	2	1	1	0	1	0	0	0	0	0
XMTI4ODA2OTQ4NA==	91	12	57	9	3	0	3	0	2	5	1	5	5	1	3	1	0	0	2	5	2	5	2	0	1	3	3	0	5	1
XMTI4ODA4MzQzMg==	3	0	4	0	0	0	1	0	0	0	0	0	0	0	0	0	0	0	0	0	0	0	0	0	0	0	0	0	1	0
XMTI4ODA5MjcyMA==	5	2	3	0	0	0	0	0	0	0	1	2	0	0	0	0	0	0	0	0	0	0	0	0	0	0	0	0	1	0
XMTI4ODAwODAxNg==	12	3	7	0	2	0	0	0	1	0	0	0	2	0	0	0	0	0	0	0	0	0	0	0	0	0	0	0	0	1
XMTI4ODAwODE0MA==	18	1	10	0	0	0	0	0	0	0	0	0	0	0	0	0	0	0	0	0	0	0	0	0	0	0	0	0	0	0
XMTI4ODAxNDA0MA==	11	6	8	0	0	1	0	0	0	0	0	0	0	1	1	0	1	0	0	1	0	0	0	0	0	0	0	0	0	0
XMTI4ODAxOTkwNA==	45	4	59	1	0	0	1	0	1	0	0	0	0	0	0	0	0	0	0	5	0	0	0	1	0	0	0	0	0	0
XMTI4ODAzNzI3Mg==	6	2	5	0	1	0	0	0	0	1	0	0	0	0	0	0	0	0	0	0	0	0	0	0	1	0	0	0	0	0
XMTI4ODE0NzMyNA==	10	4	11	2	1	1	2	0	3	3	2	1	0	0	2	1	1	0	2	1	0	0	3	2	1	0	0	0	0	0
XMTI4ODE1MTc3Ng==	3	1	4	0	1	0	0	2	1	0	3	2	3	0	2	1	1	1	0	0	0	2	0	0	1	2	1	0	1	0
XMTI4ODE3MzgzNg==	25	7	28	4	3	3	2	1	1	6	1	2	4	2	2	4	3	2	6	4	0	0	2	1	0	3	1	21	2	3
XMTI4ODE3OTczNg==	17	4	14	3	3	2	2	6	0	1	2	2	2	1	1	1	1	1	0	1	1	2	2	0	1	2	1	0	1	5
XMTI4ODE4NDk4OA==	3	1	2	0	0	0	0	0	0	0	0	0	0	0	0	0	0	0	3	12	0	0	0	0	0	0	0	1	0	0
XMTI4ODE5MzE2MA==	2	0	1	0	0	0	0	0	0	0	0	0	0	0	0	0	0	0	0	0	0	0	0	0	0	0	0	0	0	0
XMTI4ODEwNDE5Ng==	697	168	741	225	253	150	103	72	87	103	181	102	76	70	71	52	48	49	63	55	45	34	50	43	43	44	40	26	45	41
XMTI4ODEwOTU3Mg==	501	238	578	13	164	181	1	52	1	6	4	0	7	0	0	2	10	17	17	15	7	18	14	5	15	5	4	7	14	5
XMTI4ODExODMyOA==	14	1	8	1	4	0	0	0	0	0	0	0	0	0	0	0	0	0	0	0	0	0	0	0	0	0	0	0	0	0
XMTI4ODEyNzQ3Ng==	10	0	4	0	0	0	0	0	0	0	0	0	0	0	0	0	0	0	0	0	0	0	0	0	1	0	0	0	0	0
XMTI4ODI1MDMyNA==	109	4	92	4	2	1	3	0	3	0	0	0	0	1	0	0	0	0	0	0	0	0	0	0	0	0	0	0	0	0
XMTI4ODI1Mjk5Mg==	1	0	1	0	0	0	0	0	0	0	0	0	0	0	0	0	0	0	0	0	0	0	0	0	0	0	0	0	0	0
XMTI4ODI2MzM1Mg==	49	25	49	6	0	2	1	0	1	0	0	0	1	1	0	0	1	0	0	0	1	0	0	0	0	0	0	0	0	0
XMTI4ODI4ODI1Mg==	21	15	29	1	0	0	1	0	0	0	0	0	1	0	0	0	0	0	0	1	0	0	0	0	0	0	0	0	0	0
XMTI4ODI5MTU5Ng==	4	1	6	0	1	0	2	2	0	0	0	1	0	2	1	0	1	1	1	0	1	1	1	1	0	0	0	1	2	0
XMTI4ODIyNTQ1Ng==	5	1	5	3	0	0	0	0	0	1	1	3	3	0	0	0	0	0	0	0	0	0	0	0	0	0	0	0	0	0
XMTI4ODIyNjA1Ng==	592	293	530	141	98	71	48	56	34	46	34	54	28	25	13	26	30	25	12	15	8	12	5	0	11	5	5	2	11	6
XMTI4ODIzNTU2MA==	4	0	2	0	0	0	0	0	0	0	0	0	0	0	0	0	0	0	0	0	0	0	0	0	0	0	0	0	0	0
XMTI4ODIzODIwNA==	5	1	3	0	0	0	0	0	0	0	1	0	0	0	0	0	0	0	0	0	0	0	0	0	0	0	0	0	0	0
XMTI4ODIzOTE3Mg==	4	1	2	0	0	0	0	0	0	0	0	0	0	0	0	0	0	0	0	0	0	0	0	0	0	0	1	0	0	0
XMTI4ODM0Mzk4MA==	3	0	2	0	0	0	1	0	0	0	0	0	0	0	0	1	0	0	0	0	0	0	0	0	1	0	0	0	0	0
XMTI4ODM0NjE2MA==	6	1	5	0	0	0	1	0	0	0	0	0	0	0	0	0	0	0	0	0	0	0	0	0	0	0	0	0	0	0
XMTI4ODM0OTYyMA==	19	4	28	1	2	3	0	0	1	0	0	0	0	0	0	4	0	0	0	0	1	3	1	0	0	0	0	0	0	0
XMTI4ODM1NDkwNA==	3	0	2	0	0	0	0	0	0	1	0	0	0	1	0	0	0	0	0	0	0	0	0	0	0	0	0	0	0	0
XMTI4ODM2MjM0MA==	14	1	18	0	0	0	0	0	0	0	0	0	0	0	0	0	0	0	0	0	0	0	0	0	0	0	0	2	0	0
XMTI4ODM2MzUwOA==	1	0	2	0	0	0	0	0	0	0	0	0	0	0	0	0	0	0	0	0	0	0	0	0	0	0	0	0	0	0
XMTI4ODM2MzY5Ng==	1	0	2	0	0	0	0	0	0	0	0	0	0	0	0	0	0	0	0	0	0	0	0	0	0	0	0	0	0	0
XMTI4ODM2NDMyNA==	1	0	2	0	0	0	0	0	0	0	0	0	0	0	0	0	0	0	0	0	0	0	0	0	0	0	0	0	0	0
XMTI4ODM3NDIwMA==	6	0	6	1	0	0	0	0	0	0	0	0	0	0	0	0	0	0	0	0	0	0	0	0	0	0	0	0	0	0
XMTI4ODM4MDg0OA==	9	5	9	3	3	0	1	2	2	0	0	0	1	1	6	5	1	0	6	3	0	0	0	1	1	2	3	3	1	0
XMTI4ODM4NDEwMA==	5	0	3	0	1	0	0	0	0	0	0	0	0	0	0	0	0	0	0	0	0	0	0	0	0	0	0	0	0	0
XMTI4ODM4NjQ2NA==	5	0	2	0	0	0	0	0	0	10	0	1	0	0	0	0	0	0	0	0	0	0	0	1	0	0	0	0	0	0
XMTI4ODM5Mzc1Mg==	283	8	178	2	2	2	0	1	1	0	1	1	0	0	0	1	0	0	1	0	0	1	1	1	0	0	0	0	0	0
XMTI4ODM5NDk0OA==	10	2	15	3	2	1	0	1	0	0	1	1	0	0	0	0	0	0	0	0	6	0	1	0	3	0	0	0	0	1
XMTI4ODMwMjA0NA==	2	0	1	0	0	0	0	0	0	0	0	0	0	0	0	0	0	0	0	0	0	1	0	0	0	0	0	0	0	0
XMTI4ODMzMDYxMg==	11	0	5	0	0	0	0	0	0	0	0	0	0	0	0	0	0	0	0	0	0	0	0	0	0	0	0	0	0	0
XMTI4ODMzOTkzMg==	372	110	343	88	22	14	8	13	7	11	8	10	3	8	3	5	9	6	3	4	3	3	7	2	4	4	5	8	16	6
XMTI4ODQ1MjE2OA==	27	11	25	5	3	1	2	1	0	1	2	1	1	1	1	0	0	0	0	0	1	0	0	2	1	1	0	0	1	0
XMTI4ODQ1ODU2MA==	34	10	23	1	3	0	0	0	1	0	1	0	0	0	1	1	2	0	0	0	0	0	0	0	1	0	0	0	0	0
XMTI4ODQ2MDkwOA==	5	0	3	0	0	0	0	0	0	0	6	0	0	1	2	4	2	1	0	2	0	2	1	2	2	3	2	5	2	2
XMTI4ODQ4NDg1Ng==	2	0	1	0	0	0	0	0	0	0	0	0	0	0	0	0	0	0	0	0	0	0	0	0	0	0	0	0	0	0
XMTI4ODQ4NTMxNg==	4	3	4	0	0	0	0	0	0	0	0	0	0	1	0	0	0	0	0	0	0	0	0	0	0	0	0	0	0	0
XMTI4ODQ4NzgyMA==	7	0	5	2	0	2	0	1	0	0	0	0	0	0	0	0	0	0	0	0	0	0	0	0	0	0	0	0	0	0
XMTI4ODQ5ODkwOA==	6	2	4	0	1	1	0	3	0	0	0	1	2	2	1	4	2	2	2	3	3	0	0	2	2	0	1	0	2	0
XMTI4ODQ5OTQwOA==	2	0	1	0	0	0	0	0	0	0	0	0	0	0	0	0	0	0	0	0	0	0	0	0	0	0	0	0	0	0
XMTI4ODQ5OTY2MA==	175	158	199	10	11	6	9	7	3	1	3	0	5	2	1	0	3	0	2	1	1	2	2	4	3	0	2	2	0	1
XMTI4ODQxMDc1Ng==	162	14	174	19	155	6	20	10	19	35	22	17	30	14	9	9	7	9	25	52	105	12	15	17	17	9	8	19	21	12
XMTI4ODQxMjAyOA==	2	0	2	0	0	0	0	0	0	0	0	0	0	0	0	0	0	0	0	0	0	0	0	0	0	0	0	0	0	0
XMTI4ODQxMzYwNA==	2	0	2	0	0	1	0	0	0	0	0	0	0	0	0	0	0	0	0	0	0	0	0	0	0	0	0	0	0	0
XMTI4ODQxNzUxMg==	2	0	2	0	0	0	0	0	0	0	0	0	0	0	0	0	0	0	0	1	0	0	0	0	0	0	0	1	0	0
XMTI4ODQxNzkyMA==	3	2	3	0	0	0	0	0	0	0	0	0	0	0	0	0	0	0	0	0	0	0	0	0	0	0	0	0	0	0
XMTI4ODQxODMzNg==	5	0	3	0	0	0	0	0	0	0	0	0	0	0	0	4	0	0	0	0	0	0	0	1	0	0	0	0	0	0
XMTI4ODQyMjA3Ng==	1	0	2	0	0	0	0	0	0	0	0	0	0	0	0	0	0	0	0	0	0	0	0	0	0	0	0	0	0	0
XMTI4ODQyODE0NA==	7	2	6	1	1	1	1	1	2	2	3	3	0	5	1	7	2	3	3	2	1	2	3	1	2	15	0	0	2	4
XMTI4ODQzMDEwMA==	62	5	101	5	5	3	4	1	2	2	1	0	0	1	0	0	8	2	0	1	0	1	1	1	0	3	1	0	0	2
XMTI4ODQzNDg1Mg==	11	1	9	0	0	1	0	0	0	0	0	0	0	0	0	0	0	0	0	0	0	0	0	0	0	0	0	0	0	0
XMTI4ODQzNjQ2NA==	10	3	13	2	0	0	3	1	1	2	2	1	3	3	2	0	3	1	0	2	7	0	3	2	3	1	0	1	3	1
XMTI4ODU0ODM5Mg==	22	1	33	0	0	0	0	0	0	0	0	0	0	0	0	0	0	0	0	0	0	0	0	0	0	0	0	0	0	2
XMTI4ODU2MTUxMg==	3	1	4	0	0	0	0	0	0	0	0	0	0	0	0	0	0	1	0	0	0	0	0	0	0	0	0	0	0	0
XMTI4ODU2MjkyOA==	63	8	43	0	0	0	0	0	0	0	0	0	20	76	1	0	0	1	1	0	0	0	0	0	0	0	0	0	0	0
XMTI4ODU3ODk4OA==	2	1	2	0	0	1	1	0	0	0	0	0	0	2	0	0	0	0	0	0	1	0	0	0	0	0	0	0	0	0
XMTI4ODU5MzAwOA==	2	0	1	0	0	0	0	0	0	0	0	0	0	0	0	0	0	0	0	0	1	0	0	1	0	0	0	0	0	0
XMTI4ODU5NzQ5Ng==	4	0	2	0	0	0	0	0	0	0	0	0	0	0	0	0	0	0	0	0	0	0	0	0	0	0	0	0	0	0
XMTI4ODUwMjQ0NA==	86	41	100	0	2	2	0	0	0	1	0	0	0	0	1	1	0	0	0	1	0	0	0	0	6	0	0	0	0	0
XMTI4ODUwMzYyOA==	3	0	2	0	0	1	0	0	0	0	0	1	0	0	0	0	0	0	0	0	0	0	0	0	0	1	0	0	0	0
XMTI4ODUwMzcwOA==	3	1	4	0	0	0	0	0	0	0	0	0	0	0	0	0	0	0	0	0	0	0	0	0	0	0	0	0	0	0
XMTI4ODUyMTcwOA==	2	0	3	0	0	0	0	0	0	0	0	0	0	0	0	0	0	0	0	0	0	0	0	0	0	0	0	0	0	0
XMTI4ODUyNTM3Mg==	9	1	10	1	2	0	0	0	0	0	0	0	0	0	0	0	0	0	0	0	0	0	0	0	0	0	0	0	0	0
XMTI4ODUzMzIyOA==	68	17	44	0	2	0	0	0	0	0	0	0	15	83	1	0	0	1	1	0	0	0	0	0	0	0	0	0	0	0
XMTI4ODUzNDM3Ng==	14	3	10	0	0	0	0	0	0	0	0	0	0	0	0	0	0	0	0	0	0	0	0	0	0	0	0	0	0	0
XMTI4ODUzNTg4OA==	73	28	83	3	4	1	0	0	1	1	1	0	0	0	0	0	0	0	3	0	3	40	1	1	1	0	2	2	0	0
XMTI4ODUzNzYwOA==	67	28	85	0	1	4	1	0	3	4	1	2	1	25	2	7	4	1	6	2	0	3	3	2	3	0	1	0	0	1
XMTI4ODUzNzk0NA==	4	1	3	2	0	0	0	0	0	0	0	0	0	0	0	0	0	0	0	2	0	0	0	0	0	0	0	0	0	0
XMTI4ODUzODExMg==	11	1	11	1	0	0	0	0	0	0	0	0	0	0	0	0	0	0	0	0	0	0	0	0	0	0	0	0	0	0
XMTI4ODY0MTc3Ng==	5	1	4	0	1	0	0	1	0	0	0	1	0	2	0	0	0	0	0	0	0	0	0	0	0	3	0	0	0	0
XMTI4ODY1MTM2NA==	27	3	37	0	0	0	0	0	1	2	0	0	0	0	0	0	0	1	0	1	1	0	0	0	0	0	0	0	0	0
XMTI4ODY1NTg3Mg==	2	0	2	0	0	0	1	0	0	0	0	0	0	0	0	0	0	1	1	0	0	0	0	0	0	0	0	0	0	0
XMTI4ODY2MDIxNg==	408	278	436	72	143	56	31	34	31	40	31	44	40	15	10	37	30	54	33	29	11	26	28	56	32	25	29	26	22	21
XMTI4ODY5MTk0NA==	29	14	26	3	2	1	1	1	4	0	1	2	0	1	0	2	0	0	0	1	0	3	3	1	1	0	0	2	0	1
XMTI4ODYwMTQ2OA==	7	0	6	0	0	0	0	0	0	0	0	0	0	0	0	0	0	1	1	0	0	0	0	0	0	0	0	0	1	1
XMTI4ODYwODI2NA==	8	3	6	1	0	0	1	1	0	1	2	1	0	0	1	1	2	0	0	1	2	0	0	3	3	0	0	2	0	2
XMTI4ODYyNzg4NA==	49	4	66	0	1	0	0	0	0	0	0	0	0	0	0	0	0	0	0	0	0	0	0	0	0	1	0	0	0	0
XMTI4ODYzMTA4MA==	2	0	1	0	0	0	0	0	0	0	0	0	0	0	0	0	0	0	0	0	0	0	0	0	0	0	0	0	0	0
XMTI4ODc1NjA1Mg==	33	13	23	0	0	0	2	2	5	0	0	0	0	0	0	0	0	1	0	0	0	2	0	0	0	1	0	0	0	0
XMTI4ODc2Mzc4MA==	50	30	58	0	0	0	0	0	3	0	0	0	0	0	0	0	0	0	0	0	0	0	0	0	0	0	0	0	0	0
XMTI4ODc4MzA4NA==	9	5	9	0	0	2	1	0	0	0	0	0	2	0	0	0	1	0	0	0	0	0	0	0	2	0	0	0	0	0
XMTI4ODc4ODUzMg==	18	4	35	2	1	0	1	0	1	1	0	0	0	1	0	0	0	1	3	2	0	0	0	0	1	2	0	2	0	0
XMTI4ODcyMjQ2NA==	4	0	2	0	0	0	0	0	1	0	0	0	0	0	1	0	0	0	0	0	0	0	0	0	0	0	0	0	0	0
XMTI4ODcyMzMyMA==	166	53	334	3	4	7	2	2	3	1	0	0	0	2	0	0	0	0	0	2	1	0	0	0	0	1	0	1	0	0
XMTI4ODczNDA1Ng==	10	1	7	1	0	0	0	0	1	0	0	0	0	0	0	0	0	0	0	0	1	0	0	0	0	0	1	0	0	0
XMTI4ODg2MjEyNA==	48	8	82	1	0	0	0	0	0	0	0	0	0	1	0	1	0	0	0	0	0	0	0	0	0	0	0	0	1	2
XMTI4ODgxMDQwOA==	5	1	10	0	0	0	0	0	0	0	0	0	0	0	0	0	0	0	0	0	0	0	0	0	0	0	0	0	0	0
XMTI4ODgxMDg2NA==	2	0	1	0	0	0	0	0	0	0	0	0	0	0	0	0	0	0	0	0	0	0	0	0	0	0	0	0	0	0
XMTI4ODgxNTM0NA==	4	0	6	2	2	0	0	1	1	1	1	0	0	0	0	1	1	3	1	3	1	1	0	2	1	2	0	1	1	5
XMTI4ODgyMDMyOA==	3	1	3	0	2	0	0	0	1	0	0	1	0	0	0	1	0	0	0	1	0	0	0	1	0	0	0	0	0	1
