Log-Linear-MLE: 0.3462903
Linear-LRS: 1.234574
Multi-Linear-LRS: 1.175979, 1.308160, 1.227412, 1.508363, 1.369082, 1.761802, 2.181996

----------------------------------------------------------------------------------------------------

1000000
1.161568, 1.312689, 1.244425, 1.682606, 1.494106, 2.120614, 2.875775
1100000
1.228459, 1.058724, 1.184574, 2.385043, 2.283053, 1.541102, 4.535384
0000000
2.2480531, 1.3150635, 1.1062172, 0.8487065, 1.2022408, 1.3689275, 4.5996419
0100000
1.8800013, 0.9997683, 0.9001105, 1.4124715, 1.5416789, 3.3567989, 2.8979119
1010000
1.2552717, 1.3788060, 0.8933426, 2.1052292, 2.9542444, 1.4094730, 3.4225826
others
1.104101, 1.435237, 1.155101, 1.240993, 1.238420, 1.385056, 1.531328
