Log-Linear
0.2486092

Linear
1.234574

Multi-Linear
1.132194, 1.130779, 1.021279, 1.136970, 1.068189, 1.205886, 1.332793, 1.628954, 1.718783, 1.660850, 1.970427, 1.983139, 2.509243

PBML
1000000
1.177099, 1.297660, 1.190649, 1.574289, 1.383345, 1.701904, 1.952588
1100000
1.159775, 1.171434, 1.375740, 1.811068, 2.083094, 2.023532, 3.838278
0000000
1.357835, 1.421140, 1.010211, 1.411544, 1.276410, 1.917169, 3.392477
others
1.292994, 1.170078, 1.124354, 1.163465, 1.144220, 1.238313, 1.373610

PBML_BP_Training_GroundTruth
1000000
1.0619828, 1.5430088, 1.2872749, 1.5559185, 1.4671142, 1.7456027, 1.9014269, 0.3233667
1100000
1.1059002, 1.1171646, 1.6205519, 1.7902457, 2.0593192, 1.8977517, 3.5552852, 0.3220494
0000000
1.2263919, 1.4428514, 1.0429145, 1.2761985, 1.3206338, 1.6059167, 3.1130931, 0.4231566
others
1.1538779, 1.1166885, 1.0891439, 1.1365905, 1.1126439, 1.1391029, 1.2682472, 0.4521772

PBML_BP_Training_Prediction_RandomForest
1000000
1.081021, 1.288085, 1.093220, 1.073118, 1.159056, 1.330736, 1.348681, 1.678532, 1.652788, 1.710169, 2.016326, 1.716919, 2.187307, 0.170231
1100000
1.0953764, 1.1064463, 0.8101455, 1.1783358, 1.0769573, 1.1226794, 1.4745599, 1.8050701, 2.0201300, 2.4428860, 2.5609528, 2.5713955, 2.7910151, 0.1524071
0000000
1.0653860, 1.0688818, 1.0703397, 0.6625173, 1.0995091, 1.4714298, 1.2140063, 1.8949293, 1.6112827, 2.5648829, 2.6074309, 2.2937185, 4.2016592, 0.1773003
others
0.9720664, 1.2046540, 1.1277337, 1.1742274, 1.1341260, 1.2589746, 1.3319762, 1.4975069, 1.5730385, 1.4194923, 1.5797177, 1.7991936, 2.2420617, 0.2082695







