Log-Linear
0.1407366

Linear
1.234574

Multi-Linear
1.1058039, 0.9924248, 0.9444227, 0.9968428, 0.9713111, 0.9948038, 1.0347450, 1.0922911, 1.0672008, 1.0482430, 1.2463056, 1.1885600, 1.2703597, 1.1164544, 1.4456291, 1.2079280, 1.3143406, 1.3879277, 1.5949498, 1.3808170, 1.7113809

PBML
1000000
1.177099, 1.297660, 1.190649, 1.574289, 1.383345, 1.701904, 1.952588
1100000
1.159775, 1.171434, 1.375740, 1.811068, 2.083094, 2.023532, 3.838278
0000000
1.357835, 1.421140, 1.010211, 1.411544, 1.276410, 1.917169, 3.392477
others
1.292994, 1.170078, 1.124354, 1.163465, 1.144220, 1.238313, 1.373610

PBML_BP_Training_GroundTruth
1000000
1.0619828, 1.5430088, 1.2872749, 1.5559185, 1.4671142, 1.7456027, 1.9014269, 0.3233667
1100000
1.1059002, 1.1171646, 1.6205519, 1.7902457, 2.0593192, 1.8977517, 3.5552852, 0.3220494
0000000
1.2263919, 1.4428514, 1.0429145, 1.2761985, 1.3206338, 1.6059167, 3.1130931, 0.4231566
others
1.1538779, 1.1166885, 1.0891439, 1.1365905, 1.1126439, 1.1391029, 1.2682472, 0.4521772

PBML_BP_Training_Prediction_RandomForest
1000000
1.0652299, 0.6249014, 0.9475465, 1.0939532, 0.9373656, 0.9062403, 1.0652687, 1.2810274, 1.0895584, 1.1215915, 1.2843763, 1.3041657, 1.3853674, 1.1395265, 1.6806209, 1.4445360, 1.4290866, 1.2266229, 1.5014363, 1.3095065, 1.9762535, 0.2711693
1100000
1.0751983, 1.0571900, 0.6023748, 0.8485250, 0.7911445, 0.8747703, 0.9899549, 1.1358527, 1.1476736, 1.1164797, 1.2322821, 1.2764275, 1.2876396, 1.4063448, 1.5291156, 1.4491337, 1.2900210, 1.4219189, 1.7364756, 1.2792664, 1.8261142, 0.1716531
0000000
1.0192058, 0.9949771, 1.0532022, 0.9355471, 1.0819930, 1.1117252, 0.9936449, 1.0707652, 1.0068082, 1.0732146, 1.3478720, 1.2122887, 1.7947011, 1.3412108, 1.4043009, 1.5033459, 1.5204014, 1.5670178, 1.7049418, 1.4007108, 1.8752307, 0.2298511
others
1.0094702, 1.0437825, 1.0218683, 1.0663054, 1.0313325, 1.0672909, 1.0875635, 1.1265483, 1.1295792, 1.0965735, 1.2287690, 1.1636814, 1.2471840, 1.1305179, 1.3185738, 1.2057235, 1.3535258, 1.3992769, 1.4880664, 1.4217214, 1.6330357, 0.2755264







