Log-Linear
0.1973757

Linear
1.234574

Multi-Linear
1.1149366, 1.0823378, 0.9789792, 1.0551995, 1.0058729, 1.0780330, 1.1918074, 1.3655383, 1.3694694, 1.4049496, 1.5955756, 1.5627050, 1.7023956, 1.3628980, 1.8555574, 1.4496650, 1.9166003

PBML
1000000
1.177099, 1.297660, 1.190649, 1.574289, 1.383345, 1.701904, 1.952588
1100000
1.159775, 1.171434, 1.375740, 1.811068, 2.083094, 2.023532, 3.838278
0000000
1.357835, 1.421140, 1.010211, 1.411544, 1.276410, 1.917169, 3.392477
others
1.292994, 1.170078, 1.124354, 1.163465, 1.144220, 1.238313, 1.373610

PBML_BP_Training_GroundTruth
1000000
1.0619828, 1.5430088, 1.2872749, 1.5559185, 1.4671142, 1.7456027, 1.9014269, 0.3233667
1100000
1.1059002, 1.1171646, 1.6205519, 1.7902457, 2.0593192, 1.8977517, 3.5552852, 0.3220494
0000000
1.2263919, 1.4428514, 1.0429145, 1.2761985, 1.3206338, 1.6059167, 3.1130931, 0.4231566
others
1.1538779, 1.1166885, 1.0891439, 1.1365905, 1.1126439, 1.1391029, 1.2682472, 0.4521772

PBML_BP_Training_Prediction_RandomForest
1000000
1.0744553, 0.9368054, 1.0228938, 1.1243083, 0.9573597, 1.1100624, 1.3313474, 1.3757807, 1.2952518, 1.3119599, 1.6092487, 1.4174218, 1.5904487, 1.5252600, 1.9448478, 1.6950142, 1.7070740, 0.2025220
1100000
1.0712023, 1.0958001, 0.7330279, 1.0633988, 0.9984797, 1.0101693, 1.3028269, 1.4215195, 1.6155109, 1.8250336, 1.9411708, 1.9120613, 1.8007974, 1.9021016, 2.0516225, 1.7734655, 1.8044268, 0.1735198
0000000
1.0250808, 1.0842767, 1.0515334, 0.6336986, 0.9304388, 1.2941584, 1.0944420, 1.6453701, 1.4364191, 1.9631289, 1.9488632, 1.6623564, 2.3448659, 1.9315923, 1.7889553, 1.6955371, 2.3260945, 0.2247623
others
0.9938692, 1.1363802, 1.0771994, 1.1200568, 1.0909560, 1.1483222, 1.2065773, 1.3053915, 1.3091635, 1.2761087, 1.4204461, 1.4513035, 1.5573125, 1.2231054, 1.6219434, 1.4235289, 1.9444944, 0.1945651







