Log-Linear
0.1174167

Linear
1.234574

Multi-Linear
1.0983617, 0.9858634, 0.9509791, 0.9820711, 0.9464736, 0.9936506, 1.0135293, 1.0487745, 1.0024052, 1.0124959, 1.1742874, 1.1104680, 1.1583824, 1.0544762, 1.3130357, 1.1067694, 1.1745954, 1.2092105, 1.4039462, 1.2357834, 1.3316136, 1.3622029, 1.5455035

PBML
1000000
1.177099, 1.297660, 1.190649, 1.574289, 1.383345, 1.701904, 1.952588
1100000
1.159775, 1.171434, 1.375740, 1.811068, 2.083094, 2.023532, 3.838278
0000000
1.357835, 1.421140, 1.010211, 1.411544, 1.276410, 1.917169, 3.392477
others
1.292994, 1.170078, 1.124354, 1.163465, 1.144220, 1.238313, 1.373610

PBML_BP_Training_GroundTruth
1000000
1.0619828, 1.5430088, 1.2872749, 1.5559185, 1.4671142, 1.7456027, 1.9014269, 0.3233667
1100000
1.1059002, 1.1171646, 1.6205519, 1.7902457, 2.0593192, 1.8977517, 3.5552852, 0.3220494
0000000
1.2263919, 1.4428514, 1.0429145, 1.2761985, 1.3206338, 1.6059167, 3.1130931, 0.4231566
others
1.1538779, 1.1166885, 1.0891439, 1.1365905, 1.1126439, 1.1391029, 1.2682472, 0.4521772

PBML_BP_Training_Prediction_RandomForest
1000000
1.0615430, 0.5351800, 0.9185922, 1.0016574, 0.9394476, 0.9670083, 0.9111448, 1.1761144, 1.0241396, 1.0629935, 1.1388552, 1.1921970, 1.1758362, 1.0575368, 1.5735025, 1.1965526, 1.3062440, 0.9051557, 1.3066365, 1.2386652, 1.4975522, 1.5682036, 1.9094907, 0.3205690
1100000
1.0754136, 1.0496237, 0.4838612, 0.8149959, 0.7535915, 0.8218266, 0.9397232, 1.0917204, 1.0485377, 1.0631491, 1.1855675, 1.2618898, 1.0585828, 1.1107127, 1.2469042, 1.3028614, 1.0999876, 1.2234006, 1.4248891, 1.0661558, 1.3562599, 1.7413845, 1.8877278, 0.1801917
0000000
1.0202444, 1.0115213, 1.0395089, 0.8686736, 0.9773880, 1.1203635, 0.9140780, 1.0386441, 1.0045359, 1.1059450, 1.2324570, 1.1946618, 1.5497882, 1.1245391, 0.9931819, 1.3153081, 1.2882109, 1.3072753, 1.5832372, 1.1543326, 1.4882711, 1.7582043, 1.8358902, 0.2287368
others
1.0108833, 1.0239509, 1.0215987, 1.0435076, 1.0155433, 1.0619502, 1.0670701, 1.0915672, 1.0639468, 1.0566530, 1.1629056, 1.1353142, 1.1762126, 1.0784376, 1.2115982, 1.1158200, 1.2576076, 1.2515012, 1.3587311, 1.2799208, 1.3076940, 1.3308341, 1.4556951, 0.2626388







