[1] 1
[1] 1
[1] 1
[1] 0.001
[1] 1
[1] 10445
[1] 1
[1] 1
[1] 2
[1] 0.01
[1] 2
[1] 10561
[1] 1
[1] 1
[1] 3
[1] 0.1
[1] 3
[1] 10908
[1] 2
[1] 10
[1] 1
[1] 0.001
[1] 4
[1] 10487
[1] 2
[1] 10
[1] 2
[1] 0.01
[1] 5
[1] 10928
[1] 2
[1] 10
[1] 3
[1] 0.1
[1] 6
[1] 10541
[1] 3
[1] 100
[1] 1
[1] 0.001
[1] 7
[1] 10576
[1] 3
[1] 100
[1] 2
[1] 0.01
[1] 8
[1] 10752
[1] 3
[1] 100
[1] 3
[1] 0.1
[1] 9
[1] 10327
[1] 4
[1] 1000
[1] 1
[1] 0.001
[1] 10
[1] 10849
[1] 4
[1] 1000
[1] 2
[1] 0.01
[1] 11
[1] 10339
[1] 4
[1] 1000
[1] 3
[1] 0.1
[1] 12
[1] 10178
[1] 5
[1] 10000
[1] 1
[1] 0.001
[1] 13
[1] 10812
[1] 5
[1] 10000
[1] 2
[1] 0.01
[1] 14
[1] 10034
[1] 5
[1] 10000
[1] 3
[1] 0.1
[1] 15
[1] 10110
[1] 6
[1] 1e+05
[1] 1
[1] 0.001
[1] 16

WARNING: reaching max number of iterations
[1] 10590
[1] 6
[1] 1e+05
[1] 2
[1] 0.01
[1] 17

WARNING: reaching max number of iterations
[1] 9835
[1] 6
[1] 1e+05
[1] 3
[1] 0.1
[1] 18
[1] 9932