[1] 1
[1] 1
[1] 1
[1] 1
[1] 1
[1] 10650
[1] 1
[1] 1
[1] 2
[1] 10
[1] 2
[1] 10555
[1] 1
[1] 1
[1] 3
[1] 100
[1] 3
[1] 10535
[1] 2
[1] 10
[1] 1
[1] 1
[1] 4
[1] 10625
[1] 2
[1] 10
[1] 2
[1] 10
[1] 5
[1] 10563
[1] 2
[1] 10
[1] 3
[1] 100
[1] 6
[1] 10541
[1] 3
[1] 100
[1] 1
[1] 1
[1] 7
[1] 10621
[1] 3
[1] 100
[1] 2
[1] 10
[1] 8
[1] 10564
[1] 3
[1] 100
[1] 3
[1] 100
[1] 9
[1] 10545
[1] 4
[1] 1000
[1] 1
[1] 1
[1] 10
[1] 10621
[1] 4
[1] 1000
[1] 2
[1] 10
[1] 11
[1] 10568
[1] 4
[1] 1000
[1] 3
[1] 100
[1] 12
[1] 10545
[1] 5
[1] 10000
[1] 1
[1] 1
[1] 13
[1] 10618
[1] 5
[1] 10000
[1] 2
[1] 10
[1] 14
[1] 10568
[1] 5
[1] 10000
[1] 3
[1] 100
[1] 15
[1] 10545
[1] 6
[1] 1e+05
[1] 1
[1] 1
[1] 16
[1] 10618
[1] 6
[1] 1e+05
[1] 2
[1] 10
[1] 17
[1] 10566
[1] 6
[1] 1e+05
[1] 3
[1] 100
[1] 18
[1] 10541