Log-Linear
0.3064035

Linear
1.234574

Multi-Linear
1.161242, 1.213789, 1.113899, 1.294116, 1.228609, 1.468656, 1.596782, 2.146889, 2.455075

PBML
1000000
1.177099, 1.297660, 1.190649, 1.574289, 1.383345, 1.701904, 1.952588
1100000
1.159775, 1.171434, 1.375740, 1.811068, 2.083094, 2.023532, 3.838278
0000000
1.357835, 1.421140, 1.010211, 1.411544, 1.276410, 1.917169, 3.392477
others
1.292994, 1.170078, 1.124354, 1.163465, 1.144220, 1.238313, 1.373610

PBML_BP_Training_GroundTruth
1000000
1.0619828, 1.5430088, 1.2872749, 1.5559185, 1.4671142, 1.7456027, 1.9014269, 0.3233667
1100000
1.1059002, 1.1171646, 1.6205519, 1.7902457, 2.0593192, 1.8977517, 3.5552852, 0.3220494
0000000
1.2263919, 1.4428514, 1.0429145, 1.2761985, 1.3206338, 1.6059167, 3.1130931, 0.4231566
others
1.1538779, 1.1166885, 1.0891439, 1.1365905, 1.1126439, 1.1391029, 1.2682472, 0.4521772

PBML_BP_Training_Prediction_RandomForest
1000000
1.0981059, 1.5911751, 1.1125094, 1.3164351, 1.3433597, 1.5320601, 1.6006977, 2.1938607, 2.1681576, 0.1570093
1100000
1.1278235, 1.1244228, 1.1940213, 1.3329566, 1.3704086, 1.3904058, 2.2889247, 2.7879782, 3.4788343, 0.1314889
0000000
1.4573596, 0.9983199, 1.0294220, 1.2220001, 1.1563089, 1.2480434, 1.8122482, 2.5332942, 4.4511361, 0.1892338
others
1.1543809, 1.2228305, 1.1256822, 1.1224990, 1.1324919, 1.2249547, 1.2122635, 1.3744851, 1.5509282, 0.1737234







