10
0	158865	336947	381145	393732	399385	403304	407909	413010	417404	422632	425742	427147	427425	427995	429318	432314	435992	437588	441050	441858	443085	445293	448380	449802	452243	453395	454184	454909	456246	457831

1010
0	156431	159539	159744	159947	160055	160123	201387	202278	202284	202395	202604	202767	202890	202893	202901	202920	202931	202938	202959	202977	202988	203065	203101	203110	203115	203161	203178	203189	203262	203306

101010
0	35549	38014	38249	38369	50198	50753	51300	51713	51996	52280	52423	52476	52511	52553	52605	52664	52709	52755	52806	67049	67125	67254	69030	69067	69100	69135	69160	69185	69203	69222
0	500	910	1102	1148	1175	1192	1492	1506	1514	1523	1530	1821	1829	1840	1848	1849	1853	1855	1866	1869	1873	1877	1882	1884	1884	1884	1884	1887	1889	1889
0	331	406	439	448	462	471	475	479	480	481	481	489	1149	1150	1164	1165	1167	1170	1170	1173	1787	1789	1795	1799	1801	1802	1802	1803	1805	1805


010


01010


0

