XMTM2MDkzMDQ2OA==	38	12	0	124	38	18	16	14	5	22	14	15	3	1	1	2	0	11	11	46	7	9	24	11	13	16	7	14	2	10
XMTM2MTQzNzQ5Ng==	1196	574	118	81713	36	46	52	78	48	214	261	93	24	22	35	33	14	14	17	17	34	45	40	5264	63	4	209	5	195	2
XMTM2MTQxNjYxNg==	27	35	36	4	0	1	2	0	0	0	0	0	0	0	0	0	0	0	1	2	0	0	0	0	0	1	0	0	1	3
XMTM2MTE3MjQ2NA==	27	634	413	87	137	78	54	77	51	76	60	110	44	50	68	7	38	55	23	58	25	50	56	12	1	34	21	36	58	22
XMTM2MDc1NTYyOA==	8	12	12	1	1	3	0	1	0	1	1	0	0	2	0	0	0	0	0	1	0	0	0	0	1	1	0	0	0	0
XMTM2MDg1NDUwMA==	2	0	5	67	49	37	32	10	4	12	1	0	2	3	0	2	9	4	0	33	1	8	0	5	2	1	3	15	0	1
XMTM2MTIyNDg5Ng==	56	17	48	45234	262993	241606	242724	294	7	90224	90348	70410	114352	47249	144	39	40181	50452	58471	35319	55088	107	89	45	89728	180257	84	182198	163	100
XMTM2MTMyNTAzMg==	2	0	0	0	2	0	0	0	0	0	0	0	0	0	0	0	0	0	0	0	0	0	0	0	0	0	0	0	0	0
XMTM2MTY3NDU3Ng==	8	3	0	331	19	7	9	3	3	1	0	1	0	0	4	0	1	4	1	3	0	2	1	0	0	4	0	7	0	0
XMTM2MTQ4NDMwOA==	3	1	0	2	0	1	0	2	0	1	0	1	0	0	1	1	0	0	1	2	0	1	0	0	0	0	0	0	1	0
XMTM2MDk0NzI0NA==	213	112	72	84	16	247	441	118	4052	14221	10903	13589	13127	12898	13780	12928	13369	12708	9987	14423	14118	19162	18719	24691	3775	20334	22449	23965	35532	29884
XMTM2MTI4MDQ2OA==	7	6	4	10	0	1	0	0	0	0	0	0	0	2	0	0	0	0	0	0	0	0	0	0	0	0	0	0	0	0
XMTM2MDc3NjgyMA==	48	14	6	1	0	190	89	1	5	0	14	27	5	2	0	2	9	6	0	6	0	0	1	1	0	1	1	0	0	0
XMTM2MTExOTcxNg==	86	67	100	670	363	397	416	572	418	675	348	821	396	434	345	140	445	1523	1939	2592	2399	3481	3653	1914	733	1748	2074	3900	3583	3429
XMTM2MDkxNDI1Ng==	323	336	24	84	3	693	650	197	79	37	22	31	0	38	19	8	9	5	14	9	7	9	4	0	9	0	5	15	61	116
XMTM2MTAxOTcwOA==	102	136	8	2	245	125	8	2	2	3	1	0	0	0	1	8	2	1	1	4	1	0	0	0	0	1	0	0	0	0
XMTM2MDg1NjQ3Mg==	8	6	5	2	2	4	11	6	3	5	4	0	0	1	0	3	5	0	0	21	6	2	5	2	3	8	6	10	8	5
XMTM2MTEwNDc1Ng==	2	1	0	4	43	16	4	12	1	4	1	0	3	0	0	1	0	14	0	0	0	0	1	1	0	3	92	12	1	2
XMTM2MTI2MTY1Ng==	7	8	2	2	40	64	140	221	225	78	55	57	93	100	148	93	259	1026	815	813	1112	1785	2069	1424	454	499	197	471	314	366
XMTM2MTM3ODAwNA==	8	1	0	4	0	0	0	0	0	0	0	0	0	0	0	0	1	0	0	0	0	0	0	0	0	0	1	0	2	0
XMTM2MTA3NDEwOA==	177	103	374	324	42	61	36	24	25	14	4	45	13	25	0	3	0	10	2	46	3	4	3	0	4	2	0	3	3	0
XMTM2MDc4MjI0NA==	52	35	14	50	10	5	6	0	2	5	17	14	23	36	9	3	1	21	3	56	12	14	17	16	2	24	18	58	25	12
XMTM2MTI0NTQ5Ng==	7	1	1	0	1	0	950	1489	86	34	10	1	3	9	3	0	2	7	7	67	1	4	3	1	2	1	2	0	5	2
XMTM2MTU3NTgyMA==	101	207	145	283	1183	985	485	71	31	16	30	59	44	21	28	12	5	2	3	0	0	1	0	0	2	2	2	6	7	0
XMTM2MTEwODQ4NA==	13	2	2	0	17	1236	1572	1305	1203	846	394	343	251	146	140	121	81	140	266	234	66	14	3	7	0	0	113	5	31	22
XMTM2MTE4ODI1Mg==	25	21	52	88	14	20	23	28	25	15	2	1	22	4	4	17	7	10	0	67	34	23	12	4	2	9	45	36	29	7
XMTM2MDk5MDU1Mg==	15	5	0	36	36	3	2	0	1	0	2	0	1	0	0	0	3	1	0	5	0	1	0	0	1	0	0	0	1	0
XMTM2MTE4NzE4MA==	6	2	13	15	1	0	0	1	0	0	0	0	0	0	0	0	1	0	0	0	0	0	1	0	0	0	0	0	0	0
XMTM2MTUxNTk2NA==	4	0	1	8	2	2	0	1	1	0	1	1	1	0	2	1	0	7	4	1	0	3	1	1	4	0	0	8	2	3
XMTM2MTE5NTA0OA==	3	13	0	21	9	2	1	0	0	0	0	0	0	0	0	1	0	0	0	0	0	0	0	0	1	0	0	0	0	0
XMTM2MTExODY2NA==	3	2	0	0	103504	3263	1822	891	711	810	398	632	428	238	274	244	453	189	152	141	43	43	62	32	29	75	35	69	60	45
XMTM2MDgyNjUzMg==	130	75	16	39	3	48	134	132	88	146	95	195	91	41	34	24	47	25	20	10	12	9	7	0	3	4	3	4	6	4
XMTM2MDg0MDQwMA==	175	62	27	17	2	49	156	671	190	2227	1222	324	165	242	325	296	486	331	225	205	408	175	193	183	141	303	138	197	134	152
XMTM2MDg0NTE0NA==	28	6	4	18	4	0	0	1	0	0	0	0	0	0	0	0	1	0	0	0	1	0	0	1	0	1	0	1	1	0
XMTM2MTM1NDY0MA==	38	52	38	1	7	0	262	264	986	171	13	3	0	5	4	3	30	33	15	129	13	6	3	1	0	6	5	0	1	5
XMTM2MDg1NjA3Mg==	136	53	5	30934	6	16	61	11	22	0	5	0	86	12	7	5	2	11	2	6	7	10	19	1931	4	4	1530	0	20	2
XMTM2MTM1MTE1Mg==	10	5	4	1	1	20	7	2	2	4	2	0	0	3	1	0	1	0	1	7	0	1	1	1	0	1	0	0	0	0
XMTM2MTE4ODc0OA==	83	36	5	4	170	325	52	34	34	27	12	4	6	7	11	4	1	3	2	98	13	8	5	3	3	3	0	4	4	15
XMTM2MTQ5NzA1Ng==	4	2	0	1	3	0	0	0	0	0	0	0	0	0	0	0	0	0	0	0	0	0	0	0	0	3	0	0	0	0
XMTM2MTIwMDk1Mg==	895	808	294	206	2749	1239	633	620	608	476	449	348	432	337	321	404	300	307	679	443	243	635	421	334	148	558	566	489	713	550
XMTM2MTMzNDM2NA==	50	18	10	736	23	52	41	8	1	8	26	24	12	11	14	10	24	3	8	171	31	31	381	532	38	789	38	38	9	5
XMTM2MDk4NzAwMA==	3	2	2	0	0	0	0	0	0	0	0	1	0	0	0	0	1	0	0	0	0	0	1	0	0	0	0	0	0	0
XMTM2MDkyOTUyOA==	152	59	2	4	167	1120	158	52	21	6	1	1	0	3	0	2	3	0	0	18	0	0	2	1	0	2	0	0	1	0
XMTM2MTQxNzI2NA==	100	165	132	23	4	7	1	1	1	0	0	0	1	1	2	1	0	0	0	0	0	0	0	0	0	1	0	0	6	2
XMTM2MTExMjA4MA==	8	2	1	0	0	1	39	0	0	0	0	0	0	0	0	0	0	0	0	0	0	0	0	0	0	0	0	0	0	0
XMTM2MTA5NTczMg==	320	89537	823	456	260	144	145	100	87	102	109	76	71	59	31	70	78	101	46	4	47	25	40	16	17	13	16	1612	1410	294
XMTM2MTExNjM2NA==	8	2	0	3	0	31	3	0	1	0	0	0	0	0	0	1	0	0	0	1	0	1	0	0	1	2	0	0	0	0
XMTM2MTQ1OTUwMA==	71	27	19	9	89	49	25	11	4	44	39	1	0	3	1	4	2	4	9	161	10	2	5	2	6	6	2	7	7	2
XMTM2MTE4NTg5Mg==	2	0	0	0	0	1	0	0	0	0	0	1	1	0	0	0	0	0	0	4	1	0	0	3	0	0	0	0	0	0
XMTM2MTE2MDA4OA==	7	1	0	27	4	1	0	0	0	0	0	0	0	0	3	7	1	0	0	0	0	0	1	1	0	0	0	0	0	0
XMTM2MTI1ODE0NA==	122	45	91	161163	823	409	353	65	37	15	4	39	55	51	45	44	48	41	30	32	28	26	47	31	19	25	5	19	20	28
XMTM2MTQwNDQwOA==	7	93	0	1	0	0	0	0	0	0	1	0	3	0	0	0	1	0	0	0	0	0	0	0	1	0	0	3	0	0
XMTM2MTU0NjUyOA==	30	38	58	31	73	176	72	77	88	140	89	103	147	124	103	117	104	155	96	79	68	9	11	3	15	5	6	9	8	3
XMTM2MTE4MjkzMg==	3	2	1	0	0	8	5	7	5	16	4	3	2	3	2	0	12	15	1	3	2	2	1	2	4	1	0	1	1	12
XMTM2MTIzNTI2NA==	38	329	1	1	0	0	0	0	0	0	0	0	0	0	0	0	0	0	0	0	0	0	18	19	10	0	7	5	8	0
XMTM2MTEzNDMyMA==	2	0	0	0	2	0	1	0	0	0	0	0	0	0	0	0	0	0	0	0	0	0	0	5	1	0	0	0	0	0
XMTM2MTMwMDgyNA==	428	464	222	1174	1434	587	517	449	284	369	169	109	190	116	159	161	187	109	95	86	124	137	147	95	68	127	89	129	150	94
XMTM2MTYxNjIwOA==	2	0	0	1	0	0	0	0	0	1	0	0	0	0	0	0	0	0	0	0	0	0	0	0	0	0	1	1	0	0
XMTM2MTE2MTQ3Mg==	149	70	7	101	4	0	11	49	40	10	0	6	0	3	0	4	1	4	0	8	0	3	0	0	0	0	1	0	1	0
XMTM2MDcyOTM4NA==	13	5	1	0	12	2	0	0	0	0	0	0	0	0	0	1	0	1	0	0	0	0	0	0	0	0	0	0	0	0
XMTM2MTA3OTgwMA==	7	3	1503	3	1	127	1	34	59	65	19	41	41	88	63	19	46	51	82	61	67	83	31	34	15	70	51	69	98	75
XMTM2MTMxOTY4NA==	213	89	12	231	8	2	0	0	0	0	0	0	1	2	0	0	1	1	0	0	0	0	0	1	0	0	0	0	20	6
XMTM2MDY3MDY0MA==	36	19	7	3	0	2	27	14	4	13	24	28	11	32	1	4	25	14	13	75	11	18	21	38	20	13	17	16	33	25
XMTM2MTAwNDUwNA==	57	416	402	585	29	1	13	16	6	19	19	6	2	6	11	9	42	62	21	50	0	19	1	10	10	2	10	22	15	17
XMTM2MTQyNDQyMA==	2	0	0	1	0	0	0	2	0	0	0	0	0	0	0	0	0	0	0	0	0	0	0	0	0	0	0	0	3	0
XMTM2MTMzNTkwMA==	3323	2789	11463	9878	6099	17944	2522	3857	641	1643	2459	1182	189	501	388	2387	1546	374	367	140	260	275	384	223	388	108	111	274	191	248
XMTM2MTAwNjQ3Mg==	149	56	63	527	18	1	9	11	6	6	5	1	0	0	0	7	8	1	0	13	0	4	0	2	1	1	0	3	5	2
XMTM2MTUyNjc5Ng==	2	0	0	0	0	1	0	1	0	0	0	0	0	0	2	0	0	0	0	0	1	5	1	1	0	0	0	0	5	0
XMTM2MTAyOTkxMg==	7	1	0	3	1	0	7	2	0	0	0	0	0	0	0	1	0	0	0	0	0	0	1	0	0	0	0	0	2	0
XMTM2MDczNTEwOA==	2	0	0	0	0	0	1	0	0	0	0	0	0	0	0	0	0	0	0	0	0	0	0	0	0	0	0	1	0	0
XMTM2MDk1Njk1Ng==	5	49	31	4	0	0	1	38	4	5	0	4	0	2	10	4	11	0	1	13	0	6	0	0	0	0	12	4	2	14
XMTM2MTQ2MTg2OA==	139	3027	139	40	45	22	24	14	1	17	2	24	31	20	15	11	9	9	9	56	15	18	27	4	1	19	9	18	8	10
XMTM2MDg5NTcwOA==	3	2	0	7	1979	5493	3253	3070	4029	2598	2028	3055	3087	3375	2554	3052	2430	1474	1383	1044	1195	918	1097	784	491	1017	505	705	849	794
XMTM2MDg2Nzc4NA==	11	8	0	2	0	95	15	5	4	12	2	0	1	0	1	1	1	1	0	15	1	0	1	1	0	1	0	1	0	0
XMTM2MDg0MTc5Mg==	2	0	0	549	1676	735	312	143	51	42	21	26	18	13	26	1	19	12	6	23	10	14	8	2	3	7	7	15	10	7
XMTM2MTA3NzEzMg==	2	0	0	0	0	0	1	0	0	0	0	0	0	0	0	0	0	0	0	1	0	0	0	1	0	0	0	0	0	0
XMTM2MDcwODE4MA==	42	15	10	8	2	86	71	38	21	12	6	0	2	2	0	1	2	4	0	32	0	0	1	2	0	1	2	2	1	0
XMTM2MTM3NTc0MA==	28	8	146	227	118	50	18	1	0	0	8	8	7	5	4	3	1	0	2	11	0	1	0	0	0	0	1	0	0	0
XMTM2MTE3MjkwNA==	738	288	105	545	12	15	24	11	4	2	0	1	0	2	2	1	1	12	10	0	0	1	0	0	0	2	0	0	6	0
XMTM2MTQ4MjM4MA==	25	19	8	23	1	1	1	0	0	0	1	0	0	0	0	0	0	1	0	1	0	0	0	0	1	0	0	0	0	2
XMTM2MDU1NjIyNA==	2	0	0	520	173	33	12	16	11	1	2	4	2	0	1	3	6	0	3	9	0	0	0	3	2	1	2	0	2	0
XMTM2MTA4OTgxMg==	163	49	0	1591	6	2	9	0	1	0	0	0	0	0	2	3	0	6	1	10	0	9	3	3	1	10	7	2	3	0
XMTM2MTY1MDQ0NA==	1	0	0	0	1	0	0	0	0	0	0	0	0	0	0	1	0	0	0	0	0	0	0	0	0	0	0	0	0	0
XMTM2MTM5ODQ0MA==	17	1	1	0	0	0	11504	0	8	2	4	11	4	6	8	3	6	3	3	19	2	19	10	1	2	1	4	2	6	8
XMTM2MTU0OTQ0OA==	8	16	2	0	0	54	2	0	0	0	1	0	1	0	0	0	0	0	0	1	0	1	0	0	0	2	0	0	4	1
XMTM2MDk5NDI4NA==	6	1	18	52	5	10	5	4	3	1	2	7	7	6	3	6	1	12	0	40	4	2	0	1	0	1	3	1	1	12
XMTM2MTYwMDAwOA==	2	2	3	0	0	0	0	1	0	0	1	1	0	0	0	0	3	0	0	2	0	1	0	0	0	0	0	0	0	0
XMTM2MTU3NTcwMA==	988	1923	1039	2667	8343	9456	4701	1582	578	594	294	597	468	753	319	329	107	136	111	158	189	73	74	104	164	211	196	164	223	1042
XMTM2MTIzMTA4OA==	9	3	13	58	23	32	1	5	4	1	0	4	0	3	1	1	1	0	1	19	2	2	1	2	0	0	2	1	0	0
XMTM2MDk2MDc4NA==	21	1	1	0	5	18	1	1	1	0	0	0	0	0	2	0	1	0	0	3	4	0	0	1	2	0	0	0	0	1
XMTM2MTM1Mjc5Ng==	1	0	0	0	0	1	0	0	0	0	0	0	0	0	0	0	0	0	0	0	0	0	0	0	0	0	0	0	0	0
XMTM2MDk1Nzk5Ng==	52266	326777	1521	1494	1459	1295	1102	1094	279	69	16	37	132	130	109	125	112	54	74	50	62	73	19	36	35	29	25736	211	443	388
XMTM2MTI2MTUyOA==	180	112	195	70	6729	21502	55	20	8	1074	1782	1857	2116	716	7	4	2	2	7	2	2	3	8	244	69	0	3	12	0	6
XMTM2MDk5MDAyNA==	233	97	45	2067	1077	210	5487	9023	6729	3819	810	186	138	1580	2491	3404	1294	319	173	187	1209	2852	3212	1576	184	433	196	488	1651	1344
XMTM2MTI1OTM3Mg==	12	9	4	6	72	104	191	295	260	106	121	84	129	124	266	140	1498	3698	2574	2707	3602	4425	6123	3938	1070	824	196	1430	581	255
XMTM2MDc2NTA2OA==	3300	1250	317	163	3215	1089	140	32	23	12	18	30	37	1	32	30	24	233	370	218	104	22	21	9	16	182	76	68	26	27
XMTM2MDkyNDM2NA==	2671	1235	181435	164654	35411	25968	18540	14302	11249	14205	7164	2235	2141	472	1554	1260	1794	1572	5427	3914	1110	896	726	1130	1262	810	231	718	453	379
XMTM2MDI0NDU3Mg==	7	1	0	0	0	39	11	4	0	1	0	1	0	0	1	14	3	0	1	7	1	0	0	0	0	1	0	0	0	0
XMTM2MDkxMTU3Ng==	74	22	51	30	16676	16239	7594	9486	5913	3162	2615	3402	3651	3018	3192	3227	2463	1689	960	1310	1448	1460	845	168	362	793	653	789	690	735
XMTM2MTQyODMyNA==	178	261	314	20	1	0	1	1	1	0	0	0	0	0	2	0	1	1	0	0	0	0	0	0	0	0	0	0	45	0
XMTM2MTcwNTA2OA==	6	1	2	2	0	0	10	4	1	0	0	0	0	1	0	0	0	0	0	1	0	0	0	1	0	0	0	0	0	0
XMTM2MTE3MDk4MA==	5	18	38	16	45	17	6	22	8	2	4	5	10	0	1	0	3	0	5	44	14	2	3	10	4	10	2	41	14	24
XMTM2MDg4MzgwOA==	466	339	186	1181	5086	5365	7010	7612	5378	4930	4102	4110	6053	7336	5925	4967	3720	3276	2607	3494	3648	7193	8157	3036	824	567	487	1771	781	12798
XMTM2MTIwNTA4OA==	1508	8632	7559	3249	173	541	440	547	449	564	377	343	357	232	670	760	757	332	124	117	138	382	726	227	332	261	357	195	184	287
XMTM2MDk3Nzk4NA==	332	166	49	66	3	81	433	49	51	37	47	49	59	17	67	60	22	53	74	124	113	101	246	87	89	155	76	187	83	104
XMTM2MTMzNzk4MA==	3	0	0	2	2	0	5	1	1	0	0	0	0	0	0	0	1	1	0	1	1	0	0	0	0	0	0	2	0	0
XMTM2MTEzNTAwNA==	9	6	0	17	19	9	0	0	0	0	0	0	1	1	0	0	0	2	0	3	1	0	0	0	2	22	1	221	36	15
XMTM2MTI5NTM3Mg==	64	85	11	519	510	333	630	820	592	226	189	179	399	361	727	388	1579	1373	228	115	271	340	443	295	174	319	58	453	623	727
XMTM2MTE2OTA1Ng==	1	0	0	1	0	0	0	0	0	0	0	0	0	0	0	0	0	0	0	0	3	0	0	2	0	0	0	0	0	0
XMTM2MTU0NjgzMg==	11	12	2	1	8	590	0	0	1	0	0	0	1	0	0	5	0	1	0	1	0	0	1	0	0	32	15	4	0	1
XMTM2MTE0MDA2OA==	99	45	12	249	62	33	19	10	10	7	9	0	1	1	2	2	4	2	2	28	1	5	1	4	1	1	0	7	1	3
XMTM2MTY0MTQ4MA==	3	15	0	0	0	0	0	0	0	0	0	0	0	0	0	1	0	0	0	0	0	0	1	0	3	0	0	0	0	0
XMTM2MDkzOTkwOA==	72	40	825	1630	1014	1152	831	888	918	724	535	853	1002	620	343	485	260	368	9	195	211	8	104	21	184	78	132	47	13	138
XMTM2MTI2MzA2OA==	10	7	4	1	23	34	112	173	151	85	84	67	58	61	97	53	214	563	597	494	989	1609	1692	550	138	285	471	113	548	325
XMTM2MTMwMzA0MA==	4	2	1	0	0	6	19	1	1	0	34	0	29883	428	451	65	1	2	1	1	0	0	1	6	101013	120	611	3	159	0
XMTM2MTMxNDY2OA==	434	169	52	11996	22	22	21	4	1	5	1	3	6	2	0	2	1	1	1	36	7	44	98	5	4	7	6	11	30	7
XMTM2MTAxNjg2MA==	12	4	0	3	0	24	4	4	3	0	1	0	4	1	1	0	2	2	0	7	1	3	4	1	0	0	0	0	1	3
XMTM2MTMzMTI5Ng==	5	5	1	0	885	561	232	104	91	97	54	6	39	13	22	3	179	42	0	1	1	3	0	4	3	1	3	0	53	4
XMTM2MTI1NzUxMg==	14	6	0	23	1	1	0	3	1	1	0	0	1	0	1	1	1	0	0	7	1	1	0	1	1	0	0	1	2	1
XMTM2MDkwMjQyNA==	2	0	1	2	2	4	0	0	0	0	0	0	0	0	1	0	0	0	1	0	0	0	0	0	0	0	0	0	0	0
XMTM2MTEwNDA4NA==	4	4	1	4	1	0	0	0	2	0	0	1	0	0	0	0	0	1	0	1	0	0	1	0	1	2	0	0	1	0
XMTM2MDg1NTcxNg==	2	0	0	0	0	0	1	0	0	0	0	0	0	0	0	0	0	0	0	0	0	0	0	1	0	0	0	0	0	0
XMTM2MTUzODIyOA==	4	1	0	0	0	1	13	0	0	0	0	0	0	0	0	0	0	0	0	0	0	0	0	0	0	0	0	0	0	0
XMTM2MTQxODQzMg==	45	24	6	4	0	66	55	57	1	2	0	0	1	0	0	0	0	0	0	6	1	1	1	0	0	0	1	0	1	0
XMTM2MDk4NzUyNA==	18	64	62	41	0	2	0	0	0	1	0	1	0	0	0	0	0	0	0	0	0	0	0	0	0	2	0	0	2	0
XMTM2MTM5OTQ3Mg==	11	14	14	13	188	32	19	12	8	24	38	25	7	5	15	14	18	20	22	44	12	23	15	12	13	25	0	11	13	13
XMTM2MTY5MDg0MA==	2	0	0	0	0	1	0	0	0	0	0	0	0	0	0	0	0	0	0	0	0	0	0	0	0	0	0	0	0	0
XMTM2MTMzMDExNg==	193	133	33	31	11	28823	55475	60411	58390	78943	57753	62434	61965	82111	70531	66407	75634	70118	5451	127985	73263	78616	63752	19669	5263	34315	874	123861	102374	326218
XMTM2MDk1NDgxMg==	8	11	105	49	35	32	167	67	29	14	6	7	0	0	4	2	16	2	3	38	4	1	0	0	2	0	2	1	1	0
XMTM2MTMxMDQyMA==	25	10	10	1	0	0	36	22	1	0	0	0	0	0	0	1	0	0	0	0	0	0	1	0	0	0	0	0	0	0
XMTM2MTAyMjM4MA==	16	9	3	6	6	8	20	12	3	6	1	5	0	3	4	0	3	2	0	13	8	3	1	1	2	3	1	1	7	5
XMTM2MTYwNTA4MA==	25	129	0	0	1	0	0	0	0	1	2	2	0	0	0	0	0	0	0	0	0	0	14	1	4	1	2	6	4	0
XMTM2MTQzNzgwOA==	1489	712	116	310	15	37	2393	721	352	407	337	291	606	546	522	472	826	8	1	6	8	1	1	0	7	14	7	14	6	11
XMTM2MTQ3NzM1Mg==	159	41	1	1	0	171	16	0	0	0	0	1	0	0	0	0	0	1	0	0	2	1	0	4	1	1	1	1	5	1
XMTM2MTI0NDE1Mg==	2	0	0	0	2	0	1	0	0	0	0	0	0	0	1	3	0	1	0	0	0	4	0	0	0	0	0	0	0	0
XMTM2MDk4NjgzNg==	1634	1634	821	799	8067	2400	380	190	128	189	166	130	177	178	143	138	98	51	45	34	36	38	14	13	17	26	25	34	27	17
XMTM2MDcyNDIyOA==	2	0	0	1	0	0	0	0	0	0	0	0	0	0	0	0	0	0	0	0	0	0	0	0	0	0	0	0	0	0
XMTM2MTA2OTE2MA==	53	36	9	11	329	178	80	42	20	35	15	1	1	0	2	7	1	0	2	81	2	2	1	0	4	3	6	2	0	3
XMTM2MTA1ODMzMg==	5	1	0	0	0	3	0	0	0	0	0	0	0	0	0	0	0	1	0	0	0	0	1	0	0	0	0	0	1	2
XMTM2MTE4ODA5Mg==	1762	907	5484	8548	1768	781	705	705	276	177	117	108	16	648	622	372	192	223	128	284	223	144	98	93	49	101	45	547	151	110
XMTM2MTI2NjI2OA==	10	9	4	12	21	35	59	142	84	55	40	28	60	64	110	57	80	257	270	188	367	629	887	590	254	370	74	297	174	192
XMTM2MTY5Njg4MA==	9	5	0	12	1	2	0	9	24	0	0	1	0	0	0	0	0	0	0	0	0	1	0	0	0	0	0	0	0	1
XMTM2MDQ0MzUwOA==	1	0	1	0	80	110	187	425	612	827	1206	1055	1283	1298	1107	1310	1649	1309	626	1995	735	769	816	671	344	585	655	752	604	579
XMTM2MTE2NDg4MA==	11	2	2	238	1401	773	829	929	700	987	747	1325	910	35	9	129	82	62	44	59	151	45	75	11	17	9	10	1681	1455	542
XMTM2MTI2NTYxNg==	9	22	3	0	14	34	68	174	137	52	43	56	53	43	89	58	119	269	323	407	513	991	1087	311	96	239	247	231	365	273
XMTM2MDkwNDQ0MA==	7819	8977	4883	15145	11986	3028	289	276	93	65	280	256	164	180	128	119	545	26	90	58	25	17	51	145	35	99	24	30	1	213
XMTM2MTMzMTkxNg==	18	13	1	1602	17	3	3	3	4	4	6	1	0	95	1	1	0	122	16	118	2	3	998	1190	76	1723	4	9	6	11
XMTM2MTAxMzUxMg==	17	11	3	15	795	1991	1109	220	138	178	173	116	1	60	2	12	7	3	9	614	65	44	99	48	16	124	77	93	52	38
XMTM2MTA3MTA1Mg==	33	18	11	53	13	12	10	20	16	17	6	17	23	11	0	2	20	1	5	104	14	7	4	9	10	16	10	26	17	10
XMTM2MTA5NDQzNg==	348	141	25	16	20	6	10444	48	56	29	30	28	39	35	67	176	49	74	39	36	107	132	50	17	10	10	41	73	135	104
XMTM2MTEzOTYyMA==	50	24	1	0	49	7	1	2	1	2	0	2	1	0	0	0	1	0	0	8	1	0	0	0	1	0	1	3	0	0
XMTM2MTI2OTU1Mg==	2	9	3	4	17	43	58	152	112	78	23	60	52	58	40	104	55	120	151	463	334	599	808	152	183	172	206	256	277	203
XMTM2MTEwMDAwNA==	1	1	0	0	0	1	0	0	0	0	0	0	0	0	0	0	0	0	0	0	0	0	0	0	0	0	0	0	0	0
XMTM2MTYzNTQ1Mg==	170	1931	1359	887	3314	2157	1506	1121	977	416	247	423	265	399	417	242	259	221	163	212	171	192	165	118	102	168	123	123	91	132
XMTM2MTYxNTYyOA==	57	395	9	5	15	2	3	0	1	6	4	0	2	4	0	5	1	1	5	10	1	1	0	1	0	1	1	2	7	14
XMTM2MDczMDc3Ng==	16	4	2	2	1	0	17	8	10	8	2	1	0	0	1	0	1	1	0	6	0	1	0	1	1	1	0	0	0	2
XMTM2MTEwMjcxMg==	3	1	0	50	4	3	4	38	5	1	1	4	2	2	1	4	5	14	7	36	3	0	9	3	4	9	1	1	8	5
XMTM2MTM1MTk0OA==	3	7	1	3	0	8	2	0	0	0	1	0	0	0	0	8	0	0	0	2	0	1	0	0	1	1	0	0	0	1
XMTM2MTA5ODcyNA==	69	86	40	234	869	323	147	55	65	37	28	30	2	1	2	3	13	1	2	127	16	10	13	8	7	6	9	14	3	7
XMTM2MTE0NTY4NA==	21	10	1266	3	7	9	3	0	0	0	2	3	0	0	3	1	0	0	0	0	0	0	0	1	216	13	4	0	27	5
XMTM2MDc0NTc0OA==	208	31	49	10	1575	2715	354	282	56	45	49	129	35	27	34	30	3	22	20	9	16	27	16	17	8	19	11	25	13	35
XMTM2MTUzNDg3Ng==	6	54	1	0	0	0	0	0	0	0	0	0	0	0	0	0	0	0	0	0	1	1	15	3	1	2	0	0	1	0
XMTM2MDg1OTY4NA==	120	100	93	1301	1684	561	419	192	93	214	35	103	93	132	4	27	41	82	45	117	50	59	322	168	46	95	95	62	48	49
XMTM2MTAxMTA2NA==	529	468	170	578	1540	986	831	862	672	396	218	588	564	286	821	102	525	391	126	730	562	454	536	344	136	367	347	505	551	361
XMTM2MDk0NzEzNg==	502	371	656	10804	1877	836	408	24	25	13	12	1	16	1	22	2	1	3	68	4	8	5	2	1	3	1	2	11	19	55
XMTM2MDYxOTAyMA==	13	14	6	0	53	81	18	34	9	3	0	0	0	0	0	2	0	0	0	3	0	0	0	0	0	1	0	0	0	0
XMTM2MDk2NTMyNA==	5	1	0	1	0	0	8	4	2	0	0	0	0	1	0	0	0	0	0	0	0	0	0	0	1	0	0	0	0	0
XMTM2MTI5MTU3Mg==	4	6907	12560	675	5	129	312	113	70	50	45	68	66	70	94	85	48	36	45	43	41	31	38	26	9	30	10	26	19	12
XMTM2MTI3MjI5Mg==	5	10	2	1	52	47	131	395	147	85	37	60	68	59	73	84	28	143	165	275	210	564	766	181	74	283	76	184	238	206
XMTM2MTM3ODYxMg==	414	377	113	97	15	27	588	110	30	44	56	40	41	44	18	11	3	10	4	44	19	38	14	7	2	14	5	10	14	7
XMTM2MDkxMzczNg==	3370	3052	64450	89	102	83	29	19	16	8	15	105	7	24	25	6	1	108	4	10	6	32	22	5	14	11	4	16	15	12
XMTM2MTA4MTQ0MA==	449	467	27	62112	542	106	193	860	236	69	62	87	107	128	209	156	55	51	36	51	104	336	250	79	35	87	17	258	126	93
XMTM2MDc0OTE5Mg==	106	42	11	206	183	34	27	61	23	16	6	17	16	2	21	25	6	14	0	59	10	12	10	11	4	2	12	7	15	21
XMTM2MTczNzc3Ng==	2	17	11	5	2	0	0	2	0	0	0	0	0	0	0	1	0	0	0	0	0	0	0	0	0	0	0	0	0	1
XMTM2MDg3OTk4NA==	12	0	2	1	0	1	7	0	0	1	0	0	1	1	0	0	0	1	1	3	0	0	0	0	0	0	1	1	0	0
XMTM2MTU4MDM2OA==	85543	114218	1204389	1494981	140753	1015604	38838	30608	22967	13950	9789	12892	13284	1527950	12101	9067	6066	5007	5597	4715	4918	6886	5736	3305	2123	4574	3844	5141	3346	3590
XMTM2MTA1NDU2NA==	42	50	28	15	11258	19	53	33	53	37	17	10	28	38	32	32	36	24	21	21	22	37	32	21	23	47	25	34	45	38
XMTM2MTE2NTc0NA==	1	0	0	1	0	0	0	0	0	0	0	0	0	0	0	0	0	0	0	0	0	0	0	0	0	0	0	0	0	0
XMTM2MDgxNDcwNA==	97	36	24	14	0	146	404	89	34	22	12	31	5	2	71	32	267	9	40	69	18	73	80	24	19	35	26	72	82	52
XMTM2MTI3MDI5Mg==	7	14	7	5	3	42	57	141	73	86	28	35	50	57	50	79	19	161	204	368	282	658	799	191	53	203	168	198	290	195
XMTM2MDg5NDg5Ng==	31	11	0	263	11	6	0	460	24	16	1	2	0	0	1	0	0	1	3	19	16	7	3	2	1	0	1	0	1	1
XMTM2MTI4ODEyMA==	791	386	145	170	19	68	666	1020	946	620	1259	789	906	1513	3155	2921	1942	2300	2374	2412	2948	10874	6201	1777	1562	1904	1345	2851	3455	2653
XMTM2MTE4NjYxMg==	1	0	0	0	1	0	0	0	0	0	0	0	0	0	0	0	0	0	0	1	0	1	3	0	0	0	0	0	0	0
XMTM2MTE0OTk4NA==	3	50	5	0	0	0	0	0	1	0	0	0	4	1	0	2	2	0	0	0	1	1	0	0	0	0	0	0	10	0
XMTM2MTI3MTEyMA==	6	34	0	0	0	0	0	0	0	0	1	1	0	0	0	0	1	0	0	0	0	0	0	0	0	1	0	3	1	0
XMTM2MDgzODk5Mg==	334	79	20	33	1	305	85	12	8	23	8	0	16	2	3	4	16	18	1	70	3	5	5	0	1	6	8	6	6	0
XMTM2MDc0NjI2MA==	2	0	1	0	5	0	4	0	0	1	0	0	0	0	0	0	0	0	2	0	0	0	0	0	0	0	1	0	1	0
XMTM2MTM5MTI5Ng==	27	6	2	4	0	0	30	6	0	7	8	0	1	1	1	0	0	0	0	21	3	0	2	1	0	6	0	2	3	0
XMTM2MTMyMzU0OA==	4	1	0	732	324	52	39	39	12	50	1	6	10	0	0	6	7	12	0	150	12	2	19	21	3	26	10	17	31	5
XMTM2MDcxMzYwNA==	67	24	1	2	0	31	155	127	67	70	5	8	15	2	6	19	38	23	14	67	7	1	6	3	2	25	5	4	5	3
XMTM2MTMyMDU2NA==	4	1	0	4	2	1	0	0	1	0	0	1	0	0	0	0	0	0	1	1	4	2	0	0	0	0	0	0	0	0
XMTM2MTQzOTkwNA==	44	30	12	60	95	9	36	35	7	7	7	1	1	3	0	2	1	1	0	34	0	1	2	2	3	3	4	47	29	10
XMTM2MDk1Njk0NA==	3	0	0	1	39	5	1	3	0	4	2	2	1	2	0	1	0	0	1	8	3	0	1	0	2	3	0	1	0	0
XMTM2MDYzMzc1Mg==	3	2	4	0	0	1	5	3	13	5	1	1	0	2	0	0	0	1	1	9	0	1	1	1	0	1	0	0	2	5
XMTM2MDk1NjM5Mg==	6	1	0	0	0	4	0	0	0	0	0	0	0	0	0	0	0	0	0	0	0	0	0	0	0	0	0	0	0	0
XMTM2MTQ1MDI0MA==	2	0	0	0	0	0	1	1	4	0	0	0	0	1	0	2	0	1	0	1	0	0	0	1	0	0	1	0	0	0
XMTM2MTI0NTI1Mg==	70	0	22	0	1	0	75	36	7	7	0	1	0	4	0	2	7	2	0	15	1	1	0	0	0	2	0	1	1	1
XMTM2MTQ3MjM0OA==	24	51	20	1	3	0	106	16	37	7	0	0	1	3	2	7	2	2	0	14	4	1	0	2	0	2	1	0	2	1
XMTM2MDk2Nzc1Ng==	17	4	14	22	6	10	0	7	0	0	0	0	0	0	0	0	0	0	1	0	0	0	0	0	0	0	0	0	0	0
XMTM2MTI2NzI1Mg==	16	0	3	1	0	0	387	0	1	2	2	3	5	4	0	9	0	2	0	0	0	0	0	0	0	0	697	208	52	3
XMTM2MTIwNDkyOA==	2	0	0	0	0	3	0	0	1	0	0	0	0	0	0	0	0	0	0	0	0	0	0	0	0	0	0	0	0	0
XMTM2MTAyNzA2OA==	18	5	56	89	125	30	10	11	1	8	0	0	2	1	1	2	2	0	5	19	5	3	2	0	0	1	1	2	2	0
XMTM2MDg4NTk5Ng==	16	9	2	11	8	50	17	13	19	11	3	0	2	3	1	1	2	1	0	37	5	3	2	3	3	23	13	16	5	2
XMTM2MDg4MzEyMA==	2	0	0	2	0	0	0	0	0	1	0	0	0	1	0	0	0	0	0	1	0	0	0	0	0	0	0	1	0	0
XMTM2MTIxMDAzNg==	1	0	0	1	0	0	0	0	0	0	0	0	0	0	1	0	1	0	0	0	0	0	0	0	0	0	0	0	0	0
XMTM2MDkzMDc2NA==	19	5	1	13	4	2	0	4	2	2	2	3	1	1	2	1	2	0	1	13	0	0	3	1	0	0	0	1	0	1
XMTM2MTM5MTYzMg==	431	492	220	16	55	5	600	1090	42	45	45	37	6	28	33	61	31	52	51	27	3	7	0	25	42	41	797	210	99	9
XMTM2MTQzOTc5Mg==	5	2	3	6	1	0	0	0	0	0	0	0	0	0	0	1	0	0	0	0	0	0	0	0	0	0	0	0	0	0
XMTM2MTExNjY2NA==	7	3	0	1	10	0	0	1	0	0	0	0	0	0	0	0	0	0	0	0	0	0	0	1	0	0	0	0	5	0
XMTM2MTY0MDUyNA==	211	278	130	135	2115	1991	2013	2214	2092	1679	1263	1736	1733	1552	1620	1102	544	135	207	82	129	213	427	71	113	114	114	37	83	113
XMTM2MDgzODgzMg==	1513	482	32	223	2016	90	25	49	63	38	0	5	40	10	9	0	5	12	17	127	15	14	40	8	5	31	2	18	20	35
XMTM2MTUzMzg1Mg==	80	119	73	30	198	56	13	2	0	0	1	0	0	0	1	0	6	2	0	1	0	0	0	1	2	0	0	13	27	1
XMTM2MTAwMTYxMg==	4	1	0	4	1	0	0	0	0	0	0	0	0	0	0	0	0	0	0	0	0	0	0	0	0	0	0	0	0	0
XMTM2MTI0NDczMg==	3	0	1	1	0	0	2	0	0	0	0	0	0	0	0	0	0	0	0	0	0	0	0	0	0	0	0	0	0	0
XMTM2MDc0OTk1Mg==	591	166	16	22	1437	1002	109	39	18	39	15	15	8	9	29	9	12	3	6	58	24	6	19	3	9	1	8	11	5	14
XMTM2MTU2ODcxMg==	867	969	626	307	27136	14639	133	185	4	291	99	54	72	4	91	41	65	64	99	74	17	57	30	32	16	11	369	17	5793	112
XMTM2MTAxOTE2OA==	4	1	0	1	0	1	3	0	0	0	0	0	0	0	0	0	1	2	0	0	0	0	0	0	0	0	2	1	0	0
XMTM2MTI3NTAzNg==	3261	1906	3065	22654	386	1925	2482	1816	1677	2176	1613	1555	1815	1497	988	1773	2497	4661	1068	1466	1127	1364	1528	1014	582	911	1056	1091	999	982
XMTM2MTUwNjQ2NA==	112	55	22	21	1	190	305	257	187	209	175	166	170	141	20	140	33	67	28	504	81	132	33	107	64	64	55	125	60	89
XMTM2MDkzNTQ2OA==	37	26	41	72	7	19	13	14	9	19	18	0	1	5	2	5	5	17	8	49	4	7	12	3	16	11	8	8	4	2
XMTM2MTI0NzAyOA==	2	0	0	0	1	0	0	0	0	0	0	0	0	0	0	0	0	0	0	2	0	0	0	0	0	0	0	0	0	0
XMTM2MDk5MjUyMA==	83	32	1238	0	5	1	2	0	1	12	0	1	0	1	3	3	3	0	1	31	0	6	2	0	2	3	1	1	0	0
XMTM2MTEwOTQ2MA==	8	1	3	0	7	2	0	0	0	0	0	0	0	0	0	0	0	0	0	0	0	0	0	0	0	3	0	0	0	0
XMTM2MTIyNTUyNA==	4	0	0	3	5	0	0	0	0	0	0	0	0	0	0	2	1	0	0	0	0	0	1	3	0	1	1	0	0	3
XMTM2MTE0OTM2NA==	5	3	0	1	0	34	12	1	4	0	0	0	0	0	0	1	0	0	0	0	0	0	0	0	0	0	0	0	0	0
XMTM2MDg5Nzk0OA==	150	49	10115	8893	27	32	40	60	4	18	0	67	14	24	14	10	3	3	15	27	23	5302	10921	3554	6213	3506	299	29705	189	229
XMTM2MDk5NjMwNA==	141	78	34	141	27	21	21	15	16	7	1	0	1	0	1	1	2	6	0	15	3	3	0	0	2	0	1	1	2	1
XMTM2MTQ3NTkxNg==	305	188	21	21	15381	4212	942	425	605	559	447	466	604	0	3	10	7	2	0	23	9	11	7	1	2	17	7	25	6	5
XMTM2MDk5Nzk3Mg==	6	2	6	4	7	5	35	49	4	43	25	9	5	0	35	35	36	65	54	188	97	3	93	14	4	0	19	23	25	33
XMTM2MTYwMDc2NA==	3	2	2	0	22	1	1	0	1	0	0	0	0	0	0	1	0	0	0	1	0	1	0	0	0	0	2	0	0	0
XMTM2MDk1MDI5Ng==	14	2	2	8	0	0	1	0	0	4	0	1	0	0	0	0	1	0	1	2	5	0	0	0	0	0	0	1	0	0
XMTM2MTQ4NzE0NA==	239	1718	6	9	5	3	0	5	4	5	1	2	14	2	1	0	1	0	0	3	1	0	13	17	8	40	12	8	13	2
XMTM2MTMyODY0MA==	9	20026	1	1	1	0	0	0	0	0	0	1	1	0	0	0	0	0	0	0	0	0	0	1	0	0	100	4	3	0
XMTM2MDY2MDI2MA==	7	2	1	1	0	15	0	0	11	0	0	1	0	0	0	0	1	0	0	1	0	0	0	0	0	0	0	0	0	1
XMTM2MTExNzM3Ng==	34	21	24	45	9	7	6	18	3	11	16	5	2	8	4	5	0	0	2	28	0	1	1	1	2	1	0	2	7	0
XMTM2MDkyMjQ0OA==	101	36	1	4	244	186	38	11	10	32	3	15	7	9	1	9	2	29	0	93	5	3	3	6	52	17	3	6	1	7
XMTM2MTY3ODU5Ng==	1	0	0	1	0	0	0	0	0	0	0	0	0	0	0	1	0	0	0	0	1	0	0	0	0	0	0	0	0	1
XMTM2MDY2NzYwNA==	6	16	17	10	0	0	0	0	0	0	0	0	1	0	0	0	0	0	0	0	0	0	0	0	0	0	0	0	0	0
XMTM2MDY4OTU4OA==	2	1	0	4	0	0	0	0	0	0	0	0	0	0	0	0	0	0	0	0	0	0	1	0	0	0	0	0	0	0
XMTM2MTU3OTc3Ng==	78	19	2	547	1659	553	402	185	99	65	82	33	53	21	10	27	22	5	6	97	9	19	0	14	2	6	0	28	14	13
XMTM2MDcyOTg1Mg==	13	6	0	25	13	7	5	5	8	1	1	0	2	0	1	1	1	0	0	10	1	8	2	4	1	2	3	2	2	5
XMTM2MDc0MzU3Mg==	656	317	59	88	3060	541	47	64	0	3	5	5	2	3	4	1	2	12	6	51	18	4	3	2	1	4	1	3	49	7
XMTM2MTIzNjg0OA==	9	3	0	0	10	3	0	0	0	0	0	0	0	1	0	0	0	0	0	0	0	0	0	0	0	0	0	0	0	0
XMTM2MTIwODQ4MA==	18	11	7	24	0	3	7	1	0	2	2	1	1	1	1	0	1	3	5	18	1	1	0	3	1	2	1	16	3	2
XMTM2MDk4MDM3Mg==	286	125	74	124	596	1465	1306	123	28	1	77	39	4	33	86	111	154	201	12	62	35	27	79	59	52	95	47	85	59	48
XMTM2MTM1OTI5Ng==	2	0	0	0	0	1	0	0	0	0	0	1	0	0	0	0	0	0	1	0	0	0	0	0	0	0	0	0	0	0
XMTM2MDkzNTc0OA==	27	37	40	76	10	17	12	17	10	17	19	1	2	9	1	2	3	19	10	48	6	7	12	1	21	11	4	7	6	1
XMTM2MTI3MDkyMA==	4	11	4	15	3	36	59	114	118	40	13	68	44	45	87	70	28	150	93	362	257	578	743	181	62	185	187	227	228	231
XMTM2MTExODc2NA==	6	4	4	0	0	0	0	0	0	0	1	0	1	0	1	0	0	0	0	0	0	0	0	0	0	0	0	1	0	0
XMTM2MTEwMjk0OA==	18	31	12	5	1	47	62	51	37	40	21	35	42	27	15	17	0	3	8	15	19	14	10	16	2	4	25	32	19	28
XMTM2MTM3NjA3Ng==	1	0	0	0	0	1	0	0	0	0	0	0	0	0	0	0	0	0	0	0	0	0	0	0	0	0	0	0	0	0
XMTM2MTI0ODEzMg==	1	0	0	1	1	0	0	0	0	0	0	0	0	0	0	0	0	0	0	0	0	0	0	0	0	0	0	0	0	0
XMTM2MTA3OTAwOA==	11	1	4	7	22	2	2	0	0	1	0	0	0	1	0	1	0	1	0	1	0	0	2	4	1	1	0	0	3	0
XMTM2MTQyNTQzMg==	1	0	0	1	0	0	0	0	0	0	0	0	0	0	0	0	1	0	0	0	0	0	0	0	0	0	0	0	0	0
XMTM2MTUwMjYzMg==	17	308	32	0	0	1	2	0	2	1	1	0	0	1	0	0	5	1	0	3	0	3	0	4	1	0	0	0	1	0
XMTM2MTQ2OTM5Ng==	141	56	10	3	6	3	616	289	104	59	62	57	55	11	7	17	11	17	1	7	4	0	0	1	4	0	1	1	4	1
XMTM2MTAzODc3Ng==	1	0	0	1	0	0	0	0	0	0	0	0	0	0	0	0	0	0	0	0	0	0	0	0	0	0	0	0	0	0
XMTM2MTMwMjY4MA==	199	115	2	38	19	0	352	633	355	112	8	0	1	12	26	6	27	30	7	86	0	2	0	1	2	0	3	15	5	0
XMTM2MTExMzgxNg==	2	0	0	1	0	0	0	0	0	0	0	0	0	0	0	0	1	0	2	2	0	1	0	0	0	1	0	0	1	0
XMTM2MDg1MDk2OA==	23	9	4	6	46	13	3	1	5	4	0	1	1	1	1	2	1	0	1	8	0	1	1	0	0	0	1	0	0	0
XMTM2MTEzMzMzNg==	67	57	34	21	1	147	80	73	50	100	40	47	58	2	23	46	29	20	2	210	57	110	67	33	34	102	33	38	42	36
XMTM2MDg3NzIwMA==	530	212	36	119	682	441	140	46	52	16	39	35	100	53	51	14	5	11	2	118	28	25	36	20	8	82	19	49	16	21
XMTM2MDg2MjQzNg==	20	1	126	2	2	2	0	1	2	0	2	0	0	0	20	0	1	1	1	1	1	1	0	5	8	86812	3	74	2	29
XMTM2MTAxNTQ3Ng==	34	2	7	0	1	0	37	1	7	1	0	0	1	0	0	0	1	0	2	0	0	0	0	1	0	0	0	0	0	0
XMTM2MTY5MDA5Mg==	9	5	0	2	0	8	2	0	1	0	0	0	0	0	0	0	0	0	0	0	0	0	0	0	0	0	0	0	0	0
XMTM2MTI2Mzc4NA==	13	21	3	2	20	43	106	178	168	65	37	91	53	44	89	33	142	529	236	864	227	1664	1547	521	98	322	341	292	403	349
XMTM2MTU5NzE2OA==	81	55	11	4	0	98	23	3	3	2	1	0	0	1	0	1	0	8	1	0	1	0	1	12	0	12	0	0	0	0
XMTM2MTI1MTk4NA==	5	7	6	0	0	0	0	0	0	0	0	0	1	0	0	0	0	0	0	0	0	0	0	0	0	0	0	0	1	0
XMTM2MTM0OTM1Ng==	14	6	8	8	24	42	12	16	7	26	0	5	2	0	4	1	4	0	1	52	0	4	9	4	2	4	5	3	6	4
XMTM2MDc1MzQ0OA==	4	0	0	3	0	0	0	0	0	0	0	0	0	0	0	0	0	0	0	0	0	0	0	0	0	0	0	0	0	0
XMTM2MTE4MjIwMA==	1	0	0	1	0	0	0	2	1	0	0	0	0	0	0	0	0	0	0	0	0	0	0	0	0	0	0	0	0	0
XMTM2MTY1NDQxMg==	1	0	0	1	0	0	0	0	0	0	0	0	0	0	1	0	0	0	0	0	0	0	0	0	0	0	0	0	0	0
XMTM2MDkxNDM2MA==	2	0	0	0	1	0	0	0	0	0	0	3	0	0	1	1	1	2	0	0	0	0	0	0	0	2	0	0	0	4
XMTM2MTMyMzE4NA==	1220	624	315	337	61	1148	3772	1492	1013	854	630	689	978	957	1581	2592	1721	2004	1842	1392	2665	2660	3504	1847	1088	1788	1540	2053	1648	985
XMTM2MDg0OTQxNg==	20	128	4	3	2	0	1	1	0	1	0	0	0	0	1	2	0	0	1	1	0	2	0	0	0	0	2	0	1	0
XMTM2MDgxOTI1Mg==	1	1	0	2	4	5	0	0	0	0	0	0	0	0	0	0	0	0	0	0	0	0	0	0	0	0	0	0	0	0
XMTM2MTI0MzQ4NA==	385	198	49	183	102	606	895	329	488	519	270	66	173	196	209	354	451	499	313	275	272	98	522	693	536	357	127	288	311	270
XMTM2MDkyMTExNg==	8	1	3	1	2	0	24	34	3	11	5	6	0	1	4	74	3	0	5	8	4	125	33	8	1	71	3	2	12	3
XMTM2MTU3MjQ3Ng==	30	33	17	36	295	282	5	2	0	0	0	0	1	0	1	0	5	0	0	0	1	0	1	0	1	4	0	1	0	0
XMTM2MTQ1NTIwMA==	13	5	6	7	21	8	2	1	1	0	0	3	4	1	1	0	0	1	0	12	4	1	1	0	0	0	1	0	0	0
XMTM2MTMwNTU2MA==	2554	1932	796	35760	17794	2674	597	802	935	1183	2146	1252	3315	598	297	214	265	222	175	265	207	316	610	131	257	289	892	254	29	293
XMTM2MTQ2NzA5Mg==	2	1	0	7	4	1	0	0	0	1	0	1	0	0	0	1	0	4	0	0	0	0	0	1	0	3	0	0	0	0
XMTM2MTIzMTEwOA==	17	253	124	17	4	6	7	12	8	5	5	3	2	0	0	1	1	1	1	25	3	0	2	1	1	0	2	1	0	1
XMTM2MTU1MTU2OA==	13	7	0	2	5	53	4	0	0	0	1	0	1	0	0	1	0	0	1	0	0	0	0	0	0	0	0	0	2	0
XMTM2MTE4MDc5Mg==	2	6	5	0	0	0	0	0	0	0	0	0	0	0	0	0	0	0	0	0	0	0	0	0	0	0	0	1	1	0
XMTM2MTA4Nzg2OA==	23	6	6	8	5	33	9	5	10	6	20	22	6	1	5	5	9	14	1	38	5	4	4	5	2	2	13	16	7	10
XMTM2MTU1MTQ0NA==	88	97	77	3	1	1	1	2	0	1	0	0	0	1	1	0	0	5	1	0	0	0	0	1	0	0	0	0	4	0
XMTM2MTAyMzc4MA==	25	15	37	39	2	1	0	0	0	0	0	0	0	0	0	0	0	0	0	0	0	0	0	1	0	0	0	0	0	0
XMTM2MDg1MDMyMA==	56	23	17	6	1	208	41	10	6	4	89	164	1	49	36	151	169	69	1	12	2	0	1	1	1	2	2	0	3	3
XMTM2MTYwOTY2NA==	486	909	1088	949	2420	3075	241	237	27	119	180	282	212	191	171	179	367	248	163	142	52070	1326	1326	564	165	233	156	300	270	394
XMTM2MTAyMDM2OA==	1193	804	1412	5426	4103	1071	811	718	839	709	379	375	405	61	292	102	294	287	327	1630	1323	306	311	233	185	1571	1309	864	667	546
XMTM2MTM3ODEwMA==	2	0	0	0	0	1	0	0	0	0	0	0	0	0	0	0	0	0	0	0	0	0	0	2	0	0	0	0	0	0
XMTM2MDk1MDYwMA==	3	3	3	0	0	0	0	0	0	0	0	0	0	0	0	0	0	0	0	0	0	0	0	0	0	0	0	1	0	0
XMTM2MTI1MjIwMA==	12	3	30	1	7267	30295	56	2	1	0	2	0	2	0	7	40	3	0	0	1	0	1	1	103353	7	4	1039	8	1	1
XMTI4MjEwNDA2MA==	13	2	9	6	7	3	28	6	0	5	3	1	2	3	3	1	24	8	4	30	10	5	13	5	5	14	9	14	19	15
XMTI4NzQyMTczNg==	37	16	14	84	3	4	4	4	10	4	1	1	3	1	1	5	7	7	3	0	0	5	3	3	11	5	6	4	2	4
XMTI4NzY3MzYxNg==	43	9	2932	0	0	0	0	0	0	0	3	0	0	0	0	0	0	0	0	0	0	0	0	0	0	0	0	0	0	0
XMTI4Nzc1ODM0OA==	20	3	180	1	0	1	0	0	0	0	2	1	1	0	0	1	0	0	0	0	1	1	0	0	0	1	0	0	0	3
XMTI4Nzg1ODkwNA==	6	0	0	0	2	5	0	0	0	0	0	0	0	0	0	0	0	0	0	0	0	0	0	0	0	0	0	0	0	0
XMTI4Nzk1MjAwOA==	631	17	7	5	299	3	5	4	0	1	1	1	0	2	0	1	3	3	2	1	1	0	0	1	0	5	1	2	0	10
XMTI4Nzk2MTI3Mg==	68	13	7	4	2	3	42	1	1	2	1	1	1	0	0	0	0	2	0	0	0	0	1	0	1	0	1	0	1	1
XMTI4Nzk2OTY5Ng==	1	0	0	0	2	0	0	0	0	0	0	0	0	0	0	0	0	0	0	0	0	0	0	0	0	0	0	0	0	0
XMTI4Nzk3NzE2NA==	71522	315	62467	99749	201	155	141	63	24	11	18	18	6	10	94542	1479	19	18	18	14	13	15	17	10	12	9	9	1	1	5
XMTI4Nzk4NDM5Mg==	13	13	17	12	28	10	0	0	0	0	0	0	0	0	0	3	0	2	0	0	0	0	0	0	0	0	0	0	0	0
XMTI4Nzk5MDA0MA==	25	39	50	10	9	0	2	0	0	0	0	2	0	0	1	0	0	0	0	0	1	0	2	0	0	1	1	0	0	0
XMTI4Nzk5NzAyNA==	155	214	16	7	398	1	6	1	5	1	5	0	1	0	0	1	0	2	2	0	0	2	0	0	1	3	1	1	0	4
XMTI4Nzk5ODk0OA==	36	10	229	0	1	0	1	0	0	0	0	0	0	2	1	1	0	0	0	0	0	0	0	0	0	0	1	0	0	0
XMTI4Nzk5OTEzNg==	3	0	0	1	3	0	0	0	0	0	0	0	0	1	0	0	0	0	0	0	0	0	0	0	0	0	0	0	0	0
XMTI4NzkwNTE0MA==	6	0	0	2	2	7	2	0	1	0	1	1	0	6	5	1	2	2	0	0	0	1	0	3	3	1	0	2	2	2
XMTI4NzkyMTk4OA==	16	0	2	41	1	0	6	1	2	0	1	1	0	0	0	0	0	0	1	0	1	0	0	0	0	0	0	0	0	0
XMTI4NzkzMTY1Mg==	2	0	0	0	0	0	3	0	0	0	0	0	0	0	0	0	0	0	0	0	0	0	0	0	0	0	0	0	0	0
XMTI4ODA0MDQxNg==	23871	3222	641	350	383	181	14155	11212	736	263	173	129	119	1146	441	131	90	75	48	54	61	63	24	34	20	17	26	31	21	15
XMTI4ODA0MjM5Ng==	400	31	4052	14	8	7	23	17	3	5	10	3	8	3	20	471	4	6	4	10	5	3	13	2	7	4	4	2	3	2
XMTI4ODA0NzY3Mg==	6	1	0	0	0	4	0	0	0	0	1	0	0	0	0	0	0	0	0	1	0	0	0	0	0	0	0	0	0	0
XMTI4ODA1MTAzNg==	1238	23859	67	66	65	61	39	53	44	48	24	23	28	40	40	47	38	21	42	33	18	24	24	26	20	38	27	17	28	12
XMTI4ODA1MjE2OA==	587	175	84	51	493	35	21	172	26	14	11	10	7	7	7	8	11	5	9	7	11	10	190	9	10	7	5	8	9	10
XMTI4ODA1Njc5Ng==	11	6	2	1	0	1	20	0	0	0	0	0	1	0	0	0	0	0	0	0	0	0	0	0	0	0	0	0	0	0
XMTI4ODA1ODk3Mg==	9	0	3	0	0	6	1	3	0	0	0	0	0	0	0	0	0	2	0	0	1	0	0	0	0	0	0	0	0	0
XMTI4ODA2NTEyNA==	36	4	9	129	1	2	0	2	0	2	0	1	0	3	1	0	0	0	0	0	3	0	0	2	0	0	0	1	1	2
XMTI4ODA3MzA5Ng==	79	5	8	143	7	2	4	5	5	2	7	2	7	1	5	3	1	0	4	0	2	1	2	0	0	1	2	1	1	0
XMTI4ODA3NDgxNg==	2	0	0	0	0	1	0	0	0	0	0	0	0	0	0	0	0	0	0	0	0	0	0	0	0	0	0	0	0	0
XMTI4ODA3OTI2MA==	4	0	4	1	3	6	2	6	4	13	1	0	1	1	0	3	5	1	0	0	4	0	0	4	2	2	0	2	2	5
XMTI4ODA4MDQ5Mg==	44	4	16	13	3	13	336	7	5	11	5	5	5	17	29	9	12	7	1	2	16	4	1	4	8	5	5	2	3	8
XMTI4ODA4MzU3Ng==	22466	103288	89822	2759	689	437	405	908	365	221	391	228	102	90	86	227	153	96	65	76	74	71	44	68	39	50	78	66	86	79
XMTI4ODA4ODMwMA==	5	0	0	2	5	0	0	0	0	0	0	1	0	0	0	0	0	0	0	0	0	0	0	0	0	0	0	0	0	0
XMTI4ODA5MTM5Ng==	21118	28526	1009	1177	853	25921	607	840	574	449	656	316	444	94	527	547	496	379	398	373	318	302	344	321	287	259	267	226	236	184
XMTI4ODA5MjQ4MA==	56	5	2	2	206	0	2	2	0	2	0	1	0	0	0	0	0	0	0	0	0	0	0	0	0	0	0	0	0	0
XMTI4ODA5NTE3Ng==	6	2	2	15	0	0	0	0	1	0	0	0	0	0	0	0	1	1	0	0	0	0	1	0	0	0	0	0	1	0
XMTI4ODA5NjQyNA==	3	1	3	0	0	3	0	0	1	0	0	0	3	1	1	1	1	0	0	0	0	0	0	0	0	0	0	0	0	0
XMTI4ODAwMDI5Mg==	2	0	0	0	0	1	0	0	0	0	0	0	0	0	0	0	2	0	1	2	0	3	3	0	0	0	0	0	1	1
XMTI4ODAwMTcxMg==	23	0	2	13	2	0	2	0	1	0	1	0	0	1	1	1	1	0	0	0	1	1	0	1	0	2	6	2	2	0
XMTI4ODAwNTUxNg==	14	10	10	8	27	4	1	3	3	4	1	6	3	2	3	9	5	6	1	2	4	5	5	4	7	3	2	6	1	3
XMTI4ODAwNjkyOA==	2	0	0	1	0	0	0	0	0	0	0	0	0	0	0	0	0	0	0	0	0	0	0	0	0	0	0	0	0	0
XMTI4ODAwODk1Ng==	1108	2273	50161	663	264	209	136	148	94	45	47	55	42	85	44	22	27	36	43	18	22	29	35	23	27	14	24	29	21	16
XMTI4ODAxMDMyNA==	18	2	2	2	15	0	0	1	1	0	0	4	0	0	1	0	0	0	1	0	0	0	0	0	0	0	0	2	1	0
XMTI4ODAxMDY2MA==	9	156	4	1	1	1	0	0	1	0	5	0	1	3	0	0	0	0	0	0	0	0	5	1	0	0	0	0	0	0
XMTI4ODAxMjAyNA==	1	0	0	0	1	0	1	0	0	0	0	0	0	0	0	0	0	0	0	0	0	0	0	0	0	0	0	0	0	0
XMTI4ODAxMzE1Mg==	69	7	2	3	2	3	58	1	0	1	0	0	0	1	1	1	38	0	1	1	0	2	0	1	4	1	0	1	0	0
XMTI4ODAxNDMyNA==	8	0	0	0	0	4	0	0	0	0	0	0	1	0	0	0	0	0	1	2	0	0	1	0	0	0	0	0	0	3
XMTI4ODAxNTMyMA==	49	4	2	2	1	2	27	1	1	1	5	1	0	4	0	1	0	2	1	1	0	0	1	6	4	0	0	1	0	1
XMTI4ODAxNzAwOA==	6	2	0	0	7	1	1	0	0	4	0	1	0	0	0	0	1	3	1	0	0	2	30	0	0	0	0	0	1	1
XMTI4ODAxOTQxMg==	2	0	0	0	0	1	0	0	0	0	0	0	1	0	0	0	0	0	0	0	0	0	0	0	0	0	0	0	0	0
XMTI4ODAyMDg4MA==	1504	402	267	205	440	519	1389	403	338	344	369	294	283	486	779	397	162	206	238	194	204	162	140	163	167	140	88	110	107	100
XMTI4ODAyNDc0NA==	50	2237	24	15	13	9	14	391	20	10	7	4	0	5	2	8	3	9	1	3	4	7	2	2	2	4	0	0	4	3
XMTI4ODAyNzM5Ng==	2	0	0	0	0	0	1	0	0	0	0	0	0	0	0	0	0	0	0	0	0	0	0	0	0	0	0	0	0	0
XMTI4ODAyOTU5Mg==	1	0	0	1	0	0	0	0	0	0	0	0	0	0	0	1	0	0	0	0	0	0	0	0	0	0	0	2	1	0
XMTI4ODAzMjkzMg==	1	0	0	0	1	0	0	0	0	0	0	0	0	0	0	0	0	0	0	0	0	0	0	0	0	0	0	0	0	0
XMTI4ODAzNTE0OA==	106	48	28	19	363	13	15	26	33	46	101	76	44	30	17	23	27	20	9	71	14	17	9	11	3	3	5	9	4	3
XMTI4ODAzODc5Mg==	112	29	407	115	674	158	63	53	36	48	28	34	45	28	35	30	25	50	43	29	49	26	22	24	27	26	266	21	24	18
XMTI4ODE0MDQ2OA==	54	38	15	20	745	724	20	14	12	10	13	14	9	11	241	13	15	11	7	1	4	6	4	3	2	1	0	3	3	2
XMTI4ODE0NDk3Mg==	17	0	5	7	14	2	0	1	0	3	1	1	1	1	2	1	3	2	0	4	6	15	5	7	9	14	5	2	8	5
XMTI4ODE0NjM4OA==	35	1	1	0	2	1	29	0	0	0	0	0	0	0	0	0	0	0	0	0	0	0	0	0	0	0	0	0	0	2
XMTI4ODE1MDQwOA==	342	36	205	359	26	26	38	21	120	3	14	14	19	16	8	9	12	13	2	3	5	2	5	140	16	2	3	2	7	9
XMTI4ODE1MzM3Mg==	276	0	0	0	4	0	193	1	0	0	1	2	0	0	0	0	0	232	2	0	0	0	1	3	0	1	1	0	0	2
XMTI4ODE1NzAwOA==	2	0	0	2	0	0	0	0	0	1	0	0	0	0	0	0	0	0	0	0	0	0	0	0	0	0	0	0	0	0
XMTI4ODE1Nzg5Mg==	43	3	2	2	26	0	2	1	0	1	0	1	0	0	0	0	0	2	1	1	0	0	0	0	0	0	0	0	0	0
XMTI4ODE1OTIwMA==	104	1	0	0	0	1	58	0	0	0	0	1	0	0	0	0	0	0	0	0	0	0	0	0	0	0	0	0	0	0
XMTI4ODE2MjA2NA==	13	123	1	0	0	1	0	0	1	0	0	0	0	0	0	0	3	0	0	0	0	0	0	0	0	0	0	0	0	0
XMTI4ODE2NjkwMA==	85	6869	6	1	5	2	1	2	0	0	2	1	3	0	0	3	1	0	6	7	7	4	9	4	5	4	6	2	10	4
XMTI4ODE3MTAyOA==	3	0	0	0	0	0	2	0	0	0	0	0	0	0	0	0	0	0	0	0	0	0	0	0	0	0	0	0	0	0
XMTI4ODE3MjI1Ng==	346	19	16	1	388	9	5	2	1	2	1	0	4	1	2	3	9	0	2	1	3	0	1	1	1	2	0	2	3	4
XMTI4ODE3MzI0MA==	4	0	0	0	0	2	1	0	0	0	0	0	0	0	0	0	0	0	0	0	0	0	0	0	0	0	0	0	0	0
XMTI4ODE3NTc1Ng==	18	0	2	14	0	0	0	0	0	0	0	0	0	0	0	1	0	0	0	2	0	0	1	0	0	0	0	1	0	0
XMTI4ODE3NzczNg==	3	0	0	0	0	2	0	0	0	0	0	0	0	0	0	0	0	2	0	0	1	0	0	0	0	0	0	0	0	0
XMTI4ODE3OTM5Ng==	78	9	12	42	103	28	14	10	0	0	8	12	4	2	3	6	3	5	0	0	4	3	1	5	3	1	0	5	2	1
XMTI4ODE4NDQ4NA==	34	27	29	9	67	3	2	1	2	0	0	0	0	1	1	0	1	0	0	5	0	0	2	6	2	6	0	0	0	0
XMTI4ODE5MTEzMg==	192	32	102	112	165	360	294	324	306	280	374	320	502	1035	1095	963	647	295	315	336	301	272	334	368	338	355	423	307	448	349
XMTI4ODE5MzA5Ng==	24	1	4	3	4	18	4	0	2	3	5	0	2	3	2	1	4	0	1	0	1	0	3	2	0	1	1	0	0	2
XMTI4ODEwMTU1Mg==	12	0	1	1	9	2	0	1	0	1	0	0	0	2	1	0	0	0	0	0	0	0	0	0	0	0	0	0	0	0
XMTI4ODEwNDQyNA==	2	0	0	2	1	0	0	0	0	0	0	0	0	0	0	0	0	0	0	0	0	0	0	0	0	0	0	0	0	0
XMTI4ODEwOTc4OA==	67	9	1	17	72	1	7	4	9	3	3	9	4	5	7	6	3	4	1	1	3	2	4	0	8	0	2	0	3	1
XMTI4ODExMDIyNA==	5	2	1	1	11	0	3	1	3	1	1	0	0	0	2	0	3	0	1	2	1	8	0	0	0	0	0	0	2	1
XMTI4ODExMzc0OA==	4	1	4	1	1	0	5	0	0	0	0	0	0	0	0	0	0	0	0	0	0	0	0	0	0	0	0	0	0	0
XMTI4ODExNzM1Mg==	49	10	323	7	2	0	1	0	1	0	0	1	1	0	0	1	2	1	0	0	0	0	0	0	0	0	0	0	0	0
XMTI4ODExODY1Mg==	3	0	0	0	3	1	0	0	0	0	0	1	0	0	0	0	0	0	0	0	0	2	0	0	0	6	0	0	0	0
XMTI4ODEyMTE3Ng==	3	0	0	2	1	1	0	0	0	0	0	0	0	0	0	0	0	0	0	0	0	0	0	0	0	0	0	0	0	0
XMTI4ODEyNDUyOA==	16	197	180	27	36	3	0	0	0	2	0	2	1	0	1	0	2	0	0	0	0	0	0	1	0	2	2	1	2	2
XMTI4ODEyNjA2NA==	41	5	5	13	5180	3	2	1	1	10	16	11	14	8	3	3	5	9	2	6	711	10	2	5	12	3	3	4	4	1
XMTI4ODEyNzI4OA==	14	18	20	78	13	15	13	4	6	5	12	4	0	0	0	0	1	0	0	0	0	1	1	0	2	0	1	0	0	0
XMTI4ODEzMjEyOA==	5	2	0	1	2	19	1	0	0	0	0	0	0	0	0	0	0	0	0	0	5	0	1	0	0	1	0	1	0	0
XMTI4ODEzODAwNA==	6	0	0	0	4	1	2	0	0	0	0	0	0	1	0	0	0	0	0	0	0	0	0	0	1	0	0	1	0	0
XMTI4ODI0MTI0MA==	45	84	16	20	84	8	10	18	15	10	17	71	11	11	13	7	19	17	18	12	15	28	26	22	16	15	18	24	106	49
XMTI4ODI0MTY0NA==	29	2	2	18	2	1	4	0	1	1	0	0	0	0	0	0	0	0	1	0	0	0	0	1	1	0	0	0	0	0
XMTI4ODI0MzY2NA==	11	0	0	7	0	0	0	0	0	0	0	0	1	0	0	0	0	0	0	1	0	0	0	0	0	0	0	1	0	0
XMTI4ODI0NzI0NA==	60	14	15	6	3	103	10	9	2	8	6	2	0	1	3	3	2	1	2	4	2	2	124	0	1	0	3	5	1	0
XMTI4ODI0OTgyMA==	3	0	1	3	1	2	4	2	1	4	1	5	2	3	3	4	0	3	3	1	2	1	0	4	1	3	0	1	1	1
XMTI4ODI1NDE4OA==	6	14	4	24	1	0	0	0	0	0	0	0	0	0	0	0	0	0	0	1	0	0	0	0	0	0	0	0	0	0
XMTI4ODI1Njg3Mg==	4	0	1	0	4	0	0	0	0	0	0	0	0	0	0	0	0	1	0	0	0	0	0	0	0	0	0	0	0	0
XMTI4ODI1Nzc5Mg==	49	12	622	79	30	367	14	514	9	7	8	11	282	10	242	17	7	11	266	7	6	3	6	11	7	11	10	5	12	5
XMTI4ODI1ODM3Ng==	4	10	9	0	0	0	0	0	0	0	0	0	0	0	0	0	0	0	0	0	0	0	0	0	0	0	0	0	0	0
XMTI4ODI1OTYwNA==	20	0	0	2	36	0	0	0	2	0	1	0	4	0	0	1	0	0	0	0	0	0	0	0	0	0	0	0	0	0
XMTI4ODI2MzE3Ng==	60	9	9	3	37	0	1	2	0	3	0	2	0	1	0	0	0	0	0	0	0	0	0	0	1	1	0	0	0	0
XMTI4ODI2NDk2MA==	1	1	0	0	0	0	1	1	0	0	0	0	0	0	0	0	0	0	1	0	0	0	0	0	0	0	0	0	0	0
XMTI4ODI2NTMyMA==	54	340	597	138	14	2	6	3	0	2	11	2	2	0	1	2	1	0	0	0	0	0	7	1	0	1	0	0	0	0
XMTI4ODI2NTc5Mg==	19	0	0	0	0	2	3285	8	1954	8	694	6	2	4	11	2	0	0	1	1	1	3	0	0	68	16	3	1	7	9
XMTI4ODI2ODkzNg==	5	0	0	17	4	0	0	1	0	0	0	0	0	0	0	2	0	0	1	0	0	0	0	0	1	0	0	0	0	0
XMTI4ODI3NTUwNA==	9860	104251	1620	1716	297	288	295	34	100	195	159	114	137	100	98	83	162	379	244	86	83	128	114	131	139	141	80	84	53	69
XMTI4ODI4MDA5Mg==	8	3	4	5	21	0	0	0	3	0	1	0	0	0	0	0	0	1	0	0	0	2	0	0	0	0	1	0	2	1
XMTI4ODI4MDY3Mg==	7	0	0	0	5	0	0	0	0	0	0	0	0	0	0	0	0	0	0	0	0	0	0	0	0	0	0	0	0	0
XMTI4ODI4MjU0OA==	29	4	0	0	2	21	1	4	0	5	3	0	4	23	0	0	6	1	2	8	2	4	1	1	0	0	1	0	0	1
XMTI4ODI4NTA0MA==	490	16	128	55	18	816	13	4	1	1	2	3	3	3	3	2	1	7	2	0	0	2	1	3	0	0	0	0	0	1
XMTI4ODI4Njc1Ng==	4	0	1	0	1	6	0	1	0	0	0	0	0	0	0	0	1	0	0	1	0	0	1	0	1	0	0	0	0	2
XMTI4ODI4NzI3Mg==	11	0	1	0	0	6	0	0	0	0	0	0	0	0	0	0	0	0	0	0	0	0	0	0	0	0	0	1	0	0
XMTI4ODI4NzYwNA==	7	0	0	0	3	0	0	0	1	0	0	0	0	0	0	0	0	0	0	0	0	0	0	0	0	0	0	0	0	0
XMTI4ODI5MTY4OA==	9	1	5	48	4	0	0	0	0	0	0	0	0	0	0	0	0	0	0	0	0	0	0	0	0	0	0	2	0	0
XMTI4ODI5MTgwMA==	1	1	0	0	1	0	0	1	0	1	0	0	0	0	0	0	0	0	0	0	0	0	0	1	0	0	0	0	1	0
XMTI4ODI5MzE5Ng==	2	0	0	1	0	0	0	0	0	0	0	1	0	0	0	0	0	1	0	0	0	1	0	0	0	0	0	0	0	0
XMTI4ODI5NDUxMg==	23	1	7	16	0	0	0	9	0	0	0	0	0	0	1	3	13	5	9	6	0	0	0	0	1	6	0	0	0	0
XMTI4ODI5NjA0NA==	4	0	0	0	0	2	10	0	0	0	0	0	0	0	0	0	0	0	0	0	0	0	0	0	0	0	0	0	0	0
XMTI4ODI5OTA3Ng==	80	15	6	0	1	1	317	3	3	4	4	1	0	0	1	0	1	1	0	1	2	1	1	0	0	0	0	2	0	0
XMTI4ODI5OTM2MA==	1208	144	77	123	140	342	965	13	35	714	204	640	185	67	0	0	0	3	1	0	2	1	1	0	0	0	2	1	0	1
XMTI4ODIwMDU4NA==	8	2	8	2	2	1	347	0	0	2	2	0	0	2	0	1	0	0	0	0	0	0	0	1	0	0	0	0	0	0
XMTI4ODIwMTQ0OA==	49	5	782	0	4	0	0	0	0	0	0	0	0	0	0	0	0	0	0	0	0	0	0	0	0	0	0	0	0	0
XMTI4ODIwMjAyOA==	3	2	1	1	10	3	2	6	9	10	7	7	3	5	5	1	2	1	2	5	4	1	2	1	2	1	1	1	2	1
XMTI4ODIxMjU1Mg==	43	9	13	120	9	15	13	8	9	4	4	2	3	50	3	2	2	3	5	2	0	2	3	3	5	5	8	12	19	9
XMTI4ODIxNDI4OA==	3	1	0	4	0	0	0	0	1	0	0	2	0	0	0	1	0	0	0	0	0	0	0	0	0	0	0	0	0	0
XMTI4ODIxNjUwNA==	2	0	0	0	2	0	0	0	0	0	0	0	0	0	0	0	0	0	0	0	0	0	0	0	0	0	0	0	0	0
XMTI4ODIxNzY5Mg==	5	0	0	2	0	0	0	0	0	0	0	0	0	0	2	0	0	0	0	0	0	0	0	0	0	0	0	0	0	0
XMTI4ODIxOTAxNg==	8	0	1	10	0	0	2	0	0	0	0	0	0	0	0	1	0	0	0	0	0	0	0	0	0	0	0	0	0	0
XMTI4ODIyMzQ4OA==	6	0	0	0	0	5	0	0	0	0	0	0	0	0	0	0	0	0	0	0	0	0	0	0	0	0	0	0	1	0
XMTI4ODIyODA0NA==	2	0	0	0	1	0	0	0	0	0	0	0	0	0	0	0	0	0	0	0	0	0	0	0	0	0	0	0	0	0
XMTI4ODIyOTcyOA==	2	0	0	0	0	1	0	0	0	0	0	0	0	0	0	0	0	0	0	0	0	0	0	0	0	0	0	0	0	0
XMTI4ODIzMTk5Ng==	3	0	0	0	3	0	0	0	0	0	0	4	0	0	0	0	0	0	1	0	0	1	0	0	0	0	5	0	0	0
XMTI4ODIzMjQ2NA==	13	0	1	22	17	7	11	12	18	5	5	6	1	0	2	2	1	1	0	1	1	2	2	0	2	3	0	0	0	0
XMTI4ODIzMzM5Ng==	4	1	0	0	0	3	0	0	0	0	1	0	0	0	0	0	0	0	0	0	0	0	0	0	1	0	0	0	0	0
XMTI4ODIzNzAzNg==	25	9	6	0	0	46	11	24	5	4	1	0	2	1	1	0	0	0	5	0	4	1	0	1	1	0	0	1	0	0
XMTI4ODIzOTA5Mg==	29	22	11	9	49	9	5	8	10	33	10	3	1	1	1	7	2	23	6	6	4	5	2	39	3	3	0	3	0	2
XMTI4ODM0NDA4OA==	8	1	3	1	0	18	10	0	2	1	0	2	0	1	0	1	0	0	0	1	0	0	1	0	0	0	0	0	0	0
XMTI4ODM0NTUwMA==	46	6	9	4	3	7	43	1	0	0	0	0	0	1	1	0	0	0	0	0	0	0	0	1	0	0	1	0	0	2
XMTI4ODM0NzI5Ng==	26	4	3	24	4	4	0	0	0	0	0	2	0	0	2	0	0	1	0	1	1	0	0	3	0	0	0	0	0	1
XMTI4ODM0OTE4NA==	3	0	1	2	0	0	0	0	0	0	0	0	0	0	0	0	0	0	0	0	0	0	0	0	0	0	0	0	0	1
XMTI4ODM1MjI5Mg==	1	0	2	1	0	0	2	0	0	0	2	0	0	0	71	683	824	663	385	94	92	30	33	35	24	30	33	369	961	27
XMTI4ODM1NTE4OA==	11	12	5	352	4	1	0	1	0	0	0	0	0	3	0	0	0	0	0	0	0	0	0	0	0	0	0	0	0	0
XMTI4ODM1Nzc3Ng==	1	0	0	3	0	1	0	0	0	0	0	0	4	0	0	0	0	0	0	0	0	0	2	0	0	0	1	0	0	0
XMTI4ODM2MTU3Mg==	47	11	3	1	3	55	1	1	0	0	1	1	2	2	4	4	1	2	0	4	0	2	0	1	0	1	0	0	0	0
XMTI4ODM2MzgwMA==	61	50	49	19	18	36	118	184	138	104	187	115	101	303	74	79	68	72	57	76	103	298	63	62	36	50	34	60	51	52
XMTI4ODM2NDU0OA==	39	22	7	178	83	18	103	123	17	14	16	10	9	4	5	71	3	4	2	2	5	2	1	3	1	1	0	11	6	6
XMTI4ODM3MTQyNA==	3	0	0	0	0	2	0	0	0	0	0	0	0	0	0	0	0	0	0	0	5	5	0	0	0	0	0	1	0	0
XMTI4ODM3NzU0MA==	4	4	8	10	4	0	1	3	3	1	8	1	1	1	0	0	1	0	0	0	0	0	1	0	0	1	1	0	1	0
XMTI4ODM4MTY4MA==	7	2	16225	9	12	10	8	8	1019	6	23037	8	9	2	2	3	0	0	0	0	1	0	0	0	0	0	0	0	0	0
XMTI4ODM4NzA0OA==	34	332	9	1	0	2	0	1	1	1	0	3	3	1	2	2	0	0	22	21	13	7	2	2	1	2	1	0	1	0
XMTI4ODM4Nzg3Ng==	38	13	55	333	41	7	64	118	161	222	178	125	146	188	217	423	407	633	672	879	824	594	343	448	368	249	192	153	127	132
XMTI4ODM4OTU5Mg==	0	0	0	0	1	0	0	0	0	0	0	0	0	0	0	0	0	0	0	0	0	0	0	0	0	0	0	0	0	0
XMTI4ODM5MTc1Ng==	1106	64037	46569	6669	7450	4962	3495	2944	841	2327	1018	2469	862	2310	728	2246	519	1770	509	1614	696	401	1613	482	440	1603	469	439	1476	451
XMTI4ODM5MjA3Mg==	142	40	243	368	306	15	25	4	1	2	2	3	3	2	3	2	2	0	3	0	0	0	1	5	3	1	0	1	0	1
XMTI4ODM5Mzk2MA==	62	6	10	12	961	8	15	8	16	15	11	143	9	5	3	11	10	20	10	4	3	10	10	11	9	23	13	14	22	16
XMTI4ODM5Njk3Mg==	2	0	0	1	0	0	0	0	0	0	0	0	0	0	0	0	0	0	0	0	0	0	0	0	0	0	0	0	0	0
XMTI4ODMwMDM4OA==	7	0	1	1	4	0	1	0	0	0	0	0	0	0	0	0	0	0	0	1	0	0	0	2	0	0	0	0	1	0
XMTI4ODMwMDkxNg==	924	752	1251	2954	2651	287	262	153	87	2339	2506	1724	589	183	17	4	2	3	1	5	4	6	8	1	97	302	201	169	114	21
XMTI4ODMwMTc4MA==	5	0	0	0	12	0	0	0	0	0	0	0	0	1	0	0	0	0	0	0	0	0	0	1	0	0	0	0	0	0
XMTI4ODMwNTcwMA==	288	195	78	95	186	98	728	97	78	143	48	62	36	13	29	35	32	22	373	24	12	23	23	32	20	15	4	0	37	31
XMTI4ODMwNzI3Ng==	2	0	0	0	2	0	0	0	0	0	0	0	0	0	0	0	0	0	0	0	0	0	0	0	0	0	0	0	0	0
XMTI4ODMwODI2NA==	774	79	44	25	49	23	400	60	281	36	31	71	40	71	72	30	24	23	25	21	24	12	9	21	18	13	10	9	9	15
XMTI4ODMxMDkzNg==	6	0	6	0	0	1	13	0	0	0	1	0	0	0	1	0	0	1	0	0	0	2	0	0	0	0	0	0	0	0
XMTI4ODMxNDEyMA==	5	0	0	0	0	2	0	0	0	1	0	0	0	0	0	0	0	0	0	0	0	0	0	0	0	1	0	1	0	0
XMTI4ODMxNzM0OA==	23	0	8	16	6	1	2	9	3	1	1	0	0	0	1	3	14	7	9	7	0	0	0	1	1	6	0	0	0	0
XMTI4ODMxOTY5Mg==	41	16	6	13	69	3	9	6	10	6	6	2	5	16	5	3	4	2	2	2	2	0	1	1	2	0	0	0	1	0
XMTI4ODMyMzc0NA==	2471	54719	307	278	186	157	91	119	49	60	48	39	24	14	15	15	15	13	20	12	24	10	16	13	8	4	9	11	6	8
XMTI4ODMyNjM1Ng==	54	4	23	65	43	1	2	0	0	0	0	0	0	1	0	0	0	0	0	0	0	0	0	0	1	0	0	0	0	0
XMTI4ODMyODM2MA==	105	29	7	203	100	61	38	32	30	27	3	7	2	77	1	0	1	8	7	1	5	1	0	0	1	0	1	1	1	7
XMTI4ODMyOTg2NA==	2	0	0	0	1	0	0	0	0	0	0	0	0	1	1	0	0	0	0	0	0	0	0	0	0	0	0	0	0	0
XMTI4ODMzMjI0MA==	23	0	9	17	0	1	2	9	1	0	0	0	0	0	0	2	13	6	9	6	0	0	0	1	1	6	0	0	1	0
XMTI4ODMzMjc5Ng==	2	0	0	0	0	0	1	0	0	0	0	0	0	0	0	0	0	0	0	0	0	0	0	0	0	0	0	0	0	0
XMTI4ODMzNDU0OA==	7	2	3	2	8	1	20	15	6	5	8	9	8	19	26	13	25	26	34	37	38	73	185	81	48	45	59	57	29	46
XMTI4ODMzNTY4NA==	11	1	1	0	1	35	0	0	0	1	0	0	0	0	0	0	0	0	0	0	0	1	0	0	0	0	0	0	0	0
XMTI4ODQ0NDg4NA==	9	1	2	0	0	9	2	1	0	1	0	0	0	0	0	0	0	0	0	0	0	0	0	0	0	4	0	0	0	0
XMTI4ODQ0NjgwMA==	7	34	3	1743	5	4	3	6	3	1	5	2	2	2	1	1	0	4	6	0	1	1	3	3	2	1	2	3	0	0
XMTI4ODQ1MDM0NA==	3	0	0	0	0	0	2	1	0	0	0	0	0	0	0	0	0	0	0	0	1	0	0	0	0	0	1	1	0	0
XMTI4ODQ1NjQ5Ng==	118	63	94	94	75	246	463	1080	1076	261	768	264	239	888	311	363	257	938	244	318	641	1231	1106	2380	1624	3370	2015	3185	1893	3065
XMTI4ODQ2MDQxMg==	35	2	11	71	0	2	0	0	0	0	1	0	0	1	0	0	0	1	0	0	0	0	0	0	0	0	0	0	0	0
XMTI4ODQ2MDkwMA==	6	0	1	1	4	2	0	1	0	1	0	1	0	0	0	0	0	3	2	2	0	0	0	1	0	0	2	0	8	1
XMTI4ODQ2MjMwNA==	6	0	0	15	0	0	0	0	0	0	0	0	0	0	0	0	0	0	0	0	0	0	0	0	0	0	0	0	0	0
XMTI4ODQ2MzgyOA==	31	2	4	2	5	46	2	3	4	2	2	3	1	2	3	2	1	0	2	0	9	2	0	3	1	4	0	0	3	1
XMTI4ODQ2NTI4OA==	154	36	34	37	38	60	525	42	4	4	4	2	6	7	4	2	3	1	0	4	4	1	3	1	2	1	0	2	0	4
XMTI4ODQ2NzMwMA==	50	22	486	343	101	25	35	69	61	53	40	39	15	5	34	27	303	12	19	3	1	18	15	10	10	11	2	3	16	18
XMTI4ODQ2NzU4OA==	24	16	5	5	16	5	34	19	16	17	20	15	6	12	5	13	13	22	29	19	18	35	40	36	23	39	34	25	23	42
XMTI4ODQ2ODU1Mg==	20	2	2	0	1	13	3	5	12	6	1	9	30	1	0	3	4	5	6	1	0	0	2	3	3	1	0	1	1	1
XMTI4ODQ2ODkxNg==	4	3	4	8	1	0	0	0	1	0	1	0	0	0	0	0	0	0	0	0	0	0	2	0	0	2	0	2	2	0
XMTI4ODQ3MDU2NA==	609	236	22	15	28	54	804	31	41	33	32	32	21	29	45	41	40	45	29	31	43	37	42	31	29	52	61	43	39	48
XMTI4ODQ3Mzc5Ng==	223	150	287	243	364	931	1186	1108	1416	1897	2132	2921	3026	3350	6045	7846	6017	5744	3737	5872	4232	4403	3247	3315	7570	10373	8373	5099	5288	3645
XMTI4ODQ3NjcxNg==	6	4	187	1	0	0	0	0	0	0	1	0	0	0	0	0	0	1	2	0	0	0	0	0	1	0	0	0	0	1
XMTI4ODQ3Nzc4MA==	13	2	0	1	16	0	0	0	0	1	0	0	0	0	0	0	0	0	0	0	0	0	0	0	0	0	0	0	0	0
XMTI4ODQ4MTg3Mg==	25	1	21	96	9	1	3	4	3	2	0	2	1	3	0	1	2	0	2	1	4	1	0	4	2	1	1	0	0	0
XMTI4ODQ4MjI4MA==	2	2	0	0	1	3	0	0	1	0	0	0	0	0	0	0	0	0	0	0	0	0	0	0	0	0	0	0	1	1
XMTI4ODQ4NTQ2NA==	3	0	0	2	1	1	0	0	1	0	0	0	0	0	0	0	0	0	0	0	0	0	0	0	0	0	0	1	0	0
XMTI4ODQ4ODI0NA==	2	0	0	0	2	0	1	0	0	0	1	0	0	2	1	0	0	0	0	0	0	0	0	4	0	0	0	0	0	0
XMTI4ODQ4OTQwNA==	2393	8900	6432	859	429	168	283	185	109	143	138	92	155	233	213	163	172	123	145	146	124	138	30	54	27	169	68	110	146	120
XMTI4ODQ5MTA2OA==	126	11	7	4	3	166	1	2	1	0	2	0	0	0	0	0	1	1	0	0	0	1	0	0	0	0	0	0	0	0
XMTI4ODQ5Mzc0OA==	2	0	0	0	0	0	1	0	0	0	0	0	0	0	0	0	0	0	0	0	0	0	0	0	0	1	0	1	0	0
XMTI4ODQ5NTcxNg==	7	2	0	0	5	0	0	5	0	0	0	0	0	0	0	0	0	0	0	0	0	0	0	0	0	0	0	2	0	0
XMTI4ODQwMDYxMg==	1	0	0	0	0	0	1	0	0	0	0	0	0	0	0	0	0	0	0	0	0	0	0	0	0	0	0	0	0	0
XMTI4ODQwMzMyNA==	0	0	0	1	0	0	1	0	0	0	0	0	0	0	0	0	0	0	0	0	0	0	0	0	0	0	0	0	0	0
XMTI4ODQwNjQ0OA==	17	28	11	15	255	6	0	0	0	1	0	0	0	0	1	0	0	0	0	0	0	0	0	0	0	0	0	0	0	0
XMTI4ODQwODg0MA==	45	4	19	11	8	9	621	9	9	4	8	2	1	5	9	4	3	2	5	5	3	4	1	2	0	3	0	1	1	3
XMTI4ODQxNDc0NA==	6	20	15	17	28	0	0	0	0	0	0	0	0	0	0	0	0	1	0	0	0	0	0	0	0	0	0	0	0	0
XMTI4ODQxNTAyMA==	2	0	0	0	1	0	0	0	0	0	0	0	0	0	0	0	0	0	0	0	0	0	0	0	0	0	0	0	0	0
XMTI4ODQxNzgzNg==	30	11	2	1	19	1	1	0	1	1	0	1	0	0	0	2	2	0	0	0	0	0	0	0	0	0	0	0	0	0
XMTI4ODQxOTE1Ng==	1	0	0	0	1	0	0	0	0	0	0	0	0	0	0	0	0	0	0	0	0	0	0	1	0	0	0	0	0	0
XMTI4ODQyMDgwNA==	66	46	20	6	210	12	9	7	8	2	2	5	9	4	6	8	3	14	8	24	8	8	15	12	14	6	13	7	9	8
XMTI4ODQyMjkzMg==	5	2	2	7	0	0	0	0	0	0	0	0	0	0	0	0	0	0	0	0	0	0	0	0	0	0	0	0	0	0
XMTI4ODQyNDY0OA==	93	15	8	69	4	2	2	0	0	1	1	0	1	3	1	0	0	0	2	0	0	1	0	0	1	0	0	0	1	0
XMTI4ODQyNjQwMA==	1	1	1	0	0	0	0	0	0	0	0	0	0	0	0	0	0	0	0	0	0	0	0	0	0	0	0	0	0	0
XMTI4ODQyNzY5Ng==	4	1	0	0	0	2	0	0	0	0	0	2	27	0	0	0	0	0	0	1	0	1	0	0	1	0	1	0	0	1
XMTI4ODQyODE4NA==	1	2	2	1	0	0	0	0	0	0	0	0	0	0	0	0	0	0	1	0	0	0	0	0	0	0	0	0	0	0
XMTI4ODQzMDU2NA==	1	0	0	0	0	1	0	2	0	0	0	1	1	1	0	0	1	0	0	0	0	0	0	0	0	1	0	0	0	0
XMTI4ODQzNzMzNg==	44	2	2	54	1	2	14	0	2	1	1	0	0	0	0	0	0	0	0	0	0	0	1	13	0	0	1	0	0	0
XMTI4ODQzNzkzMg==	26	0	4	1	1	3	16	0	5	1	0	0	0	2	0	1	1	0	0	1	5	0	0	0	0	0	1	0	0	2
XMTI4ODU0MDM1Ng==	39	18	7	6	5	4	59	3	2	2	2	1	1	3	6	2	1	0	1	1	1	1	2	0	0	0	0	1	0	2
XMTI4ODU0MzkyNA==	9	1	78238	1496	582	393	342	86	7	11	8	5	4	2	1	4	16	11	5	5	5	1	9	1	1	3	0	6	4	2
XMTI4ODU0Nzc5Ng==	3	2	1	0	0	5	1	1	0	2	0	0	0	0	0	0	0	0	0	0	0	0	0	0	0	0	0	0	0	0
XMTI4ODU0ODM5Ng==	24	1	2	0	2	12	0	0	0	0	0	0	1	0	0	0	0	0	0	0	0	0	0	0	0	0	0	0	0	0
XMTI4ODU0OTk5Mg==	112	24	174	209	73	16	7	5	0	14	2	1	6	4	2	4	6	5	8	8	2	6	2	3	1	1	0	1	1	0
XMTI4ODU1MTA2NA==	55	5	4	0	2	37	8	8	1	3	4	1	3	6	1	2	4	4	2	1	6	0	3	3	2	4	3	70	4	1
XMTI4ODU1NTQ3Ng==	5	0	0	0	2	8	0	1	0	0	0	0	0	0	0	0	0	0	0	0	0	0	0	0	0	1	0	0	0	0
XMTI4ODU1NjM4MA==	45	3	3	600	1	2	0	1	1	0	0	1	0	0	0	0	2	0	1	0	1	0	0	0	0	0	0	0	0	0
XMTI4ODU1NzEzNg==	2	0	0	0	0	1	4	0	0	0	0	0	0	0	0	0	0	0	0	0	0	0	0	0	0	0	0	0	0	0
XMTI4ODU1Nzk5Ng==	53	76	68	17	10	3	10	7	6	5	3	0	2	6	1	1	1	1	1	2	1	6	2	1	1	2	3	2	0	0
XMTI4ODU2NTAwNA==	10	42	0	0	0	0	0	0	0	0	0	0	0	0	0	0	0	0	0	0	0	0	0	0	0	0	0	0	0	0
XMTI4ODU2ODg4NA==	38	146	99	21	11	5	0	3	3	1	1	1	2	0	1	0	0	1	1	1	1	0	0	0	1	0	0	0	0	0
XMTI4ODU3MTg2OA==	202	232	223	30	22	2	0	6	0	1	2	0	2	0	0	0	0	2	0	3	2	0	1	0	1	0	0	0	0	0
XMTI4ODU3NDUwOA==	78	4	1	3	67	1	2	5	1	0	1	0	1	0	2	0	0	0	0	0	1	1	5	0	1	0	0	0	0	0
XMTI4ODU3OTg2MA==	2	0	0	0	0	4	0	0	0	0	0	0	0	0	1	0	0	0	0	0	0	0	0	0	0	0	0	0	0	0
XMTI4ODU4MTMzMg==	4	0	0	0	0	2	0	0	0	0	0	0	0	0	0	0	0	0	0	2	0	0	0	0	0	0	0	0	0	0
XMTI4ODU4MzQwNA==	1	0	1	8	0	0	0	0	0	0	1	0	0	0	0	0	0	0	0	0	0	0	0	0	0	0	0	0	0	0
XMTI4ODU5MDk0OA==	2	0	0	1	0	0	0	0	0	0	0	0	0	0	0	0	0	0	0	0	0	0	0	0	0	0	0	0	0	0
XMTI4ODUwMjYzMg==	9	4	0	0	6	2	0	5	2	0	0	0	1	0	0	71	0	0	0	0	0	0	0	0	0	0	0	0	0	0
XMTI4ODUwMzc1Ng==	12	1	14	4	20	10	6	2	1	4	1	39	10	5	3	1	1	0	3	1	1	0	1	0	0	1	1	1	0	1
XMTI4ODUxMTAxNg==	7	0	0	0	99	0	0	0	0	0	0	1	0	3	1	0	0	0	0	1	0	1	0	0	1	2	0	2	7	0
XMTI4ODUxNzgyNA==	3	0	0	2	0	5	0	0	0	0	0	0	0	0	0	0	0	0	0	0	0	0	0	0	0	1	1	0	0	0
XMTI4ODUxOTIxNg==	2	5	18	117	2	1	0	0	6	1	1	0	0	1	0	0	0	0	0	0	0	1	0	0	0	0	0	0	0	0
XMTI4ODUyMDExNg==	11	34	98	162	32	2	1	1	1	0	0	0	0	2	1	0	0	0	1	0	0	0	0	0	0	0	1	0	0	0
XMTI4ODUyMDc4NA==	1	0	1	0	0	0	6	0	0	0	0	0	0	0	0	0	0	0	0	0	0	0	0	0	0	0	0	0	0	0
XMTI4ODUyMjE0OA==	1	0	0	1	0	0	0	0	0	0	0	0	0	0	0	0	0	0	0	0	0	0	0	0	0	0	0	0	0	0
XMTI4ODUyMzM0MA==	9	0	0	0	1	43	0	0	0	0	2	1	0	0	6	6	0	0	0	0	0	0	0	0	0	0	0	0	0	0
XMTI4ODUyNDA4OA==	11	0	0	0	1	0	5	0	0	0	0	0	0	0	0	0	0	0	0	0	0	0	0	0	0	0	0	0	0	0
XMTI4ODUyNjExMg==	6322	2957	1961	826	1038	9369	9608	3772	403	362	288	237	280	281	300	262	261	248	117	144	159	107	109	103	99	100	141	95	88	88
XMTI4ODUyNzM2OA==	40	5	3	3	26	5	3	0	1	0	1	2	4	0	0	0	0	0	1	5	3	2	1	0	1	0	4	1	0	2
XMTI4ODUyOTA5Ng==	2	0	0	0	0	1	0	0	0	0	0	0	1	0	0	0	0	0	0	0	0	0	0	0	2	1	1	1	0	0
XMTI4ODUzMDQwNA==	47	18	10	8	46	7	3	1	1	0	0	2	4	1	2	1	3	1	3	3	1	2	0	0	1	1	0	0	3	1
XMTI4ODUzMjIyMA==	1	0	0	0	0	2	0	0	0	0	0	0	0	0	0	0	0	0	0	0	0	0	0	0	0	0	0	0	0	0
XMTI4ODUzMzQyMA==	82	44	19	17	62	203	27	9	9	9	7	14	124	18	8	4	6	3	4	43	20	6	7	4	1	9	37	9	4	3
XMTI4ODY0MDQ0OA==	3	2	3	1	3	3	8	1	0	1	1	0	3	1	3	2	3	1	5	1	1	0	1	2	3	0	2	1	4	2
XMTI4ODY0MjA0NA==	16	2	1	5	392	0	0	1	1	0	0	0	0	1	3	1	6	0	1	0	0	1	0	2	1	1	0	1	1	1
XMTI4ODY0NDI5Mg==	4	4	4	0	0	1	1	0	0	0	0	0	0	0	1	0	0	0	0	0	0	0	0	0	0	0	0	0	0	0
XMTI4ODY0NjE3Ng==	582	22343	28266	3146	968	744	858	2098	673	695	1792	791	325	217	246	279	296	268	208	272	1238	198	212	182	152	154	186	206	250	270
XMTI4ODY0NzY5Mg==	5	8	7	7	7	1	17	3	0	3	2	0	1	4	2	5	5	7	1	12	14	1	9	7	10	5	7	14	8	2
XMTI4ODY0OTU2MA==	33	12	19	27	59	12	21	15	20	16	11	19	10	6	8	16	12	7	9	11	11	13	1	4	1	5	5	11	13	6
XMTI4ODY1Mzg4MA==	85	10	7	2	128	4	3	6	1	1	0	1	0	0	1	1	0	1	0	1	1	0	0	0	0	1	0	0	1	0
XMTI4ODY1NTU5Mg==	763	77	1410	2470	6238	2283	454	383	315	219	221	223	199	164	185	196	180	184	137	141	109	98	88	90	88	88	61	44	50	44
XMTI4ODY1NTc0MA==	3	1	0	0	6	0	0	0	0	0	0	0	0	0	0	0	0	0	0	0	0	0	0	0	0	0	0	0	0	0
XMTI4ODY2MDI0MA==	228	3	3	5	4	265	6	2	6	0	0	0	0	0	0	0	0	0	0	0	0	0	0	0	0	0	0	0	0	0
XMTI4ODY2NTQ0OA==	11	1	0	1	7	0	2	0	0	1	0	0	0	1	1	0	0	0	0	0	0	1	0	0	0	0	0	0	0	0
XMTI4ODY2OTU4NA==	120	63	32	14	114	0	4	4	5	2	2	5	2	5	3	0	0	1	0	1	1	1	0	1	0	2	0	0	0	0
XMTI4ODY3NDcyNA==	21	2	9	19	39	4	3	2	3	0	3	1	5	0	2	2	0	6	4	8	6	4	2	1	3	1	2	6	1	0
XMTI4ODY3NzgwMA==	3	0	0	9	3	21	0	0	0	0	1	0	1	0	0	0	0	0	0	0	0	0	0	0	0	0	0	0	0	0
XMTI4ODY3OTQ4MA==	2	0	0	1	0	0	0	0	0	0	0	0	0	0	0	0	0	0	0	0	0	0	0	0	0	0	0	0	0	0
XMTI4ODY4MzcyNA==	6	0	1	7	0	0	0	0	0	0	0	0	0	0	0	0	0	0	0	0	0	0	0	1	0	0	0	0	0	0
XMTI4ODY4OTMzMg==	22	137	0	4	2	2	1	0	0	0	0	0	0	0	0	0	0	0	0	0	0	0	0	0	0	0	4	328	1	0
XMTI4ODY5MTMwOA==	2	0	0	0	0	0	1	0	0	0	0	0	0	0	0	0	0	0	0	0	0	0	0	0	0	0	0	0	0	0
XMTI4ODY5Nzc1Mg==	5	10	3	12	1	1	0	0	1	1	0	0	0	0	1	0	0	2	0	1	0	0	0	0	3	0	4	1	1	0
XMTI4ODYwODQwOA==	1	0	0	0	0	0	1	0	0	0	0	0	0	0	0	0	0	0	0	0	0	0	0	0	0	0	0	0	0	0
XMTI4ODYxMDQwMA==	217	105	24	1503	12	40	4	2	0	0	1	0	1	0	0	0	0	0	0	0	1	0	0	0	0	0	0	0	0	0
XMTI4ODYxNTc1Ng==	67	13	10	9	1980	1	2	1	2	2	8	1	3	5	1	1	1	3	0	2	3	0	0	0	1	0	0	2	0	0
XMTI4ODYxODUwNA==	4	0	1	0	9	0	1	0	2	0	0	1	0	0	0	0	0	1	0	1	16	0	0	0	1	2	1	0	0	0
XMTI4ODYyMDcwNA==	2	0	2	0	5	0	1	0	0	0	0	0	0	0	0	0	0	0	0	0	0	0	1	0	0	0	0	0	0	0
XMTI4ODYyNDE0NA==	7	0	1	0	0	0	6	0	1	0	0	0	0	0	0	1	0	0	0	0	0	0	0	0	0	0	0	0	0	0
XMTI4ODYyNTc2OA==	23	3	6	38	2	1	1	1	0	1	2	0	1	0	0	0	2	1	0	0	0	0	2	0	0	0	0	0	1	1
XMTI4ODYzODk0OA==	14	230	326	13	734	34	17	39	41	30	22	26	9	13	16	17	7	20	12	12	23	12	10	9	5	5	6	3	2	1
XMTI4ODc0MjI0MA==	2	1	0	0	1	3	0	0	0	1	0	0	0	2	0	0	3	0	0	0	0	0	0	0	1	1	0	0	0	1
XMTI4ODc0NDY0OA==	2	2	2	0	0	0	0	0	0	0	0	0	0	0	2	0	0	1	0	0	0	0	0	0	0	0	0	0	0	0
XMTI4ODc0NTc2OA==	70530	319432	165408	3836	3406	901	1670	6266	7571	4467	3468	2332	1690	1553	2183	3900	2203	1264	1995	2309	1191	698	547	477	577	543	465	443	459	2245
XMTI4ODc0Nzk4MA==	15	215	5	3	2	5	3	3	3	4	0	1	1	0	6	0	3	2	2	0	5	1	6	2	1	3	4	3	0	0
XMTI4ODc1MTIzNg==	2	0	0	0	1	0	0	0	0	0	0	0	0	0	0	0	0	0	0	0	0	0	0	0	0	0	0	0	0	0
XMTI4ODc1MjMxMg==	6	1	0	0	6	0	0	0	0	0	0	0	0	0	0	0	0	0	0	0	0	0	0	0	0	0	0	0	0	0
XMTI4ODc1MzI4NA==	358	3623	47	13	23	14	1	2	1	2	1	0	0	2	2	1	1	0	1	0	0	1	2	2	0	1	1	1	1	1
XMTI4ODc1OTQ5Ng==	1	0	0	0	0	0	1	0	0	0	0	0	0	0	0	0	0	0	0	0	0	0	0	0	0	0	0	0	0	0
XMTI4ODc2MTQxMg==	160	130	53	262	396	74	53	29	153	33	28	30	30	30	39	54	46	71	125	91	100	109	51	58	52	32	47	26	41	38
XMTI4ODc2NTgzNg==	32	16	8	9	53	7	3	0	1	0	1	0	1	0	0	1	0	0	0	1	0	0	2	0	0	0	0	0	0	0
XMTI4ODc2ODAwNA==	2	2	1	2	7	0	0	0	0	0	0	0	0	0	0	0	0	0	0	0	0	0	0	0	0	0	0	0	0	0
XMTI4ODc3MDYzNg==	23	13	4	0	16	48	5	3	8	4	1	5	1	2	1	3	1	0	1	9	0	1	0	0	0	2	0	0	0	6
XMTI4ODc3MTIxNg==	338	1267	2031	95	101	110	76	86	22	17	10	15	13	16	18	27	24	15	10	12	13	11	4	12	10	10	6	10	7	11
XMTI4ODc3NjAwNA==	2	0	0	0	1	0	0	0	0	0	0	0	0	0	1	0	0	0	0	0	0	0	0	0	0	0	0	0	0	0
XMTI4ODc3NzczMg==	408	546	5015	3592	865	227	142	144	142	73	50	40	51	44	34	59	51	79	47	46	43	49	39	25	30	51	43	33	33	31
XMTI4ODc4OTY0NA==	2	1	1	5	3	7	5	3	2	7	25	4	7	2	11	7	4	0	2	3	3	7	1	10	3	2	4	5	2	3
XMTI4ODc4OTYxMg==	2	1	1	2	9	3	2	0	1	1	0	0	3	1	0	0	1	1	0	3	1	0	0	0	0	0	2	0	1	0
XMTI4ODc5NzE5Ng==	23	64	40	3	4	4	0	4	6	3	2	2	0	0	0	1	6	8	0	1	2	5	304	5	3	1	1	5	0	2
XMTI4ODc5OTYxNg==	12	6	4	4	33	2	2	0	1	0	1	0	0	0	0	3	0	0	4	5	1	1	0	0	0	0	3	1	1	1
XMTI4ODcwNDI4OA==	186324	56837	203010	189065	5400	8341	865	668	2437	1212	698	522	351	394	626	27	577	398	277	245	283	321	530	325	255	189	140	138	260	692
XMTI4ODcwNDkwMA==	3	57	14	35	1	4	0	0	0	2	0	0	0	0	1	0	0	0	0	0	0	0	0	0	0	0	0	0	0	0
XMTI4ODcwNjEzMg==	10	18	11	123	4	4	1	3	0	2	0	0	0	0	0	0	0	0	0	0	0	0	0	0	0	0	0	0	0	0
XMTI4ODcwNzg4MA==	4	0	2	2	3	23	18	0	0	0	0	0	0	1	2	0	0	0	2	1	0	0	0	1	2	1	0	0	0	0
XMTI4ODcwODM5Mg==	4	0	0	0	1	0	2	0	0	2	0	0	0	0	0	0	0	1	0	0	0	0	0	0	0	0	0	0	0	0
XMTI4ODcwOTMwOA==	5	2	0	0	0	4	0	1	2	26	0	0	0	0	1	1	0	0	0	0	0	0	0	1	0	0	0	0	0	0
XMTI4ODcxMjY4OA==	3	2	0	0	3	0	0	1	0	0	0	1	5	0	0	0	0	2	0	1	0	0	0	1	0	0	0	0	0	0
XMTI4ODcxMzIyOA==	17	5	2	6	340	0	1	1	5	5	2	0	1	3	1	0	0	0	0	0	0	1	2	0	0	0	0	0	0	0
XMTI4ODcxNTQyNA==	75	1910	18	13	16	10	3	1	8	2	2	0	6	6	0	2	2	3	4	6	1	2	0	4	7	3	2	3	6	6
XMTI4ODcxNjk3Ng==	5	8	138	1	1	0	0	0	0	0	0	0	0	0	0	0	0	0	0	1	0	0	0	0	0	0	1	0	0	0
XMTI4ODcxOTI3Mg==	2	0	1	10	0	0	1	0	0	4	4	2	4	0	1	0	3	0	3	3	1	3	0	0	0	0	0	0	1	2
XMTI4ODcyMTQ0NA==	2	0	0	0	0	0	1	1	0	0	0	1	0	0	0	0	0	0	0	0	0	0	1	0	0	0	0	0	0	0
XMTI4ODcyMzMyOA==	2	0	0	0	0	0	10	0	0	0	0	0	0	0	0	0	0	0	0	0	116	5	0	2	0	0	0	0	0	1
XMTI4ODcyNDAxMg==	4	0	0	0	0	2	1	0	0	1	0	0	0	0	0	0	0	0	0	0	0	0	0	0	0	1	0	0	0	0
XMTI4ODcyNjIwMA==	4	1	1	0	0	4	1	0	0	3	1	0	0	0	0	0	1	1	0	1	1	1	0	0	1	0	0	0	0	0
XMTI4ODczNDA4MA==	960	328	695	4959	7419	2339	609	495	475	490	350	385	385	442	326	452	319	296	299	253	259	237	255	257	244	230	243	216	210	170
XMTI4ODczNzYyOA==	2	14	0	0	0	0	0	0	0	0	0	0	0	0	0	0	0	0	0	0	0	1	0	0	0	0	0	0	0	0
XMTI4ODczOTI0OA==	30	64	20	703	3	2	1	3	1	1	1	0	0	0	0	0	1	2	0	3	0	4	0	4	1	1	1	0	0	0
XMTI4ODg1NDE0NA==	65	67	355	854	549	111	366	79	426	42	56	70	439	32	27	28	14	11	31	52	24	14	13	11	14	16	12	7	11	12
XMTI4ODg2MDQ4NA==	2	0	0	0	0	2	0	0	0	0	0	0	0	0	0	0	0	0	0	0	0	1	0	0	0	0	0	0	0	0
XMTI4ODg2NDQyMA==	20	15	14	2	6	300	0	0	0	1	0	4	0	2	0	1	0	1	0	0	0	0	0	0	0	0	0	0	0	0
XMTI4ODgwNTY0NA==	2	0	0	0	1	0	0	0	0	0	0	0	0	0	0	0	0	0	0	0	0	1	1	0	0	0	0	0	0	0
XMTI4ODgyMTA1Mg==	7	1	200	5	7	0	0	2	0	0	1	0	0	1	0	0	0	0	0	0	0	2	0	1	1	0	1	0	0	0
XMTI4ODgyNTgyNA==	3	0	0	1	8	0	0	0	0	0	1	0	0	0	0	0	0	0	0	1	0	0	0	0	0	0	0	0	0	0
XMTI4ODgyNzc1Ng==	3	2	1	6	0	0	3	0	1	1	1	2	3	4	4	0	0	1	1	0	0	1	0	0	1	1	3	0	1	1
XMTI4ODgzMzg3Ng==	7	0	0	1	8	0	0	0	2	1	0	0	1	1	1	1	0	0	3	0	0	0	1	0	0	1	2	0	0	0
