Log-Linear-MLE: 0.3484038
Linear-LRS: 1.235833
Multi-Linear-LRS: 1.177785 1.309063 1.220432 1.494015 1.387594 1.730061 2.203738

----------------------------------------------------------------------------------------------------
0000000**
1.8710562 0.7292189 1.4115649 1.2689845 1.5307522 0.7547255 5.7702485
0010000
1.431300 1.022123 1.002467 1.347643 2.042787 1.361212 2.747711
0100000
1.5031454 0.9552199 1.2769401 1.5995035 0.8891453 2.9900238 4.5620508
1000000
1.020864 1.650731 1.402532 1.805735 1.689735 2.170273 3.326809
1010000**
1.248046 1.041718 0.970693 2.397707 2.101312 1.510596 4.089463
1100000**
1.211600 1.092533 1.204722 2.423859 2.362118 1.973938 3.828769
2000000
1.1949192 1.1258028 0.8759515 1.2185588 1.0140954 1.1790830 1.6929797
others
1.168850 1.140689 1.132781 1.235572 1.254579 1.411175 1.452834
