XMTM2MTYwODM1Mg==	2	1	7	0	0	0	0	0	0	0	0	0	0	0	0	1	0	0	0	1	0	0	0	0	0	0	1	0	0	0
XMTM2MTEwNTkzMg==	8	6	15	0	0	0	0	0	0	0	0	0	0	0	0	0	0	0	0	0	0	1	0	0	0	0	0	0	0	0
XMTM2MTA5OTk2NA==	17	4	77	6	5	2	3	1	1	0	0	0	0	0	0	0	1	1	0	0	0	0	1	0	0	0	0	0	0	0
XMTM2MTIxODYzMg==	4195	3705	5766	3030	247	72	601	715	547	497	263	383	295	299	14	73	72	6	122	690	119	179	120	83	29	8	123	131	151	139
XMTM2MTM5ODg3Ng==	5	11	25	7	0	1	3	8	4	13	7	7	1	1	6	8	3	0	1	36	2	10	2	1	2	0	2	9	7	7
XMTM2MDk2MjkyNA==	8	5	26	1	1	0	0	0	0	0	0	1	1	0	0	0	0	2	0	0	0	1	0	0	0	1	4	1	0	0
XMTM2MTAzNTc3Mg==	41	47	238	67	55	25	22	47	23	6	0	2	1	0	1	2	0	1	1	18	1	3	2	1	1	0	2	3	2	3
XMTM2MTcwOTczNg==	5	1	10	5	1	4	5	4	1	0	0	1	0	0	4	2	0	0	1	4	2	0	1	0	1	0	1	2	3	2
XMTM2MTQ3MDc0MA==	19	14	46	4	4	0	14	0	0	0	0	0	0	0	0	0	0	0	0	0	0	0	0	0	0	0	0	1	0	0
XMTM1OTU3ODgwNA==	5	0	43	10	1	0	0	0	0	1	0	1	0	0	1	0	0	0	0	3	0	0	0	0	1	0	0	0	1	0
XMTM2MTA0NDExNg==	13	14	24	1	2	3	4	0	1	1	1	1	0	1	0	1	0	0	3	5	1	0	0	1	1	2	0	1	0	1
XMTM2MTM2OTI2OA==	202	170	274	100	12	44	29	47	28	25	13	7	6	2	0	4	0	2	2	49	7	11	26	2	12	7	3	10	10	10
XMTM2MTIzMDc5Mg==	6	2	45	26	19	7	1	0	0	2	0	0	0	4	3	2	3	1	0	15	0	3	0	0	0	1	2	0	7	7
XMTM2MTEzMjIxMg==	4	1	1553	10	279	52	322	265	252	272	218	164	252	317	412	331	287	529	46	240	514	79	106	70	70	141	146	12	318	162
XMTM2MDk5NDExNg==	2608	29165	326937	111673	72299	713	475	299	492	403	154	200	226	174	206	173	142	193	189	120	139	212	307	190	110	186	120	169	154	165
XMTM2MTA4MDk4MA==	14018	9764	65633	26731	17994	17511	18043	12028	10405	11524	8991	8907	9972	9184	9607	8331	4754	5072	3567	3257	1653	1771	2065	1596	994	1850	772	1659	1085	1199
XMTM2MTQ5NzM4NA==	93	77	205	86	56	53	52	61	81	116	59	73	50	9	5	21	1	40	0	127	16	3	6	9	13	1	9	39	17	17
XMTM2MTYzNDEzMg==	14	6	42	24	0	0	1	1	1	5	0	1	0	0	1	0	0	2	0	1	0	0	0	0	0	2	0	0	0	0
XMTM2MTQ5NDU5Ng==	44	19	90	7	2	0	2	3	5	3	0	2	1	1	1	2	0	0	2	7	1	3	0	1	1	2	0	1	1	1
XMTM2MDg4ODUxNg==	13	1	38	4	2	0	1	0	1	0	0	0	0	1	0	0	0	1	0	2	0	0	0	0	0	0	0	0	0	0
XMTM2MTE1ODg0OA==	17	20	64	32	1	0	1	2	0	0	0	0	0	0	0	0	5	0	0	0	0	0	0	0	0	0	0	0	0	0
XMTM2MTYzMTgyMA==	2698	10795	90920	19479	1132	121	74	46	62	71	147	63	36	38	39	1	26	31	20	60	88	51	16	3	4	33	6	6	423	19
XMTM2MTI3NjA5Ng==	4	9	15	4	0	0	0	0	0	0	0	0	0	0	0	0	0	0	0	0	0	0	0	0	0	0	0	0	0	0
XMTM2MTMyNTgzNg==	13	11	44	20	3	4	3	2	1	0	0	1	0	1	0	0	0	0	0	0	0	0	1	2	0	2	0	0	0	0
XMTM2MTM4NDc4OA==	21	40	73	56	7	6	4	5	12	10	9	0	0	1	0	1	4	1	1	35	4	1	3	2	2	5	2	5	2	4
XMTM2MDQ3MDI0NA==	138	69	259	161	29	14	4	7	6	0	4	2	1	4	3	0	0	9	2	1	1	2	0	1	2	0	910	890	110	1
XMTM2MTEzMzA2MA==	15	5	25	9	3	5	5	11	6	4	2	5	2	1	4	1	0	0	1	25	2	4	4	5	7	7	2	4	12	8
XMTM2MTE0ODYwNA==	4	1	12	2	0	0	0	0	0	0	0	0	0	0	0	0	0	0	0	0	0	0	0	0	0	0	0	0	1	0
XMTM2MTYwNjI2OA==	16	14	354	139	89	23	12	18	1	11	3	0	1	5	0	16	4	6	0	27	3	1	7	2	0	1	2	3	2	0
XMTM2MTQzNjMwMA==	100	92	137	111	0	0	0	0	0	0	0	1	0	0	0	0	1	0	0	0	0	0	0	0	1	4	5	7	7	0
XMTM2MDc0OTI0MA==	63	16	169	12	0	0	4	2	2	0	8	2	1	0	1	1	0	0	13	2	0	2	0	0	0	0	0	0	4	0
XMTM2MTEzNjYwMA==	8	5	295	95	68	42	28	24	34	85	2	6	22	9	25	7	28	20	15	248	11	18	4	4	2	7	2	0	2	0
XMTM2MTUzODQ3Ng==	11	7	20	3	0	0	0	1	0	0	0	0	0	0	0	0	1	0	0	0	1	0	2	0	0	0	0	0	0	2
XMTM2MTA2Mzk4MA==	77	49	281	41	14	51	10	5	17	3	1	1	1	0	14	10	11	8	0	13	1	0	0	0	2	11	0	1	0	0
XMTM2MTY5ODMzNg==	193	178	248	34	2	2	49	27	6	27	8	11	1	0	0	55	15	1	4	0	7	14	8	14	7	6	2	6	7	1
XMTM2MDk1NDM2OA==	2	2	6	0	0	0	0	0	0	0	0	0	0	1	0	0	0	0	0	1	0	0	0	0	0	1	0	0	0	1
XMTM2MTEzNzIyOA==	10	6	488	151	94	58	48	27	38	132	95	8	4	26	10	62	8	52	5	262	2	29	5	2	4	3	2	5	0	2
XMTM2MTQ5MzE4MA==	4	4	13	0	0	1	0	0	0	0	0	0	0	0	0	1	0	0	0	0	0	0	1	0	0	0	0	0	0	0
XMTM2MDg1MTg4MA==	11	6	21	13	3	7	4	0	2	0	0	0	0	1	0	2	0	0	0	0	0	0	1	0	0	0	0	0	0	0
XMTM2MTE2OTI4NA==	3	0	24	8	1	2	1	0	1	0	0	0	0	0	0	0	1	0	0	0	0	0	0	72	3	0	1	0	0	0
XMTM2MTQ2ODA5Ng==	608	289	10615	6375	20	5912	227	155	151	109	65	76	62	23	36	30	26	17	12	8	10	8	13	4	4	7	3	9	14	6
XMTM2MTIwMDAwMA==	8	3	18	1	1	1	0	0	0	1	0	1	0	0	0	0	0	0	2	2	0	0	0	0	0	1	1	4	0	1
XMTM2MTA5NjA3Mg==	2	0	7	0	0	1	0	0	0	0	0	0	0	0	0	0	0	0	0	0	0	0	0	0	0	0	0	0	1	0
XMTM2MDg0MDMwOA==	21	6	52	19	6	3	4	2	2	1	0	2	1	1	0	0	0	0	0	3	0	1	0	0	0	0	1	0	0	0
XMTM2MTI1Mjc5Ng==	7	6	17	6	3	2	0	4	0	1	0	1	0	0	0	1	0	0	0	5	0	0	0	0	1	0	0	2	0	0
XMTM2MTQ4NjcwMA==	2435	2326	10221	5353	4288	5439	3237	3501	3289	3216	2630	2375	1816	1465	963	907	1286	1215	948	924	1090	809	895	780	786	1644	475	1321	602	770
XMTM2MTA2ODM5Ng==	8	4	89	10	1	0	1	0	2	1	1	0	0	0	0	0	1	0	0	1	0	0	0	0	0	1	1	2	0	0
XMTI4Nzg2MDg5Mg==	9	5	84	3	5	2	1	1	0	0	0	0	0	0	0	0	0	0	0	0	1	0	0	0	0	0	0	0	0	0
XMTI4Nzk0MTE5Mg==	54	21	57	5	23	10	24	25	15	12	12	5	16	12	8	14	112	13	6	5	6	6	6	11	2	14	11	4	4	8
XMTI4Nzk5MDAwOA==	59	66	275	48	25	8	15	2	8	4	1	2	2	5	0	3	4	4	4	6	1	7	1	6	1	0	0	2	4	0
XMTI4NzkxNTU4NA==	13	2	33	11	1	1	0	32	18	20	3	0	0	0	15	0	11	8	0	0	0	0	0	0	13	188	52	193	84	75
XMTI4ODA0NTMyNA==	4	2	7	0	1	1	0	1	0	0	0	0	0	0	0	0	0	0	0	0	0	0	0	0	0	0	1	0	0	0
XMTI4ODA2MzE4OA==	62	24	157	9	7	1	3	1	1	2	1	4	0	1	0	0	0	0	0	0	2	1	3	0	2	0	0	0	0	0
XMTI4ODA3NjUzNg==	53	18	90	17	21	31	9	10	12	3	10	6	39	11	4	10	9	4	10	4	4	6	5	6	2	3	3	2	6	6
XMTI4ODA5MTcwMA==	29	2	943	81	374	94	53	33	59	42	43	4	3	2	4	188	4	0	1	0	1	2	0	0	0	0	4	1	0	0
XMTI4ODA5MjM4MA==	6	14	30	17	11	13	0	0	1	2	1	1	2	0	2	1	2	0	0	3	1	1	0	0	0	0	0	0	1	1
XMTI4ODA5MzYyMA==	10259	6998	23182	6693	3948	5188	2205	2491	1715	1968	2314	281	1096	1055	1315	1365	4483	2131	454	519	723	604	470	404	117	93	100	217	350	150
XMTI4ODAxNjQ3Mg==	246	97	960	33	593	30	383	23	22	346	21	6	9	16	413	24	12	3	10	7	14	24	30	411	23	10	22	12	11	14
XMTI4ODE0MDYwOA==	20	263	1121	14	34	5	4	1	4	5	1	0	2	1	1	1	1	1	0	1	0	1	1	1	0	0	0	0	0	0
XMTI4ODE0NjUzNg==	23	32	167	15	29	3	3	1	1	0	0	0	0	0	1	0	1	0	0	0	0	0	0	0	0	0	1	0	3	0
XMTI4ODE1MzMzNg==	268	309	825	146	39	7	11	39	18	22	13	8	3	1	4	8	22	13	8	5	6	12	2	5	3	4	8	2	6	4
XMTI4ODE2MTA2NA==	2	1	11	1	0	0	0	0	0	0	0	0	0	0	0	0	0	0	0	0	0	0	0	0	0	0	0	0	0	0
XMTI4ODE2NzQ2OA==	20	11	51	1	0	1	0	0	0	0	0	0	0	4	17	0	3	0	0	0	0	0	0	0	1	0	0	0	0	0
XMTI4ODE3MTAwNA==	68	11	91	16	59	3	0	79	31	7	6	0	1	4	2	1	1	0	2	0	0	0	0	1	1	0	1	0	5	1
XMTI4ODE4OTA0OA==	38153	36979	151408	35271	7723	1551	2279	630	1297	1318	2086	917	1388	1152	620	452	155	114	81	71	15	57	64	43	26	76	50	15	173	83
XMTI4ODExNDQ3Mg==	19	9	26	4	3	6	10	4	4	2	5	4	1	0	7	2	1	1	0	1	3	0	9	0	1	0	1	3	0	0
XMTI4ODEyNzM0OA==	32	206	821	55	76	106	49	40	58	72	114	76	2	3	2	3	1	4	1	2	2	3	0	1	4	0	0	0	0	0
XMTI4ODI0MzUxMg==	44	90	1317	131	47	37	23	32	26	19	17	7	15	9	6	13	10	10	15	13	17	26	17	12	20	15	12	12	5	7
XMTI4ODI1ODk4NA==	55	21	116	16	13	11	6	8	4	6	4	2	0	6	6	3	5	3	4	7	2	4	0	1	0	0	0	1	1	0
XMTI4ODI2NDI3Ng==	10	12	87	63	45	62	4	6	0	0	0	0	0	0	0	0	0	0	0	0	1	0	0	0	0	0	0	0	0	0
XMTI4ODI2NzAyMA==	31	10	83	4	2	3	3	3	1	4	1	3	2	1	3	5	1	0	6	4	2	0	1	1	2	4	1	3	0	2
XMTI4ODI3MjM1Mg==	18	3	68	1	0	1	1	0	0	1	2	0	0	0	0	0	0	0	0	1	1	1	1	1	0	0	0	2	0	0
XMTI4ODI3NzU5Ng==	15	29	82	15	0	0	2	1	0	1	1	0	1	0	0	2	0	0	0	0	0	0	0	1	0	0	0	0	0	0
XMTI4ODI4MjkyNA==	12	14	33	1	0	0	0	0	0	2	0	0	1	0	0	0	0	1	0	0	0	0	0	0	0	0	0	0	1	0
XMTI4ODIwMzk0OA==	229	87	613	132	5	3	2	4	1	0	0	2	1	1	0	0	1	0	1	0	2	2	2	0	0	0	0	1	1	0
XMTI4ODIyOTU4OA==	30	22	66	12	9	4	48	7	1	5	2	1	0	1	1	0	1	0	1	0	1	1	1	0	2	1	1	0	0	0
XMTI4ODM0MTk4NA==	48	21	120	31	73	5	5	5	8	8	4	4	13	6	3	7	5	2	1	2	5	5	4	3	4	3	1	3	1	2
XMTI4ODM2MjM3Mg==	1	1	2	0	0	0	0	0	0	0	0	1	0	0	0	0	0	0	0	0	0	0	0	0	0	0	0	0	0	0
XMTI4ODM2NTM1Ng==	39	7	90	4	4	1	1	5	0	0	0	1	0	0	1	0	0	1	0	1	0	1	0	0	0	0	0	0	0	0
XMTI4ODM2ODYyOA==	1252	2494	3129	1225	1033	843	944	2033	1915	851	586	101	92	88	71	57	43	43	31	32	30	39	29	39	86	63	70	38	24	28
XMTI4ODM3MjcxNg==	26	23	144	7	8	2	0	0	0	3	4	3	5	9	0	3	2	1	3	4	2	1	0	0	0	1	1	0	1	71
XMTI4ODM5MDk5Mg==	107	53	2103	47	291	35	30	30	65	57	20	22	12	21	321	9	21	17	8	14	18	11	11	7	7	16	17	13	17	17
XMTI4ODM5MTg3Ng==	755	1061	22896	2862	2155	472	1870	310	201	1338	130	100	212	240	1763	207	193	153	155	1183	143	95	80	78	63	77	91	75	1414	51
XMTI4ODM5Nzk1Mg==	428	2202	11009	1417	607	191	177	186	191	220	135	98	126	103	86	107	73	74	85	89	59	46	59	49	35	28	43	38	17	24
XMTI4ODMwNTYwMA==	172	22	436	7	5	3	1	0	0	1	1	4	3	0	0	1	2	0	1	1	1	0	1	0	2	79	0	0	2	3
XMTI4ODMxMDkwMA==	322	191	511	66	97	27	27	22	35	18	12	8	10	5	6	2	6	8	6	1	3	1	5	2	3	3	1	4	3	2
XMTI4ODMzMzE1Mg==	4	2	5	3	1	0	2	2	0	0	1	1	2	0	1	1	1	0	1	0	1	1	0	1	1	0	0	0	0	1
XMTI4ODQ1ODUwOA==	15	11	26	13	10	8	8	6	6	2	1	0	0	0	0	0	0	0	0	2	0	0	0	0	1	1	0	0	0	0
XMTI4ODQ2NzA1Ng==	306	1045	1968	259	275	182	153	105	56	49	18	28	21	26	16	7	14	18	11	6	10	15	15	20	6	6	9	11	11	14
XMTI4ODQwNjYzNg==	329	881	7307	3054	1039	317	383	298	204	231	121	119	106	112	95	87	93	149	103	75	70	68	71	43	45	54	47	28	24	24
XMTI4ODQxMzEyOA==	38	16	500	288	124	26	37	21	16	123	9	12	8	6	8	15	15	17	9	15	15	8	11	11	15	12	14	15	10	10
XMTI4ODQzMjE0MA==	910	555	2028	951	683	660	1005	1508	1087	537	508	424	431	472	578	596	797	705	517	479	479	490	522	487	677	530	551	567	427	479
XMTI4ODU2NTQxNg==	19	703	10818	2449	85	48	50	36	38	28	21	23	21	24	17	19	15	23	17	21	16	15	16	20	12	14	10	12	10	6
XMTI4ODU3MjI3Ng==	3	0	10	0	0	0	0	0	0	0	0	0	0	0	0	0	0	0	0	0	0	0	0	0	0	0	0	0	0	0
XMTI4ODU3NjcwNA==	24	1	85	6	5	14	11	6	0	4	0	0	0	0	0	0	0	0	0	0	2	0	0	0	0	0	1	0	0	1
XMTI4ODUwOTIzNg==	7	0	62	15	26	7	3	5	4	2	2	3	0	1	4	1	2	0	0	2	1	1	1	1	1	6	8	0	2	2
XMTI4ODUyODE4NA==	39	13	104	13	5	6	6	4	0	0	0	1	1	2	0	0	2	0	1	1	1	0	0	0	0	0	0	1	0	0
XMTI4ODUyOTc5Mg==	33	17	86	12	11	7	5	9	3	7	5	3	9	35	5	10	3	5	9	8	14	1	3	8	2	5	1	3	5	3
XMTI4ODY0MjM1Ng==	28	199	1062	68	152	103	110	86	54	41	0	0	2	1	1	1	1	4	1	3	0	3	3	0	0	1	0	1	0	0
XMTI4ODY1MDM0NA==	2905	11421	22087	9052	5113	5348	10845	5434	3523	3048	2940	1264	1262	954	943	1082	1585	1451	1343	867	840	843	671	764	664	248	394	591	689	743
XMTI4ODY3NjU1Mg==	5	3	9	0	3	0	2	0	1	0	0	0	0	0	0	0	0	0	0	0	0	0	0	0	0	0	1	0	0	0
XMTI4ODY4OTk3Mg==	2	0	4	0	0	1	1	0	0	0	0	0	0	0	0	0	0	0	0	0	0	0	0	0	0	0	1	0	0	0
XMTI4ODY5MjIyNA==	102	189	420	167	293	51	28	22	22	11	7	11	6	1	7	6	12	20	6	4	5	5	1	1	7	5	4	4	1	5
XMTI4ODYxNzYyMA==	8	3	21	2	4	8	4	3	0	2	0	1	2	1	1	2	1	0	0	1	1	1	0	0	1	0	0	0	2	1
XMTI4ODc0MjkwMA==	41	33	48	20	17	3	5	3	5	9	2	7	3	1	3	3	2	7	8	0	1	4	3	1	5	5	3	5	5	3
XMTI4ODc0NTY4OA==	1	1	2	0	0	0	0	0	0	0	0	0	0	0	0	0	0	0	0	0	0	0	0	0	0	0	0	0	0	0
XMTI4ODc1ODI4MA==	25	39	91	3	0	0	1	1	0	0	0	0	1	0	0	2	0	0	1	0	1	0	0	1	0	0	0	0	0	0
XMTI4ODc3MzA0MA==	978	1834	2719	718	424	174	124	91	69	59	45	60	50	41	45	46	43	51	47	45	47	62	41	51	35	21	33	45	64	27
XMTI4ODc3NzE3Mg==	4	1	9	0	0	0	1	0	1	0	0	0	0	0	0	0	0	1	0	1	0	0	2	0	2	0	0	0	0	1
XMTI4ODc5OTIxMg==	4	20	117	6	4	5	0	0	7	2	2	1	0	4	1	0	0	0	0	1	2	1	1	3	1	1	67	0	0	0
XMTI4ODcwMTY1Mg==	115	91	211	7	3	2	2	2	3	2	1	516	2	1	0	813	1	1	2	0	0	0	0	0	2	1	1	2	1	7524
XMTI4ODczNDY4NA==	214	739	2089	658	282	278	307	307	337	253	260	214	240	172	202	302	235	266	358	306	393	449	499	511	447	489	474	447	444	389
XMTI4ODg0NDQ2MA==	5	3	6	1	4	0	1	0	0	0	0	0	1	1	1	0	2	0	0	1	0	2	0	0	0	1	1	0	0	0
XMTI4ODgwNDU4NA==	6	6	10	2	0	2	0	0	1	0	0	0	0	0	0	0	0	0	0	0	0	0	0	0	0	0	1	0	0	0
XMTI4ODgyNDc1Mg==	4	5	24	5	4	2	1	0	2	0	0	3	0	0	5	2	0	0	0	1	53	1	0	1	0	1	0	1	0	0
