XMTM2MTEyMzg4OA==	30	38	28	16	12	17	10	9	8	14	7	7	8	22	14	16	8	19	6	6	3	9	16	10	11	4	20	3	6	9
XMTM2MTUzMTc3Mg==	16626	10500	2851	2514	12426	1228	12334	8439	1168	556	365	691	504	503	1161	603	351	279	229	277	411	662	608	298	140	244	77	146	286	195
XMTM2MTI3MDU0MA==	173455	394972	372930	332454	264788	376461	413161	402235	384961	461203	343017	322144	364677	291589	446470	141376	563844	4457	227387	294777	379208	396904	374442	206195	334011	97294	205576	48422	71210	130309
XMTM2MDgzNDcyNA==	32	22	8	21	5	17	15	15	4	22	9	46	2	2	5	2	16	0	2	122	19	33	23	1	14	33	12	31	39	25
XMTM2MDk5NzQwMA==	2188	621	583	4105	3434	3035	3920	7478	5082	3502	2364	2981	3510	3366	4184	3586	2976	2296	3212	3931	4271	7139	7747	3251	2618	7262	2597	5809	5663	6691
XMTM2MTMzMTk3Ng==	108	108	64	78	12	47	79	97	65	55	35	20	28	46	49	41	21	18	18	45	59	92	112	57	30	36	74	1	57	45
XMTM2MTUyNzg2NA==	303	343	128	120	187	544	437	186	75	36	18	60	50	34	27	13	39	15	11	27	16	3	4	11	16	3	4	102	9	91
XMTM2MTIwODcyOA==	440	539	711	591	48	259	245	254	104	216	160	165	163	166	118	116	134	106	65	130	150	94	120	61	56	127	95	101	134	96
XMTM2MDk4MTE0OA==	817	543	261	347	249	453	434	375	411	615	914	1204	1633	1104	978	1077	840	880	751	713	822	1462	2125	1096	766	1230	817	1398	1226	1249
XMTM2MTY5OTk5Ng==	1875	2988	1739	1568	972	1030	688	1087	803	799	624	534	590	506	764	1125	896	755	355	418	472	235	491	386	234	315	118	301	302	138
XMTM2MDkxMzU4NA==	5026	8604	3542	9478	5970	6623	4116	4208	3169	2365	3089	6047	4305	2797	2476	1844	1149	2888	2581	1346	1304	2086	1852	898	946	4012	1430	2460	1941	1850
XMTM2MTY3Mjc0MA==	4	4	2	3	4	1	2	3	7	3	0	2	1	2	0	1	2	2	0	4	3	0	0	0	0	1	0	1	2	0
XMTM2MTY1OTk0OA==	15	17	16	9	0	5	0	1	0	1	1	4	0	0	0	1	0	0	0	7	0	1	0	0	0	0	0	1	0	0
XMTM2MDc3OTY1Ng==	19	12	8	11	8	9	10	2	1	1	0	0	1	0	0	2	1	0	1	4	2	1	0	2	0	1	0	3	0	0
XMTM2MDc4MjkyMA==	26	32	22	56	17	21	37	60	61	61	73	303	70	42	54	34	10	0	10	88	21	68	29	2	21	35	160	88	29	46
XMTM2MTYwMjI4MA==	5	5	6	5	3	3	6	8	3	4	2	1	0	3	5	8	4	3	0	9	3	1	0	2	0	0	0	2	2	2
XMTM2MDgwNTY0OA==	64	64	66	47	5	0	2	3	0	4	1	3	0	1	0	4	1	1	1	59	10	2	1	0	1	0	0	1	8	0
XMTM2MTQxMzk1Ng==	4	9	1	8	8	8	0	4	3	3	1	0	1	0	1	1	1	1	0	15	3	2	1	0	0	2	2	3	4	2
XMTM2MTQ4NjYxMg==	5	4	2	1	0	1	5	1	0	1	0	1	0	0	0	7	1	1	0	1	0	0	1	0	0	1	0	2	0	0
XMTM2MTAwNjAyMA==	24	5	5	17	10	13	13	13	4	0	0	1	0	1	0	2	2	3	0	5	0	0	0	0	1	0	1	0	0	0
XMTM2MTE3NDQ4NA==	55	31	11	55	30	60	29	49	45	33	5	1	3	0	1	5	5	5	0	31	5	6	4	1	1	8	14	7	7	4
XMTM2MTYxMjgwMA==	35	71	80	69	24	50	40	34	15	10	4	0	1	0	1	4	1	2	1	32	8	4	11	6	2	141	29	49	27	6
XMTM2MTcwOTAzMg==	10	1	2	8	7	4	5	4	3	1	0	0	1	1	1	0	3	0	0	0	0	0	1	0	0	1	0	0	0	2
XMTM2MDg0MTc2MA==	604	417	189	301	110	254	248	292	214	295	316	234	361	289	368	267	275	315	206	216	250	229	262	331	254	294	96	350	173	190
XMTM2MTE2MDUzNg==	52	43	41	46	37	68	104	124	78	73	47	48	113	75	132	99	66	60	64	74	75	101	121	62	42	78	86	169	101	226
XMTM2MTQyODc2NA==	36	26	8	20	4	17	28	81	97	30	9	20	10	36	65	95	5	3	6	5	6	0	1	2	0	7	1	4	19	58
XMTM2MTQyMTc2MA==	19	17	32	31	32	35	35	68	53	29	14	23	27	37	56	56	47	31	14	25	33	71	96	47	3	7	24	2	46	8
XMTM2MTEyMjcxNg==	424	310	658	1023	882	1250	503	103	38	121	93	135	29	72	42	27	81	4	31	33	34	65	10	8	43	13	28	24	17	27
XMTM2MTA1MDU2OA==	3	2	2	0	3	0	3	2	0	1	0	0	0	0	0	0	2	0	1	0	0	0	0	0	1	1	0	0	0	0
XMTM2MTMzNjA4OA==	1676	1777	2743	2088	360	2865	441	391	248	323	563	329	210	233	185	595	325	176	222	250	131	138	110	394	116	109	4	253	56	201
XMTM2MTQyMzg3Ng==	222	112	23	66	150	158	194	508	127	264	63	148	107	282	382	63	24	31	61	870	147	287	117	12	109	92	86	100	127	46
XMTM2MTM5Njk5Ng==	11	5	12	9	7	10	5	3	0	4	4	5	3	0	0	1	3	1	0	35	1	1	1	6	1	1	4	4	3	0
XMTM2MTM2MTU2MA==	33	19	32	38	29	31	14	0	0	0	0	1	1	0	0	1	1	0	0	0	2	1	1	0	3	1	1	2	3	1
XMTM2MTU4MDYyOA==	16	21	10	9	17	30	6	7	5	5	1	0	0	0	0	2	3	0	0	5	0	0	0	0	1	0	0	1	0	0
XMTM2MTI0ODU4NA==	263	222	161	124	51	106	108	113	69	135	123	129	112	200	128	127	136	145	95	145	151	101	178	79	34	243	55	260	102	92
XMTM2MTY1MzI1Mg==	4	18	16	13	1	7	9	10	3	3	1	1	0	1	4	1	1	0	0	16	2	1	2	0	2	3	1	0	2	3
XMTM2MTczMjMwNA==	67	61	28	6	3	34	36	34	4	1	1	0	0	1	0	1	0	1	0	2	0	0	0	0	0	1	0	0	0	0
XMTM2MDk4Mzg1Mg==	1511	1211	615	853	1458	1016	980	1171	736	912	591	297	252	140	133	106	113	150	82	193	176	77	76	45	88	159	62	125	95	84
XMTM2MDgzMDIzMg==	1932	3417	1939	1761	1597	1530	1256	1549	1277	1473	1241	953	993	2446	1086	104	2003	650	212	551	719	1845	1672	1650	1607	2859	2171	1889	1145	1304
XMTM2MTYyMDgwMA==	21	11	3	13	14	9	3	4	5	3	1	1	1	1	1	1	1	1	4	12	0	0	1	1	1	1	0	1	2	0
XMTM2MTIyMTg4OA==	3	5	9	7	4	7	0	7	11	1	0	8	0	1	1	2	1	0	1	7	2	4	2	1	1	0	0	5	5	6
XMTM2MTMzMjM1Ng==	269	277	63	78	150	89	80	63	56	45	42	36	35	67	41	28	14	4	12	90	232	26	4	2	1	9	5	13	24	7
XMTM2MDkxNTIyNA==	3797	4154	3368	2442	1896	2518	3930	3877	1866	891	628	947	116	686	1068	559	411	346	118	319	457	973	973	339	172	225	134	345	390	387
XMTM2MTE0MjA1Ng==	67	93	87	36	55	65	88	61	1	0	1	20	44	45	31	28	23	25	17	22	12	23	35	40	13	46	36	39	35	62
XMTM2MDgzMzA4MA==	77	42	9	44	110	132	121	8	4	2	4	16	166	18	23	2	225	3	0	37	67	3	1	0	0	7	5	7	1	1
XMTM2MTEyMDM5Mg==	535	542	241	254	15	178	140	133	87	139	77	102	76	87	67	40	5	12	16	195	53	50	61	38	8	70	33	68	49	44
XMTM2MTE0NTA2NA==	68	90	60	50	42	55	72	29	23	20	1	0	2	1	1	15	2	14	2	47	2	2	1	3	2	2	4	4	5	2
XMTM2MTUyMzA0OA==	272	211	120	57	78	139	121	123	109	62	49	117	161	81	85	54	107	73	55	59	81	143	136	115	89	115	93	180	127	177
XMTM2MTIxMDQ3Ng==	351	223	62	95	235	161	142	122	308	172	91	67	63	50	2	19	222	246	431	254	120	97	111	71	111	91	82	150	94	156
XMTM2MTI3NjM1Ng==	39613	109841	110236	122609	102951	123112	168706	107540	138415	124548	89327	105699	117259	78213	85055	82663	74171	74879	40478	105639	168834	59858	30128	63400	97547	52022	109804	9953	30763	162020
XMTM2MTM4ODY0NA==	16	17	9	10	13	9	6	21	10	4	5	1	1	0	1	2	1	3	0	16	3	1	1	1	1	1	2	1	0	6
XMTM2MTcyMTE2MA==	1748	3506	1179	1055	2045	2013	3309	6081	4180	1051	1128	1357	1485	1770	2778	3300	786	800	487	833	906	2438	2693	642	216	641	754	643	3230	1750
XMTM2MTU1ODU4OA==	20	17	6	7	0	16	8	2	0	3	2	1	0	0	1	0	0	0	1	2	0	0	0	1	0	0	0	0	6	3
XMTM2MTAwODYyOA==	1044	1560	1117	1110	469	756	1045	1136	1419	491	436	304	405	347	491	668	302	253	119	211	125	281	346	155	97	109	89	126	134	150
XMTM2MTM4MDkwMA==	83	247	220	292	221	316	302	276	257	323	275	198	288	298	247	211	231	356	328	251	250	192	277	273	279	512	149	301	139	152
XMTM2MDgzODM2NA==	24	16	8	12	13	8	15	11	7	15	2	1	0	0	2	4	0	1	1	28	7	0	0	0	1	2	1	6	3	1
XMTM2MTM4MzE2OA==	18	102	44	142	83	162	105	61	131	37	1	1	0	1	0	1	0	1	0	4	1	2	0	1	0	0	0	1	0	0
XMTM2MTEzNDg2OA==	2054	1477	684	836	642	1324	1364	663	501	500	415	403	387	520	1108	690	620	625	524	454	503	773	725	525	373	668	375	739	403	409
XMTM2MDkwMjQ3Ng==	11	5	0	9	10	13	6	1	3	8	4	0	1	1	0	1	13	0	1	20	3	0	2	1	0	1	0	7	2	1
XMTM2MDQyMDcyOA==	3483	1992	1116	3540	516	1210	1112	917	714	662	466	618	475	600	485	447	379	363	390	311	346	536	536	333	208	438	264	607	565	529
XMTM2MTEyNDI2OA==	2660	2342	1144	1159	420	1263	1114	489	406	579	449	579	510	518	361	474	333	252	134	124	103	102	105	91	120	200	102	143	94	83
XMTM2MDgzMTY5Ng==	222	436	205	293	36	290	558	181	103	90	87	405	57	27	11	27	17	6	1	0	4	1	1	11	3	7	3	2	2	0
XMTM2MTUwMTQ1Ng==	436	465	264	494	309	471	507	267	277	196	128	150	203	170	157	55	117	122	88	89	92	78	64	36	38	58	25	36	36	29
XMTM2MDk5ODcwMA==	6	6	6	8	2	2	1	1	1	0	0	0	0	1	1	0	0	1	0	2	0	0	1	2	1	0	1	0	2	2
XMTM2MDc5ODU1Ng==	635	567	299	355	411	625	978	1026	492	641	495	884	988	623	419	500	500	783	373	452	667	1225	936	708	504	723	542	847	509	500
XMTM2MTE0NTM1Ng==	528	446	75	85	74	284	442	155	122	80	42	54	74	101	109	185	124	106	69	85	147	294	325	125	136	161	62	168	195	161
XMTM2MTMwMTgyMA==	10	18	16	10	13	2	0	0	0	1	0	0	0	0	1	0	0	0	0	1	0	0	0	0	0	0	0	0	0	0
XMTM2MDgzMDE1Mg==	52	38	17	2	52	17	22	3	2	4	2	6	3	3	4	17	2	1	0	20	1	1	1	0	1	0	1	0	0	0
XMTM2MDgxNjY1Mg==	806	512	356	506	154	491	381	168	122	149	150	151	166	184	143	90	41	13	25	127	35	32	45	28	38	67	31	44	38	32
XMTM2MDkyNTQ4MA==	60	38	9	25	25	31	25	58	70	44	23	36	16	49	12	1	11	1	140	137	26	44	2	31	4	59	48	69	110	54
XMTM2MTE4MjA5Ng==	2982	1645	1497	2154	1779	1131	646	402	324	414	198	332	268	276	180	175	97	342	492	259	131	147	167	145	190	193	210	378	117	98
XMTM2MTA1ODU5Ng==	1828	2006	1910	1286	155	855	1221	924	586	602	496	478	474	419	498	419	403	492	416	477	471	325	347	319	277	371	254	389	245	317
XMTM2MTMxMzcxNg==	10	11	4	3	6	10	8	10	8	8	14	2	1	0	4	1	0	2	0	58	8	12	17	5	1	5	0	3	4	2
XMTM2MTQzODI0NA==	92	75	48	42	23	66	78	61	66	47	32	36	2	3	2	4	8	13	5	183	10	7	5	6	6	1	10	7	6	7
XMTM2MDg4ODA2OA==	58	15	47	40	34	13	14	9	14	16	5	1	2	3	3	7	4	1	7	53	5	0	4	4	1	1	5	5	4	0
XMTM2MTEyMzU4NA==	2655	1816	3535	1641	924	1358	1780	394	182	680	542	52471	508	532	212	155	90	100	50860	96	56	106	122	77	46	110	66	111	56	69
XMTM2MTMwNDMyOA==	42	58	56	39	10	29	77	91	18	28	17	24	5	51	64	5	8	30	25	191	26	17	9	10	5	16	8	227	62	26
XMTM2MTI1ODA1Mg==	2709	2911	2021	1144	59	919	1018	1285	2499	3374	2223	5943	5740	4806	6978	10780	8249	8277	9258	8386	6654	7282	7970	6272	4209	6934	6299	4745	6793	4469
XMTM2MTQ5ODU5Mg==	118	261	320	356	253	167	342	323	321	190	115	314	278	339	480	619	303	305	375	217	378	474	786	406	404	724	589	1036	705	681
XMTM2MTUxMDIyOA==	549	497	308	385	798	1164	1241	2103	2661	1827	857	1168	1126	1276	3253	3492	1172	1998	1322	631	3212	4254	4286	1615	1480	3712	2957	5710	5606	4941
XMTM2MDc1MzUwOA==	4188	10005	6343	5535	3933	4330	2699	298	285	168	169	293	21	108	132	70	70	49	77	77	34	47	31	26	41	27	52	39	67	1670
XMTM2MDgzNjkwOA==	62	48	58	14	6	15	22	6	8	1	2	2	1	1	0	7	2	4	0	10	3	3	1	1	0	1	6	0	1	0
XMTM2MTQxMzMyOA==	7183	8075	4079	4529	1704	3106	3598	2336	1999	1600	1235	1196	2002	1425	1194	1623	1007	1181	1247	1557	1464	1230	1437	742	591	1223	566	1239	738	850
XMTM2MTAzNjUxMg==	425	294	289	286	251	546	760	456	398	508	407	631	770	848	586	542	516	638	362	515	565	985	1259	387	369	744	336	609	402	384
XMTM2MTQxNTY0OA==	739	2233	1526	2613	1223	1403	1210	692	423	478	327	500	467	595	423	467	198	226	255	304	260	205	328	249	173	221	170	198	207	195
XMTM2MTQzODU4MA==	44	34	25	18	9	15	17	23	28	16	13	9	3	3	10	1	10	6	4	45	4	6	2	11	0	15	4	7	7	21
XMTM2MDczNzI3Mg==	72	36	123	146	113	112	106	157	107	155	8	96	117	144	198	32	406	1542	2121	2004	2071	3059	3492	2244	1465	3024	728	3777	3335	3245
XMTM2MTA2NTU4OA==	13	7	6	3	5	9	7	1	1	3	1	1	0	0	2	1	1	1	2	8	0	3	1	3	0	0	1	4	6	8
XMTM2MTYwNTA0NA==	92	131	82	100	50	76	109	185	208	157	124	128	157	223	246	267	78	375	424	579	561	1120	1190	1181	403	1164	547	1723	3203	3089
XMTM2MTcwMjM2OA==	2289	3122	1005	1516	800	2013	3376	6362	3957	1632	1265	1424	2958	2343	6075	3358	1446	1503	749	881	2780	973	4228	800	878	1595	544	1765	3442	2106
XMTM2MTQ0ODQ5Ng==	192	81	33	267	165	180	76	2	4	2	0	0	1	0	0	1	1	0	0	22	1	2	1	1	0	10	3	4	2	1
XMTM2MTczNjUwNA==	3	3	1	3	1	0	1	5	1	4	0	4	1	0	0	2	2	5	2	20	8	0	2	2	4	3	4	0	1	8
XMTM2MTI4NjcwNA==	5196	2949	2436	3545	4031	5916	9526	13452	11713	8819	7143	11398	9906	10661	10123	7353	5827	8392	7587	11945	18026	26125	25076	14275	9138	18309	10710	20009	16263	22510
XMTM2MTIwODUwNA==	806	534	621	2382	2207	1886	3329	4712	3149	2668	1569	1396	1466	2655	3588	2479	1734	2014	1301	1668	2483	2938	3414	2222	1293	1922	1244	3284	3252	3202
XMTM2MDk3NzkwNA==	22	17	5	19	2	8	14	9	14	20	13	2	2	2	0	3	6	4	9	84	0	12	1	5	1	3	3	7	1	2
XMTM2MTE5MDkwMA==	84	73	63	86	47	55	16	6	13	53	26	8	1	1	5	5	26	7	20	58	4	0	0	2	3	3	0	4	2	1
XMTM2MTUzODgzMg==	24	24	22	12	1	1	2	0	3	0	1	0	0	1	0	0	1	0	0	1	2	0	0	0	0	4	0	0	0	0
XMTM2MTQ5MDA5Mg==	257	238	101	123	65	128	145	60	50	39	50	39	73	42	9	15	9	15	7	163	29	28	22	24	15	21	14	38	20	21
XMTM2MTY2NDA5Ng==	39	65	2	66	25	28	17	3	7	1	2	1	2	0	0	1	0	1	3	13	1	4	1	3	0	0	0	3	1	2
XMTM2MTI0ODAxMg==	2068	1801	2304	1734	2728	3984	1582	214	41	9	34	88	72	62	62	14	8	31	24	71	20	18	20	29	5	18	21	34	19	1447
XMTM2MDg0OTk3Mg==	3758	2811	2563	2215	618	1643	1780	2409	1747	1781	685	1750	1609	1739	2376	2012	2222	1726	900	1254	2266	2596	2788	974	1071	2561	2589	806	1708	2092
XMTM2MTUxMTg5Ng==	4	4	8	8	11	12	10	9	7	9	1	1	0	3	1	3	0	5	4	5	1	1	0	0	1	2	2	2	0	29
XMTM2MTAzNjY5Mg==	57	71	82	46	57	43	27	20	14	182	7	2	10	2	1	0	2	1	1	14	1	1	3	0	0	1	0	0	3	0
XMTM2MTcwNzYzNg==	1420	1012	561	2591	1295	1655	2492	4807	3533	1004	777	1303	1255	1319	2128	2087	535	649	493	331	622	2528	1777	547	1113	169	67	658	2593	1592
XMTM2MTI0MzQ4MA==	295	151	124	103	119	179	256	335	161	223	183	163	161	251	234	297	150	143	147	177	178	247	312	211	81	244	77	280	271	243
XMTM2MTIxMTE4OA==	969	1028	555	570	66	415	635	900	423	281	123	285	220	492	537	413	153	138	35	157	123	188	222	52	121	46	186	37	174	709
XMTM2MDkwMTM5Mg==	112	175	82	92	14	78	104	81	82	89	59	94	19	16	8	4	21	19	86	577	342	205	107	91	297	302	94	124	86	73
XMTM2MDk2MjI5Mg==	123	136	81	76	57	102	84	14	8	17	0	1	2	1	3	3	0	2	0	43	5	4	3	3	0	1	1	0	0	6
XMTM2MTQyNTA2OA==	95	76	47	43	20	50	31	31	17	34	18	7	8	1	6	11	3	1	3	144	29	24	17	18	10	8	24	22	16	15
XMTM2MTE3MzU3Mg==	35	11	12	30	43	11	14	4	7	8	19	11	6	3	2	5	1	0	2	58	5	1	2	3	0	0	3	0	5	2
XMTM2MTE1MDUyNA==	2289	2411	1218	803	73	1210	978	646	595	649	520	437	612	758	675	708	1008	873	611	664	478	586	892	711	606	786	244	359	227	263
XMTM2MTQ3Nzg3Mg==	97	53	47	113	66	24	35	10	14	25	17	6	13	10	20	1	7	12	4	50	5	18	23	12	6	9	7	13	5	21
XMTM2MTEwODAwNA==	19	14	6	17	9	21	18	25	12	15	9	14	28	14	14	6	9	1	0	27	10	4	0	8	5	1	2	6	20	37
XMTM2MTYwOTgyNA==	269	256	141	114	16	98	86	92	103	94	127	68	95	99	68	88	52	54	70	46	158	123	3	76	54	190	145	63	38	86
XMTM2MTQ2NDgzNg==	114	115	60	68	151	81	39	81	30	36	17	6	7	9	4	5	15	4	4	159	25	31	79	27	14	17	9	89	42	14
XMTM2MTUxMzU0OA==	7	11	11	14	10	7	3	8	11	1	0	3	0	2	0	1	0	1	0	16	14	2	2	1	2	0	2	4	0	22
XMTM2MDc3MTgyOA==	4	3	2	2	3	2	0	0	0	0	0	1	0	1	0	1	5	0	0	0	1	0	0	0	0	1	0	0	0	0
XMTM2MDgwMzI0NA==	724	710	438	416	459	1016	951	1331	1485	1471	1082	1589	577	139	199	181	335	124	162	165	189	223	227	178	109	201	167	204	138	142
XMTM2MTIyMzM5Ng==	17	3	5	20	11	18	9	14	11	20	2	0	11	1	4	8	1	6	0	78	30	3	9	2	9	21	9	20	2	0
XMTM2MTIzNTQ2OA==	8944	14607	7661	10107	5007	11588	12954	22008	18821	10542	7799	11170	12512	13426	21814	15589	7647	8512	7570	10554	12013	23555	21874	9924	6922	15185	7691	12194	16374	16705
XMTM2MDk5NzU4OA==	1383	2197	2080	1554	125	549	361	282	265	318	211	174	174	124	109	192	240	174	159	107	112	107	166	551	225	191	158	129	137	109
XMTM2MDk5Nzk0NA==	854	682	463	467	223	355	227	180	149	152	67	52	87	125	87	128	95	97	80	92	77	117	117	120	85	111	45	108	81	66
XMTM2MTQ3OTI5Mg==	183	232	214	120	36	48	48	34	16	16	13	15	16	3	4	7	0	1	3	49	6	11	13	18	12	1	7	3	7	20
XMTM2MTQxMjY2NA==	177	180	61	65	7	67	147	228	130	64	48	89	55	121	138	169	53	28	36	52	216	109	118	81	45	41	59	36	117	91
XMTM2MTA2OTQ0MA==	147	94	77	54	42	102	136	25	12	11	21	10	11	1	4	0	9	2	0	81	45	52	59	23	42	164	121	132	104	112
XMTM2MTQ1NjQ4OA==	6959	9270	6648	5162	1022	2358	1141	1613	850	1005	409	173	192	158	269	184	145	174	121	267	239	225	410	327	316	376	178	353	297	304
XMTM2MTE4NzQyOA==	15	12	10	9	12	4	2	2	0	0	2	1	0	0	0	1	0	0	0	2	0	2	0	1	0	0	0	0	0	0
XMTM2MTE3MjY3Ng==	11	4	5	9	8	3	5	6	6	1	3	2	1	1	0	4	3	0	1	18	2	11	2	1	1	9	5	5	6	10
XMTM2MTM0NzkwMA==	5916	5143	1927	2245	650	2868	2454	452	237	34	170	271	245	199	179	153	188	157	146	166	120	221	268	133	92	174	121	185	208	186
XMTM2MDk0NDQxMg==	91	102	96	127	105	181	230	191	147	435	627	741	1132	1561	1038	693	254	234	194	131	158	146	164	83	89	95	61	102	119	95
XMTM2MTA4NDIwNA==	87	99	14	39	1	68	60	150	104	88	45	53	118	115	230	178	59	84	72	80	102	257	262	104	67	150	31	124	347	257
XMTM2MTU5NTk5Ng==	7	22	21	6	6	15	13	17	10	10	4	11	19	3	4	6	2	1	6	66	15	0	14	8	1	1	15	4	19	17
XMTM2MDk2NjMwNA==	3468	2905	2742	2475	669	1056	366	431	383	233	161	278	213	73	110	128	80	87	100	77	116	115	85	10	11	79	12	64	82	75
XMTM2MDkyMDk4MA==	2323	2481	2660	3003	2344	2517	2191	1195	1164	1218	769	834	665	698	345	314	294	311	258	251	225	302	341	271	191	355	190	307	170	183
XMTM2MTA2NDE1Ng==	470	206	362	369	435	537	456	584	402	550	466	543	752	429	324	407	375	625	253	656	479	393	360	260	293	401	316	561	357	545
XMTM2MTExNzI2OA==	9	11	5	1	6	3	4	4	2	6	1	1	1	1	1	1	0	2	0	10	1	0	1	0	0	2	1	0	0	3
XMTM2MTA2MDIwMA==	3130	4678	2714	2108	988	1795	1028	8331	3356	2005	1033	900	848	707	773	536	581	686	531	444	567	501	670	372	268	242	205	337	269	297
XMTM2MTQwOTkyNA==	20	60	25	22	47	24	18	22	18	6	11	37	16	6	37	34	1	10	20	119	37	34	26	4	0	13	15	21	52	26
XMTM2MTU1MTc2MA==	406	431	247	253	82	267	273	73	55	48	12	33	25	34	26	19	33	31	29	84	29	38	25	13	17	35	15	25	20	13
XMTM2MTIzMzY2OA==	2178	2884	6043	6348	6305	4080	461	437	111	129	90	92	108	57	65	124	141	92	89	84	70	86	114	92	119	94	39	53	46	74
XMTM2MTcwODcxMg==	16749	22892	9349	9121	4995	11831	8270	9968	6032	2747	1362	2448	1098	3342	6700	6155	2177	2272	1611	2310	599	3077	2350	536	439	1231	418	957	1296	1444
XMTM2MDkwNzI0NA==	5292	2152	8306	19042	18059	21700	19789	18973	19232	12224	285	166	162	274	335	210	307	237	234	179	170	163	185	173	99	215	144	197	161	154
XMTM2MDgzMzQ1Mg==	777	2086	1160	1683	1683	1078	1654	970	979	1124	713	972	1174	1561	1297	1021	1235	1795	1101	1313	1526	992	1308	981	1413	2091	781	2206	979	1302
XMTM2MTIzMzM5Ng==	111	125	55	79	28	85	76	75	54	89	60	78	6	16	8	1	2	18	30	497	67	5	61	34	31	17	31	34	40	39
XMTM2MTI4NDg1Ng==	8759	18527	12424	9143	2094	9922	16307	8732	4930	2975	1459	3562	692	1251	2510	1729	222	310	689	2267	343	163	402	640	419	829	99	679	260	5163
XMTM2MTUzNjMxMg==	1151	676	464	761	1790	382	1338	4069	1257	1010	531	750	399	219	232	120	56	87	95	100	151	117	172	110	111	107	36	39	63	53
XMTM2MTIwMzI3Ng==	155290	357437	223883	347113	4304	74038	152218	30138	33080	14375	23463	41970	48053	38715	34564	103968	12274	11634	2895	1818	822	561	1395	827	1493	1921	55456	54970	4906	14484
XMTM2MTMyNzg4NA==	798	1483	1041	570	480	1457	929	939	713	937	613	651	772	809	714	731	438	80	23	70	57	81	77	58	41	84	55	118	69	69
XMTM2MTIzNDAwOA==	19	19	11	11	2	8	9	6	5	1	2	1	1	0	1	2	4	1	0	8	1	2	1	4	2	8	0	1	0	4
XMTM2MTQ4MTIyMA==	10	11	6	3	2	7	2	0	1	3	0	1	0	0	1	1	0	2	0	4	0	0	0	0	1	1	0	0	2	0
XMTM2MDc1OTMzNg==	73	70	32	56	32	28	32	19	16	8	19	17	23	44	7	0	11	3	3	53	14	33	28	33	9	30	10	26	28	16
XMTM2MTU0ODA3Ng==	301	239	91	127	109	172	189	261	161	135	145	186	209	78	184	154	156	187	118	307	440	467	699	675	642	1265	886	1763	1476	2716
XMTM2MTM0ODAyOA==	701	700	690	380	280	497	327	398	323	344	203	129	185	226	207	217	486	331	174	235	279	352	297	297	244	206	201	279	222	238
XMTM2MTA5MDE2OA==	8	6	3	11	6	7	1	1	0	0	0	0	0	0	0	0	0	0	2	0	0	1	1	1	0	0	1	3	1	0
XMTM2MTM5MDMyMA==	84	100	62	101	94	59	64	71	36	70	33	48	14	29	32	29	93	80	26	82	36	37	54	5	28	113	34	75	36	40
XMTM2MTE0MTgxMg==	173	210	82	309	64	130	151	74	86	44	103	88	56	62	49	67	83	59	56	68	52	26	59	64	55	117	50	46	66	86
XMTM2MTMyMTMyMA==	449	418	104	86	371	397	343	27	3	6	59	44	54	40	35	26	26	36	36	43	28	21	32	25	25	33	6	24	29	32
XMTM2MTQ5ODA4MA==	960	2000	1436	1366	57	604	700	618	562	706	593	611	642	1239	1176	774	521	592	402	544	628	469	451	310	232	446	197	624	738	688
XMTM2MTIwOTg2NA==	846	876	508	462	290	468	534	509	901	1014	388	595	5	53	176	306	58	6	4	1626	142	284	221	31	2	184	202	309	258	173
XMTM2MTIyMjU0OA==	1522	1248	1151	676	40	552	464	508	382	297	232	273	203	155	200	171	131	115	94	122	140	124	146	96	63	114	110	138	95	130
XMTM2MTYxMzQ2OA==	24	15	13	19	2	9	10	4	5	4	4	1	3	0	3	0	2	0	0	13	2	1	0	0	0	1	0	1	3	1
XMTM2MTEzNDIwOA==	109	118	64	66	23	69	60	68	52	74	68	40	50	37	46	59	29	57	53	50	42	57	47	43	36	43	32	49	29	55
XMTM2MTUzODExNg==	22	28	12	12	18	16	6	0	1	0	2	0	0	0	2	0	0	2	5	3	0	1	0	0	0	1	0	0	0	9
XMTI4NzI2MDE4OA==	131	128	72	115	121	52	87	76	52	25	75	115	88	203	77	84	3386	163585	448	312	255	247	202	158	123	156	185	183	193	164
XMTI4Nzg1NjA2MA==	6344	3685	3379	2176	2676	4451	3638	4179	3482	3852	1898	1590	1453	1500	1371	1272	1370	1561	1708	1822	1712	1396	1382	1712	1860	2987	3384	2136	1373	1153
XMTI4Nzk2MzEyMA==	15	9	10	11	9	5	7	2	9	8	3	1	0	0	5	0	0	0	0	0	0	3	2	1	0	1	0	0	0	0
XMTI4Nzk3Mzk0MA==	4443	1442	3570	5146	8622	5079	4248	3406	2857	2936	1228	1714	1594	1535	1423	1208	1000	1047	1054	951	914	674	226	527	676	695	676	712	707	608
XMTI4Nzk5NTgzNg==	25	29	19	7	23	8	7	2	5	8	8	13	8	12	17	15	12	18	22	19	19	8	19	10	8	6	13	8	6	9
XMTI4Nzk5OTgwMA==	344	1786	1067	571	1200	1125	582	370	230	284	330	440	420	1565	508	674	923	621	359	374	370	346	599	672	643	610	1954	773	1632	508
XMTI4NzkyOTEzMg==	13	179	637	286	402	481	246	219	135	54	52	86	390	472	203	194	379	417	230	141	108	39	20	23	21	22	32	15	11	17
XMTI4ODA1MjMwNA==	635	510	670	112	114	318	104	76	24	22	24	17	15	17	15	22	16	28	16	16	14	16	16	19	16	12	9	11	16	10
XMTI4ODA2OTAzMg==	5	3	3	5	2	1	1	1	1	2	3	2	1	1	4	7	5	4	1	1	4	5	4	6	5	3	5	9	9	1
XMTI4ODA3Nzc1Mg==	1284	487	532	605	965	1973	2196	1696	971	689	501	396	173	197	165	118	149	120	127	121	85	115	101	114	130	86	87	94	84	74
XMTI4ODA4NTk3Ng==	1589	1124	1076	771	856	395	515	319	195	180	214	188	142	113	135	144	622	1121	894	858	911	457	223	201	135	137	156	132	124	154
XMTI4ODA4ODkyMA==	104	25	61	88	97	41	10	13	11	14	17	27	19	14	12	11	16	12	9	16	19	9	2	6	12	10	4	7	5	1
XMTI4ODA5MzM0NA==	619	579	813	1750	1744	250	1089	419	285	294	283	291	301	372	300	280	205	214	216	236	233	178	182	186	199	148	138	176	176	160
XMTI4ODAwOTIzMg==	9	4	5	8	6	3	8	3	1	2	1	0	1	2	2	3	0	0	76	1	0	1	0	0	3	0	0	3	1	3
XMTI4ODAxMjQxMg==	19	13	18	10	15	8	3	6	14	0	0	0	2	0	3	4	1	0	2	1	2	1	0	0	0	0	2	0	3	1
XMTI4ODAyMTEwNA==	123	88	82	30	55	50	64	57	68	66	46	43	65	73	55	63	37	51	47	63	62	57	72	65	68	102	98	70	76	80
XMTI4ODAyNTU0OA==	28	13	32	21	31	16	12	7	4	13	9	7	4	5	5	16	42	23	29	6	15	7	11	15	6	3	3	0	4	4
XMTI4ODE0MzE1Ng==	2198	1647	881	228	835	1745	941	1724	795	2762	610	1640	308	278	374	398	1428	224	174	155	151	196	163	166	136	188	155	136	104	118
XMTI4ODE0ODc0OA==	220	217	255	268	166	471	201	421	210	165	156	120	156	520	231	207	165	182	239	257	395	256	207	158	132	166	334	270	213	222
XMTI4ODE1NzMwMA==	33	15	16	9	8	25	22	96	175	26	21	23	16	22	12	6	8	4	6	4	4	2	2	2	0	4	5	1	1	0
XMTI4ODE2MjY2OA==	1276	1148	888	1043	711	109	111	93	103	638	58	33	77	82	46	38	48	38	46	43	48	40	38	26	14	28	32	21	32	33
XMTI4ODE2NzUxNg==	4	3	1	0	4	3	5	2	1	5	0	3	0	1	3	2	3	1	1	1	5	3	5	2	5	2	5	2	2	3
XMTI4ODE3MzI4OA==	10	6	0	0	10	8	7	7	3	3	7	2	2	5	7	2	5	6	0	2	4	3	9	5	9	1	4	0	2	1
XMTI4ODE4MDAwNA==	41	51	30	17	17	16	24	25	18	33	32	13	20	26	32	25	25	16	26	24	22	30	33	34	31	29	32	46	40	60
XMTI4ODE4NTQ2MA==	3348	10509	22698	13074	11375	11976	11991	10996	12352	8617	3935	2013	2790	2403	2214	2216	1235	2280	2242	2218	2070	729	1763	1873	2037	2128	1927	610	1480	1188
XMTI4ODE5NDYyMA==	79	105	74	46	45	123	58	48	55	134	41	29	32	29	37	62	56	38	62	46	53	94	37	30	27	36	51	48	20	39
XMTI4ODEwMjYzNg==	17	5	10	6	15	11	24	15	35	22	22	12	3	11	5	11	16	18	20	16	19	11	33	33	20	8	8	4	15	8
XMTI4ODEzMjQwOA==	240	165	230	120	111	87	71	75	61	71	73	31	28	35	15	31	28	21	28	42	23	20	26	39	22	12	18	19	10	17
XMTI4ODEzNjg0OA==	2657	738	2223	1230	1244	1168	103	798	661	498	438	393	405	390	292	285	252	212	192	213	224	160	152	153	140	131	140	142	119	121
XMTI4ODI0MjI4MA==	1126	553	615	477	489	329	404	245	247	331	228	245	196	191	255	388	392	351	429	519	426	353	255	290	347	408	491	402	391	377
XMTI4ODI0OTc5Mg==	5	3	9	6	9	6	1	6	8	3	8	1	4	2	6	2	4	5	0	3	8	5	2	4	5	5	3	0	8	5
XMTI4ODI1MjM5Mg==	196	141	89	149	39	30	94	45	33	96	23	17	14	16	11	3	2	3	2	0	6	1	7	13	6	12	3	2	5	3
XMTI4ODI2MTkxMg==	690	192	300	270	639	607	369	252	384	409	459	439	443	557	579	628	633	602	623	633	721	578	713	801	1059	832	490	505	413	464
XMTI4ODI2NTY4OA==	7	32604	31503	24793	24336	22407	25595	7	1	3	4	2	2	3	2	2	2	2	7	4	3	2	5	4	3	7	3	2	4	4
XMTI4ODI3NDE0OA==	237	80	182	120	120	89	99	179	333	547	286	234	171	194	256	347	433	248	246	165	169	104	139	163	123	101	79	92	107	92
XMTI4ODI4MjI3Mg==	1533	383	400	860	1560	1225	1397	1168	1010	1098	1147	1036	1142	186	1345	1454	1216	1288	1186	1162	1356	1232	1226	295	1012	1089	1027	989	1037	999
XMTI4ODI4NjA1Mg==	209	130	149	79	102	111	116	6	80	84	127	114	104	107	109	126	130	174	208	139	161	107	137	147	139	124	138	122	124	110
XMTI4ODI4ODgxNg==	327	315	221	194	298	321	301	416	766	859	770	856	977	974	1163	1327	1489	1538	1760	1461	1358	1205	1034	18	1057	1336	1151	1428	1065	1286
XMTI4ODI5Mzc2OA==	180	96	138	76	95	71	64	75	65	59	61	64	55	82	67	55	55	104	100	94	103	111	160	130	163	120	153	113	120	111
XMTI4ODI5NzIwNA==	1198	349	759	790	757	583	551	705	517	488	544	563	518	717	785	632	644	523	378	421	391	469	518	509	471	499	376	414	440	465
XMTI4ODIwNzYwOA==	1706	1204	1146	527	865	552	436	455	449	489	427	326	412	429	345	318	263	283	351	293	300	268	249	263	242	225	192	149	163	167
XMTI4ODIwOTExMg==	77	32	38	66	75	50	51	61	55	61	76	73	34	3	6	10	457	48	37	15	30	18	10	45	18	13	2	2	1	5
XMTI4ODIyNTAwMA==	23	24	31	21	21	12	11	12	15	17	9	8	23	17	11	14	20	15	15	24	13	12	19	23	13	30	18	9	13	11
XMTI4ODIyNjcyOA==	48	82	61	77	76	10	3	1	6	1	0	5	2	1	5	0	2	0	0	0	1	1	1	0	1	3	2	7	2	1
XMTI4ODM0MDI0OA==	77	79	63	27	29	15	0	4	2	0	1	0	3	1	0	1	0	1	1	1	0	1	0	0	0	0	0	2	0	2
XMTI4ODM0MjU4MA==	2534	2553	3299	3283	5380	2277	200	531	358	377	368	296	283	368	346	304	232	260	247	232	191	137	163	183	214	131	113	113	138	169
XMTI4ODM1NTI0MA==	120	52	65	63	48	40	54	33	41	45	27	22	34	46	35	26	26	52	130	13	25	28	34	23	30	33	41	40	27	27
XMTI4ODM2ODI1Mg==	23	3	10	9	12	16	16	6	18	13	20	17	10	10	5	12	28	19	15	21	20	13	10	25	19	24	16	15	8	13
XMTI4ODM3OTYxMg==	15	12	6	14	15	7	8	5	7	7	5	4	4	9	9	14	8	12	45	51	23	16	16	5	18	7	9	3	1	7
XMTI4ODM4MTA4NA==	2	0	0	3	3	2	1	0	0	0	0	1	0	0	0	0	0	0	2	0	0	0	0	1	0	0	0	0	0	0
XMTI4ODM5MDg2MA==	0	0	0	0	0	0	0	0	0	0	0	0	0	0	0	0	0	0	0	1	0	0	0	1	0	0	0	0	0	0
XMTI4ODM5MzM1Ng==	348	90	135	179	207	204	175	36	23	20	11	13	16	7	6	3	7	3	3	1	0	5	2	3	4	0	0	1	1	3
XMTI4ODMwOTE2NA==	1081	1045	1415	969	844	1327	878	667	682	573	663	577	683	691	609	509	432	520	560	504	581	521	557	531	573	801	1614	1344	1272	1113
XMTI4ODMxNTA2OA==	651	434	207	400	439	224	240	193	122	375	553	379	115	49	34	29	99	345	314	210	149	128	44	79	202	217	209	141	80	80
XMTI4ODMxNjg1Ng==	51	16	16	45	51	32	30	24	30	15	19	16	7	9	10	10	7	9	4	1045	7	14	3	7	7	7	1	1	5	7
XMTI4ODMyMDM1Ng==	4	0	4	5	2	3	2	1	1	0	0	2	1	3	3	2	5	2	4	0	4	0	10	3	4	9	2	6	3	6
XMTI4ODMyMjQyNA==	195	81	91	69	83	99	68	26	41	26	27	24	49	51	49	23	21	24	18	30	26	24	12	15	21	10	16	14	12	8
XMTI4ODMyNTUwOA==	726	907	890	318	805	339	758	328	420	426	288	941	328	487	1359	353	222	265	286	1373	303	222	224	252	218	216	413	316	1387	241
XMTI4ODMyNzc5Mg==	253	117	105	79	113	96	124	87	78	109	125	148	154	221	183	180	236	228	206	200	192	190	222	294	248	190	249	158	179	242
XMTI4ODMzMDQ3Mg==	1024	672	1263	988	1124	1437	2345	973	845	760	784	572	695	725	499	422	460	425	450	1521	582	457	347	336	210	169	334	280	232	182
XMTI4ODQ0MDA5Mg==	101	112	100	54	21	61	70	60	68	71	57	74	52	64	79	86	62	67	75	98	89	101	120	100	99	96	105	83	84	151
XMTI4ODQ0NDExNg==	155	10	125	199	43	41	184	31	57	34	146	17	6	5	4	6	4	2	9	11	3	2	3	2	4	4	2	1	2	2
XMTI4ODQ2MTg3Ng==	10	8	10	3	3	3	1	5	3	3	1	0	0	4	1	1	3	2	2	0	2	7	0	1	2	2	2	2	0	4
XMTI4ODQ2ODQwMA==	11	12	2	10	12	8	17	3	5	4	1	1	3	5	1	0	1	2	0	2	0	11	12	8	7	4	9	1	1	4
XMTI4ODQ3MzgyNA==	385	321	300	175	264	53	36	25	24	17	9	16	20	14	9	17	14	9	33	4	13	14	17	7	5	6	8	14	5	2
XMTI4ODQ4MTIyNA==	1534	1591	1986	1752	1684	1374	2019	2328	1855	1418	1432	1090	1089	1656	1587	1063	765	792	761	789	878	788	816	911	640	547	427	331	352	291
XMTI4ODQ4NTQyNA==	278	470	684	245	259	712	510	183	347	156	33	32	42	21	34	33	61	84	61	66	82	77	74	93	113	89	102	73	41	39
XMTI4ODQ5MDg0MA==	781	880	730	357	304	215	161	202	180	130	156	103	108	101	90	133	148	137	132	177	136	126	109	116	78	74	93	57	49	49
XMTI4ODQ5Mzc2OA==	562	212	1262	1229	939	205	193	1786	326	186	141	135	122	136	107	60	78	71	48	72	76	77	89	91	63	71	84	81	90	59
XMTI4ODQ5NDE1Ng==	195	80	146	91	111	150	113	115	90	80	90	67	84	85	109	105	187	386	300	273	293	262	190	204	251	182	154	170	143	147
XMTI4ODQ5NzU3Mg==	352	191	149	42	334	408	61	23	4	36	214	17	8	13	12	9	11	6	9	11	22	9	11	14	8	16	11	7	3	7
XMTI4ODQwNzA1Mg==	134	208	241	188	143	54	177	62	57	25	242	42	38	116	362	81	40	27	18	11	15	14	6	4	16	13	24	8	294	9
XMTI4ODQxMTQ2MA==	1	1	0	1	1	0	0	0	0	0	7	0	5	2	3	1	1	0	1	0	0	1	0	0	0	0	0	0	0	2
XMTI4ODQxMjQ1Mg==	12	11	7	7	2	4	7	0	6	4	7	5	5	2	3	1	2	3	7	4	11	2	1	5	1	4	1	2	4	4
XMTI4ODQxMzA4MA==	423	340	319	170	159	137	130	60	45	45	41	36	43	44	30	25	35	40	19	14	31	26	28	23	20	20	23	34	37	25
XMTI4ODQxODI5Ng==	137	60	117	49	71	17	92	20	21	25	25	26	17	7	14	28	26	22	19	37	24	22	41	15	27	24	25	18	20	15
XMTI4ODQyMDQwMA==	0	0	0	0	0	0	0	1	0	0	0	0	0	0	0	0	0	0	0	0	0	0	0	0	0	0	0	0	0	0
XMTI4ODQyMTMwOA==	2	2	1	1	0	2	0	0	0	0	0	0	0	0	0	0	0	0	0	0	0	0	0	0	0	0	0	0	0	0
XMTI4ODQyNDY5Ng==	228297	224354	118818	70676	457	93312	70279	87050	41950	47909	51104	67	45	45	22682	58	41	17	15025	46	54	32	38	148	45	25	12	62015	66	43
XMTI4ODQzMjIyNA==	4778	4966	9390	5525	7558	16771	10176	4347	2912	1932	1584	971	238	482	570	435	447	438	366	337	369	257	237	212	180	194	183	165	149	148
XMTI4ODQzNjYyMA==	304	93	113	56	184	268	86	113	362	242	136	113	125	106	356	98	121	229	163	155	153	68	434	42	57	32	55	40	86	51
XMTI4ODU0MTMyNA==	2023	2842	3046	2224	1436	449	410	407	262	213	145	139	115	95	142	101	110	82	65	48	59	50	55	60	41	58	52	47	48	43
XMTI4ODU0NzM1Ng==	27	21	3	15	8	18	16	10	9	13	8	6	7	15	16	6	9	13	5	7	9	11	6	17	16	7	8	12	12	12
XMTI4ODU0ODg0NA==	823	1400	850	890	497	343	803	363	304	247	221	173	959	155	193	152	146	142	119	993	118	128	110	107	102	112	1251	115	110	74
XMTI4ODU1MzQyMA==	2	0	2	2	0	2	0	1	0	0	0	0	0	1	0	0	0	0	0	0	1	0	0	1	0	1	0	0	0	1
XMTI4ODU1NDkwNA==	54	20	35	21	37	19	18	36	70	49	27	13	18	11	15	19	25	15	19	25	29	11	20	12	18	6	17	15	9	18
XMTI4ODU1NzQ0MA==	9295	5730	9949	8781	2197	533	436	305	237	292	251	223	164	147	151	135	126	87	76	73	56	34	49	37	31	23	28	14	29	14
XMTI4ODU2MDM3Ng==	134	96	74	49	68	58	77	45	15	22	15	22	14	15	15	13	13	13	10	8	23	14	8	5	3	9	5	23	31	14
XMTI4ODU3NDAyOA==	5	6	4	3	1	0	7	5	1	2	0	1	4	0	2	0	1	2	4	1	3	1	1	0	3	2	11	1	0	6
XMTI4ODU3ODczMg==	434	281	298	199	274	187	168	123	134	118	98	98	112	80	90	86	151	148	105	66	59	59	49	35	52	81	73	51	58	40
XMTI4ODU4NTYyOA==	775	1452	1174	460	765	795	1597	528	392	276	300	300	316	282	269	203	151	1212	128	130	143	141	174	212	274	275	378	279	209	1030
XMTI4ODU4ODI3Mg==	1779	1749	2162	689	507	392	357	344	288	304	299	234	190	186	145	148	129	107	143	133	108	99	132	146	77	112	147	75	73	84
XMTI4ODU5ODY5Ng==	768	476	455	275	339	198	180	155	140	178	153	133	167	150	141	126	149	333	136	106	103	100	149	101	108	114	139	112	50	58
XMTI4ODUwMzI0OA==	1051	1284	1327	589	527	58	65	111	86	96	109	117	108	98	86	60	62	87	95	94	110	101	107	118	133	125	127	131	141	115
XMTI4ODUwODQ5Mg==	3342	2652	3773	3071	2955	710	1241	828	674	580	420	349	285	259	186	194	160	44	53	75	36	50	57	45	28	44	7	28	143	148
XMTI4ODUwOTc2NA==	148	155	143	95	105	82	96	77	50	46	43	41	36	29	30	21	24	16	34	25	28	29	25	30	38	45	46	26	32	23
XMTI4ODUxODE4OA==	13	8	10	3	11	8	15	11	21	15	10	5	11	5	12	15	16	16	17	15	4	5	13	13	9	20	22	17	19	23
XMTI4ODUxOTQxNg==	13	2	9	2	11	3	7	9	1	4	2	1	4	2	12	9	6	8	22	37	40	33	27	31	54	61	107	36	46	59
XMTI4ODUyMTM0MA==	76	36	49	47	45	23	13	29	17	20	13	7	13	13	14	15	20	17	28	7	9	28	15	26	23	12	21	18	11	13
XMTI4ODUyNjEzMg==	1143	2626	3406	1874	1246	1445	961	544	516	533	531	609	772	675	481	502	656	528	557	633	579	506	447	415	418	456	725	598	479	574
XMTI4ODUzMjYyOA==	290	1037	1155	947	1079	807	923	826	849	855	733	714	734	811	710	762	711	638	600	653	726	583	481	279	317	305	333	210	92	168
XMTI4ODUzNTA1Mg==	342	318	171	217	165	368	224	154	150	114	81	66	102	88	51	36	50	25	54	48	50	24	7	5	31	61	216	123	58	47
XMTI4ODUzNjkwOA==	31	33	23	16	40	23	21	30	14	9	11	11	8	8	12	13	13	18	10	15	13	5	24	9	6	8	5	15	11	2
XMTI4ODY1OTQ0OA==	529	554	2058	930	1817	1575	2006	1137	1138	759	657	623	389	325	262	202	194	225	210	173	166	143	161	131	121	131	150	167	85	110
XMTI4ODY2Nzk4OA==	10	7	12	7	14	8	6	11	12	12	7	6	2	4	5	6	14	15	15	14	12	1	0	5	0	2	3	2	0	3
XMTI4ODY3OTUxNg==	236	189	173	97	108	77	69	79	70	159	186	160	90	108	110	113	128	148	185	226	465	428	344	334	555	417	245	181	168	162
XMTI4ODY4MTEyMA==	383	415	358	286	357	367	349	344	330	277	371	358	306	398	404	380	354	285	381	352	343	271	318	287	285	290	322	295	320	252
XMTI4ODY4NTE1Mg==	5	1	0	0	5	5	5	2	0	1	2	1	1	3	1	3	0	0	0	0	1	0	1	1	0	0	0	0	1	0
XMTI4ODY4NzU2MA==	4	2	5	1	3	5	2	1	0	5	3	139	0	0	2	0	0	0	1	1	0	1	0	0	1	2	0	0	0	1
XMTI4ODY5NzA3Ng==	78	46	73	20	42	24	13	8	8	9	9	4	6	10	5	3	5	2	1	4	1	1	6	5	2	0	0	1	1	0
XMTI4ODYwODEwNA==	33	54	18	22	29	35	34	39	50	69	35	22	29	54	43	41	61	81	9	38	45	52	15	7	8	0	7	4	1	6
XMTI4ODYxNzkwOA==	13	3	9	3	7	3	8	10	13	14	11	11	12	8	16	12	20	5	11	18	23	16	28	30	14	9	9	15	10	16
XMTI4ODYyNDkwOA==	11148	8771	4827	5646	4142	2869	3034	1157	1635	1565	1311	1041	732	418	384	97	472	480	472	414	343	313	381	288	256	209	226	212	180	159
XMTI4ODc1MDY0MA==	17	8	5	1	16	10	6	0	0	2	0	2	1	6	4	1	2	1	8	1	1	1	1	0	0	1	0	1	0	0
XMTI4ODc1NTI2OA==	2	1	2	0	0	2	1	0	0	0	0	1	0	0	0	0	1	0	0	0	0	0	1	0	0	0	0	0	0	0
XMTI4ODc2NjQzMg==	854	4954	6263	3808	3977	3571	2610	3105	305	374	338	242	247	219	270	232	188	251	275	240	263	301	233	240	196	186	162	159	143	145
XMTI4ODc3NTcxNg==	56544	67203	31488	24527	15783	57002	18241	7693	5229	3557	2676	2183	2853	964	1859	405	1713	387	1369	768	222	683	740	593	203	413	547	465	205	194
XMTI4ODc5MjIyNA==	14	18	15	9	7	6	1	1	0	0	1	0	0	0	1	0	1	0	2	1	0	0	0	0	0	0	0	0	0	0
XMTI4ODc5OTMxNg==	5	2	7	4	6	2	0	2	0	0	1	0	0	0	0	0	0	0	1	0	0	1	0	0	0	1	3	1	2	0
XMTI4ODcxMzE5Mg==	3	2	4	2	3	3	2	3	0	0	1	0	0	0	0	2	1	2	0	0	0	1	2	1	0	2	0	0	0	0
XMTI4ODcxNjY1Mg==	4	3	3	2	2	0	1	0	1	0	0	1	0	0	1	0	0	0	0	0	1	0	1	0	0	0	2	0	0	0
XMTI4ODczNzYwNA==	60	77	55	28	37	22	51	8	17	6	11	18	9	11	9	9	9	12	5	2	8	4	11	7	2	8	7	5	6	1
XMTI4ODgxMDkxMg==	19204	18749	17810	11328	10787	9026	6778	4414	3002	5776	5695	2297	2655	401	3666	4071	3467	1337	1117	874	1901	19248	21429	3940	2510	2027	1885	1964	1579	1337
