XMTM2MTI2MTM4MA==	3	0	4	0	0	1	0	0	0	0	0	0	0	0	0	0	0	0	0	0	0	0	0	0	0	0	0	0	0	0
XMTM2MTA5OTk2NA==	17	4	77	6	5	2	3	1	1	0	0	0	0	0	0	0	1	1	0	0	0	0	1	0	0	0	0	0	0	0
XMTM2MTcwMjI4NA==	727	349	1348	20	11	19	12	27	5	10	4	9	0	0	8	23	0	30	17	1	1	2	2	4	3	6	1	5	2	4
XMTM2MDk4NjYyOA==	174	54	572	67	2	2	3	0	1	1	0	0	0	1	1	0	5	8	4	1	0	2	0	1	2	0	0	0	14	3
XMTM2MTE2OTA2OA==	11	3	14	0	0	0	0	0	0	0	0	0	0	0	0	0	0	1	0	0	0	0	0	0	0	2	0	0	0	1
XMTM2MTM2NzU2NA==	2	0	3	0	0	0	0	0	0	0	0	0	0	0	0	0	0	0	0	0	0	0	0	0	0	0	0	0	0	0
XMTM2MTI5NzQ2MA==	7861	2571	11713	247	75	24	239	422	6748	333	285	356	443	273	384	350	357	310	354	225	318	401	426	9199	245	294	264	451	392	423
XMTM2MTQ3MDc0MA==	19	14	46	4	4	0	14	0	0	0	0	0	0	0	0	0	0	0	0	0	0	0	0	0	0	0	0	1	0	0
XMTM2MTA3OTgwMA==	7	3	1503	3	1	127	1	34	59	65	19	41	41	88	63	19	46	51	82	61	67	83	31	34	15	70	51	69	98	75
XMTM2MTA4MTAwNA==	18	12	79	11	4	1	1	2	0	1	0	0	0	1	1	0	4	0	1	3	1	1	0	4	0	0	0	0	1	0
XMTM2MTI4OTg5Ng==	2	0	3	0	0	0	2	0	0	1	0	1	0	1	0	0	1	1	3	1	2	0	0	1	0	1	0	1	2	0
XMTM2MDg4ODUxNg==	13	1	38	4	2	0	1	0	1	0	0	0	0	1	0	0	0	1	0	2	0	0	0	0	0	0	0	0	0	0
XMTM2MDgzOTQwOA==	9	1	12	0	0	0	0	0	0	0	0	0	0	0	0	0	0	0	0	0	0	0	0	0	0	0	1	0	1	0
XMTM2MTQ0MDM2MA==	2	1	6	0	0	0	0	0	0	0	0	0	0	0	0	0	0	0	0	0	0	0	0	0	1	0	0	9	0	0
XMTM2MTIxOTA1Mg==	17	4	25	6	1	0	0	0	0	0	0	0	0	1	1	0	0	0	1	2	0	1	0	0	0	0	0	2	0	0
XMTM2MTE0ODYwNA==	4	1	12	2	0	0	0	0	0	0	0	0	0	0	0	0	0	0	0	0	0	0	0	0	0	0	0	0	1	0
XMTM2MTA2Mzk4MA==	77	49	281	41	14	51	10	5	17	3	1	1	1	0	14	10	11	8	0	13	1	0	0	0	2	11	0	1	0	0
XMTM2MTI5ODM0MA==	6	4	83	8	0	1	0	0	0	0	0	0	0	0	1	1	1	0	0	0	0	1	0	0	0	0	0	0	5	1
XMTM2MDgzOTE2OA==	4	1	10	1	1	0	1	0	0	0	0	0	1	0	0	0	0	0	0	1	3	3	1	1	0	3	0	5	0	0
XMTM2MTM1NTcyNA==	4	75	18951	54	31	53	80	50	47	81	39	82	36	24	29	33	48	3280	37	7	63	3	488	107	58	1	8304	226	129	104
XMTM2MTE2NDkxMg==	9	5	67	0	0	0	1	0	2	0	0	0	2	1	0	0	2	0	0	2	0	0	0	0	0	1	2	0	0	0
XMTM2MTI4NDU4NA==	2	1	10	1	0	0	1	0	0	1	2	1	0	0	1	16	1	0	1	1	2	1	30	0	0	11	3	1	3	0
XMTM2MDc3MTkwOA==	423	120	2986	16	1	3	6	5	2	0	1	1	0	2	0	0	5	9	4	1	0	0	2	0	0	0	2	0	1	0
XMTM2MTUwNTEyOA==	5	1	7	0	1	0	0	3	0	0	0	0	0	0	0	0	0	0	0	0	0	0	0	0	0	0	0	0	0	0
XMTM2MDkyODI0OA==	11	2	26	3	8	6	4	7	4	2	0	1	0	0	3	2	0	0	0	12	0	2	1	1	1	5	2	0	1	9
XMTM2MTA5NjA3Mg==	2	0	7	0	0	1	0	0	0	0	0	0	0	0	0	0	0	0	0	0	0	0	0	0	0	0	0	0	1	0
XMTM2MDk3MzkyNA==	32	7	51	9	0	8	4	2	6	31	175	5024	3	1	2199	3	0	0	251	2383	12	124	1	0	0	1976	1	0	3	27918
XMTM2MTA2ODM5Ng==	8	4	89	10	1	0	1	0	2	1	1	0	0	0	0	0	1	0	0	1	0	0	0	0	0	1	1	2	0	0
XMTI4NzUyOTE2OA==	9	1	43	0	0	1	0	0	0	0	0	0	0	0	1	17	0	0	0	0	1	2	1	0	0	0	0	0	0	0
XMTI4NzY3MzYxNg==	43	9	2932	0	0	0	0	0	0	0	3	0	0	0	0	0	0	0	0	0	0	0	0	0	0	0	0	0	0	0
XMTI4Nzc1ODM0OA==	20	3	180	1	0	1	0	0	0	0	2	1	1	0	0	1	0	0	0	0	1	1	0	0	0	1	0	0	0	3
XMTI4NzcyNzkyOA==	2	0	3	1	0	1	0	0	1	0	0	0	0	0	0	0	0	0	0	2	0	0	0	0	0	0	0	0	0	0
XMTI4Nzg2MDg5Mg==	9	5	84	3	5	2	1	1	0	0	0	0	0	0	0	0	0	0	0	0	1	0	0	0	0	0	0	0	0	0
XMTI4Nzk5MDAwOA==	59	66	275	48	25	8	15	2	8	4	1	2	2	5	0	3	4	4	4	6	1	7	1	6	1	0	0	2	4	0
XMTI4ODA0MjcyOA==	6	2	8	0	0	0	0	2	0	1	0	0	0	0	2	0	2	0	0	1	0	0	0	1	0	0	0	0	0	0
XMTI4ODA0NTMyNA==	4	2	7	0	1	1	0	1	0	0	0	0	0	0	0	0	0	0	0	0	0	0	0	0	0	0	1	0	0	0
XMTI4ODA1MjIxMg==	15	9	1053	3	6	7	0	0	1	1	0	0	1	0	1	2	0	0	0	1	1	1	0	2	1	0	2	1	1	1
XMTI4ODA3OTg5Mg==	15	2	99	0	0	0	0	0	0	0	0	0	1	0	0	0	0	0	0	0	0	1	0	0	0	0	0	0	0	0
XMTI4ODA4MzQzMg==	3	0	4	0	0	0	1	0	0	0	0	0	0	0	0	0	0	0	0	0	0	0	0	0	0	0	0	0	1	0
XMTI4ODA5MjI5Ng==	32	5	113	2	9	9	0	1	0	0	2	70	1	0	0	0	0	0	6	1	0	1	1	2	1	0	1	0	0	0
XMTI4ODAxMDc4MA==	29	5	76	4	28	2	2	4	4	4	6	2	9	1	5	3	13	9	3	7	113	6	33	6	4	17	9	4	2	2
XMTI4ODAxOTkwNA==	45	4	59	1	0	0	1	0	1	0	0	0	0	0	0	0	0	0	0	5	0	0	0	1	0	0	0	0	0	0
XMTI4ODAzNTQwOA==	129	48	319	10	7	18	7	4	8	2	1	6	6	1	2	5	3	1	3	4	3	2	8	7	75	8	6	18	5	1
XMTI4ODE1MTc3Ng==	3	1	4	0	1	0	0	2	1	0	3	2	3	0	2	1	1	1	0	0	0	2	0	0	1	2	1	0	1	0
XMTI4ODE1OTM0MA==	8	1	281	9	14	3	3	3	0	0	0	1	0	0	1	0	0	1	3	1	1	4	0	0	0	0	3	0	0	0
XMTI4ODE5MjkwOA==	32	26	758	38	401	20	15	18	13	13	11	9	159	12	9	12	13	17	15	15	13	15	13	18	23	14	18	32	14	1
XMTI4ODExNzM1Mg==	49	10	323	7	2	0	1	0	1	0	0	1	1	0	0	1	2	1	0	0	0	0	0	0	0	0	0	0	0	0
XMTI4ODEyNTcxMg==	30	1	219	0	1	0	0	1	1	3	0	0	0	0	1	0	0	0	0	0	0	0	0	0	0	0	0	0	0	0
XMTI4ODI0MzUxMg==	44	90	1317	131	47	37	23	32	26	19	17	7	15	9	6	13	10	10	15	13	17	26	17	12	20	15	12	12	5	7
XMTI4ODI1Nzc5Mg==	49	12	622	79	30	367	14	514	9	7	8	11	282	10	242	17	7	11	266	7	6	3	6	11	7	11	10	5	12	5
XMTI4ODI1ODEyOA==	61	11	248	2	10	1	3	9	2	1	397	3	6	2	15	303	9	1	4	5	261	9	6	11	0	2	2	7	5	8
XMTI4ODI2NzAyMA==	31	10	83	4	2	3	3	3	1	4	1	3	2	1	3	5	1	0	6	4	2	0	1	1	2	4	1	3	0	2
XMTI4ODI5MTU5Ng==	4	1	6	0	1	0	2	2	0	0	0	1	0	2	1	0	1	1	1	0	1	1	1	1	0	0	0	1	2	0
XMTI4ODI5MzM2OA==	37	16	325	3	25	21	14	62	172	59	129	196	83	102	108	39	49	36	25	26	47	49	33	31	25	11	35	65	33	28
XMTI4ODM0OTYyMA==	19	4	28	1	2	3	0	0	1	0	0	0	0	0	0	4	0	0	0	0	1	3	1	0	0	0	0	0	0	0
XMTI4ODM2MjM0MA==	14	1	18	0	0	0	0	0	0	0	0	0	0	0	0	0	0	0	0	0	0	0	0	0	0	0	0	2	0	0
XMTI4ODM2MzUwOA==	1	0	2	0	0	0	0	0	0	0	0	0	0	0	0	0	0	0	0	0	0	0	0	0	0	0	0	0	0	0
XMTI4ODM2MzY5Ng==	1	0	2	0	0	0	0	0	0	0	0	0	0	0	0	0	0	0	0	0	0	0	0	0	0	0	0	0	0	0
XMTI4ODM2NDMyNA==	1	0	2	0	0	0	0	0	0	0	0	0	0	0	0	0	0	0	0	0	0	0	0	0	0	0	0	0	0	0
XMTI4ODM2NTM1Ng==	39	7	90	4	4	1	1	5	0	0	0	1	0	0	1	0	0	1	0	1	0	1	0	0	0	0	0	0	0	0
XMTI4ODM3MDM4OA==	3	0	5	0	2	1	0	0	0	0	0	0	0	0	0	0	0	0	0	0	0	0	0	0	0	0	0	0	0	0
XMTI4ODM3MjcxNg==	26	23	144	7	8	2	0	0	0	3	4	3	5	9	0	3	2	1	3	4	2	1	0	0	0	1	1	0	1	71
XMTI4ODM4MTY4MA==	7	2	16225	9	12	10	8	8	1019	6	23037	8	9	2	2	3	0	0	0	0	1	0	0	0	0	0	0	0	0	0
XMTI4ODM5MDk5Mg==	107	53	2103	47	291	35	30	30	65	57	20	22	12	21	321	9	21	17	8	14	18	11	11	7	7	16	17	13	17	17
XMTI4ODM5MTg3Ng==	755	1061	22896	2862	2155	472	1870	310	201	1338	130	100	212	240	1763	207	193	153	155	1183	143	95	80	78	63	77	91	75	1414	51
XMTI4ODM5NDk0OA==	10	2	15	3	2	1	0	1	0	0	1	1	0	0	0	0	0	0	0	0	6	0	1	0	3	0	0	0	0	1
XMTI4ODM5NTcwNA==	23	2	416	13	1	1	1	0	3	0	1	0	1	0	2	0	1	1	1	1	0	1	2	0	85	0	0	0	1	0
XMTI4ODMwNTYwMA==	172	22	436	7	5	3	1	0	0	1	1	4	3	0	0	1	2	0	1	1	1	0	1	0	2	79	0	0	2	3
XMTI4ODMyODk1Ng==	2	0	30	1	1	3	0	1	0	0	0	0	0	0	0	0	0	0	0	0	0	0	0	0	0	0	0	0	0	0
XMTI4ODQ3NjcxNg==	6	4	187	1	0	0	0	0	0	0	1	0	0	0	0	0	0	1	2	0	0	0	0	0	1	0	0	0	0	1
XMTI4ODQyMjA3Ng==	1	0	2	0	0	0	0	0	0	0	0	0	0	0	0	0	0	0	0	0	0	0	0	0	0	0	0	0	0	0
XMTI4ODQzMDEwMA==	62	5	101	5	5	3	4	1	2	2	1	0	0	1	0	0	8	2	0	1	0	1	1	1	0	3	1	0	0	2
XMTI4ODU0ODM5Mg==	22	1	33	0	0	0	0	0	0	0	0	0	0	0	0	0	0	0	0	0	0	0	0	0	0	0	0	0	0	2
XMTI4ODU2MTUxMg==	3	1	4	0	0	0	0	0	0	0	0	0	0	0	0	0	0	1	0	0	0	0	0	0	0	0	0	0	0	0
XMTI4ODU3ODY4MA==	149	79	8484	16	12	13	16	7	2	3	1	0	2	2	1	5	2	4	0	2	2	0	1	0	0	0	9	2	1	1
XMTI4ODUwMzcwOA==	3	1	4	0	0	0	0	0	0	0	0	0	0	0	0	0	0	0	0	0	0	0	0	0	0	0	0	0	0	0
XMTI4ODUyMTcwOA==	2	0	3	0	0	0	0	0	0	0	0	0	0	0	0	0	0	0	0	0	0	0	0	0	0	0	0	0	0	0
XMTI4ODUyNTM3Mg==	9	1	10	1	2	0	0	0	0	0	0	0	0	0	0	0	0	0	0	0	0	0	0	0	0	0	0	0	0	0
XMTI4ODY0NDk4OA==	2353	1372	6294	798	763	440	294	218	196	124	135	143	143	104	123	113	58	110	166	143	178	175	169	192	127	138	117	100	86	84
XMTI4ODY1MTM2NA==	27	3	37	0	0	0	0	0	1	2	0	0	0	0	0	0	0	1	0	1	1	0	0	0	0	0	0	0	0	0
XMTI4ODY4OTk3Mg==	2	0	4	0	0	1	1	0	0	0	0	0	0	0	0	0	0	0	0	0	0	0	0	0	0	0	1	0	0	0
XMTI4ODYyNzg4NA==	49	4	66	0	1	0	0	0	0	0	0	0	0	0	0	0	0	0	0	0	0	0	0	0	0	1	0	0	0	0
XMTI4ODc3NTIyMA==	4	1	10	0	0	0	2	0	0	0	0	0	0	0	0	0	0	0	0	1	0	0	0	0	0	1	0	0	0	0
XMTI4ODc4ODUzMg==	18	4	35	2	1	0	1	0	1	1	0	0	0	1	0	0	0	1	3	2	0	0	0	0	1	2	0	2	0	0
XMTI4ODcxNjk3Ng==	5	8	138	1	1	0	0	0	0	0	0	0	0	0	0	0	0	0	0	1	0	0	0	0	0	0	1	0	0	0
XMTI4ODcyMzMyMA==	166	53	334	3	4	7	2	2	3	1	0	0	0	2	0	0	0	0	0	2	1	0	0	0	0	1	0	1	0	0
XMTI4ODg2MjEyNA==	48	8	82	1	0	0	0	0	0	0	0	0	0	1	0	1	0	0	0	0	0	0	0	0	0	0	0	0	1	2
XMTI4ODgxMDQwOA==	5	1	10	0	0	0	0	0	0	0	0	0	0	0	0	0	0	0	0	0	0	0	0	0	0	0	0	0	0	0
XMTI4ODgxNTM0NA==	4	0	6	2	2	0	0	1	1	1	1	0	0	0	0	1	1	3	1	3	1	1	0	2	1	2	0	1	1	5
XMTI4ODgyMTA1Mg==	7	1	200	5	7	0	0	2	0	0	1	0	0	1	0	0	0	0	0	0	0	2	0	1	1	0	1	0	0	0
XMTI4ODgyNDc1Mg==	4	5	24	5	4	2	1	0	2	0	0	3	0	0	5	2	0	0	0	1	53	1	0	1	0	1	0	1	0	0
