Log-Linear-MLE: 0.3462903
Linear-LRS: 1.234574
Multi-Linear-LRS: 1.175979, 1.308160, 1.227412, 1.508363, 1.369082, 1.761802, 2.181996

----------------------------------------------------------------------------------------------------

1000000
1.177099, 1.297660, 1.190649, 1.574289, 1.383345, 1.701904, 1.952588
1100000
1.159775, 1.171434, 1.375740, 1.811068, 2.083094, 2.023532, 3.838278
0000000
1.357835, 1.421140, 1.010211, 1.411544, 1.276410, 1.917169, 3.392477
1110000
1.3036099, 1.1794771, 0.9822319, 1.2310219, 0.7703616, 4.8851593, 4.0956121
0010000
0.9320525, 1.8519616, 1.0693444, 1.7431395, 2.2926660, 2.0958357, 2.5337601
others
1.078327, 1.129176, 1.195657, 1.186257, 1.187825, 1.258989, 1.412242


