XMTM2MTEwNjA0MA==	223	258	0.024633513644
XMTM2MDg1NjIwMA==	21	17	0.0362811791383
XMTM2MTIyNTY3Ng==	380	422	0.012216066482
XMTM2MTQ4MjI0OA==	45	54	0.04
XMTM2MDg1NDUxMg==	292	348	0.0367798836555
XMTM2MDk0MTMyMA==	1413	473	0.442559210325
XMTM2MDk0NDY4MA==	92	70	0.0571833648393
XMTM2MTM1ODk1Ng==	345	168	0.263213610586
XMTM2MTIzOTc0OA==	40	40	0.0
XMTM2MTI3OTI3Mg==	180	172	0.00197530864198
XMTM2MTU4MzkwOA==	38	35	0.00623268698061
XMTM2MTMxMTQ4NA==	21	23	0.00907029478458
XMTM2MTAwMzU0NA==	6	6	0.0
XMTM2MDgxNzcxMg==	261	254	0.000719308289661
XMTM2MTMxNzI4NA==	18	17	0.00308641975309
XMTM2MTY4NDY2NA==	17	15	0.0138408304498
XMTM2MTQwMjYyMA==	23	7	0.48393194707
XMTM2MDk4NjQxNg==	303	163	0.213486695204
XMTM2MTY3OTEyNA==	126	139	0.0106449987402
XMTM2MTUwMDIxMg==	25	25	0.0
XMTM2MDk4NzAwMA==	10	9	0.01
XMTM2MTY0MTgwMA==	106	129	0.0470808116768
XMTM2MTU4MDMyNA==	13	15	0.0236686390533
XMTM2MTM0OTczNg==	20808	19620	0.00325965924737
XMTM2MTYxNjU2OA==	2059	1903	0.00574032528982
XMTM2MDgzMTU3Ng==	6	5	0.0277777777778
XMTM2MDc2NzU0MA==	1196	981	0.0323157738728
XMTM2MTAzNDQ3Ng==	672	461	0.0985885239512
XMTM2MTM3NTM0OA==	5827	1082	0.663105144621
XMTM2MTMxODY2NA==	40	44	0.01
XMTM2MTAxMDM3Ng==	37	29	0.0467494521549
XMTM2MTMxOTcyMA==	344	377	0.00920260951866
XMTM2MTE0MjU2OA==	92	44	0.272211720227
XMTM2MTI2MzQ5Mg==	281	305	0.00729474044148
XMTM2MTA5Mzk4NA==	1398	34	0.951950569074
XMTM2MTAwMzY2NA==	256	260	0.000244140625
XMTM2MDkwMjc3Mg==	404	466	0.023551612587
XMTM2MTMyNDU3Ng==	189	161	0.0219478737997
XMTM2MTI3MTk0MA==	32	36	0.015625
XMTM2MTMzNzY4OA==	86	91	0.0033802055165
XMTM2MTI5MjA2MA==	1230	1364	0.0118685967347
XMTM2MTM0MDcwMA==	43	28	0.121687398594
XMTM2MDg3NDMxMg==	2797	3125	0.0137519015534
XMTM2MTMyNDQ1Mg==	14	14	0.0
XMTM2MTU4MjAyOA==	5964	7125	0.0378956333575
XMTM2MTY5MjYzNg==	5	5	0.0
XMTM2MTYwMDAwOA==	16	9	0.19140625
XMTM2MDczMjY5Ng==	86	91	0.0033802055165
XMTM2MDk1MTk4OA==	36	22	0.151234567901
XMTM2MDg3ODIzNg==	2047	2150	0.00253185461632
XMTM2MTIwODE2MA==	17	14	0.0311418685121
XMTM2MTI4MzMwMA==	2268	38	0.966771024825
XMTM2MTI0MjIzMg==	119	95	0.0406750935668
XMTM2MTA1OTkzMg==	236	255	0.0064816144786
XMTM2MDgyMzAzNg==	78	63	0.0369822485207
XMTM2MTQ1Mzc5Ng==	104	31	0.492696005917
XMTM2MDg4MTM0OA==	14660	12023	0.0323558131657
XMTM2MDk5Mjg1Mg==	132	139	0.00281221303949
XMTM2MTE3NTU1Mg==	8	6	0.0625
XMTM2MTA2MjA0NA==	24	7	0.501736111111
XMTM2MTA2MTY4NA==	95	73	0.0536288088643
XMTM2MDc0ODI3Mg==	258	244	0.00294453458326
XMTM2MTM0ODE2NA==	19	23	0.0443213296399
XMTM2MDg0MDQxMg==	221	254	0.022296840769
XMTM2MDk0MDIyMA==	407	245	0.158431382019
XMTM2MDkxNzU4NA==	134	112	0.0269547783471
XMTM2MDc0MDk3Ng==	186	183	0.000260145681582
XMTM2MDkwOTQ4NA==	75	86	0.0215111111111
XMTM2MTExNzk5Ng==	11	11	0.0
XMTM2MDk1ODc0MA==	96	77	0.0391710069444
XMTM2MTQxNzU1Ng==	10847	12447	0.0217580857998
XMTM2MTQ0NjcwMA==	25	21	0.0256
XMTM2MDkwMTY5Ng==	2776	3239	0.0278178178126
XMTM2MTQ4MDkzNg==	7	6	0.0204081632653
XMTM2MTQ0NjcxNg==	138	124	0.0102919554715
XMTM1ODU0MjI2MA==	603	22	0.928362609286
XMTM2MTYwOTMzMg==	2690	2768	0.000840784400437
XMTM2MTM2Mjg5Ng==	183	137	0.0631849263937
XMTM2MDY5ODY4OA==	35	30	0.0204081632653
XMTM2MTQ2MDM2NA==	89	49	0.201994697639
XMTM2MTQ4MTk0NA==	17402	17997	0.00116905677425
XMTM2MDk3MzA2OA==	652	674	0.00113854492077
XMTM2MTYxNjkyNA==	10	7	0.09
XMTM2MTQ5NDM0NA==	6556	6251	0.00216432157587
XMTM2MTAzMjQ2OA==	54	42	0.0493827160494
XMTM2MTQ5MjE4MA==	11	8	0.0743801652893
XMTM2MDg4NzAwMA==	4	5	0.0625
XMTM2MDc5OTc3Ng==	103	114	0.0114054105005
XMTM2MDg2Nzc5Mg==	227	270	0.0358827068253
XMTM2MTI4MDMyMA==	6	6	0.0
XMTM2MTY1Nzg2NA==	67	43	0.128313655603
XMTM2MDc2MTk3Ng==	25	26	0.0016
XMTM2MTI3NDI0NA==	2928	95	0.936161990691
XMTM2MTA4NDE4MA==	64	71	0.011962890625
XMTM2MTM4NDY5Mg==	1223	1435	0.0300482239764
XMTM2MDk0NjQ5Ng==	6128	3127	0.239825013506
XMTM2MTI1MjIyMA==	145	67	0.28936979786
XMTM2MDk4NTc0MA==	58	66	0.0190249702735
XMTM2MDgzNjQxMg==	513	604	0.0314664721149
XMTM2MDczODM2MA==	1300	1485	0.0202514792899
XMTM2MTUxMzc4OA==	5	5	0.0
XMTM2MTExNjgwOA==	13	12	0.00591715976331
XMTM2MDk1NDM2OA==	14	12	0.0204081632653
XMTM2MTA3MzAyMA==	28	28	0.0
XMTM1ODU1NTIwOA==	45	52	0.0241975308642
XMTM2MDk0MTM2NA==	166	173	0.00177819712585
XMTM2MTI4MDc4MA==	69	62	0.0102919554715
XMTM2MTEyODg5Ng==	55	18	0.452561983471
XMTM2MDk2ODQ5Mg==	41	48	0.0291493158834
XMTM2MTIzOTk0OA==	152	167	0.0097385734072
XMTM2MDk3MDY5Mg==	61	29	0.275194840097
XMTM2MTIwNzkxMg==	45	34	0.0597530864198
XMTM2MTMwNzY0OA==	45	42	0.00444444444444
XMTM2MTMzNDM3Mg==	52	56	0.00591715976331
XMTM2MDc2NDE5Ng==	1197	1188	5.65323082141e-05
XMTM2MDc5MjExNg==	24009	7740	0.459170073499
XMTM2MDk0ODk5Mg==	50	35	0.09
XMTM2MTQ5MzE4MA==	24	28	0.0277777777778
XMTM2MTA3ODM5Ng==	1789	80	0.912564235635
XMTM2MTIzNjMzMg==	18	16	0.0123456790123
XMTM2MTExODc2NA==	18	17	0.00308641975309
XMTM2MTM3ODY2MA==	179	164	0.00702225273868
XMTM2MDcxOTcwOA==	177	186	0.00258546394714
XMTM2MTEzMTk1Mg==	113	104	0.00634348813533
XMTM2MDc1MTU1Ng==	332	234	0.0871316591668
XMTM2MDgzNDA3Mg==	379	448	0.0331451326571
XMTM2MDcyMjgxNg==	1113	1277	0.0217118768713
XMTM2MTE1NzgwMA==	8	7	0.015625
XMTM2MTMzNDQwNA==	193	175	0.00869822008645
XMTM2MDg5NTU0NA==	3833	3119	0.0346991459029
XMTM2MTA1OTMzNg==	194	218	0.0153044956956
XMTM2MTI0NTg3Ng==	117	102	0.0164365548981
XMTM2MTQyMzA1Mg==	257	263	0.000545049887205
XMTM2MTQyMTI0OA==	444	480	0.00657414170928
XMTI4NzA2MDg5Ng==	5470	5152	0.00337971117179
XMTI4NzY1ODI1Mg==	1653	1743	0.00296441711325
XMTI4Nzg2NTUyMA==	89	71	0.0409039262719
XMTI4Nzk0Nzk0OA==	6	5	0.0277777777778
XMTI4Nzk1NjU0MA==	213	188	0.0137759262933
XMTI4Nzk3NzgzNg==	62	72	0.0260145681582
XMTI4Nzk4MDcyMA==	84	84	0.0
XMTI4Nzk5MjgwOA==	10876	10355	0.00229475882532
XMTI4Nzk5NTg3Mg==	1637	1331	0.0349418177462
XMTI4ODA0OTMyOA==	20	16	0.04
XMTI4ODA1OTU5Mg==	20	25	0.0625
XMTI4ODA2MDQ0MA==	33	26	0.0449954086318
XMTI4ODA3MjE5Mg==	42756	25446	0.163907942587
XMTI4ODA3Njc0OA==	199	207	0.00161612080503
XMTI4ODA5MjcyMA==	14	12	0.0204081632653
XMTI4ODAyMjI0OA==	1302	1420	0.00821376070373
XMTI4ODAyOTg1Mg==	19675	22265	0.0173288621161
XMTI4ODAzMjg2NA==	481	529	0.00995846318092
XMTI4ODE0NTk2OA==	103	57	0.199453294373
XMTI4ODE0NjI4MA==	53	55	0.00142399430402
XMTI4ODE1MDYxNg==	214	101	0.278823478033
XMTI4ODE1MzMzNg==	1821	2042	0.0147287081191
XMTI4ODE1NTg0NA==	3030	3483	0.0223517302225
XMTI4ODE2MDAzNg==	498	302	0.154900727408
XMTI4ODE2Nzg0MA==	227	232	0.00048516369423
XMTI4ODE4NDk4OA==	22	7	0.464876033058
XMTI4ODE4NjA0OA==	20	22	0.01
XMTI4ODE5MjQyNA==	1690	1983	0.0300581212142
XMTI4ODExMjAzNg==	3277	560	0.6874266964
XMTI4ODExMzM2NA==	22	27	0.051652892562
XMTI4ODEyMjM3Ng==	24	24	0.0
XMTI4ODEzNjU0MA==	67	70	0.00200490086879
XMTI4ODI1MzU3Ng==	9	11	0.0493827160494
XMTI4ODI1NjIxMg==	432	527	0.0483592678326
XMTI4ODI1ODM3Ng==	23	29	0.0680529300567
XMTI4ODI4ODI1Mg==	69	84	0.047258979206
XMTI4ODIxNzM0MA==	384	172	0.304796006944
XMTI4ODIyMDUwNA==	96	70	0.0733506944444
XMTI4ODIzMzg3Ng==	10	12	0.04
XMTI4ODIzNzY2OA==	6613	3914	0.166574578769
XMTI4ODIzOTQ0NA==	10774	10118	0.00370726589864
XMTI4ODMwNDI3Mg==	12	12	0.0
XMTI4ODMwNjY5Mg==	22	27	0.051652892562
XMTI4ODMwNzg1Mg==	31883	36490	0.020879402488
XMTI4ODMwOTMzNg==	69	66	0.00189035916824
XMTI4ODMwOTU4NA==	118	119	7.18184429762e-05
XMTI4ODMxMjc4NA==	16	16	0.0
XMTI4ODQ1MDgzMg==	14	15	0.00510204081633
XMTI4ODQ1MjcyOA==	60	63	0.0025
XMTI4ODQ1ODEzMg==	404	492	0.0474463287913
XMTI4ODQ2MTEyNA==	118	117	7.18184429762e-05
XMTI4ODQ2Mjg4MA==	7080	8397	0.034602305372
XMTI4ODQ3MDk5Mg==	2795	3096	0.0115976331361
XMTI4ODQ3NjU4MA==	503	503	0.0
XMTI4ODQ3ODExNg==	3571	3601	7.05769374487e-05
XMTI4ODQxMTEwNA==	773	747	0.0011313258436
XMTI4ODQxNjc2MA==	219	242	0.0110297950418
XMTI4ODQxOTg5Mg==	14	7	0.25
XMTI4ODQyNTk5Ng==	176	208	0.0330578512397
XMTI4ODQzMTMwOA==	13	12	0.00591715976331
XMTI4ODU0MDA5Mg==	355	423	0.0366911327118
XMTI4ODU0NDA5Mg==	70	60	0.0204081632653
XMTI4ODU2ODUyMA==	477	557	0.0281282825486
XMTI4ODU2OTg0NA==	662	778	0.0307043564772
XMTI4ODU5MjYxNg==	5	6	0.04
XMTI4ODUwMjQ0NA==	241	284	0.0318348513283
XMTI4ODUwNzI4NA==	483284	530224	0.00943368424763
XMTI4ODUxNTM4OA==	1633	1016	0.142757179409
XMTI4ODUyMTgzNg==	294	185	0.137454301448
XMTI4ODUyNzAzNg==	10	8	0.04
XMTI4ODUzMTU2OA==	721	592	0.0320117112733
XMTI4ODUzNTg4OA==	248	236	0.00234131113424
XMTI4ODUzNzYwOA==	257	230	0.0110372602159
XMTI4ODY0ODg4OA==	134	111	0.0294609044331
XMTI4ODY5NzQ0OA==	6	7	0.0277777777778
XMTI4ODYwOTQ2MA==	27	17	0.137174211248
XMTI4ODYxMTcyMA==	13	6	0.289940828402
XMTI4ODYzOTM3Ng==	34	23	0.104671280277
XMTI4ODc0NTY4OA==	4	5	0.0625
XMTI4ODc0OTUzNg==	32	17	0.2197265625
XMTI4ODc1NjA1Mg==	82	88	0.00535395597858
XMTI4ODc1ODI4MA==	166	199	0.0395195238786
XMTI4ODc3NDY4OA==	10	10	0.0
XMTI4ODc5MDM3Mg==	42	51	0.0459183673469
XMTI4ODc5OTY5Mg==	549	5	0.981868009728
XMTI4ODcwNzcxNg==	2672	1445	0.210870689385
XMTI4ODcyODI1Mg==	17228	3751	0.611951115184
XMTI4ODg0NjgyNA==	1095	927	0.0235391255395
XMTI4ODgxODEwOA==	94	97	0.00101856043459
XMTI4ODgyOTY4OA==	164	192	0.0291493158834
Multi-Linear-LRS MRSE = 0.0898427769663
