XMTM2MTYyNjQ3Ng==	525	218	0.341946485261	190	0.40716553288
XMTM2MTE3ODY3Ng==	93	58	0.141634871083	51	0.20395421436
XMTM2MTExMjM4NA==	173	122	0.0869056767684	106	0.149988305657
XMTM2MTQxNjYxNg==	113	148	0.0959354687133	130	0.0226329391495
XMTM2MTYwNzM2MA==	1022	761	0.0652197640174	664	0.122705565619
XMTM2MDc0NjMzNg==	1028	532	0.232796862935	464	0.301003800209
XMTM2MDc1NTYyOA==	45	52	0.0241975308642	46	0.000493827160494
XMTM2MTQ1NjU1Mg==	1805	427	0.582832851191	373	0.629407079442
XMTM2MDg1NDUwMA==	308	271	0.0144311856974	237	0.053139230899
XMTM2MTU2MTI0OA==	11	8	0.0743801652893	7	0.132231404959
XMTM2MTA0NzI0OA==	1934	2494	0.08384228667	2178	0.0159172014642
XMTM2MTIyNDg5Ng==	1898027	1120698	0.16772776828	978620	0.23464474897
XMTM2MTQzNzU4NA==	425	303	0.0824027681661	264	0.143507266436
XMTM2MTcxMjk3Mg==	7881	4974	0.136059041934	4343	0.201536170547
XMTM2MTAwOTk3Ng==	279	281	5.13868013001e-05	246	0.0139900566539
XMTM2MTI5NzQ0OA==	3147	2975	0.00298719386034	2598	0.0304334510783
XMTM2MTE5NDkwOA==	59	47	0.0413674231543	41	0.0930767020971
XMTM2MTIzMDYyMA==	2075	676	0.454568384381	590	0.512173029467
XMTM2MDgzNDcyNA==	597	170	0.511572378924	148	0.565645087526
XMTM2MTA5NDg2MA==	22216	22416	8.10453790583e-05	19574	0.0141427509317
XMTM2MTA5NDMwOA==	30	37	0.0544444444444	32	0.00444444444444
XMTM2MTI4NDY5Ng==	2445	143	0.886447279829	125	0.900364250735
XMTM2MDk0MDE0OA==	71	11	0.714144019044	10	0.738147193017
XMTM2MTM1NjI5Mg==	50	37	0.0676	32	0.1296
XMTM2MTQ3NDI4MA==	148	89	0.158920745069	78	0.223703433163
XMTM2MDgyODE4NA==	1810	734	0.353400689845	641	0.417130429474
XMTM2MTQ4NzQ1Mg==	453	523	0.0238780950153	457	7.7969289846e-05
XMTM2MTQzOTAxNg==	83	58	0.0907243431558	51	0.148642763826
XMTM2MTI4MDQ2OA==	30	40	0.111111111111	35	0.0277777777778
XMTM2MDc4MDc0MA==	425	198	0.2852816609	173	0.351579238754
XMTM2MTExOTcxNg==	39661	2968	0.855931720456	2591	0.873610513076
XMTM2MTI5OTkyMA==	497	359	0.0770984053213	314	0.13557805586
XMTM2MDkxNDI1Ng==	2807	2987	0.00411206702568	2609	0.00497560110107
XMTM2MTQ1MDUzMg==	208	240	0.0236686390533	210	9.24556213018e-05
XMTM2MTI3NjU1Ng==	7937	6267	0.0442710866151	5473	0.0963759443084
XMTM2MTE1MTQxNg==	296	346	0.0285336011687	302	0.00041088385683
XMTM2MTQzMjkxNg==	229	250	0.0084094506207	219	0.00190690490265
XMTM2MTM0OTE4OA==	336	171	0.241151147959	149	0.309745252268
XMTM2MTQzNzc0OA==	206	192	0.00461871995476	168	0.0340277123197
XMTM2MTI0NjEyMA==	326	123	0.387754525951	107	0.451287214423
XMTM2MTQ4NTkyMA==	221	147	0.112118916484	128	0.177084826273
XMTM2MTAyNzM5Mg==	1608	1670	0.00148665874607	1458	0.00870182668746
XMTM2MTUwMzczNg==	4476	4236	0.00287502964874	3699	0.0301343537293
XMTM2MTUyNzg2NA==	2912	2915	1.06135279556e-06	2546	0.0157971750091
XMTM2MTI5ODg3Mg==	46	65	0.170604914934	57	0.0571833648393
XMTM2MTYxOTcwMA==	19907	16486	0.029532112589	14396	0.076638887025
XMTM2MDkyMTU4MA==	994	874	0.0145743677356	763	0.0540071414402
XMTM2MTE2ODkxMg==	159	69	0.320398718405	60	0.38768244927
XMTM2MTY0OTUwNA==	8172	4741	0.176272563406	4140	0.243435735217
XMTM2MDk4MTE0OA==	26790	4388	0.699243050165	3832	0.734383103009
XMTM2MTE3MzEzMg==	130	83	0.130710059172	73	0.19224852071
XMTM2MTY5OTk5Ng==	23108	15354	0.112597014556	13407	0.176241545034
XMTM2MTU4MDEwNA==	15247	1415	0.82300251039	1236	0.844441299775
XMTM2MTQ1Mzg0NA==	24	25	0.00173611111111	22	0.00694444444444
XMTM2MTM1OTQ4OA==	473984	401353	0.023481005158	350471	0.0679044095751
XMTM2MDkxMzU4NA==	100402	61302	0.151659209085	53530	0.217942657394
XMTM2MDczMzk4NA==	46	41	0.0118147448015	36	0.047258979206
XMTM2MDc0NDUwMA==	8527	2699	0.467139466302	2357	0.523573674714
XMTM2MTA5NzM1Mg==	2963	3488	0.0313946252857	3046	0.000784680539114
XMTM2MTIzOTkxNg==	166	122	0.0702569313398	106	0.130643054144
XMTM2MDc4MjI0NA==	560	243	0.320436862245	212	0.386173469388
XMTM2MTY5ODg2OA==	515	240	0.285135262513	210	0.350739937789
XMTM2MTQyOTQ2NA==	830	730	0.0145158949049	637	0.0540702569313
XMTM2MTMzNTAwOA==	4444	3604	0.0357281452718	3147	0.0851788655463
XMTM2MTA3NjU1Ng==	239	253	0.00343131247702	221	0.00567216960487
XMTM2MTUzMTczMg==	391	202	0.233652317816	177	0.299553247297
XMTM2MDk2NjkwOA==	176	240	0.132231404959	210	0.037319214876
XMTM2MDc2ODYwOA==	102	37	0.406093810073	32	0.470972702807
XMTM2MTQ0MTM2MA==	5573	4824	0.0180628197995	4212	0.0596400727161
XMTM2MTY1OTk0OA==	79	88	0.0129786893126	77	0.000640922929018
XMTM2MTcxMzI3Ng==	43967	16817	0.381316853765	14685	0.4435553335
XMTM2MTIyNjI2MA==	66	49	0.0663452708907	43	0.121441689624
XMTM2MTEyODAzNg==	129	65	0.246139054143	57	0.3115197404
XMTM2MTI2NTU4OA==	470	363	0.051828881847	317	0.105971027614
XMTM2MTU3NTgyMA==	3731	4791	0.0807162975156	4184	0.0147416435536
XMTM2MTQ5NDIwOA==	70	74	0.00326530612245	64	0.00734693877551
XMTM2MTMyOTQ4NA==	2980	1870	0.138743750282	1633	0.204316134408
XMTM2MDc3OTY1Ng==	99	109	0.0102030405061	95	0.00163248648097
XMTM2MDgzOTA0MA==	650422	848459	0.0927048023791	740894	0.0193480827934
XMTM2MTYwMTI5Mg==	7491	8821	0.031522720247	7703	0.000800925512341
XMTM2MTAwNDY2OA==	196	110	0.192523948355	96	0.260308204915
XMTM2MTYwOTYwNA==	283	65	0.593389853788	57	0.637740513679
XMTM2MTAwNTkwNA==	187	221	0.0330578512397	193	0.0010294832566
XMTM2MTYwMjI4MA==	95	47	0.255290858726	41	0.323102493075
XMTM2MTEwOTIwMA==	5798	6283	0.00699724459232	5486	0.00289569466508
XMTM2MDQ0NzAyMA==	28	37	0.103316326531	32	0.0204081632653
XMTM2MTQzMDg1Mg==	342	201	0.169975377039	175	0.238440887795
XMTM2MTEyMjczNg==	12190	9567	0.046300871961	8354	0.0990261251809
XMTM2MTI2MzYyMA==	13098	9488	0.0759634064369	8285	0.135027352096
XMTM2MTI3MzUzMg==	3262	42	0.974414706478	37	0.977443188589
XMTM2MTQ3OTYzMg==	10399	11829	0.0189098863418	10330	4.40265875462e-05
XMTM2MDk2MDM3Ng==	218483	137452	0.13755205914	120027	0.203071545556
XMTM2MTIxODU1Ng==	168	62	0.398100907029	54	0.460459183673
XMTM2MDg2ODEwNA==	189	122	0.125668374346	106	0.19285574312
XMTM2MTU3OTI0OA==	50	24	0.2704	21	0.3364
XMTM2MTU1ODExMg==	16085	1999	0.766890287638	1746	0.794686067537
XMTM2MDgzOTA1Mg==	169	124	0.0709008788208	109	0.126046006792
XMTM2MTQ3MDg0MA==	844	435	0.234834403989	380	0.302239392646
XMTM2MTM0NDQ0MA==	930	1250	0.118395190195	1091	0.0299699387212
XMTM2MTQxMzk1Ng==	88	54	0.149276859504	47	0.217071280992
XMTM2MDk5MzY4MA==	40	34	0.0225	30	0.0625
XMTM2MTE2NzE2NA==	183	233	0.0746513780644	204	0.0131685030906
XMTM2MDgxNTQwMA==	7048	7465	0.00350058251445	6519	0.00563351627433
XMTM2MTM1MTE1Mg==	75	68	0.00871111111111	59	0.0455111111111
XMTM2MTAwNzA0MA==	3489	3962	0.0183789350324	3459	7.39333815872e-05
XMTM2MTU5Mjc1Mg==	107	120	0.0147611145078	105	0.000349375491309
XMTM2MDkxODE1Ng==	285	321	0.0159556786704	280	0.000307787011388
XMTM2MTA0NzIyNA==	77298	23674	0.481262362228	20673	0.536636138287
XMTM2MTQ4ODQxNg==	1938	836	0.323337178008	730	0.388531579054
XMTM2MTQ5NzA1Ng==	13	14	0.00591715976331	12	0.00591715976331
XMTM2MTM0NTkwOA==	173	205	0.0342143071937	179	0.00120284673728
XMTM2MTMyMzM2OA==	85	90	0.00346020761246	79	0.00498269896194
XMTM2MTM4NjA2MA==	216	164	0.0579561042524	143	0.114218964335
XMTM2MTIwMTAzNg==	8801	3397	0.377021952952	2967	0.439408858015
XMTM2MDgzODc1Ng==	227	117	0.234819228008	102	0.303227308894
XMTM2MDkwNDQ1Ng==	5388	7076	0.0981498658792	6179	0.0215525069045
XMTM2MTQ1ODA5Mg==	5006	2553	0.240111746049	2230	0.307508576604
XMTM2MTYxMjgwMA==	757	522	0.0963704674469	456	0.15810340826
XMTM2MTIyODIyOA==	1041	1243	0.0376531470054	1085	0.00178650359285
XMTM2MTQ3NjcxMg==	8282	4513	0.207100821962	3941	0.274731918772
XMTM2MDgxNjkzMg==	46994	1551	0.935080851488	1354	0.943205764643
XMTM2MTM4MTQ5Ng==	2827	2285	0.0367575838074	1995	0.0866153840956
XMTM2MDczMjQwOA==	37	51	0.143170197224	44	0.0357925493061
XMTM2MTcxNjIyMA==	206	233	0.017178810444	204	9.42595909134e-05
XMTM2MTQxMTM4MA==	276	338	0.0504620877967	295	0.00473902541483
XMTM2MTUxNDc2MA==	257	133	0.232796862935	116	0.301003800209
XMTM2MTQ5Mzk0NA==	1772	2268	0.0783494438188	1980	0.0137784141575
XMTM2MTU2NzExMg==	142	134	0.00317397341797	117	0.0309958341599
XMTM2MDc0NDU3Mg==	4831	4664	0.0011949751315	4073	0.0246186557946
XMTM2MDk3MjAyNA==	4525	5052	0.0135638838863	4411	0.000634705900308
XMTM2MDc4MzI3Ng==	202	187	0.00551416527791	163	0.0372757572787
XMTM2MTMwODk3Mg==	54	48	0.0123456790123	42	0.0493827160494
XMTM2MTM1OTcwMA==	76	88	0.0249307479224	77	0.000173130193906
XMTM2MDk4MzY0MA==	4513	4719	0.002083549265	4121	0.00754469116449
XMTM2MDk0NDMyOA==	59	55	0.00459638035047	48	0.0347601264005
XMTM2MTY3MTg2OA==	27	27	0.0	23	0.0219478737997
XMTM2MTA2OTYzMg==	1283	1086	0.0235764894851	948	0.0681767510748
XMTM2MTQ1OTUwMA==	621	409	0.11654362477	357	0.180727671591
XMTM2MTMwMzMzNg==	19092	14254	0.0642138747579	12447	0.121139874435
XMTM2MTQ5MDk5Mg==	8158	9072	0.0125523485325	7922	0.000836867310673
XMTM2MTQyMTc2MA==	1018	284	0.519872163532	248	0.572118372247
XMTM2MDg0MjMwMA==	2157	2449	0.0183259042322	2138	7.75902072131e-05
XMTM2MTI0ODg0NA==	2194	2201	1.0179415311e-05	1922	0.0153696706606
XMTM2MTA2MDY2MA==	121	100	0.0301208933816	88	0.0743801652893
XMTM2MDg1NzIyNA==	554	365	0.116386894134	319	0.179935226577
XMTM2MDc1NjUwMA==	138	98	0.084015963033	85	0.1475005251
XMTM2MTE5NzI0OA==	8463	8489	9.43839207553e-06	7412	0.0154225700074
XMTM2MTEyMjcxNg==	6128	7140	0.0272724096558	6235	0.000304880776677
XMTM2MTEzNDA0MA==	155	57	0.399750260146	49	0.46767950052
XMTM2MTUwMzU0OA==	1723	1087	0.136252248016	949	0.20179544849
XMTM2MTE5NTc2NA==	90	95	0.00308641975309	83	0.00604938271605
XMTM2MTYxMjU0OA==	265	263	5.69597721609e-05	230	0.0174439302243
XMTM2MTUzNzkyNA==	438	117	0.537108275474	102	0.588478138488
XMTM2MTI5MjY5Ng==	409	165	0.35590413735	144	0.419802607588
XMTM2MTMzNjA4OA==	17512	16895	0.00124136309793	14753	0.0248217218041
XMTM2MTQxODU4MA==	622	283	0.297042524374	247	0.363481043414
XMTM2MDc1MTQyOA==	48	54	0.015625	47	0.000434027777778
XMTM2MDc0NDM2OA==	5201	6856	0.101256354758	5986	0.0227806234739
XMTM2MTA5MTk5Ng==	34	44	0.0865051903114	38	0.0138408304498
XMTM2MTMwMDgyNA==	8469	6823	0.0377742104901	5958	0.0879081538734
XMTM2MDc0NTI1Ng==	35657	1077	0.940503412806	941	0.947915789343
XMTM2MTU4NjUyNA==	136	165	0.0454692906574	144	0.00346020761246
XMTM2MTU0MjEzNg==	7144	8850	0.0570262957255	7728	0.00668255901004
XMTM2MTIxNDM2MA==	334	368	0.0103625085159	321	0.00151493420345
XMTM2MTQ2ODgzMg==	2256	2992	0.106433278004	2612	0.0249012876616
XMTM2MTM3NDczNg==	124	124	0.0	109	0.014633194589
XMTM2MTU0MTUwNA==	794	498	0.138976835079	435	0.20443153627
XMTM2MTI0OTI0OA==	894	847	0.00276388951449	740	0.0296733380378
XMTM2MTI4MTc4OA==	226	311	0.141455869684	272	0.0414284595505
XMTM2MDY3MDY0MA==	564	133	0.583977792868	116	0.630954177355
XMTM2MTQ0MjE2NA==	1084	1401	0.0855184774172	1223	0.016442620607
XMTM2MTA0NDExNg==	82	86	0.00237953599048	75	0.00728732897085
XMTM2MDYwNTU3Mg==	68	49	0.0780709342561	43	0.135164359862
XMTM2MTAwOTc4MA==	172	201	0.0284275283937	175	0.000304218496485
XMTM2MDkwNjQ3Mg==	9003	5001	0.197596691362	4367	0.265162652226
XMTM2MDk4NzEwMA==	3108	2556	0.0315439543239	2232	0.0794412724915
XMTM2MDk2MTU1Mg==	144	79	0.203751929012	69	0.271267361111
XMTM2MTI0NDExMg==	58252	49440	0.0228837553076	43172	0.0670163856145
XMTM2MDk4MzExNg==	117	120	0.000657462195924	105	0.0105193951348
XMTM2MTQwMTMzMg==	78	92	0.0322156476003	80	0.000657462195924
XMTM2MTM2MTU2MA==	215	277	0.0831584640346	242	0.0157706868578
XMTM2MTAyOTkxMg==	25	27	0.0064	23	0.0064
XMTM2MTM5MDk4OA==	180	170	0.00308641975309	148	0.0316049382716
XMTM1ODkwNDgyMA==	220	98	0.307520661157	85	0.376549586777
XMTM2MDgzNTY1Mg==	2553	1130	0.310676333105	986	0.376735341585
XMTM2MDg1MzI4OA==	507	454	0.0109278775642	396	0.0479324953608
XMTM2MTAyMDg2OA==	274	187	0.100817837924	163	0.164113698119
XMTM2MTEyNjU4NA==	45	18	0.36	16	0.415308641975
XMTM2MDY0MjIyNA==	813	509	0.139818962765	444	0.206002096921
XMTM2MTUwNTM2MA==	10324	7933	0.0536368371467	6927	0.108266750466
XMTM2MDkwNTUwOA==	8868	11764	0.106646288602	10273	0.0251015927687
XMTM2MTQ1ODk5Mg==	12	7	0.173611111111	6	0.25
XMTM2MTU1Mzk0MA==	27435	28613	0.00184365922947	24985	0.00797484479527
XMTM2MDc4MDU2NA==	68379	76410	0.0137941124284	66723	0.000586509666718
XMTM2MTI0ODU4NA==	3987	1463	0.400761718122	1278	0.461663498922
XMTM2MDg0NDQyMA==	84	17	0.636196145125	15	0.674744897959
XMTM2MTQ0NjM2MA==	284	146	0.236113866296	127	0.305606526483
XMTM2MTU4NTQ2MA==	212	252	0.0355998576006	220	0.00142399430402
XMTM2MDkzODM0OA==	2295	2719	0.0341323612476	2374	0.00118491938049
XMTM2MDc0NDQzNg==	582	120	0.630141354023	105	0.67172388139
XMTM2MTQzNDkxMg==	23	8	0.425330812854	7	0.48393194707
XMTM2MTIzNzAyMA==	751767	39276	0.898239708745	34296	0.910840195549
XMTM2MTQxOTY0MA==	368	402	0.00853615311909	351	0.00213403827977
XMTM2MTIzMDc5Mg==	156	150	0.00147928994083	131	0.0256821170283
XMTM2MTM3NTc0MA==	647	841	0.0899072881854	735	0.0184993633677
XMTM2MDg2OTY1Mg==	327	172	0.224681798203	151	0.289687549682
XMTM2MTU3MzkxMg==	16	7	0.31640625	6	0.390625
XMTM2MTI3Nzc4NA==	851	789	0.00530791865794	689	0.0362385580799
XMTM2MTExNzg3Ng==	55	42	0.055867768595	37	0.107107438017
XMTM2MDk4Mzg1Mg==	13507	10807	0.0399585507596	9437	0.0907968995168
XMTM2MDg0MTUzMg==	100	57	0.1849	49	0.2601
XMTM2MTE3MjkwNA==	1782	2442	0.137174211248	2132	0.0385763105554
XMTM2MTE1MzE3Mg==	932	1234	0.104998250106	1078	0.0245399620549
XMTM2MTQ4MjM4MA==	84	110	0.0958049886621	96	0.0204081632653
XMTM2MDg1MDc4NA==	29	24	0.0297265160523	21	0.0760998810939
XMTM2MTI1MzUyOA==	23	25	0.00756143667297	22	0.00189035916824
XMTM2MDk5MTUxMg==	933	533	0.18380473504	465	0.251610301796
XMTM2MTU5MDgzNg==	117	153	0.094674556213	133	0.0187011469063
XMTM2MTY5ODk4MA==	342	409	0.0383793303923	357	0.00192366882118
XMTM2MTE2NTk5Mg==	23	28	0.047258979206	25	0.00756143667297
XMTM2MTE5NjYwMA==	1005	823	0.0327952278409	719	0.0809841340561
XMTM2MTM1ODAyMA==	211	213	8.98452415714e-05	186	0.0140383189955
XMTM2MTI1MTcxNg==	80	64	0.04	56	0.09
XMTM2MDczNDI4MA==	2623	2391	0.00782310913066	2088	0.0416016908985
XMTM2MDgzODc1Mg==	159	95	0.16201890748	83	0.228471975001
XMTM2MTAxODY1Ng==	156	168	0.00591715976331	147	0.00332840236686
XMTM2MDg2NDA2OA==	18	23	0.0771604938272	20	0.0123456790123
XMTM2MDc4MDI5Mg==	412	252	0.150815345461	220	0.217174097464
XMTM2MDg5NDQ3Mg==	65312	24967	0.381586914685	21801	0.443825410323
XMTM2MTIyMTg4OA==	101	49	0.26507205176	43	0.32977159102
XMTM2MTA3OTg2OA==	61226	54182	0.0132363097047	47313	0.0516380455104
XMTM2MDkxNjE1Ng==	49	40	0.0337359433569	35	0.0816326530612
XMTM2MDk3MzAzMg==	23	21	0.00756143667297	19	0.0302457466919
XMTM2MTEzMDI4MA==	3004	3341	0.0125851948844	2917	0.000838761810706
XMTM2MTU1MDQzNg==	6708	2901	0.32209178318	2533	0.387370774365
XMTM2MTE3MjM4MA==	19090	14043	0.0698963910851	12263	0.127893345766
XMTM2MTQyNDE2OA==	3121	2630	0.0247500138851	2296	0.0698747649154
XMTM2MTMzMjM1Ng==	1862	1422	0.0558400758687	1242	0.110872547334
XMTM2MTU3NjI0OA==	585	474	0.0360026298488	414	0.0854437869822
XMTM2MDkxNTIyNA==	38332	31252	0.0341148570981	27290	0.0829798273054
XMTM2MTcxMjYyNA==	4848	3379	0.0918160001334	2951	0.153112074048
XMTM2MTMxMTk0MA==	2786	2094	0.0616949994563	1828	0.11824119057
XMTM2MTE0MjA1Ng==	1150	694	0.157229489603	606	0.223770132325
XMTM2MDg3ODYyMA==	3484	2467	0.085209028381	2154	0.145729337065
XMTM2MTMzMTI3Mg==	1306	349	0.536954543642	305	0.587464734562
XMTM2MTM2ODA3Ng==	87	33	0.385255648038	28	0.459902232792
XMTM2MTE3MzE2MA==	120	156	0.09	136	0.0177777777778
XMTM2MTU3Nzc3Mg==	60	76	0.0711111111111	67	0.0136111111111
XMTM2MTI5MTc4MA==	506	325	0.127954662626	284	0.192488556297
XMTM2MTEzNTIwMA==	276	124	0.303297626549	109	0.36611268641
XMTM2MTI4OTE2MA==	135	126	0.00444444444444	110	0.0342935528121
XMTM2MTI3OTIwOA==	262	305	0.0269360759862	267	0.000364197890566
XMTM2MDgzMzA4MA==	1135	756	0.111503037125	660	0.175144093617
XMTM2MTExMTAyNA==	232	158	0.101739001189	138	0.164164684899
XMTM2MTA0NDYyOA==	530	201	0.385336418654	175	0.448647205411
XMTM2MTExNzUxNg==	5934	6017	0.000195641552641	5254	0.0131317540922
XMTM2MTEyMDM5Mg==	3415	2693	0.044698503073	2352	0.0968913736444
XMTM2MTUwNTc2OA==	252	30	0.776077097506	26	0.804295792391
XMTM2MTI4MTMwOA==	101	82	0.0353886873836	72	0.0824428977551
XMTM2MDk1MjM5Ng==	1099	1309	0.0365126374295	1143	0.00160291306267
XMTM2MTIzMTA4OA==	189	197	0.00179166316732	172	0.00809047898995
XMTM2MTM2NjUyNA==	1863	2435	0.0942684459842	2126	0.0199290128499
XMTM2MTM0OTk3Mg==	1098	1115	0.000239713869562	974	0.0127537732124
XMTM2MTIxMjg5Mg==	46	49	0.00425330812854	43	0.00425330812854
XMTM2MTE0NTA2NA==	621	618	2.33377675092e-05	540	0.0170132325142
XMTM2MDkyMjQ0MA==	43	11	0.553812871823	10	0.588967009194
XMTM2MDgyMjEzMg==	157344	56229	0.412981691913	49100	0.473268164925
XMTM2MTE4Nzk5Ng==	287	226	0.0451747623499	198	0.0961648192888
XMTM2MTIxOTYzMg==	346373	369804	0.00457607976319	322921	0.00458428604877
XMTM2MTUyMzA0OA==	3389	1411	0.340650818554	1232	0.405095251582
XMTM2MTI0MTk5Ng==	30	16	0.217777777778	14	0.284444444444
XMTM2MDcyNjA2OA==	791	819	0.0012530346934	715	0.00923154131259
XMTM2MDgxNDg1Ng==	156	136	0.0164365548981	119	0.0562541091387
XMTM2MDc3ODU1Mg==	429183	555797	0.0870318942819	485334	0.0171170913263
XMTM2MTU3MjY0MA==	1190	635	0.217516418332	554	0.285640844573
XMTM2MTA0NzA2OA==	15850	9884	0.14167980973	8631	0.207441455284
XMTM2MTQwNzExNg==	108	34	0.469478737997	30	0.521604938272
XMTM2MTQwNzM5Mg==	409	262	0.129177850443	228	0.195844118579
XMTM2MTQyNjY4OA==	2929	954	0.454669117446	833	0.512087073602
XMTM2MTQ3NTcyOA==	1241	834	0.10755862841	728	0.170879973196
XMTM2MTE1MzA5Ng==	255	126	0.255916955017	110	0.323337178008
XMTM2MTUyODU2OA==	440	376	0.0211570247934	328	0.0647933884298
XMTM2MDk0MDgwMA==	63	55	0.0161249685059	48	0.0566893424036
XMTM2MTA2OTAxMg==	306	389	0.0735721303772	340	0.0123456790123
XMTM2MDkwNzYyOA==	20	23	0.0225	20	0.0
XMTM2MDc2NTA2OA==	11085	13394	0.0433886832975	11696	0.00303816268637
XMTM2MDkyNDM2NA==	504918	607818	0.0415325926872	530761	0.00261965529355
XMTM2MTA2ODg5Ng==	4151	1844	0.308879952824	1610	0.374717402865
XMTM2MTU3NjQ0MA==	21	18	0.0204081632653	16	0.0566893424036
XMTM2MTM4ODY0NA==	162	113	0.0914875781131	99	0.151234567901
XMTM2MDk2MDkzNg==	16	10	0.140625	9	0.19140625
XMTM2MTE0NDE0OA==	663	841	0.0720796962479	735	0.0117933703241
XMTM2MTExMjQyMA==	1206	1281	0.00386747852776	1119	0.00520407910695
XMTM2MDkxNDE4NA==	6613	7892	0.037406238929	6891	0.00176722784756
XMTM2MDkxODg2NA==	9384	3741	0.36161305607	3267	0.424913924065
XMTM2MDg4MDUyNA==	238	83	0.424140244333	73	0.480633429843
XMTM2MDMzNDA5Ng==	477	365	0.0551314337953	319	0.109717882116
XMTM2MTU1ODU4OA==	96	105	0.0087890625	91	0.00271267361111
XMTM2MTE0NzI2OA==	7859	1359	0.684056754788	1186	0.720954193277
XMTM2MTQwNjQ0MA==	1654	2177	0.0999844282082	1901	0.0223009259733
XMTM2MTM1Nzg0MA==	48	65	0.125434027778	57	0.03515625
XMTM2MTU3MjE1Mg==	471	310	0.116844947507	270	0.182116921579
XMTM2MDg5MTY2NA==	246	137	0.19632824377	120	0.262343842951
XMTM2MTQyODMyNA==	826	1096	0.106848254958	957	0.0251525775493
XMTM2MTA3Mjk5Mg==	7318	1059	0.731518127682	925	0.763175813982
XMTM2MTU3NzUwMA==	451	611	0.125859754868	533	0.0330578512397
XMTM2MTE3MDk4MA==	373	205	0.202862092015	179	0.27051153965
XMTM2MTAwOTc2OA==	3505	2050	0.172325656643	1790	0.239415467205
XMTM2MTEzMDQ0NA==	31	18	0.175858480749	16	0.234131113424
XMTM2MDk1Mjg5Ng==	4298	3103	0.0773041818665	2710	0.136511165278
XMTM2MDkyMDEwMA==	35	38	0.00734693877551	33	0.00326530612245
XMTM2MTI0NjIwMA==	2803	3351	0.0382221331841	2926	0.00192559091102
XMTM2MTUxMTAxNg==	184	191	0.00144730623819	167	0.00853615311909
XMTM2MTE4ODM0MA==	350	355	0.000204081632653	310	0.0130612244898
XMTM2MTM4MzE2OA==	899	927	0.000970055716338	810	0.00980077975652
XMTM2MTIwMDM0NA==	106	66	0.142399430402	58	0.205055179779
XMTM2MTYzMDkwMA==	5	7	0.16	6	0.04
XMTM2MDg4MjgzMg==	33	40	0.0449954086318	35	0.00367309458219
XMTM2MTMzNzk4MA==	20	17	0.0225	15	0.0625
XMTM2MDk1NzY0NA==	116	144	0.0582639714625	126	0.00743162901308
XMTM2MTEzNTAwNA==	365	85	0.588478138488	74	0.635623944455
XMTM2MTI5NTM3Mg==	13031	3043	0.587491486877	2657	0.633777763681
XMTM2MTEzNDg2OA==	21284	11849	0.196506675581	10347	0.264052281156
XMTM2MTU3NDUwNA==	203	201	9.70661748647e-05	175	0.0190249702735
XMTM2MDg3NDcwOA==	155145	128821	0.0287891071942	112489	0.0755935407695
XMTM2MDkwMjQ3Ng==	124	76	0.149843912591	67	0.211303329865
XMTM2MTU0MTQ2MA==	144	47	0.453751929012	41	0.511622299383
XMTM2MDQyMDcyOA==	24158	18336	0.0580794437558	16011	0.113729591378
XMTM2MTU0NDUxNg==	64	65	0.000244140625	57	0.011962890625
XMTM2MDgwNTk3Mg==	4936	2835	0.181176473775	2475	0.248583858806
XMTM2MTE4MTM4MA==	2527	1822	0.0778337132691	1591	0.137195925477
XMTM2MTM3MDYzMg==	265	264	1.42399430402e-05	231	0.0164613741545
XMTM2MTYzNDU4NA==	163	161	0.000150551394482	141	0.0182167187324
XMTM2MDc0MTY2NA==	82667	73579	0.0120857131483	64251	0.049627941085
XMTM2MTUwNjIwMA==	10952	10786	0.000229736132595	9419	0.0195928421438
XMTM2MDg1ODU4NA==	20	18	0.01	16	0.04
XMTM2MTEwMDk3Ng==	45587	14427	0.467210798594	12598	0.5236682891
XMTM2MTA2Nzg0MA==	875	643	0.0703007346939	562	0.127959510204
XMTM2MDkzOTkwOA==	13700	7866	0.181339208269	6869	0.24861506207
XMTM2MTA3OTE1Ng==	340	139	0.349489619377	121	0.414887543253
XMTM2MTE4MjA0OA==	146	88	0.157815725277	77	0.223353349597
XMTM2MDk5ODcwMA==	47	44	0.00407424173834	38	0.0366681756451
XMTM2MTM1MTM4MA==	5787	5252	0.00854674210195	4586	0.0430704143754
XMTM2MTE1NzQ2MA==	5614	5316	0.00281765432213	4642	0.0299769686172
XMTM2MDg0Mjc0OA==	102	74	0.0753556324491	64	0.138792772011
XMTM2MDgyMzI2OA==	199	126	0.134567308906	110	0.20002020151
XMTM2MTE0MzI1Ng==	38	31	0.0339335180055	27	0.0837950138504
XMTM2MTQxNDMzMg==	73134	68214	0.00452576032285	59566	0.0344185852464
XMTM2MTM5NDQwNA==	975	1130	0.0252728468113	986	0.000127284681131
XMTM1OTg5NjI3Ng==	54	37	0.0991083676269	32	0.16598079561
XMTM2MTIwOTM1Mg==	107	82	0.0545899205171	72	0.106996244213
XMTM2MDkzNDU3Mg==	706	713	9.83075058784e-05	622	0.0141562808465
XMTM2MTU0MDUyOA==	527	413	0.0467938169943	360	0.100418033407
XMTM2MTM3MjIyMA==	2915	2552	0.0155072979708	2228	0.055543898155
XMTM2MTA2MDkwOA==	122	134	0.00967481859715	117	0.00167965600645
XMTM2MTM3NjgxMg==	580	782	0.1212960761	683	0.0315368608799
XMTM2MTE2NDQyOA==	1013	547	0.211618164259	478	0.278925790976
XMTM2MTE0NTM1Ng==	5014	2734	0.20677643086	2388	0.27429682728
XMTM2MTQ4Mjg2OA==	484	601	0.0584360699406	525	0.00717591011543
XMTM2MDk1MzgzNg==	132	100	0.058769513315	88	0.111111111111
XMTM2MTQyNDIzMg==	18	17	0.00308641975309	15	0.0277777777778
XMTM2MTY1OTY0OA==	17564	19122	0.00786842935237	16698	0.00243102221314
XMTM2MDgzMDE1Mg==	272	283	0.00163548875433	247	0.00844777249135
XMTM2MDg0Mjc2OA==	112	68	0.154336734694	59	0.223931760204
XMTM2MDg4MzMyOA==	8007	7994	2.63600996437e-06	6980	0.0164513381876
XMTM2MTA1MzI5Ng==	81	31	0.38103947569	27	0.444444444444
XMTM2MTI1Njc2OA==	7273	6925	0.00228945078797	6047	0.0284153994301
XMTM2MTExMDcwMA==	1626	2003	0.0537578161759	1749	0.00572228047004
XMTM2MTMyNjA5Mg==	31	27	0.0166493236212	23	0.0665972944849
XMTM2MDg3MDkyNA==	7	7	0.0	6	0.0204081632653
XMTM2MDg2MzM0OA==	78	42	0.213017751479	37	0.276298487837
XMTM2MDk4NTIwMA==	3477	2692	0.05097179551	2351	0.104873895418
XMTM2MTA1ODU5Ng==	19260	13093	0.102526310994	11433	0.165149819004
XMTM2MTIwNTg4MA==	6426	5700	0.0127641470532	4978	0.0507756721667
XMTM2MTMxMzcxNg==	217	74	0.434262778993	64	0.497122470216
XMTM2MTIwNjY5Ng==	21254	11555	0.208244033068	10090	0.275904194596
XMTM2MTU4MDQ0NA==	29	35	0.0428061831153	31	0.00475624256837
XMTM2MTMwOTUyOA==	4190	4534	0.0067404491886	3959	0.00303945637129
XMTM2MTE5NTk1Mg==	52	57	0.00924556213018	49	0.00332840236686
XMTM2MTU3MDg4MA==	230	223	0.000926275992439	195	0.023156899811
XMTM2MDg4ODA2OA==	375	312	0.028224	273	0.073984
XMTM2MTIwNDI3Mg==	1475	1096	0.0660228669922	957	0.123331916116
XMTM2MDk5MjMxNg==	141	69	0.260751471254	60	0.330013580806
XMTM2MTA0OTk0OA==	21868	2300	0.800709071764	2009	0.824701189912
XMTM2MTEwNTU3Mg==	250	334	0.112896	291	0.026896
XMTM2MDk3Mjg3Mg==	60	38	0.134444444444	33	0.2025
XMTM2MTEyMzU4NA==	121350	19382	0.706070783075	16925	0.740507406293
XMTM2MTUyNTU0OA==	116	54	0.285671819263	47	0.353819857313
XMTM2MTMwNDMyOA==	1274	440	0.428541855095	384	0.488023974232
XMTM2MTM5MjQyNA==	837	762	0.00802918770314	665	0.0422285313795
XMTM2MTA2MTcwOA==	571	717	0.0653782806457	626	0.0092779742425
XMTM2MTI1ODA1Mg==	150206	15242	0.807349016273	13310	0.830628742717
XMTM2MDkyODk2OA==	707	270	0.382053380121	236	0.443816032442
XMTM2MTQ5ODU5Mg==	12179	2569	0.622620641231	2243	0.665579450348
XMTM2MTQ3NjQ3Ng==	199	129	0.123734249135	112	0.191131537082
XMTM2MTMxNDM0NA==	17	16	0.00346020761246	14	0.0311418685121
XMTM2MTM0MjU2NA==	45	31	0.0967901234568	27	0.16
XMTM2MTUxNzU0NA==	26	24	0.00591715976331	21	0.0369822485207
XMTM2MTE0NTcyOA==	280	165	0.16868622449	144	0.235918367347
XMTM2MTE1MDg5Ng==	577	696	0.0425345944631	607	0.00270327907752
XMTM2MTQ4NzE4MA==	126	78	0.145124716553	68	0.211892164273
XMTM2MTYzODM4NA==	5086	5626	0.0112728780276	4912	0.0011704309162
XMTM2MDg2MzUyMA==	8	10	0.0625	9	0.015625
XMTM2MTQ1MjQ1Ng==	1042	464	0.307694858183	405	0.373717492936
XMTM2MDg4MzA5Mg==	42	44	0.00226757369615	38	0.00907029478458
XMTM2MTU4MDQ5Ng==	103	88	0.0212084079555	77	0.0637194834574
XMTM2MTQ3Nzk5Ng==	47	34	0.0765052059756	30	0.130828429153
XMTM2MTMzOTg4MA==	586	549	0.00398665098021	479	0.0333405164883
XMTM2MTEzMTA0NA==	705	848	0.041142799658	741	0.00260751471254
XMTM2MTQ1OTE5Ng==	196	206	0.00260308204915	180	0.00666389004581
XMTM2MTQzNzU0OA==	715	187	0.545325443787	163	0.596027189594
XMTM2MDc5MjU4MA==	104904	135863	0.0870943038099	118639	0.0171424634084
XMTM2MTQyOTYzMg==	903	1086	0.0410701868633	948	0.00248341629783
XMTM2MDg3OTY4OA==	34	23	0.104671280277	20	0.16955017301
XMTM2MTI0NDE1Mg==	14	7	0.25	6	0.326530612245
XMTM2MDk2MDE5Ng==	3308	2549	0.0526444448181	2226	0.106985154892
XMTM2MTIwODc4NA==	385	48	0.766193287232	42	0.793719008264
XMTM2MTM2NjM1Mg==	2300	2838	0.0547153119093	2478	0.00598941398866
XMTM2MTM5NjM0NA==	1360	1418	0.0018187716263	1238	0.00804714532872
XMTM2MDkwMzI5Ng==	9312	5208	0.194235572324	4548	0.261732450314
XMTM2MTE0NzExMg==	9865	2962	0.489645274562	2586	0.544439040067
XMTM2MTIyNDU5Ng==	26323	12624	0.270836357187	11024	0.337796637126
XMTM2MTAxMzMxNg==	576	157	0.529155213156	137	0.580876856674
XMTM2MTQ4MDgzNg==	134	147	0.00941189574515	128	0.00200490086879
XMTM2MDkzMTEyMA==	6346	7223	0.0190984908614	6307	3.77684427453e-05
XMTM2MDk2OTIxNg==	50	35	0.09	31	0.1444
XMTM2MDc2NjU5Mg==	567	512	0.00940934215479	447	0.0447915791831
XMTM2MTE4ODA5Mg==	25384	28213	0.0124206915469	24636	0.000868326544615
XMTM2MTI2NjI2OA==	5419	212	0.923287281997	185	0.932887200759
XMTM2MDkzNDEzMg==	529	400	0.0594659109995	349	0.115780032233
XMTM2MTExMTc3Mg==	635	321	0.244518569037	280	0.312542625085
XMTM2MTA5NDIxMg==	377	141	0.391869358118	123	0.453925659084
XMTM2MTY4NTI1Mg==	229	178	0.049598596518	156	0.101618962262
XMTM2MDc0OTQ5Mg==	273	148	0.209649934925	130	0.274376417234
XMTM2MTQ4MzE2MA==	29	35	0.0428061831153	31	0.00475624256837
XMTM2MTQxNTY0OA==	18508	15477	0.0268196367307	13515	0.0727786759798
XMTM2MDc4NDQyOA==	2264	1736	0.0543894916905	1516	0.109156688184
XMTM2MTA2NTc1Mg==	2021	1684	0.0278052737204	1470	0.074331101857
XMTM2MDc1MDE1Ng==	754	409	0.209360862315	357	0.277228785118
XMTM2MTQzODU4MA==	410	229	0.19488994646	200	0.262343842951
XMTM2MDg4MTAyOA==	59660	27797	0.285237636415	24273	0.351820380581
XMTM2MDQ1NzQyNA==	109	95	0.016496927868	83	0.0568975675448
XMTM2MTE3Mjg4MA==	299	363	0.0458160423261	317	0.00362412053556
XMTM2MTYyMjQxMg==	701	551	0.04578745261	481	0.0984938980588
XMTM2MTI4NDE2MA==	1141	1305	0.0206593382959	1140	7.68119359604e-07
XMTM2MTU5NzYzNg==	18	8	0.308641975309	7	0.373456790123
XMTM2MDg1MDkxMg==	60	54	0.01	47	0.0469444444444
XMTM2MTM4NDc4OA==	316	293	0.00529762858516	256	0.0360519147573
XMTM2MTE2NTc2NA==	135	120	0.0123456790123	105	0.0493827160494
XMTM2MTA2NTU4OA==	98	71	0.0759058725531	62	0.134943773428
XMTM2MTcyODIyNA==	129	85	0.11633916231	74	0.181779941109
XMTM2MTEzNzk3Ng==	93955	72919	0.0501287102057	63674	0.103872511556
XMTM2MTI2OTU1Mg==	4794	192	0.921503882356	168	0.93114045874
XMTM2MDk0MTAwNA==	127	66	0.230702461405	58	0.295182590365
XMTM2MTU3ODk2OA==	780	1011	0.0877071005917	883	0.0174375410914
XMTM2MTUwOTI0OA==	3303	3289	1.79654840887e-05	2872	0.0170269708663
XMTM2MTIzMjQ0MA==	35	37	0.00326530612245	32	0.00734693877551
XMTM2MTQ1MDI3Ng==	883	370	0.337530733408	323	0.402211651056
XMTM2MTEzMTgwMA==	2345	1760	0.062233759621	1537	0.118723591909
XMTM2MTEzMDc2MA==	903	1173	0.089402986722	1025	0.0182534163837
XMTM2MTYzNTQ1Mg==	18071	16010	0.013007433425	13980	0.0512500846664
XMTM2MDg5OTAyMA==	2027	804	0.364036907764	702	0.427291505475
XMTM2MDg3ODUwNA==	2079	1868	0.0103004436819	1631	0.0464351710143
XMTM2MTE5MDczMg==	2076	1407	0.103847856594	1228	0.166854147408
XMTM2MDg3MTM4OA==	169	156	0.00591715976331	136	0.0381289170547
XMTM2MTQzNDI3Ng==	333	195	0.171739306874	170	0.239599960321
XMTM2MTQ0ODQ5Ng==	1052	1405	0.112594695601	1227	0.0276722592491
XMTM2MDkxMTkzMg==	294	279	0.00260308204915	243	0.0300916284881
XMTM2MTMzMDYyNA==	285	321	0.0159556786704	280	0.000307787011388
XMTM2MTA3MjM1Mg==	278	206	0.0670772734331	180	0.12426893018
XMTM2MTU2MjQ1Mg==	267	147	0.201994697639	128	0.271023580075
XMTM2MTM4MjAyNA==	13	16	0.0532544378698	14	0.00591715976331
XMTM2MTM1MTk0OA==	39	34	0.0164365548981	30	0.0532544378698
XMTM2MDgzNDU3Mg==	294077	378345	0.0821113617376	330379	0.0152383865572
XMTM2MTM3MDM3Ng==	42	35	0.0277777777778	31	0.0685941043084
XMTM2MTI1NTQ2NA==	136	124	0.00778546712803	109	0.0394139273356
XMTM2MTE0NjM4OA==	326	335	0.000762166434567	293	0.010246904287
XMTM2MTExMzA4NA==	2388	2419	0.000168521277521	2112	0.0133582485291
XMTM2MTczNjUwNA==	90	17	0.657901234568	15	0.694444444444
XMTM2MTEzNjcyNA==	22	25	0.0185950413223	22	0.0
XMTM2MTYxMzM5Mg==	187	141	0.0605107380823	123	0.117132317195
XMTM2MTE2NzEyMA==	106	116	0.00889996440014	101	0.00222499110004
XMTM2MTIxOTUzMg==	69	86	0.0607015332913	75	0.00756143667297
XMTM2MTA1MzUyMA==	4409	2256	0.23845578445	1970	0.306015484832
XMTM2MTI4ODc2NA==	1078	730	0.104212776357	637	0.167355371901
XMTM2MTI4NjcwNA==	338359	47503	0.738925388935	41480	0.769845350945
XMTM2MTIxNDgwMA==	115	82	0.0823440453686	72	0.139810964083
XMTM2MDk5MDE2MA==	77	20	0.547984483049	17	0.607185022769
XMTM2MDkzMjkyMA==	795	515	0.124045726039	449	0.189416557889
XMTM2MTA3Mjk5Ng==	5173	1555	0.489161387536	1358	0.54388130103
XMTM2MTA2NzkxNg==	16663	15924	0.00196690094122	13905	0.0273956831746
XMTM2MTIzMTc1Ng==	863	506	0.171125543625	442	0.237981172686
XMTM2MTU3MTE0OA==	1239	1243	1.04226311802e-05	1085	0.0154489450669
XMTM2MDk3OTc0MA==	6394	2565	0.358612537422	2240	0.422073145091
XMTM2MTE2OTAwNA==	724	905	0.0625	790	0.00831018589176
XMTM2MDk3NzkwNA==	290	123	0.331617122473	107	0.39820451843
XMTM2MTAwNjEyNA==	4683	752	0.704624552603	657	0.739093232258
XMTM2MTE5MDkwMA==	672	599	0.0118006838152	523	0.0491625035431
XMTM2MTE4MTA3Mg==	468	250	0.216980787494	219	0.283078566732
XMTM2MDk4MzcxNg==	200	88	0.3136	77	0.378225
XMTM2MTAzMDMyNA==	84803	104887	0.0560890382187	91589	0.00640332106797
XMTM2MDk4NjY5Mg==	18146	8834	0.263344420604	7714	0.330501430594
XMTM2MTIxMDEyMA==	991	540	0.207112244306	472	0.274275747113
XMTM2MTU5MjY5Ng==	69	57	0.0302457466919	49	0.084015963033
XMTM2MTI2NzUwNA==	5137	228	0.913202165664	199	0.924023549564
XMTM2MTY3MDg5Ng==	1155	732	0.13412717153	640	0.1988156144
XMTM2MTI3NjAwMA==	57	71	0.0603262542321	62	0.0076946752847
XMTM2MTU0NTM0MA==	18223	5473	0.489531473518	4779	0.544273584815
XMTM2MTA4MzM4OA==	1636	1827	0.0136301343249	1595	0.000628059970947
XMTM2MTM3ODYxMg==	2216	2306	0.00164947412321	2014	0.00830927680538
XMTM1OTgwMjgzNg==	618	543	0.0147280610802	474	0.0542935243661
XMTM2MTUxMzE0NA==	610	696	0.0198763773179	607	2.41870464929e-05
XMTM2MTQ0NzIwMA==	96	59	0.148546006944	52	0.210069444444
XMTM2MTI3Njk0NA==	46672	37969	0.0347716375083	33156	0.0838655390263
XMTM2MTAyNzgxNg==	522	143	0.527153887935	125	0.578415613394
XMTM2MDc0OTE5Mg==	979	861	0.0145277591422	752	0.0537633511087
XMTM2MTIzODYzMg==	8984	10191	0.0180499105365	8899	8.95155253745e-05
XMTM2MTUzNzYyMA==	2872	3256	0.017876956262	2843	0.000101959365616
XMTM2MTU4MDM2OA==	5811782	5788611	1.58953803143e-05	5054748	0.0169672765691
XMTM2MDkzOTM0OA==	1267	1374	0.00713204912013	1200	0.00279638121235
XMTM2MTA4NTMxNg==	62	74	0.0374609781478	64	0.00104058272633
XMTM2MTI2MTI3Ng==	882	242	0.526529583867	211	0.578772476489
XMTM2MDcyNzEzNg==	14435	1329	0.824340715382	1160	0.845737296379
XMTM2MTQyODczMg==	268	295	0.0101498106483	258	0.00139229226999
XMTM2MTQwODU2OA==	11	11	0.0	10	0.00826446280992
XMTM2MTI3MDI5Mg==	4523	191	0.917326036786	167	0.927518470095
XMTM2MTU3MDU1Mg==	8494	5802	0.100444369685	5067	0.162780993789
XMTM2MTMzNTI2OA==	11819	13485	0.0198695727568	11775	1.38593827173e-05
XMTM2MTI4ODEyMA==	59972	3174	0.896951627294	2772	0.909693293407
XMTM2MTE1MjAyNA==	380	421	0.0116412742382	368	0.000997229916898
XMTM2MDkxNjQwOA==	100	72	0.0784	63	0.1369
XMTM2MTM0NTE1Ng==	158	117	0.0673369652299	102	0.125620894087
XMTM1ODIzNjMxMg==	97	66	0.102136252524	58	0.161653735785
XMTM2MTcwNzYzNg==	42913	15589	0.405425256411	13612	0.466215954561
XMTM2MTU1MzU3Ng==	41	47	0.0214158239143	41	0.0
XMTM2MDc0NjI2MA==	17	17	0.0	15	0.0138408304498
XMTM2MTQzMTQxMg==	8	8	0.0	7	0.015625
XMTM2MTIxMTE4OA==	10253	5992	0.172711459282	5232	0.23981620602
XMTM2MTQ2NzU2MA==	127	85	0.109368218736	74	0.174158348317
XMTM2MDg3NjE0OA==	119	150	0.0678624390933	131	0.0101687733917
XMTM1ODkxMDg2NA==	676	632	0.00423654633941	552	0.0336472812577
XMTM2MDkwMTM5Mg==	3533	929	0.543243683009	811	0.593593267922
XMTM2MDU3Mjg1Ng==	1305	780	0.161844365174	681	0.228637864976
XMTM2MTIwMDE3Ng==	370	336	0.00844411979547	294	0.0421913805698
XMTM2MTQzNjMwMA==	466	622	0.112066901214	543	0.027302952716
XMTM2MDk4OTgwOA==	2109	2166	0.00073046018992	1891	0.0106846383705
XMTM2MDk2MDYwMA==	15175	10387	0.0995522050542	9070	0.161850459629
XMTM2MTAzNjI4MA==	217	254	0.0290726071906	222	0.000530909554248
XMTM2MTMyMDU2NA==	22	17	0.051652892562	15	0.101239669421
XMTM2MTIyOTIyMA==	269	189	0.0884454333135	165	0.1494727823
XMTM2MTQzMjc3Mg==	648	368	0.186709343088	321	0.2546510631
XMTM2MTA1NjUxMg==	74574	63016	0.0240209679328	55027	0.0687045262228
XMTM2MTQzOTkwNA==	486	404	0.028467882606	353	0.0748911920608
XMTM2MTA5NzQ2MA==	210	177	0.024693877551	154	0.0711111111111
XMTM2MTE0MDc2NA==	69	59	0.0210039907582	52	0.0607015332913
XMTM2MTQxMzY0NA==	3887	2022	0.230212335631	1765	0.298031163227
XMTM2MTU5NzY5Ng==	1365	619	0.298684270552	541	0.364409021991
XMTM2MDk4MDA5Mg==	9388	3011	0.461409648866	2630	0.518191414254
XMTM2MTU1MjgzMg==	16173	7797	0.268220621349	6809	0.33522904277
XMTM2MTE3MzU3Mg==	303	221	0.073239007069	193	0.131795357754
XMTM2MDU2OTU4NA==	2106	959	0.296626605664	837	0.363083497699
XMTM2MTUwMTEwNA==	168447	100825	0.161157106548	88042	0.227845025491
XMTM2MTczNzk0NA==	70	54	0.0522448979592	47	0.107959183673
XMTM2MTE1MDUyNA==	22890	12699	0.198217510723	11089	0.265794527782
XMTM2MTU2NzEyNA==	53	48	0.00889996440014	42	0.0430758276967
XMTM2MTIxODQxMg==	759	626	0.0307057514481	547	0.0780168066643
XMTM2MTQ3Nzg3Mg==	743	615	0.0296785249135	537	0.0768699879902
XMTM2MTE1NTQ5Mg==	657	669	0.000333604386898	584	0.0123456790123
XMTM2MTEwODAwNA==	371	147	0.36454254183	128	0.429007345195
XMTM2MTYyOTY5Ng==	67329	92892	0.144151548392	81115	0.0419249178165
XMTM2MDc2MzI4OA==	28	14	0.25	12	0.326530612245
XMTM2MDg4OTM1Ng==	39	27	0.094674556213	23	0.168310322156
XMTM2MTY0MTI2NA==	870	731	0.0255264896287	638	0.0711111111111
XMTM2MDk5MTIxMg==	13635	9724	0.0822745181253	8491	0.142328422306
XMTM2MDg4MzYwOA==	135524	123710	0.00759908863716	108026	0.0411689501741
XMTM2MTM4NTk3Mg==	10	7	0.09	6	0.16
XMTM2MDkwMDM2NA==	19395	16136	0.0282350884825	14090	0.0748154355514
XMTM2MTYwOTgyNA==	2972	1386	0.284779521383	1210	0.351490990836
XMTM2MDk2Nzc1Ng==	81	103	0.0737692424935	90	0.0123456790123
XMTM2MDg1NTI0MA==	505	570	0.016567003235	498	0.000192138025684
XMTM2MDgxNDQwOA==	989	1173	0.0346133044889	1025	0.00132498944405
XMTM2MDYyNzA3Mg==	385	345	0.0107944004048	301	0.0476033057851
XMTM2MTAyNzA2OA==	401	471	0.0304724473107	411	0.000621886679809
XMTM2MTI0MzM2NA==	15319	11976	0.0476224704344	10458	0.100690943381
XMTM2MTI2Njc5Mg==	5230	247	0.907775372995	216	0.919105323384
XMTM2MDkzODU4MA==	273	133	0.262984878369	116	0.330730319741
XMTM2MDkxOTM3Ng==	133	122	0.00684040929391	106	0.0412120526881
XMTM2MTI2MjczNg==	120	124	0.00111111111111	109	0.00840277777778
XMTM2MTExMjc0MA==	10056	7596	0.0598438719306	6633	0.115867935504
XMTM2MTM5NTk3Mg==	6079	1535	0.558743338823	1341	0.607471386031
XMTM2MDc3MTgyOA==	26	23	0.0133136094675	20	0.0532544378698
XMTM2MTUyMDAzNg==	2048	2231	0.00798439979553	1948	0.00238418579102
XMTM2MTE3MDY1Mg==	284	315	0.0119147986511	275	0.00100426502678
XMTM2MTM5MTYzMg==	4600	2572	0.194365973535	2246	0.261876937618
XMTM2MTQzMzM1Mg==	24	27	0.015625	23	0.00173611111111
XMTM2MTMwNDY3Mg==	124	119	0.00162591050989	104	0.0260145681582
XMTM2MDkzMzUyNA==	474	126	0.539016183304	110	0.589720308355
XMTM2MTY0MDUyNA==	24246	9717	0.359080024282	8485	0.422558980859
XMTM2MTY4Nzg0NA==	28	38	0.127551020408	33	0.031887755102
XMTM2MDg0Mjk1Ng==	96	66	0.09765625	58	0.156684027778
XMTM2MTM0NTI2OA==	207	222	0.00525099768956	194	0.00394408270905
XMTM2MTQ2NDU0NA==	3466	1732	0.250288600265	1512	0.317827888025
XMTM2MTEzNjQxMg==	110	86	0.0476033057851	75	0.101239669421
XMTM2MTE1MDA4MA==	2705	3580	0.104636105521	3126	0.0242230961354
XMTM2MTUxMTk4MA==	328	341	0.00157086555622	298	0.00836555621654
XMTM2MTMwMDAzMg==	973	1231	0.070309454976	1075	0.0109894172461
XMTM2MTU2NjcwOA==	1790	1219	0.101757435785	1064	0.164500483755
XMTM2MDk4MDg4NA==	7771	5274	0.103248384902	4605	0.165984679088
XMTM2MDg0MTU0NA==	103	54	0.226317277783	47	0.295598077104
XMTM2MTE0MDQ0OA==	80	61	0.05640625	53	0.11390625
XMTM2MTAwMTYxMg==	10	14	0.16	12	0.04
XMTM2MTI3NDg1Mg==	3099	27	0.982650931647	23	0.985211584455
XMTM2MDg1NjQ1Ng==	1773	2067	0.0274964856376	1805	0.000325748545663
XMTM2MTAxMjk2NA==	379	416	0.00953070502155	363	0.00178222095363
XMTM2MTU4NDgzMg==	418	491	0.0304995306884	428	0.000572331219523
XMTM2MTUxMjYyOA==	5595	5504	0.000264534672458	4806	0.0198862925774
XMTM2MDk5NzU4OA==	12663	11663	0.00623629694574	10184	0.0383247949386
XMTM2MDM5NDYwNA==	2041	1125	0.201421088173	983	0.268710926257
XMTM2MTAxOTE2OA==	16	14	0.015625	12	0.0625
XMTM2MTYzMTQyMA==	16	17	0.00390625	15	0.00390625
XMTM2MTM1MzU0NA==	710	779	0.00944455465185	680	0.00178536004761
XMTM2MTUxNjcxNg==	1277	474	0.39541150001	414	0.456709238629
XMTM2MDc1ODgzMg==	150	58	0.376177777778	51	0.4356
XMTM2MTMwMDg2MA==	645	628	0.000694669791479	548	0.0226164293011
XMTM2MTQ5OTg0MA==	327	195	0.162949246696	170	0.230517446156
XMTM2MTU4ODA4OA==	188	109	0.176578768674	95	0.244709144409
XMTM2MDk5Nzk0NA==	5589	4625	0.0297499231758	4038	0.0770114634538
XMTM2MDg4MjM3Ng==	123	48	0.371802498513	42	0.433670434265
XMTM2MDk1ODMyOA==	557	314	0.190327768986	274	0.258144264768
XMTM2MDk4NzE4MA==	5	7	0.16	6	0.04
XMTM2MTIyMjU1Ng==	6608	6716	0.000267120637396	5864	0.0126766880265
XMTM2MDgxNjczNg==	10788	10551	0.000482630558487	9214	0.0212876431042
XMTM2MDkzNTQ2OA==	442	304	0.0974795765852	265	0.160362195696
XMTM2MDk4Mzc1Ng==	395	208	0.224124339048	181	0.293517064573
XMTM2MTUzNTYyMA==	220	83	0.387789256198	73	0.446466942149
XMTM2MDg3NzU0OA==	451	311	0.0963613748212	272	0.157526265849
XMTM2MTMyMDAzNg==	419	295	0.087582093973	258	0.147646686907
XMTM2MTQ3OTI5Mg==	1156	1246	0.00606134984016	1088	0.00346020761246
XMTM2MTYxNDU4MA==	688	560	0.0346133044889	489	0.0836621991617
XMTM2MTMzODg1Mg==	912	546	0.161054362881	477	0.227503895429
XMTM2MTEwNzk0MA==	82	49	0.161957168352	43	0.226204640095
XMTM2MTA5MjQ2MA==	756	267	0.418383093978	233	0.478585775874
XMTM2MTAyMTcyMA==	714	773	0.00682822148467	675	0.00298354635972
XMTM2MTIyNDE2NA==	15	8	0.217777777778	7	0.284444444444
XMTM2MTUxNTgyOA==	680	409	0.158825692042	357	0.225625
XMTM2MTMyOTkwNA==	5122	5848	0.0200906548701	5106	9.75800007349e-06
XMTM2MTU5MTg5Mg==	175	110	0.137959183673	96	0.203787755102
XMTM2MDk4OTQ4MA==	642	479	0.0644622043653	419	0.120653429217
XMTM2MTA2OTQ0MA==	1693	922	0.207393356265	805	0.27511357178
XMTM2MTQ4NTkyOA==	563	458	0.0347825812619	400	0.0838220772378
XMTM2MDk5MDQ2OA==	4310	2914	0.10490985729	2544	0.167890784395
XMTM2MTA5MDU4NA==	1482	54	0.928453179039	47	0.937577971192
XMTM2MTIzNTA1Ng==	7301	3887	0.218656472075	3394	0.286366443302
XMTM2MTQyNjM2NA==	154	72	0.283521673132	63	0.349173553719
XMTM2MTMxMTE0MA==	518	120	0.590345999612	105	0.635682980278
XMTM2MTE4MjMwNA==	25143	32231	0.0794718324456	28145	0.0142556552813
XMTM2MTQ1NjQ4OA==	41145	46034	0.0141190651174	40198	0.000529743729444
XMTM2MTU3ODM0NA==	5333	4753	0.0118280409589	4151	0.0491237809057
XMTM2MTQwNjAyOA==	61530	39202	0.131681818911	34232	0.196828430153
XMTM2MTEwOTY4NA==	8063	4595	0.184997073385	4012	0.252424303592
XMTM2MDc1OTY3Ng==	11	16	0.206611570248	14	0.0743801652893
XMTM2MTUxNjY0NA==	12097	10967	0.008725725081	9577	0.0433956022824
XMTM2MTE1Njc2NA==	1267	1500	0.0338188326214	1310	0.0011518175232
XMTM2MDY3ODU2NA==	115	66	0.181550094518	58	0.245671077505
XMTM2MDg3MTk3Ng==	152	86	0.188538781163	75	0.256622229917
XMTM2MTM1ODg3Ng==	63	86	0.133282942807	75	0.0362811791383
XMTM2MTQ4NzYyMA==	1999	2320	0.0257860295831	2026	0.000182432386779
XMTM2MDc4OTE2OA==	5874	5890	7.41945629529e-06	5143	0.0154869847086
XMTM2MTAwNTcyMA==	17	14	0.0311418685121	12	0.0865051903114
XMTM2MTA0OTU1Ng==	418	127	0.484655800005	111	0.539416451089
XMTM2MTU3MDQxNg==	831	752	0.00903757959109	657	0.0438426149174
XMTM2MTQzOTU4OA==	141	71	0.246466475529	62	0.313917810975
XMTM2MTY0MjM5Mg==	175	235	0.117551020408	205	0.029387755102
XMTM2MDkwMTk3Ng==	293	276	0.00336637584596	241	0.0314971636245
XMTM2MTM0NzkwMA==	25508	29977	0.030695018021	26177	0.000687858991939
XMTM2MTAzMTA5Mg==	35	31	0.0130612244898	27	0.0522448979592
XMTM2MTMzMjIxNg==	2	0	1.0	0	1.0
XMTM2MDk0NDQxMg==	9422	1318	0.739797168732	1151	0.770601485452
XMTM2MTA5MjkwNA==	381	113	0.494788545133	99	0.547833095666
XMTM2MTA4NDIwNA==	3445	520	0.720897116412	454	0.753796945996
XMTM2MDk2MDA0NA==	56946	20625	0.40680768324	18010	0.467494191144
XMTM2MTUxMzkzMg==	7231	6256	0.0181807798638	5463	0.0597816363308
XMTM2MTU5NTk5Ng==	343	127	0.396569456604	111	0.457496451309
XMTM2MTA4MTExMg==	18	24	0.111111111111	21	0.0277777777778
XMTM2MDkyNjY2OA==	34	42	0.0553633217993	37	0.00778546712803
XMTM2MDc4NDQzMg==	3256	977	0.489914008687	853	0.54467663931
XMTM2MDY2NzYwNA==	50	69	0.1444	60	0.04
XMTM2MTE3MDMzNg==	106	88	0.0288358846565	77	0.0748487006052
XMTM2MTIwMTEwOA==	2262	1924	0.0223279165015	1680	0.0662004235589
XMTM2MTAzNTM3Ng==	38	40	0.00277008310249	35	0.00623268698061
XMTM2MTMyMTYzNg==	91049	99619	0.00885954224496	86989	0.00198839062411
XMTM2MDk2MjkyMA==	126	47	0.39310909549	41	0.455089443185
XMTM2MTE3MDM4MA==	5464	4521	0.0297853017434	3948	0.0769798430402
XMTM2MTAwMDg3Ng==	339	300	0.013235178949	262	0.0515919631747
XMTM2MDc0MTMwMA==	1690	855	0.244117853016	747	0.311350793039
XMTM2MTYzMDgzMg==	3577	3454	0.00118242156717	3016	0.0245973228925
XMTM2MTM3NjkwNA==	78	64	0.0322156476003	56	0.0795529257068
XMTM2MTAzMzM4MA==	20	25	0.0625	22	0.01
XMTM2MDk4MDM3Mg==	5493	5621	0.000543001139858	4909	0.0113033323215
XMTM2MDk2NzAxNg==	9023	2040	0.598938415525	1781	0.64419170195
XMTM2MTQ4Njk0MA==	698	812	0.0266746578435	709	0.000248355924828
XMTM2MTI3NzY4MA==	12	16	0.111111111111	14	0.0277777777778
XMTM2MTQxMzg0MA==	200	165	0.030625	144	0.0784
XMTM2MTExMzAzNg==	16309	9823	0.158160934814	8578	0.224707041111
XMTM2MTY3NTU1Mg==	2299	2187	0.00237332985709	1910	0.0286299942048
XMTM2MTIyMTMzMg==	3002	1258	0.337498296716	1099	0.401842808769
XMTM2MTA2NDE1Ng==	13166	4008	0.483830872836	3500	0.538996419342
XMTM2MTExNzI2OA==	77	55	0.0816326530612	48	0.141845167819
XMTM2MTM5NTM2MA==	803	379	0.278805041493	331	0.345503862384
XMTM2MTUxMDg0NA==	1055	1360	0.0835785359718	1188	0.0158927247816
XMTM2MTA2MDIwMA==	40900	23244	0.186353701855	20298	0.253730192909
XMTM2MTE3MjYyOA==	1653	932	0.190250068712	814	0.257619192442
XMTM2MDQ5NjU3Mg==	134	115	0.0201047003787	100	0.0643795945645
XMTM2MTQwOTkyNA==	781	305	0.371459814644	267	0.433135889016
XMTM2MTA5OTQxNg==	561	215	0.380387708478	188	0.442070913603
XMTM2MTUxMzQ4MA==	7212	5825	0.036986350936	5086	0.086899061126
XMTM2MTIxMzY4OA==	838	516	0.147646686907	451	0.213272025108
XMTM2MDc1ODE2OA==	364	305	0.026272491245	267	0.0710134645574
XMTM2MTI2NTI2OA==	4278	4728	0.0110647974208	4128	0.00122942193564
XMTM2MTQ0NzUxMg==	104	59	0.187222633136	52	0.25
XMTM2MTU1MTc2MA==	2691	2770	0.000861840278252	2419	0.0102166946237
XMTM2MTI0MjgwOA==	5064	4486	0.0130277160092	3917	0.0513026078205
XMTM2MTAzMDk4MA==	16	18	0.015625	16	0.0
XMTM2MTA2ODU2MA==	256	284	0.011962890625	248	0.0009765625
XMTM2MTE1MjgwOA==	49	34	0.0937109537693	30	0.150354019159
XMTM2MTM2MTQ4NA==	128	154	0.041259765625	135	0.00299072265625
XMTM2MTE5NTU0MA==	29	40	0.143876337693	35	0.0428061831153
XMTM2MDc3NDYyNA==	29428	24846	0.0242431291424	21696	0.0690338661209
XMTM2MTIzMzY2OA==	30705	40009	0.091816598594	34937	0.0189964791202
XMTM2MTcwODcxMg==	143776	117639	0.0330475053759	102725	0.0815219741585
XMTM2MTUzMDYyOA==	25	28	0.0144	25	0.0
XMTM2MTUwNzg4MA==	3742	1295	0.427622326882	1131	0.486862334641
XMTM2MDk1NTcxMg==	125	86	0.097344	75	0.16
XMTM2MTQ0MTI3Ng==	32	31	0.0009765625	27	0.0244140625
XMTM2MTU0NzYzMg==	889	778	0.0155898679144	679	0.0558001116002
XMTM2MTU2NTc1Ng==	80	92	0.0225	80	0.0
XMTM1ODk3MjkzNg==	86	68	0.0438074634938	59	0.098566792861
XMTM2MTMzNDIzMg==	107	119	0.0125775176871	104	0.000786094855446
XMTM2MDkwNzI0NA==	148819	133379	0.0107641025865	116470	0.0472503419655
XMTM2MTM2MDE0MA==	193	131	0.103197401273	115	0.163333243845
XMTM2MTU2ODMyOA==	9895	11766	0.035753287232	10274	0.00146705644232
XMTM2MTMxNTU1Mg==	786	481	0.150575594533	420	0.216828856127
XMTM2MDg5NzQ0OA==	176	229	0.0906831095041	200	0.0185950413223
XMTM2MDkyODY2MA==	2279	858	0.388776052251	749	0.450706904582
XMTM2MTIxNDk0OA==	10235	11756	0.0220842540312	10265	8.59145689392e-06
XMTM2MTIzMzM5Ng==	1852	790	0.328826696024	690	0.393668160975
XMTM2MTI4NDg1Ng==	117501	109112	0.0050972655962	95279	0.0357670532336
XMTM2MTI4OTQ4MA==	530	151	0.51135991456	132	0.563915984336
XMTM2MTIwMzI3Ng==	1848065	1858150	2.977949446e-05	1622580	0.0148867820018
XMTM2MDg3NDMwNA==	579	373	0.126583562273	326	0.190934283098
XMTM2MTYwNDM0OA==	139	31	0.603695460897	27	0.649241757673
XMTM2MTQ3OTQ2NA==	1420	973	0.0990919460425	849	0.161694604245
XMTM2MDYzNzU4OA==	67	28	0.338828246826	25	0.392960570283
XMTM2MDgxNzU1Mg==	17598	10162	0.178546826519	8874	0.245756315411
XMTM2MTAwMjA5Ng==	89	44	0.2556495392	38	0.32836763035
XMTM2MTQxNDQxMg==	135	146	0.00663923182442	127	0.00351165980796
XMTM2MTEzMzMzNg==	1659	575	0.426938964444	502	0.486378026081
XMTM2MDczOTI3Mg==	67	52	0.0501225217198	46	0.0982401425707
XMTM2MTU3NjY2OA==	340	325	0.00194636678201	284	0.0271280276817
XMTM2MTE3NTc3Mg==	105	127	0.0439002267574	111	0.00326530612245
XMTM2MTM5NDk5Mg==	1174	947	0.0373865611822	827	0.0873620377921
XMTM2MTMyNzg4NA==	14957	9555	0.130442817984	8343	0.195541703292
XMTM2MDkxNDMyOA==	719	868	0.0429452125015	758	0.00294219486576
XMTM2MDkyMDU4MA==	3776	3345	0.0130283845563	2921	0.051270583278
XMTM2MDk0Njg4OA==	13	18	0.147928994083	16	0.0532544378698
XMTM2MTE3ODE5Ng==	1126	1380	0.0508851023286	1205	0.00492240566112
XMTM2MTU3NDA4OA==	1072	1347	0.0658075643239	1177	0.00959376392292
XMTM2MTY5MDA5Mg==	27	37	0.137174211248	32	0.0342935528121
XMTM2MTIzNDAwOA==	134	112	0.0269547783471	98	0.0721764312765
XMTM2MTM0MzA0OA==	41	38	0.00535395597858	33	0.0380725758477
XMTM2MDk1MDI2OA==	165	188	0.0194306703398	164	3.67309458219e-05
XMTM2MTE3Nzc3Ng==	1076	488	0.298627713824	426	0.364923784912
XMTM2MTIxNDExNg==	75	98	0.0940444444444	85	0.0177777777778
XMTM2MTU5NzE2OA==	318	385	0.044391044658	336	0.00320398718405
XMTM2MTIyMTg2OA==	67583	39936	0.167348218239	34873	0.234253536428
XMTM2MDc1OTMzNg==	773	457	0.167114901536	399	0.234090730324
XMTM2MDgzOTA3Mg==	305	291	0.00210696049449	254	0.0279602257458
XMTM2MTQ5MjU1Mg==	2634	1801	0.100013462178	1573	0.162255425085
XMTM2MTIxNzQ1Mg==	4271	2197	0.235807905746	1919	0.303260252301
XMTM2MTU3OTcyNA==	117	58	0.254291767112	51	0.318211702827
XMTM2MTMzNTQwMA==	5163	5727	0.0119331186245	5001	0.000984522801865
XMTM2MTI4MDY4OA==	2426	17	0.986034264688	15	0.987672195078
XMTM2MTAwNTI2OA==	22	16	0.0743801652893	14	0.132231404959
XMTM2MTU0ODA3Ng==	14538	1736	0.775436637787	1516	0.802317108209
XMTM2MTM0ODAyOA==	9648	5054	0.226729166839	4414	0.294301751676
XMTM2MTM3NTA2NA==	1154	1179	0.000469319284292	1030	0.0115460053044
XMTM2MTQ4MzUxNg==	1511	1776	0.0307583347532	1551	0.000700795095836
XMTM2MTA0MTY1Ng==	1011	341	0.43918479319	298	0.497366750121
XMTM2MTMwNzQwMA==	73	34	0.285419403265	30	0.346969412648
XMTM2MDk4NTIwNA==	3862	2600	0.106781046036	2270	0.169926686103
XMTM2MDkzNTk2NA==	503	434	0.0188175124205	379	0.0607725416882
XMTM2MDg0MjI1Ng==	605	467	0.0520292329759	407	0.107107438017
XMTM2MTM5MDMyMA==	1665	797	0.271775920064	696	0.338703027352
XMTM2MTEwNjEwMA==	545	626	0.0220890497433	547	1.34668798923e-05
XMTM2MTE3ODUwOA==	630	369	0.171632653061	322	0.239012345679
XMTM2MDcyOTYxNg==	34773	910	0.948345395961	795	0.954797565347
XMTM2MTEzOTQzNg==	186	62	0.444444444444	54	0.503642039542
XMTM2MTE2OTU0MA==	114	71	0.142274546014	62	0.208064019698
XMTM2MTM5ODU1Ng==	954	1171	0.0517395584739	1022	0.00508067103534
XMTM2MTU3MjQ3Ng==	715	987	0.144719057167	862	0.0422690596117
XMTM2MDg0MTIzMg==	2799	1493	0.217711092399	1304	0.285283456897
XMTM2MTA5NzE4OA==	186	131	0.0874378540872	115	0.145710486761
XMTM2MTUzMzU4NA==	34857	23872	0.0993162034938	20846	0.161569080465
XMTM2MTYyMzg2MA==	9315	7917	0.0225241610721	6914	0.0664383138146
XMTM2MTQ1ODkyNA==	13	17	0.094674556213	15	0.0236686390533
XMTM2MTU3OTkwMA==	293	293	0.0	256	0.0159466039208
XMTM2MTcxNzM3Ng==	17935	13225	0.0689666374929	11548	0.12682096991
XMTM2MTA1OTMwMA==	197	167	0.0231904970497	146	0.0670205364735
XMTM2MTUyODA4NA==	75	81	0.0064	70	0.00444444444444
XMTM2MTM0OTQxMg==	167	180	0.0060597368138	157	0.00358564308509
XMTM2MTYzOTUyMA==	1701	1545	0.00841086320216	1349	0.0428229616289
XMTM2MTUxNjExNg==	240	236	0.000277777777778	206	0.0200694444444
XMTM2MDc5MTQwMA==	220	198	0.01	173	0.0456404958678
XMTM2MDk5NDgxMg==	48	20	0.340277777778	17	0.417100694444
XMTM2MDkwMDI4MA==	430	211	0.259388858843	184	0.327290427258
XMTM2MDk4NDIyOA==	2249	547	0.572717166327	478	0.620094974279
XMTM2MTEzMzYzNg==	87	52	0.161844365174	46	0.222090104373
XMTM2MDc5NDY0OA==	373	370	6.46881670967e-05	323	0.0179689353046
XMTM2MTA4Nzg2OA==	300	127	0.332544444444	111	0.3969
XMTM1OTY4NDg3Ng==	49	41	0.0266555601833	36	0.0703873386089
XMTM2MDk5NDc4MA==	133	54	0.352818135564	47	0.418112951552
XMTM2MTMzNzYyNA==	2094	1434	0.0993423699313	1252	0.161685408531
XMTM2MDgwMzA3Ng==	137	120	0.0153977303	105	0.0545580478449
XMTM2MTU1MTQ0NA==	284	379	0.111894961317	331	0.0273879190637
XMTM2MTIzNDgyOA==	136365	161665	0.0344219293357	141170	0.0012415978457
XMTM2MTMwMzAxNg==	24102	14745	0.150718684451	12875	0.216980787494
XMTM2MDg1NDQwOA==	16	17	0.00390625	15	0.00390625
XMTM2MTIzNDkxMg==	775	423	0.206291779396	369	0.274440790843
XMTM2MDc1NTQ2MA==	21	24	0.0204081632653	21	0.0
XMTM2MTYwOTY2NA==	68490	12962	0.657309229456	11319	0.696782516569
XMTM2MTAyMDM2OA==	28553	20953	0.0708473636248	18296	0.129043822871
XMTM2MTI5Nzg5Ng==	385	322	0.0267768595041	281	0.0729701467364
XMTM2MTQzNTgxMg==	223	242	0.00725934565344	211	0.00289569466508
XMTM2MTUxOTU1Ng==	670	698	0.00174649142348	610	0.00801960347516
XMTM2MDgwNTE1Mg==	12931	5419	0.33747914107	4732	0.402029155289
XMTI4MjEwNDA2MA==	267	96	0.410175482894	84	0.469763918697
XMTI4NjY1MTc3Mg==	27	27	0.0	23	0.0219478737997
XMTI4NzI2MDE4OA==	171098	998	0.988368193951	872	0.989832985442
XMTI4NzU5MDc0NA==	45196	10704	0.582420636886	9347	0.629149841176
XMTI4NzY2MjI2NA==	18	10	0.197530864198	9	0.25
XMTI4NzY2NDM3Mg==	50	42	0.0256	37	0.0676
XMTI4Nzc1MzI5Mg==	75	98	0.0940444444444	85	0.0177777777778
XMTI4Nzc3MzA4OA==	6522	3397	0.229582327491	2967	0.297110240705
XMTI4Nzc3NTg4NA==	9686	11762	0.0459373320829	10270	0.00363527077297
XMTI4NzcxOTkzNg==	583	513	0.0144164712597	448	0.0536204466752
XMTI4Nzg1NjA2MA==	72502	37253	0.236370692519	32530	0.303956743939
XMTI4Nzk0MTE5Mg==	521	274	0.224759708371	240	0.290895627411
XMTI4Nzk0NTg5Ng==	265	250	0.00320398718405	219	0.0301317194731
XMTI4Nzk2ODc5Mg==	1230	845	0.097974089497	738	0.16
XMTI4Nzk2OTI2MA==	401	325	0.0359201746258	284	0.0851300675991
XMTI4Nzk3NDU2NA==	369	188	0.240604872173	164	0.308641975309
XMTI4Nzk3OTk0NA==	59	61	0.00114909508762	53	0.0103418557886
XMTI4Nzk4MTU2OA==	47	54	0.0221819827976	47	0.0
XMTI4Nzk4MjgxMg==	203	202	2.42665437162e-05	177	0.0164041835521
XMTI4Nzk4NDA4MA==	1192	748	0.138743750282	653	0.204467844917
XMTI4Nzk4NTI2NA==	2987	2953	0.000129564907367	2579	0.0186573466609
XMTI4Nzk4ODI3Ng==	49	28	0.183673469388	25	0.239900041649
XMTI4Nzk5MTg5Ng==	1020	570	0.194636678201	498	0.261903114187
XMTI4Nzk5MjIzMg==	224	129	0.179866868622	112	0.25
XMTI4Nzk5NDEyNA==	546	427	0.0475016436555	373	0.100393806438
XMTI4Nzk5Njk4NA==	42493	45209	0.00408530743681	39478	0.00503430874299
XMTI4Nzk5NzAwOA==	38496	38347	1.49810179888e-05	33485	0.0169440644296
XMTI4Nzk5Nzg5Mg==	231	300	0.0892224658458	262	0.0180094076198
XMTI4Nzk5OTc4MA==	13457	2958	0.608694484612	2583	0.65295334719
XMTI4Nzk5OTkyMA==	157	137	0.0162278388576	120	0.05553977849
XMTI4NzkwMDIxMg==	1095	1260	0.0227059485832	1100	2.08502741811e-05
XMTI4NzkwNTE0MA==	52	27	0.231139053254	23	0.311020710059
XMTI4NzkyOTEzMg==	5524	3173	0.181133141093	2770	0.248553871435
XMTI4ODA0MzkzNg==	24	24	0.0	21	0.015625
XMTI4ODA0NTA2OA==	389	154	0.364952650326	135	0.42635192736
XMTI4ODA0OTA4MA==	8842	11831	0.114274889217	10331	0.0283588342554
XMTI4ODA1MTE3Mg==	2493	1523	0.15139060046	1330	0.217628050881
XMTI4ODA1MTE5Ng==	4410	2074	0.280587615243	1811	0.347324468714
XMTI4ODA1MjMwNA==	2910	3482	0.0386372385777	3041	0.00202654668698
XMTI4ODA1MzA3Ng==	1082	1422	0.0987423167203	1242	0.0218668106232
XMTI4ODA1MzkyOA==	96	98	0.000434027777778	85	0.0131293402778
XMTI4ODA1NDg4NA==	4708	2412	0.237832312757	2106	0.305451087792
XMTI4ODA1NjM5Mg==	668	807	0.0432988812794	705	0.00306796586468
XMTI4ODA1Njc4NA==	606	785	0.0872490714418	685	0.0169945212343
XMTI4ODA1ODQwNA==	37	27	0.073046018992	23	0.143170197224
XMTI4ODA1ODk0MA==	3721	1856	0.251210814858	1621	0.318507196493
XMTI4ODA1OTMyMA==	1707	2155	0.0688793413797	1881	0.0103903805585
XMTI4ODA2NDc1Mg==	10426	5281	0.243520382373	4611	0.311074202893
XMTI4ODA2OTAzMg==	104	28	0.534023668639	25	0.577015532544
XMTI4ODA2OTI2NA==	336	264	0.0459183673469	231	0.09765625
XMTI4ODA3MTUyOA==	7030	5580	0.0425427298977	4873	0.0941433482595
XMTI4ODA3MjQ5Ng==	2819	1766	0.139529677563	1542	0.205206750272
XMTI4ODA3Nzc1Mg==	14435	11370	0.0450845128401	9928	0.0974858403394
XMTI4ODA3NzkxNg==	336	144	0.326530612245	126	0.390625
XMTI4ODA3OTI2MA==	76	28	0.398891966759	25	0.450311634349
XMTI4ODA4MjUwMA==	32	24	0.0625	21	0.1181640625
XMTI4ODA4MzMzMg==	550	281	0.239209917355	246	0.305507438017
XMTI4ODA4NzI3Mg==	2711	1193	0.313533902414	1042	0.379012591433
XMTI4ODA4NzUyNA==	66	93	0.167355371901	81	0.051652892562
XMTI4ODA4ODMwMA==	13	17	0.094674556213	15	0.0236686390533
XMTI4ODA4ODQyNA==	35700	22834	0.129882506728	19940	0.19488391435
XMTI4ODA4ODkyMA==	692	602	0.016915032243	526	0.0575445220355
XMTI4ODA5MDA4OA==	81377	2409	0.941670417051	2104	0.948958536928
XMTI4ODA5MTI3Mg==	428	185	0.322348021661	162	0.386256441611
XMTI4ODA5MzM0NA==	12316	9676	0.0459481989962	8449	0.0985845784406
XMTI4ODA5NTI0MA==	86	57	0.113710113575	49	0.185100054083
XMTI4ODA5NjM0MA==	35	17	0.264489795918	15	0.326530612245
XMTI4ODA5NjQyNA==	18	14	0.0493827160494	12	0.111111111111
XMTI4ODA5ODQ0OA==	5	7	0.16	6	0.04
XMTI4ODA5OTQwMA==	9	13	0.197530864198	11	0.0493827160494
XMTI4ODAwMTc2MA==	148	123	0.0285336011687	107	0.0767439737034
XMTI4ODAwMjUxNg==	17	17	0.0	15	0.0138408304498
XMTI4ODAwNTUxNg==	162	105	0.123799725652	91	0.192081999695
XMTI4ODAwOTEyMA==	9	10	0.0123456790123	9	0.0
XMTI4ODAxMTU4OA==	96	116	0.0434027777778	101	0.00271267361111
XMTI4ODAxMjAyNA==	3	4	0.111111111111	4	0.111111111111
XMTI4ODAxMjQxMg==	128	122	0.002197265625	106	0.029541015625
XMTI4ODAxNDA0MA==	30	37	0.0544444444444	32	0.00444444444444
XMTI4ODAxNDU4MA==	544	68	0.765625	59	0.794850913711
XMTI4ODAxNTEyNA==	732	905	0.0558560273523	790	0.00627818089522
XMTI4ODAxNjE2MA==	444	133	0.490630833536	116	0.545734924113
XMTI4ODAxNjQ3Mg==	3825	3311	0.0180577384767	2891	0.0596253406809
XMTI4ODAxNzAwOA==	61	24	0.367911851653	21	0.429991937651
XMTI4ODAxNzQyOA==	1680	1445	0.019566680839	1262	0.0619061791383
XMTI4ODAyMTEwNA==	1976	696	0.419610221443	607	0.479990913226
XMTI4ODAyMTYyNA==	274	355	0.0873914433374	310	0.0172625073259
XMTI4ODAyMjk1Mg==	3097	527	0.688626665801	460	0.724999736744
XMTI4ODAyNTM5Mg==	1076	902	0.026150136123	788	0.071640800984
XMTI4ODAyNTU0OA==	391	216	0.200319202517	189	0.266900399657
XMTI4ODAyNTYwNA==	55	41	0.0647933884298	36	0.119338842975
XMTI4ODAyNjA5Ng==	3412	3100	0.00836163378958	2707	0.0426933456018
XMTI4ODAyNzQ0OA==	197	257	0.0927619881986	225	0.0202014996521
XMTI4ODAyNzY3Mg==	1365	792	0.176215432919	691	0.243811670625
XMTI4ODAzMDY0NA==	123	58	0.279264987772	51	0.342653182629
XMTI4ODAzMTc2MA==	628	550	0.015426589314	480	0.05553977849
XMTI4ODAzMTkzNg==	24721	26212	0.00363766932359	22889	0.00549185256314
XMTI4ODAzNDkwNA==	8	8	0.0	7	0.015625
XMTI4ODAzNjU0NA==	222	90	0.353542731921	79	0.414921678435
XMTI4ODAzOTQzNg==	16491	9939	0.157853346769	8679	0.224403944149
XMTI4ODE0MDczMg==	427	479	0.0148303341761	419	0.000351013826654
XMTI4ODE0MTk0OA==	254	174	0.0992001984004	152	0.161262322525
XMTI4ODE0MjQ3Mg==	8706	2204	0.557771865998	1925	0.606666708358
XMTI4ODE0MjU5Mg==	215	172	0.04	151	0.0886100594916
XMTI4ODE0NDk3Mg==	141	64	0.298224435391	56	0.363412303204
XMTI4ODE0NzMyNA==	53	44	0.0288358846565	38	0.0800996796013
XMTI4ODE0ODE4NA==	168	151	0.0102395124717	132	0.0459183673469
XMTI4ODE0OTU2NA==	159	74	0.285787745738	64	0.356987460939
XMTI4ODE0OTUzNg==	701	369	0.224305607844	322	0.29230913246
XMTI4ODE1MDI2OA==	17	23	0.124567474048	20	0.0311418685121
XMTI4ODE1MjA2MA==	62	64	0.00104058272633	56	0.00936524453694
XMTI4ODE1MjQ1Ng==	222	157	0.0857276195114	137	0.146599302005
XMTI4ODE1MjgxNg==	280	112	0.36	98	0.4225
XMTI4ODE1MzIyMA==	2745	2343	0.0214470423124	2046	0.0648439786198
XMTI4ODE1NDAyNA==	193	69	0.41278960509	60	0.474885231818
XMTI4ODE1NTkxNg==	504556	693501	0.140233591733	605581	0.0400902688047
XMTI4ODE1NjY0OA==	2951	2770	0.00376199947614	2419	0.0325001110996
XMTI4ODE1NzUwMA==	278	148	0.218673981678	130	0.283422183117
XMTI4ODE1OTY0NA==	16	17	0.00390625	15	0.00390625
XMTI4ODE1OTg0MA==	124	131	0.00318678459938	115	0.00526795005203
XMTI4ODE2MTIzMg==	57	45	0.0443213296399	40	0.0889504462912
XMTI4ODE2MjY2OA==	6941	7473	0.00587461183369	6526	0.00357480292504
XMTI4ODE2NTM4NA==	148	181	0.0497169466764	158	0.004565376187
XMTI4ODE2ODIwOA==	73667	92550	0.0657046366677	80816	0.0094176950998
XMTI4ODE3MDYyNA==	4798	2040	0.330421300664	1781	0.395394053136
XMTI4ODE3MTAwNA==	391	351	0.0104656562948	306	0.047258979206
XMTI4ODE3MzI4OA==	130	58	0.30674556213	51	0.369289940828
XMTI4ODE3MzgzNg==	143	102	0.0822045087779	89	0.142598660081
XMTI4ODE3NTEwOA==	6685	7425	0.0122535130112	6484	0.000904043424338
XMTI4ODE3NjEwNA==	880	631	0.0800632747934	551	0.139774018595
XMTI4ODE3Nzc1Mg==	94	51	0.209257582617	44	0.282933454052
XMTI4ODE3OTEyOA==	3	4	0.111111111111	4	0.111111111111
XMTI4ODE3OTM5Ng==	364	404	0.0120758362517	353	0.000913235116532
XMTI4ODE3OTczNg==	79	64	0.0360519147573	56	0.0847620573626
XMTI4ODE3OTg4NA==	1068	1128	0.00315616715061	985	0.00603967652794
XMTI4ODE4MDQyOA==	643	346	0.213349167612	302	0.281246296399
XMTI4ODE4MTIzNg==	697	294	0.334306280863	257	0.398510525742
XMTI4ODE4MTkwMA==	906	937	0.00117075761784	819	0.00922108679444
XMTI4ODE4Mjk4NA==	238	82	0.4296306758	72	0.486476943719
XMTI4ODE4MzAyOA==	66	75	0.0185950413223	65	0.000229568411387
XMTI4ODE4NDQ4NA==	198	242	0.0493827160494	211	0.00431078461381
XMTI4ODE4Njc0OA==	88	124	0.167355371901	109	0.0569473140496
XMTI4ODE4NzQ3Mg==	21541	11568	0.2143482374	10101	0.282046248446
XMTI4ODE4OTE5Ng==	11848	4509	0.383692830603	3937	0.445833479133
XMTI4ODE5MDEwNA==	433	271	0.139976211938	237	0.204897353978
XMTI4ODE5MzE4MA==	2418	2023	0.0266858842661	1767	0.0724852071006
XMTI4ODE5NDA3Mg==	50	31	0.1444	27	0.2116
XMTI4ODE5NDUwNA==	7730	3887	0.247162045692	3394	0.314644075852
XMTI4ODE5NDYyMA==	1634	749	0.293347530821	654	0.359706302276
XMTI4ODE5OTg4NA==	88693	74863	0.0243145183119	65372	0.0691378146509
XMTI4ODEwMTM3Ng==	64603	47547	0.0697026039364	41519	0.127678202317
XMTI4ODEwMTQ5Ng==	722	317	0.314655734686	277	0.379879298041
XMTI4ODEwMTg4MA==	14	18	0.0816326530612	16	0.0204081632653
XMTI4ODEwNDE0MA==	8843	7283	0.0311207422522	6359	0.0789048925896
XMTI4ODEwNDE5Ng==	3777	3304	0.0156829700045	2885	0.0557745068619
XMTI4ODEwNTEyNA==	2712	1934	0.0822962078297	1689	0.142289186702
XMTI4ODEwNTI0MA==	32735	34682	0.00353758767805	30285	0.00560154047262
XMTI4ODEwNTg2OA==	46638	44593	0.00192267902504	38940	0.0272443202925
XMTI4ODEwOTM0MA==	214	195	0.00788278452267	170	0.0422744344484
XMTI4ODEwOTU3Mg==	1901	2370	0.0608669376095	2069	0.00781005927
XMTI4ODExMTQwNA==	79475	35671	0.303785098992	31148	0.369758868621
XMTI4ODExMTkyOA==	108	98	0.00857338820302	85	0.045353223594
XMTI4ODExMjI3Ng==	58	72	0.0582639714625	63	0.00743162901308
XMTI4ODExMjk1Ng==	454	471	0.00140212307633	411	0.00897067670632
XMTI4ODExMzc0OA==	16	23	0.19140625	20	0.0625
XMTI4ODExNDQ3Mg==	126	109	0.0182035777274	95	0.0605316200554
XMTI4ODExNDkxNg==	1308	1436	0.00957644792339	1254	0.00170440198636
XMTI4ODExNTIwNA==	98317	108066	0.0098324762112	94366	0.00161494160396
XMTI4ODExNzU4MA==	350	314	0.0105795918367	274	0.0471510204082
XMTI4ODExODEwMA==	5549	4697	0.023574893523	4101	0.0680938161924
XMTI4ODEyMTI4NA==	359	180	0.248609182114	157	0.316602136855
XMTI4ODEyMzI4NA==	1411	1640	0.0263400707512	1432	0.000221505524328
XMTI4ODEyMzM2NA==	349	318	0.00788991880198	278	0.0413871807292
XMTI4ODEyNTc5Ng==	883	625	0.085372501087	546	0.145659359052
XMTI4ODEyODUyOA==	41	47	0.0214158239143	41	0.0
XMTI4ODEzMDMzMg==	774	372	0.269755423352	325	0.336519907324
XMTI4ODEzMDQzMg==	712	795	0.0135892721879	694	0.000639123847999
XMTI4ODEzMTE0OA==	342	468	0.135734072022	409	0.0383793303923
XMTI4ODEzMTQ1Ng==	225052	266138	0.0333289759574	232397	0.00106516735217
XMTI4ODEzMTYzNg==	3683	2119	0.180330862445	1851	0.24742723445
XMTI4ODEzMjc2NA==	88	122	0.149276859504	106	0.0418388429752
XMTI4ODEzMzg0MA==	806	940	0.0276400938372	821	0.000346347800922
XMTI4ODEzNjg0OA==	15874	13238	0.027575161198	11559	0.0738905413138
XMTI4ODEzNzEyNA==	34127	30534	0.0110845536436	26663	0.0478351385901
XMTI4ODEzOTU1Ng==	149	206	0.146344759245	180	0.0432863384532
XMTI4ODI0MDk4NA==	2876	616	0.617503061159	538	0.660862714982
XMTI4ODI0MTI0MA==	825	377	0.294881910009	330	0.36
XMTI4ODI0MjI4MA==	11750	5645	0.269957627886	4930	0.336893798099
XMTI4ODI0MjQxMg==	322	402	0.0617260136569	351	0.0081111839821
XMTI4ODI0MzEzNg==	6	7	0.0277777777778	6	0.0
XMTI4ODI0NTM2NA==	214	78	0.403878067954	68	0.465455498297
XMTI4ODI0NjA5Ng==	124	163	0.0989203954214	142	0.0210718002081
XMTI4ODI0ODkzNg==	5211	6044	0.0255533507662	5278	0.000165313171976
XMTI4ODI0OTUyMA==	69	96	0.153119092628	84	0.047258979206
XMTI4ODI1MDE5Mg==	60	83	0.146944444444	73	0.0469444444444
XMTI4ODI1MDUzMg==	5296	2760	0.229299203184	2410	0.296959142624
XMTI4ODI1NDI2NA==	237	205	0.0182306966476	179	0.0598906870338
XMTI4ODI2MDk2NA==	38454	30933	0.0382532319134	27011	0.0885516691765
XMTI4ODI2MTkxMg==	16284	4336	0.538354367192	3786	0.589059077933
XMTI4ODI2MzM1Mg==	137	187	0.133198358996	163	0.0360168362726
XMTI4ODI2NDI3Ng==	290	400	0.143876337693	349	0.0413912009512
XMTI4ODI2NDk2MA==	5	4	0.04	4	0.04
XMTI4ODI2NTc0OA==	6061	4314	0.0830801442552	3767	0.143251196839
XMTI4ODI2NjczNg==	185	170	0.00657414170928	148	0.04
XMTI4ODI2Nzc3Ng==	328	280	0.0214158239143	244	0.0655859607377
XMTI4ODI2ODg4NA==	111	82	0.0682574466358	72	0.123447772096
XMTI4ODI3MDQ4NA==	98	119	0.0459183673469	104	0.00374843815077
XMTI4ODI3Mjk3Mg==	426973	253758	0.164577389941	221588	0.231385755141
XMTI4ODI3NTE4OA==	1403	1216	0.0177651087757	1062	0.0590735970014
XMTI4ODI3Nzc2NA==	260	349	0.117174556213	305	0.0299556213018
XMTI4ODI3OTc4MA==	5642	4714	0.0270538942938	4116	0.073154812849
XMTI4ODI4MDkwOA==	8908	6897	0.0509640255153	6022	0.104962033693
XMTI4ODI4MjA0OA==	25	31	0.0576	27	0.0064
XMTI4ODI4MjI3Mg==	32058	10403	0.456292706547	9084	0.513570872333
XMTI4ODI4MjcyOA==	468	122	0.546588501717	106	0.598308861129
XMTI4ODI4NDYzMg==	4782	2608	0.20668070579	2278	0.274188670361
XMTI4ODI4NjA1Mg==	3713	1267	0.433973296377	1106	0.49298325034
XMTI4ODI4ODQ1Ng==	5681	3839	0.105130728334	3352	0.168069689802
XMTI4ODI4ODgxNg==	27271	2795	0.805524515385	2441	0.828993857008
XMTI4ODI4ODgyOA==	210	250	0.0362811791383	219	0.00183673469388
XMTI4ODI4OTIxNg==	1325	844	0.131782698469	737	0.19693499466
XMTI4ODI5MzAxMg==	3696	649	0.679643211451	567	0.716716167355
XMTI4ODI5Mzc2OA==	2940	1018	0.427377944375	889	0.486672335601
XMTI4ODI5NDQwOA==	131	54	0.345492686906	47	0.411164850533
XMTI4ODI5NTIxNg==	93	35	0.38894669904	31	0.444444444444
XMTI4ODI5NTM4NA==	1516	1210	0.040742197562	1057	0.0916699445144
XMTI4ODI5NjM2MA==	16147	10023	0.143842318151	8752	0.209745506817
XMTI4ODI5Nzg0OA==	16249	14436	0.0124492254197	12606	0.0502649280375
XMTI4ODI5OTA1Mg==	25262	13590	0.213478968735	11867	0.28115769505
XMTI4ODI5OTM2MA==	4869	4240	0.0166886705667	3702	0.0574463133734
XMTI4ODIwMDIyNA==	739	621	0.0254961812492	542	0.0710630061836
XMTI4ODIwMDk1Mg==	432	303	0.089168595679	264	0.151234567901
XMTI4ODIwNjQwNA==	719	455	0.134818680713	398	0.199320645078
XMTI4ODIwNzYyNA==	14724	13642	0.00540011369942	11912	0.0364736322655
XMTI4ODIwODQ0OA==	24554	26564	0.00670112334387	23196	0.0030588278583
XMTI4ODIwOTExMg==	1469	550	0.391369908909	480	0.453261666916
XMTI4ODIxMTA2MA==	180	250	0.151234567901	219	0.0469444444444
XMTI4ODIxMzI1Mg==	221	123	0.196638070474	107	0.266087917938
XMTI4ODIxNDUwMA==	4	4	0.0	4	0.0
XMTI4ODIxNDY3Mg==	10	14	0.16	12	0.04
XMTI4ODIxNjYyNA==	82190	105909	0.0832826986325	92482	0.0156805609241
XMTI4ODIxODI4MA==	15	14	0.00444444444444	12	0.04
XMTI4ODIyMDE2MA==	215	143	0.112147106544	125	0.175229853975
XMTI4ODIyMjEyOA==	82	49	0.161957168352	43	0.226204640095
XMTI4ODIyMzQ3Mg==	317	379	0.0382529431082	331	0.00195046223965
XMTI4ODIyNDI4MA==	251	78	0.475055951493	68	0.531562991064
XMTI4ODIyNTAwMA==	504	202	0.359048248929	177	0.420953798186
XMTI4ODIyNTQ1Ng==	22	20	0.00826446280992	17	0.051652892562
XMTI4ODIyNTYwNA==	4521	5218	0.0237682136219	4557	6.34068221337e-05
XMTI4ODIyNjA1Ng==	2236	2507	0.0146890930969	2189	0.000441826863073
XMTI4ODIyNjcyOA==	399	505	0.0705774461216	441	0.01108033241
XMTI4ODIyNjgwNA==	1314	840	0.130126561164	733	0.195506650079
XMTI4ODIyNzcwMA==	20	4	0.64	4	0.64
XMTI4ODIyODk2NA==	32	34	0.00390625	30	0.00390625
XMTI4ODIzMDUxNg==	21	6	0.510204081633	5	0.580498866213
XMTI4ODIzMDk2NA==	8	10	0.0625	9	0.015625
XMTI4ODIzMjQ2NA==	135	100	0.0672153635117	88	0.121207133059
XMTI4ODIzNzcwNA==	86	55	0.129935100054	48	0.195240670633
XMTI4ODM0MjU4MA==	25280	27606	0.00846574692557	24106	0.00215666184305
XMTI4ODM0NDQ2NA==	1067	756	0.0849555858686	660	0.145498990328
XMTI4ODM0NTUwMA==	125	167	0.112896	146	0.028224
XMTI4ODM0NjM2OA==	107	65	0.154074591667	57	0.218359682068
XMTI4ODM0NzI5Ng==	76	92	0.0443213296399	80	0.00277008310249
XMTI4ODM0NzM3Ng==	339	232	0.099624959755	202	0.163320890003
XMTI4ODM1MjI5Mg==	4362	8	0.996335321451	7	0.996793038372
XMTI4ODM1MzU4NA==	34	33	0.000865051903114	28	0.0311418685121
XMTI4ODM1NTI0MA==	1280	625	0.261856079102	546	0.328830566406
XMTI4ODM1ODAwNA==	50231	31094	0.145145663621	27152	0.211101017177
XMTI4ODM2NDU0OA==	766	636	0.0288024323569	556	0.075159009878
XMTI4ODM2NDg4NA==	2346	2138	0.00786087072807	1867	0.0416883792696
XMTI4ODM2ODYyOA==	17309	15439	0.0116718381642	13482	0.048884701608
XMTI4ODM2ODc5Mg==	102	119	0.0277777777778	104	0.000384467512495
XMTI4ODM2ODgxNg==	845	270	0.463044011064	236	0.519422989391
XMTI4ODM2ODk5Mg==	46	59	0.0798676748582	52	0.0170132325142
XMTI4ODM2OTE4OA==	121	122	6.83013455365e-05	106	0.0153678027457
XMTI4ODM2OTM1Ng==	46	49	0.00425330812854	43	0.00425330812854
XMTI4ODM3MTI4NA==	827	795	0.00149723143777	694	0.0258637958034
XMTI4ODM3MTczMg==	23	17	0.0680529300567	15	0.120982986767
XMTI4ODM3NTY3Mg==	9	11	0.0493827160494	10	0.0123456790123
XMTI4ODM3NjY4NA==	5044	5418	0.00549785205025	4731	0.0038506896645
XMTI4ODM3NzU0MA==	54	44	0.0342935528121	38	0.0877914951989
XMTI4ODM3OTM4OA==	14	14	0.0	12	0.0204081632653
XMTI4ODM3OTU1Mg==	26845	28493	0.00376866555349	24880	0.00535794551345
XMTI4ODM4MDg0OA==	68	42	0.146193771626	37	0.207828719723
XMTI4ODM4MTA3Ng==	187	83	0.309302525094	73	0.371643455632
XMTI4ODM4MzIyNA==	95	59	0.143601108033	52	0.20487534626
XMTI4ODM4MzcxNg==	620	573	0.00574661810614	500	0.0374609781478
XMTI4ODM4Mzg0NA==	66	76	0.0229568411387	67	0.000229568411387
XMTI4ODM4NDA4MA==	19861	7407	0.393201802424	6468	0.454729903568
XMTI4ODM4NTAyOA==	1121	662	0.167654087365	578	0.234632643691
XMTI4ODM4NzI5Mg==	12	7	0.173611111111	6	0.25
XMTI4ODM4Nzg2MA==	559	575	0.000819249810388	502	0.0103974321639
XMTI4ODM4ODEyMA==	25	16	0.1296	14	0.1936
XMTI4ODM5MDIxNg==	725	558	0.0530587395957	488	0.106861355529
XMTI4ODM5MTAzNg==	1	0	1.0	0	1.0
XMTI4ODM5MTI1Ng==	201	274	0.131902675676	240	0.0376475829806
XMTI4ODM5MTY3Mg==	626	508	0.0355316477661	443	0.0854581551307
XMTI4ODM5MTc0MA==	1600	1021	0.130953515625	891	0.196359765625
XMTI4ODM5MjAwNA==	267	351	0.0989774018432	306	0.0213356899381
XMTI4ODM5MjI0MA==	1664	2237	0.118577584712	1953	0.0301640076045
XMTI4ODM5MjU2MA==	1116	1468	0.099484847317	1281	0.0218594635218
XMTI4ODM5MzM1Ng==	1506	1892	0.0656938426021	1652	0.00939843988367
XMTI4ODM5NDMwNA==	66	51	0.051652892562	44	0.111111111111
XMTI4ODM5ODU3Mg==	257	194	0.0600917500643	169	0.117246286848
XMTI4ODMwMDkxNg==	17617	12839	0.0735577407984	11211	0.132223899167
XMTI4ODMwMTc1Mg==	4	4	0.0	4	0.0
XMTI4ODMwMzk0OA==	30	25	0.0277777777778	22	0.0711111111111
XMTI4ODMwNDU2OA==	590	76	0.758965814421	67	0.785777075553
XMTI4ODMwNjM5Ng==	173	140	0.0363861138027	122	0.0869056767684
XMTI4ODMwOTE2NA==	24136	10687	0.310491269353	9332	0.376207594595
XMTI4ODMwOTk1Ng==	57	51	0.01108033241	44	0.0520160049246
XMTI4ODMxMDEzNg==	568	762	0.116655921444	665	0.029163980361
XMTI4ODMxMDM1Ng==	32	27	0.0244140625	23	0.0791015625
XMTI4ODMxMDkwMA==	1407	1755	0.0611744809307	1532	0.00789281332196
XMTI4ODMxMTUwMA==	573	734	0.0789482500784	641	0.0140834346037
XMTI4ODMxNTEwNA==	340	300	0.0138408304498	262	0.0526297577855
XMTI4ODMxNTk0MA==	2218	1155	0.229690718045	1009	0.297118379746
XMTI4ODMxNjA4MA==	229	257	0.0149501344368	225	0.000305104784424
XMTI4ODMxNjI1Mg==	77	45	0.172710406477	40	0.230898971159
XMTI4ODMxNjMyOA==	11116	9039	0.034912095497	7893	0.0840666100079
XMTI4ODMxNjg1Ng==	1505	341	0.598181477026	298	0.643193342237
XMTI4ODMxNzM0OA==	119	79	0.112986371019	69	0.176541204717
XMTI4ODMxODI2OA==	385232	185730	0.268194456475	162184	0.335237008069
XMTI4ODMxODc2NA==	1471	1538	0.00207455168841	1343	0.00757172084271
XMTI4ODMxOTE2NA==	12376	1388	0.78827308856	1212	0.813727614262
XMTI4ODMxOTg3Ng==	333	136	0.349980611242	119	0.412989566143
XMTI4ODMyMTQ0MA==	199	222	0.0133582485291	194	0.000631297189465
XMTI4ODMyMjQyNA==	1253	970	0.0510118094864	847	0.104990480946
XMTI4ODMyMjgwMA==	29541	25939	0.0148674686597	22651	0.0543986420463
XMTI4ODMyMzQ4MA==	59	34	0.17954610744	30	0.241597242172
XMTI4ODMyMzUwNA==	13948	7726	0.198992237874	6747	0.266539601719
XMTI4ODMyNDY0OA==	58	58	0.0	51	0.0145659928656
XMTI4ODMyNTA0OA==	1208	1411	0.028239578308	1232	0.000394719529845
XMTI4ODMyNTUwOA==	15611	6706	0.325391647002	5856	0.390474879905
XMTI4ODMyNjM1Ng==	194	271	0.157535338506	237	0.0491284939951
XMTI4ODMyNzc5Mg==	5206	1254	0.576269380361	1095	0.623572028728
XMTI4ODMyOTIyMA==	239	300	0.0651424169745	262	0.0092610423487
XMTI4ODMyOTg1Mg==	5459	6843	0.0642755781319	5975	0.00893456092497
XMTI4ODMzMDQ3Mg==	21113	12516	0.165803600826	10930	0.232622432157
XMTI4ODMzMDUyMA==	180069	76647	0.329873902646	66930	0.394772385661
XMTI4ODMzMjI2MA==	127	64	0.246078492157	56	0.312542625085
XMTI4ODMzMjU5Mg==	229	197	0.0195267062032	172	0.0619553402872
XMTI4ODMzMzMyOA==	1520	1453	0.00194295360111	1269	0.0272684383657
XMTI4ODMzNDU1Mg==	1459	81	0.892047234884	70	0.906345760591
XMTI4ODMzNDYzNg==	11651	9757	0.0264261286432	8520	0.0722170478039
XMTI4ODMzNzkxMg==	4784	2196	0.292648432344	1917	0.359147662288
XMTI4ODMzOTkzMg==	1105	1353	0.0503707950288	1181	0.00473045187445
XMTI4ODQ0MDA5Mg==	2460	734	0.492279066693	641	0.546758047459
XMTI4ODQ0MDM3Mg==	2514	3313	0.101009683877	2893	0.0227273014951
XMTI4ODQ0MjQ4OA==	507	557	0.00972577212905	486	0.00171562620356
XMTI4ODQ0Mjc2OA==	666	611	0.00681988294601	533	0.0398799700602
XMTI4ODQ0Mzc5Mg==	4661	2379	0.239702781888	2078	0.307107629989
XMTI4ODQ0NDExNg==	1114	1070	0.00156003726039	935	0.0258187778204
XMTI4ODQ0NDY2MA==	936	872	0.00467528672657	762	0.0345578566732
XMTI4ODQ0NDg4NA==	29	33	0.0190249702735	28	0.00118906064209
XMTI4ODQ0NjUyNA==	117	38	0.455913507196	33	0.515450361604
XMTI4ODQ0ODcxMg==	215	45	0.625202812331	40	0.662520281233
XMTI4ODQ1MjE2OA==	88	105	0.037319214876	91	0.00116219008264
XMTI4ODQ1MjUzMg==	695	591	0.0223922157238	516	0.0663340406811
XMTI4ODQ1MzU3Mg==	2106	1510	0.0800895375128	1319	0.139647360366
XMTI4ODQ1NDc2MA==	136	131	0.00135164359862	115	0.0238429930796
XMTI4ODQ2MTg0MA==	18	17	0.00308641975309	15	0.0277777777778
XMTI4ODQ2Mjk5Ng==	155	198	0.0769614984391	173	0.0134859521332
XMTI4ODQ2NDU1Mg==	805	424	0.224005246711	370	0.292002623356
XMTI4ODQ2NTI5Ng==	140	110	0.0459183673469	96	0.0987755102041
XMTI4ODQ2NzE0OA==	82	92	0.0148720999405	80	0.00059488399762
XMTI4ODQ2Nzc5Ng==	919	1018	0.0116048455943	889	0.00106564238699
XMTI4ODQ2ODI3Mg==	254	271	0.00447950895902	237	0.00447950895902
XMTI4ODQ2ODQwMA==	157	102	0.12272303136	89	0.187593817193
XMTI4ODQ2ODc4NA==	2738	711	0.548075778975	621	0.597826040559
XMTI4ODQ3MjAzNg==	1602	710	0.310030688855	620	0.375749102635
XMTI4ODQ3MzQyNA==	23847	15683	0.117202935336	13695	0.181232347029
XMTI4ODQ3MzYwNA==	665	498	0.0630651817514	435	0.119622364181
XMTI4ODQ3Mzc5Ng==	110040	4784	0.91493988439	4178	0.925505546643
XMTI4ODQ3NDc5Ng==	117	30	0.552925706772	26	0.604938271605
XMTI4ODQ3NjAyMA==	840	814	0.000958049886621	711	0.0235841836735
XMTI4ODQ3NzI0OA==	435	444	0.000428061831153	388	0.0116739331484
XMTI4ODQ3ODQwMA==	50	47	0.0036	41	0.0324
XMTI4ODQ4MDE3Ng==	12035	13134	0.00833879304735	11469	0.00221177361625
XMTI4ODQ4MDU3Ng==	161	82	0.24077003202	72	0.30558234636
XMTI4ODQ4MTIyNA==	34546	16881	0.261475947959	14741	0.328665528382
XMTI4ODQ4MjA5Ng==	132	75	0.186466942149	65	0.257633149679
XMTI4ODQ4Mjk2OA==	1230	745	0.1554795426	651	0.221588340274
XMTI4ODQ4NTE5Ng==	671	465	0.0942517451765	406	0.155972023872
XMTI4ODQ4NTMxNg==	12	16	0.111111111111	14	0.0277777777778
XMTI4ODQ4NTQyNA==	5094	4465	0.0152469652203	3899	0.0550323336276
XMTI4ODQ4NTc0NA==	2013	2085	0.00127931485582	1821	0.00909735008584
XMTI4ODQ4NzcyOA==	679	611	0.010029476771	533	0.0462344997516
XMTI4ODQ4OTEwNA==	960	640	0.111111111111	559	0.174480251736
XMTI4ODQ5MzY4OA==	109	86	0.0445248716438	75	0.0972982072216
XMTI4ODQ5Mzc2OA==	8651	6506	0.0614783168651	5682	0.11778439924
XMTI4ODQ5NDE1Ng==	4853	1253	0.550280874653	1094	0.599962448425
XMTI4ODQ5NjI4MA==	12358	3632	0.498579061243	3172	0.552530810535
XMTI4ODQ5NzU3Mg==	2018	2173	0.00589957969945	1898	0.00353606441924
XMTI4ODQ5NzgyOA==	1114	599	0.213719464043	523	0.281452156171
XMTI4ODQ5OTY2MA==	613	803	0.0960696598176	701	0.0206084056961
XMTI4ODQwNzA1Mg==	2669	1619	0.154768099831	1414	0.221100794954
XMTI4ODQwOTcwOA==	620	556	0.0106555671176	485	0.0474115504683
XMTI4ODQxMDc1Ng==	1043	778	0.064553996005	679	0.121796315481
XMTI4ODQxMTMyMA==	104	96	0.00591715976331	84	0.0369822485207
XMTI4ODQxMTQ2MA==	27	6	0.604938271605	5	0.663923182442
XMTI4ODQxMTg4OA==	221	103	0.285088347904	90	0.351364632174
XMTI4ODQxMTk3Mg==	5321	3761	0.0859533244769	3284	0.146553279106
XMTI4ODQxMjQ1Mg==	134	71	0.221040320784	62	0.288705725106
XMTI4ODQxMjc2NA==	477	414	0.0174439302243	362	0.0581244588602
XMTI4ODQxMzYwNA==	5	7	0.16	6	0.04
XMTI4ODQxNDc0NA==	87	122	0.161844365174	106	0.0476945435328
XMTI4ODQxNTc3Mg==	4052346	4169217	0.000831764692666	3640656	0.0103211382919
XMTI4ODQxNzI5Ng==	2063	184	0.829573946615	160	0.850901169628
XMTI4ODQxNzU4MA==	26002	27342	0.00265580441674	23875	0.00669146902434
XMTI4ODQxNzkyMA==	8	11	0.140625	10	0.0625
XMTI4ODQxODI5Ng==	1061	768	0.0762613471722	670	0.135807184906
XMTI4ODQxODM2MA==	17	8	0.280276816609	7	0.346020761246
XMTI4ODQyMDA4OA==	274	157	0.18233523363	137	0.25
XMTI4ODQyMTA4NA==	1767	386	0.610821419798	337	0.654936170226
XMTI4ODQyNTgxMg==	151	140	0.00530678479014	122	0.0368843471778
XMTI4ODQyNjQwMA==	3	4	0.111111111111	4	0.111111111111
XMTI4ODQyODE0NA==	83	27	0.455218464218	23	0.522572216577
XMTI4ODQyODkyOA==	44622	55651	0.0610905745584	48595	0.00792755139667
XMTI4ODQyOTU3Ng==	2573	1230	0.272440991981	1074	0.339409265008
XMTI4ODQyOTY2MA==	46	47	0.00047258979206	41	0.0118147448015
XMTI4ODQyOTgwMA==	1165	311	0.537358212529	272	0.587558437252
XMTI4ODQzMjE0MA==	20640	9603	0.285945126589	8385	0.3525390625
XMTI4ODQzMzMwMA==	25	17	0.1024	15	0.16
XMTI4ODQzMzc5Mg==	772	778	6.04043061559e-05	679	0.0145121345539
XMTI4ODQzNTUyNA==	21075	24470	0.0259504199682	21368	0.000193285855605
XMTI4ODQzNTgyNA==	122	165	0.124227358237	144	0.0325181402849
XMTI4ODQzNjMwNA==	4937	6193	0.0647221632226	5407	0.009062947442
XMTI4ODQzNjQ2NA==	73	44	0.157815725277	38	0.229874272847
XMTI4ODQzNjYyMA==	4441	1561	0.420555608597	1363	0.480369787148
XMTI4ODQzNzI1Ng==	29	41	0.171224732461	36	0.0582639714625
XMTI4ODQzODI2MA==	1249	1384	0.0116826848188	1209	0.00102564036818
XMTI4ODQzODY5Ng==	92	93	0.000118147448015	81	0.0142958412098
XMTI4ODU0MjIyNA==	120	151	0.0667361111111	132	0.01
XMTI4ODU0NDE5Ng==	67162	81714	0.0469459499375	71355	0.00389764682399
XMTI4ODU0NjE4OA==	256	117	0.294815063477	102	0.361877441406
XMTI4ODU0NjI3Ng==	146	90	0.147119534622	79	0.210592981798
XMTI4ODU0Njk1Mg==	2864045	3537315	0.0552610142948	3088865	0.00616183709354
XMTI4ODU0NzM1Ng==	342	153	0.30540166205	133	0.373456790123
XMTI4ODU0ODg0NA==	12000	7926	0.11526025	6921	0.1791405625
XMTI4ODU0OTM2OA==	18357	9605	0.227306158365	8388	0.29491697875
XMTI4ODU0OTk5Mg==	697	869	0.0608963605038	759	0.00791257469499
XMTI4ODU1MDc0MA==	452	609	0.120648641241	532	0.031325867335
XMTI4ODU1MTU5Ng==	7494	9758	0.0912694571635	8521	0.0187807749981
XMTI4ODU1MjExNg==	5	7	0.16	6	0.04
XMTI4ODU1MzQyMA==	14	11	0.0459183673469	10	0.0816326530612
XMTI4ODU1NDEzMg==	22	23	0.00206611570248	20	0.00826446280992
XMTI4ODU1NDkwNA==	701	288	0.347107555744	252	0.410257610383
XMTI4ODU1NjE3Ng==	5217	4085	0.0470815964191	3567	0.100029066297
XMTI4ODU1NzE4OA==	92	99	0.00578922495274	86	0.00425330812854
XMTI4ODU1NzIwMA==	837	566	0.104830502063	494	0.16793349406
XMTI4ODU1NzQ0MA==	39503	52199	0.103293660934	45582	0.0236812230969
XMTI4ODU1ODU5Ng==	592925	738536	0.0603099327747	644907	0.00768610734003
XMTI4ODU2MDg0MA==	175	239	0.133746938776	209	0.0377469387755
XMTI4ODU2MTc2NA==	24	27	0.015625	23	0.00173611111111
XMTI4ODU2NTIyOA==	6542	6926	0.00344541364357	6048	0.00570207359431
XMTI4ODU2NTg0OA==	75	45	0.16	40	0.217777777778
XMTI4ODU2OTg2NA==	489	493	6.6911730881e-05	431	0.0140681914177
XMTI4ODU3MDcyOA==	402	544	0.124774139254	475	0.0329756689191
XMTI4ODU3MTE0OA==	3013	1579	0.226516602632	1379	0.294107324946
XMTI4ODU3MTg2OA==	731	1005	0.140496780267	878	0.0404389541901
XMTI4ODU3MjU3Mg==	134	153	0.0201047003787	133	5.56916907997e-05
XMTI4ODU3MzQwNA==	26	16	0.147928994083	14	0.213017751479
XMTI4ODU3MzY5Ng==	367	134	0.403069292964	117	0.464031955097
XMTI4ODU3Mzc2MA==	637	519	0.0343150906057	453	0.0834366351298
XMTI4ODU3NDAyOA==	77	37	0.26986001012	32	0.341541575308
XMTI4ODU3NTg0NA==	442	482	0.00818984050286	421	0.0022573247886
XMTI4ODU3Njg3Ng==	25	24	0.0016	21	0.0256
XMTI4ODU3NzAwOA==	40	34	0.0225	30	0.0625
XMTI4ODU3ODczMg==	3807	2603	0.100020085213	2273	0.162362214297
XMTI4ODU3ODk4OA==	10	10	0.0	9	0.01
XMTI4ODU4MTIxNg==	430	266	0.145462412115	232	0.21202812331
XMTI4ODU4MTM4MA==	105	78	0.0661224489796	68	0.124172335601
XMTI4ODU4MzE4MA==	129	78	0.156300703083	68	0.2236043507
XMTI4ODU4NDY0NA==	99	92	0.00499948984797	80	0.0368329762269
XMTI4ODU4NTI4MA==	43	24	0.195240670633	21	0.261763115197
XMTI4ODU4NTYyOA==	14620	9922	0.103259800023	8664	0.165964282573
XMTI4ODU4NzQyNA==	87238	86981	8.67870338735e-06	75953	0.0167336902571
XMTI4ODU4ODIxNg==	162	168	0.00137174211248	147	0.00857338820302
XMTI4ODU5MTk2MA==	30	38	0.0711111111111	33	0.01
XMTI4ODUwMTc5Mg==	58	35	0.157253269917	31	0.216706302021
XMTI4ODUwMzA5Mg==	143	78	0.206611570248	68	0.275074575774
XMTI4ODUwMzQwOA==	24	17	0.0850694444444	15	0.140625
XMTI4ODUxMTQzNg==	4200877	5057572	0.0415884306909	4416388	0.00263183678467
XMTI4ODUxMjIwOA==	198	105	0.220615243343	91	0.292036526885
XMTI4ODUxNzYyMA==	682	403	0.167355371901	352	0.234131113424
XMTI4ODUxODE4OA==	382	96	0.560538362435	84	0.60856336175
XMTI4ODUxODg1Mg==	225	211	0.00387160493827	184	0.0332049382716
XMTI4ODUxOTQxNg==	658	66	0.809452979924	58	0.831477905784
XMTI4ODUxOTYyMA==	68191	20295	0.493337776054	17722	0.547766263297
XMTI4ODUyMDIxMg==	55	72	0.0955371900826	63	0.0211570247934
XMTI4ODUyMTI3Mg==	2436	550	0.599416659252	480	0.644737799995
XMTI4ODUyMjAwNA==	650	577	0.0126130177515	504	0.0504520710059
XMTI4ODUyNjExMg==	40125	45357	0.0170022101494	39606	0.00016730334527
XMTI4ODUyNjEzMg==	25435	17957	0.0864385429713	15680	0.147092680924
XMTI4ODUyODM1Ng==	429	273	0.132231404959	238	0.198222135285
XMTI4ODUyODU4MA==	283	284	1.24861092035e-05	248	0.0152954837743
XMTI4ODUyOTQyMA==	9338	11062	0.0340852735521	9659	0.00118168664039
XMTI4ODUzMzc3Mg==	52	52	0.0	46	0.0133136094675
XMTI4ODUzNDE0OA==	3510	2258	0.12723143481	1972	0.191998766244
XMTI4ODUzNTQwMA==	391	172	0.313714588471	151	0.376763626612
XMTI4ODUzNTQzNg==	126	76	0.157470395566	67	0.219261778786
XMTI4ODUzNTYxNg==	501	433	0.0184222373616	378	0.0602746602603
XMTI4ODUzNjYwOA==	851	580	0.101409691508	506	0.164353542732
XMTI4ODUzNzk0NA==	12	14	0.0277777777778	12	0.0
XMTI4ODY0MDI2NA==	25	24	0.0016	21	0.0256
XMTI4ODY0MTgzNg==	480	402	0.02640625	351	0.0722265625
XMTI4ODY0MjIxMg==	11	13	0.0330578512397	11	0.0
XMTI4ODY0MjQ1Mg==	187	209	0.0138408304498	183	0.000457548114044
XMTI4ODY0MjY1Ng==	17	17	0.0	15	0.0138408304498
XMTI4ODY0NDI5Mg==	15	20	0.111111111111	17	0.0177777777778
XMTI4ODY0NTE0NA==	468	416	0.0123456790123	363	0.0503369493754
XMTI4ODY0NTM5Mg==	26	34	0.094674556213	30	0.0236686390533
XMTI4ODY0NTk1Ng==	45	27	0.16	23	0.239012345679
XMTI4ODY0NjYyMA==	138	38	0.525099768956	33	0.578922495274
XMTI4ODY0NzI3Mg==	9	11	0.0493827160494	10	0.0123456790123
XMTI4ODY0ODAwOA==	380	440	0.0249307479224	384	0.0001108033241
XMTI4ODY0OTE3Ng==	1048010	1264062	0.0424996867045	1103808	0.00283469548367
XMTI4ODY0OTk4MA==	35	34	0.000816326530612	30	0.0204081632653
XMTI4ODY1MDMzMg==	440	482	0.00911157024793	421	0.00186466942149
XMTI4ODY1MzUxMg==	127	72	0.187550375101	63	0.253952507905
XMTI4ODY1MzYwNA==	6128	7447	0.0463289095041	6503	0.00374476890735
XMTI4ODY1NTg3Mg==	7	7	0.0	6	0.0204081632653
XMTI4ODY2MDIxNg==	2128	2013	0.00292046787552	1758	0.0302315351348
XMTI4ODY2MTIwNA==	17	4	0.584775086505	4	0.584775086505
XMTI4ODY2NTIyMA==	1000	1147	0.021609	1001	1e-06
XMTI4ODY2Nzk4OA==	215	90	0.33802055165	79	0.400129799892
XMTI4ODY2OTU4NA==	382	491	0.0814190948713	428	0.014500698994
XMTI4ODY3MDQyOA==	901	833	0.00569597721609	727	0.0372948542808
XMTI4ODY3MzQ0NA==	2764	3315	0.0397399320601	2895	0.0022462935698
XMTI4ODY3MzY4OA==	698	588	0.0248355924828	514	0.0694903982726
XMTI4ODY3NDcyNA==	159	137	0.0191448123096	120	0.060163759345
XMTI4ODY3NjU1Mg==	24	31	0.0850694444444	27	0.015625
XMTI4ODY3OTE2MA==	6	7	0.0277777777778	6	0.0
XMTI4ODY3OTUxNg==	6010	1342	0.603271419514	1172	0.648011605726
XMTI4ODY4MTEyMA==	10038	3556	0.416988109063	3105	0.477032554238
XMTI4ODY4NTE1Mg==	39	30	0.0532544378698	26	0.111111111111
XMTI4ODY4NTczMg==	11	13	0.0330578512397	11	0.0
XMTI4ODY4Njk4OA==	41	49	0.0380725758477	43	0.00237953599048
XMTI4ODY4NzA5Ng==	227	229	7.76261910769e-05	200	0.0141473733238
XMTI4ODY4NzU2MA==	179	31	0.683624106613	27	0.72107612122
XMTI4ODY4NzcyNA==	1889	2109	0.0135638021355	1842	0.000619058655317
XMTI4ODY4ODgyNA==	4402	4937	0.0147709180144	4311	0.000427349015905
XMTI4ODY4OTY1Ng==	29	28	0.00118906064209	25	0.0190249702735
XMTI4ODY5MDkwNA==	16	17	0.00390625	15	0.00390625
XMTI4ODY5MTY0OA==	203988	76913	0.38807082766	67162	0.449912461136
XMTI4ODY5MTk0NA==	99	107	0.00652994592389	94	0.00255076012652
XMTI4ODY5NDE5Ng==	145	172	0.0346730083234	151	0.00171224732461
XMTI4ODYwMTMwNA==	20186	19375	0.00161413989107	16919	0.0261937531929
XMTI4ODYwNzU3Ng==	94	66	0.0887279311906	58	0.14667270258
XMTI4ODYwODI2NA==	41	27	0.116597263534	23	0.192742415229
XMTI4ODYxMTk5Mg==	1244	1207	0.000884632086103	1054	0.0233274056306
XMTI4ODYxNzYyMA==	70	71	0.000204081632653	62	0.0130612244898
XMTI4ODYxNzg0NA==	21810	14777	0.103984810252	12904	0.166745472392
XMTI4ODYxOTUyOA==	56	48	0.0204081632653	42	0.0625
XMTI4ODYyMzQwOA==	975	959	0.00026929651545	837	0.0200331360947
XMTI4ODYyNDkwOA==	53182	57170	0.00562316682232	49922	0.00375755952165
XMTI4ODYyNzQ1Ng==	282	130	0.29052864544	114	0.354911724762
XMTI4ODYyOTQ2OA==	193	164	0.0225777873231	143	0.0671158957287
XMTI4ODYzMzc2NA==	142	167	0.0309958341599	146	0.000793493354493
XMTI4ODYzODQ2MA==	39	49	0.0657462195924	43	0.0105193951348
XMTI4ODYzOTY5Ng==	7350	3544	0.268140793188	3095	0.335138599658
XMTI4ODYzOTkyOA==	44	54	0.051652892562	47	0.00464876033058
XMTI4ODc0MjkwMA==	255	236	0.00555171088043	206	0.0369242599
XMTI4ODc0NDk2OA==	106	112	0.00320398718405	98	0.00569597721609
XMTI4ODc0NTA0NA==	482	450	0.00440763760955	393	0.0340946264699
XMTI4ODc0Njc4NA==	18	21	0.0277777777778	19	0.00308641975309
XMTI4ODc0NzMyOA==	3671	3341	0.00808088843172	2917	0.0421865414844
XMTI4ODc1MDkyOA==	331	113	0.433767490257	99	0.491269703635
XMTI4ODc1NTAwNA==	19	27	0.17728531856	23	0.0443213296399
XMTI4ODc1NjkzNg==	214	69	0.459101231549	60	0.517861821993
XMTI4ODc1NzU4MA==	335	418	0.0613856092671	365	0.00801960347516
XMTI4ODc1ODAyMA==	52	69	0.106878698225	60	0.0236686390533
XMTI4ODc2MDkxMg==	208	177	0.0222124630178	154	0.067400147929
XMTI4ODc2Mzc4MA==	141	195	0.14667270258	170	0.0423016950858
XMTI4ODc2NjQzMg==	34351	36811	0.00512851281846	32145	0.00412412905781
XMTI4ODc2OTAzNg==	219	218	2.08502741811e-05	190	0.0175350805863
XMTI4ODc2OTQwOA==	1260353	1185318	0.00354440527978	1035047	0.0319566404037
XMTI4ODc3MDg2OA==	4367	4951	0.0178837796579	4323	0.000101517045346
XMTI4ODc3Mjg4MA==	3810	4291	0.0159382340987	3747	0.000273420546841
XMTI4ODc3NTcxNg==	306709	382844	0.0616191444583	334308	0.00809717737475
XMTI4ODc3NzMxMg==	9	7	0.0493827160494	6	0.111111111111
XMTI4ODc3ODA2MA==	58	58	0.0	51	0.0145659928656
XMTI4ODc3ODYzNg==	13	16	0.0532544378698	14	0.00591715976331
XMTI4ODc3ODk2MA==	53	41	0.0512637949448	36	0.102883588466
XMTI4ODc4Mjc3Mg==	20483	23270	0.0185134265507	20320	6.33268781263e-05
XMTI4ODc4MzA4NA==	31	37	0.0374609781478	32	0.00104058272633
XMTI4ODc4MzI4MA==	41	52	0.0719809637121	46	0.0148720999405
XMTI4ODc4ODE2NA==	92	86	0.00425330812854	75	0.0341446124764
XMTI4ODc4ODk1Mg==	130	139	0.00479289940828	121	0.00479289940828
XMTI4ODc4OTA3Mg==	86	55	0.129935100054	48	0.195240670633
XMTI4ODc4OTY0NA==	141	34	0.575876464967	30	0.619737437755
XMTI4ODc4OTYwMA==	76	64	0.0249307479224	56	0.0692520775623
XMTI4ODc4OTYyMA==	64	49	0.054931640625	43	0.107666015625
XMTI4ODc4OTYzNg==	106	37	0.423727305091	32	0.487362050552
XMTI4ODc5NDAwNA==	40	33	0.030625	28	0.09
XMTI4ODc5NTU2OA==	76	85	0.0140235457064	74	0.000692520775623
XMTI4ODc5NzE1Mg==	83	51	0.148642763826	44	0.220786761504
XMTI4ODc5ODExMg==	12095	10232	0.0237254230111	8935	0.0682593926646
XMTI4ODc5OTE1Ng==	12062	12860	0.00437690514116	11230	0.00475781996412
XMTI4ODc5OTMxNg==	38	37	0.000692520775623	32	0.0249307479224
XMTI4ODcwMDk5Ng==	140	157	0.0147448979592	137	0.000459183673469
XMTI4ODcwMjgyMA==	79711	80918	0.000229286257237	70660	0.0128930781391
XMTI4ODcwNTI2NA==	65204	63073	0.00106811600305	55077	0.0241219905209
XMTI4ODcwODAwMA==	22163	9531	0.324853193943	8322	0.390011887433
XMTI4ODcwODczNg==	13440	11876	0.0135417552438	10370	0.0521768928926
XMTI4ODcwOTI2MA==	4	4	0.0	4	0.0
XMTI4ODcxMTMzNg==	107	127	0.0349375491309	111	0.00139750196524
XMTI4ODcxMTc2MA==	383	525	0.137460886638	458	0.0383464336112
XMTI4ODcxMjY4OA==	19	11	0.17728531856	10	0.224376731302
XMTI4ODcxMjg3Mg==	795	786	0.000128159487362	686	0.018798307029
XMTI4ODcxNDkwOA==	12	11	0.00694444444444	10	0.0277777777778
XMTI4ODcxNzg0OA==	38749	43618	0.0157891427382	38088	0.000290992583815
XMTI4ODcxODI4NA==	33	28	0.0229568411387	25	0.058769513315
XMTI4ODcxODMyNA==	2402	2983	0.0585067883342	2605	0.00714243126565
XMTI4ODcyMTUyNA==	714	869	0.0471266938148	759	0.00397217710614
XMTI4ODcyNDA3Ng==	935	922	0.000193314078184	805	0.0193314078184
XMTI4ODcyNTk2OA==	72	21	0.501736111111	19	0.541859567901
XMTI4ODczMjY3Ng==	49	51	0.00166597251145	44	0.0104123281966
XMTI4ODczNjAyMA==	195	144	0.0684023668639	126	0.125207100592
XMTI4ODczNjUyOA==	27	28	0.00137174211248	25	0.00548696844993
XMTI4ODczNjcwOA==	450	506	0.0154864197531	442	0.000316049382716
XMTI4ODczNzM0MA==	104	31	0.492696005917	27	0.548169378698
XMTI4ODczNzYwNA==	515	467	0.00868696389858	407	0.0439777547365
XMTI4ODg0MDAzMg==	20082	12795	0.131669023154	11173	0.196808563924
XMTI4ODg0NDY4NA==	313	147	0.28127264747	128	0.349345201033
XMTI4ODg0NTE1Ng==	22	25	0.0185950413223	22	0.0
XMTI4ODg1NDE0NA==	3808	3346	0.0147193987889	2922	0.0541344295071
XMTI4ODg2NDcyMA==	109	113	0.00134668798923	99	0.00841679993267
XMTI4ODg2NTUzNg==	444	318	0.0805332359386	278	0.139781673565
XMTI4ODgwMTAxNg==	103	113	0.00942595909134	99	0.00150815345461
XMTI4ODgwMzEzMg==	6689	6980	0.00189262070137	6095	0.00788588606401
XMTI4ODgwNDU4NA==	28	37	0.103316326531	32	0.0204081632653
XMTI4ODgwNTU4MA==	41	38	0.00535395597858	33	0.0380725758477
XMTI4ODgxMDk4NA==	225	182	0.0365234567901	159	0.0860444444444
XMTI4ODgxODkxNg==	288	355	0.0541208526235	310	0.00583526234568
XMTI4ODgyMDMyOA==	15	13	0.0177777777778	11	0.0711111111111
XMTI4ODgyNDQ4NA==	18	14	0.0493827160494	12	0.111111111111
XMTI4ODgyNzI2MA==	37	24	0.123447772096	21	0.186997808619
XMTI4ODgyNzc1Ng==	41	21	0.237953599048	19	0.287923854848
XMTI4ODgzMjkzMg==	272862	236340	0.0179152547523	206378	0.0593674186111
XMTI4ODgzMzAxMg==	453	457	7.7969289846e-05	399	0.0142099030744
XMTI4ODgzNzU5Mg==	2061	1257	0.152179486365	1098	0.218321542305
XMTI4ODgzODA4NA==	48	31	0.125434027778	27	0.19140625
XMTI4ODgzOTQ3Mg==	197	189	0.00164910201242	165	0.0263856321987
Log-Linear MRSE = 0.147275675963, Linear-LRS MRSE = 0.16947931911
