XMTM2MTEwNjA0MA==	223	257	0.0232459932836
XMTM2MDg1NjIwMA==	21	17	0.0362811791383
XMTM2MTIyNTY3Ng==	380	414	0.0080055401662
XMTM2MTQ4MjI0OA==	45	53	0.0316049382716
XMTM2MDg1NDUxMg==	292	344	0.0317132670295
XMTM2MDk0MTMyMA==	1413	463	0.452025449659
XMTM2MDk0NDY4MA==	92	82	0.0118147448015
XMTM2MTM1ODk1Ng==	345	173	0.248552825037
XMTM2MTIzOTc0OA==	40	40	0.0
XMTM2MTI3OTI3Mg==	180	164	0.0079012345679
XMTM2MTU4MzkwOA==	38	40	0.00277008310249
XMTM2MTMxMTQ4NA==	21	22	0.00226757369615
XMTM2MTAwMzU0NA==	6	6	0.0
XMTM2MDgxNzcxMg==	261	247	0.00287723315864
XMTM2MTMxNzI4NA==	18	17	0.00308641975309
XMTM2MTY4NDY2NA==	17	15	0.0138408304498
XMTM2MTQwMjYyMA==	23	7	0.48393194707
XMTM2MDk4NjQxNg==	303	165	0.207430644055
XMTM2MTY3OTEyNA==	126	134	0.00403124212648
XMTM2MTUwMDIxMg==	25	27	0.0064
XMTM2MDk4NzAwMA==	10	8	0.04
XMTM2MTY0MTgwMA==	106	124	0.0288358846565
XMTM2MTU4MDMyNA==	13	14	0.00591715976331
XMTM2MTM0OTczNg==	20808	20942	4.14714211743e-05
XMTM2MTYxNjU2OA==	2059	1755	0.0217988947232
XMTM2MDgzMTU3Ng==	6	5	0.0277777777778
XMTM2MDc2NzU0MA==	1196	1019	0.0219020201116
XMTM2MTAzNDQ3Ng==	672	445	0.114107231434
XMTM2MTM3NTM0OA==	5827	1227	0.623197391972
XMTM2MTMxODY2NA==	40	43	0.005625
XMTM2MTAxMDM3Ng==	37	30	0.0357925493061
XMTM2MTMxOTcyMA==	344	370	0.00571254732288
XMTM2MTE0MjU2OA==	92	46	0.25
XMTM2MTI2MzQ5Mg==	281	302	0.00558503565051
XMTM2MTA5Mzk4NA==	1398	31	0.956142639905
XMTM2MTAwMzY2NA==	256	242	0.00299072265625
XMTM2MDkwMjc3Mg==	404	471	0.0275034310362
XMTM2MTMyNDU3Ng==	189	160	0.0235435738081
XMTM2MTI3MTk0MA==	32	33	0.0009765625
XMTM2MTMzNzY4OA==	86	99	0.0228501892915
XMTM2MTI5MjA2MA==	1230	1410	0.0214158239143
XMTM2MTM0MDcwMA==	43	29	0.106003244997
XMTM2MDg3NDMxMg==	2797	3067	0.0093184267479
XMTM2MTMyNDQ1Mg==	14	16	0.0204081632653
XMTM2MTU4MjAyOA==	5964	6855	0.0223192778401
XMTM2MTY5MjYzNg==	5	5	0.0
XMTM2MTYwMDAwOA==	16	8	0.25
XMTM2MDczMjY5Ng==	86	112	0.091400757166
XMTM2MDk1MTk4OA==	36	20	0.197530864198
XMTM2MDg3ODIzNg==	2047	2198	0.00544149468439
XMTM2MTIwODE2MA==	17	17	0.0
XMTM2MTI4MzMwMA==	2268	38	0.966771024825
XMTM2MTI0MjIzMg==	119	101	0.0228797401313
XMTM2MTA1OTkzMg==	236	252	0.00459638035047
XMTM2MDgyMzAzNg==	78	75	0.00147928994083
XMTM2MTQ1Mzc5Ng==	104	30	0.506286982249
XMTM2MDg4MTM0OA==	14660	12259	0.0268235577129
XMTM2MDk5Mjg1Mg==	132	148	0.0146923783287
XMTM2MTE3NTU1Mg==	8	6	0.0625
XMTM2MTA2MjA0NA==	24	7	0.501736111111
XMTM2MTA2MTY4NA==	95	76	0.04
XMTM2MDc0ODI3Mg==	258	240	0.00486749594375
XMTM2MTM0ODE2NA==	19	22	0.0249307479224
XMTM2MDg0MDQxMg==	221	243	0.00990970700846
XMTM2MDk0MDIyMA==	407	246	0.156481475892
XMTM2MDkxNzU4NA==	134	121	0.00941189574515
XMTM2MDc0MDk3Ng==	186	189	0.000260145681582
XMTM2MDkwOTQ4NA==	75	85	0.0177777777778
XMTM2MTExNzk5Ng==	11	11	0.0
XMTM2MDk1ODc0MA==	96	76	0.0434027777778
XMTM2MTQxNzU1Ng==	10847	12304	0.0180426291726
XMTM2MTQ0NjcwMA==	25	24	0.0016
XMTM2MDkwMTY5Ng==	2776	3835	0.145530156591
XMTM2MTQ4MDkzNg==	7	6	0.0204081632653
XMTM2MTQ0NjcxNg==	138	125	0.00887418609536
XMTM1ODU0MjI2MA==	603	22	0.928362609286
XMTM2MTYwOTMzMg==	2690	3212	0.0376561960172
XMTM2MTM2Mjg5Ng==	183	142	0.0501955866105
XMTM2MDY5ODY4OA==	35	31	0.0130612244898
XMTM2MTQ2MDM2NA==	89	48	0.212220679207
XMTM2MTQ4MTk0NA==	17402	17673	0.000242515919943
XMTM2MDk3MzA2OA==	652	714	0.00904249313109
XMTM2MTYxNjkyNA==	10	7	0.09
XMTM2MTQ5NDM0NA==	6556	6149	0.00385399306338
XMTM2MTAzMjQ2OA==	54	44	0.0342935528121
XMTM2MTQ5MjE4MA==	11	10	0.00826446280992
XMTM2MDg4NzAwMA==	4	5	0.0625
XMTM2MDc5OTc3Ng==	103	112	0.00763502686398
XMTM2MDg2Nzc5Mg==	227	270	0.0358827068253
XMTM2MTI4MDMyMA==	6	6	0.0
XMTM2MTY1Nzg2NA==	67	46	0.0982401425707
XMTM2MDc2MTk3Ng==	25	25	0.0
XMTM2MTI3NDI0NA==	2928	89	0.94013157772
XMTM2MTA4NDE4MA==	64	71	0.011962890625
XMTM2MTM4NDY5Mg==	1223	1452	0.0350604955844
XMTM2MDk0NjQ5Ng==	6128	3558	0.175884971777
XMTM2MTI1MjIyMA==	145	77	0.219928656361
XMTM2MDk4NTc0MA==	58	70	0.0428061831153
XMTM2MDgzNjQxMg==	513	572	0.0132272418104
XMTM2MDczODM2MA==	1300	1489	0.0211366863905
XMTM2MTUxMzc4OA==	5	5	0.0
XMTM2MTExNjgwOA==	13	12	0.00591715976331
XMTM2MDk1NDM2OA==	14	11	0.0459183673469
XMTM2MTA3MzAyMA==	28	28	0.0
XMTM1ODU1NTIwOA==	45	47	0.00197530864198
XMTM2MDk0MTM2NA==	166	171	0.000907243431558
XMTM2MTI4MDc4MA==	69	64	0.00525099768956
XMTM2MTEyODg5Ng==	55	18	0.452561983471
XMTM2MDk2ODQ5Mg==	41	48	0.0291493158834
XMTM2MTIzOTk0OA==	152	165	0.00731475069252
XMTM2MDk3MDY5Mg==	61	27	0.310669174953
XMTM2MTIwNzkxMg==	45	32	0.0834567901235
XMTM2MTMwNzY0OA==	45	43	0.00197530864198
XMTM2MTMzNDM3Mg==	52	57	0.00924556213018
XMTM2MDc2NDE5Ng==	1197	1193	1.11668756966e-05
XMTM2MDc5MjExNg==	24009	8093	0.439460370701
XMTM2MDk0ODk5Mg==	50	44	0.0144
XMTM2MTQ5MzE4MA==	24	28	0.0277777777778
XMTM2MTA3ODM5Ng==	1789	79	0.913632499209
XMTM2MTIzNjMzMg==	18	15	0.0277777777778
XMTM2MTExODc2NA==	18	16	0.0123456790123
XMTM2MTM3ODY2MA==	179	167	0.00449424175275
XMTM2MDcxOTcwOA==	177	192	0.00718184429762
XMTM2MTEzMTk1Mg==	113	117	0.0012530346934
XMTM2MDc1MTU1Ng==	332	225	0.103870300479
XMTM2MDgzNDA3Mg==	379	427	0.0160399885826
XMTM2MDcyMjgxNg==	1113	1358	0.0484553617341
XMTM2MTE1NzgwMA==	8	7	0.015625
XMTM2MTMzNDQwNA==	193	185	0.00171816693066
XMTM2MDg5NTU0NA==	3833	3207	0.0266729485909
XMTM2MTA1OTMzNg==	194	224	0.0239132745244
XMTM2MTI0NTg3Ng==	117	97	0.0292205420411
XMTM2MTQyMzA1Mg==	257	267	0.00151402746446
XMTM2MTQyMTI0OA==	444	451	0.000248559370181
XMTI4NzA2MDg5Ng==	5470	5485	7.51982727792e-06
XMTI4NzY1ODI1Mg==	1653	1760	0.00419007549748
XMTI4Nzg2NTUyMA==	89	76	0.0213356899381
XMTI4Nzk0Nzk0OA==	6	5	0.0277777777778
XMTI4Nzk1NjU0MA==	213	203	0.00220414820693
XMTI4Nzk3NzgzNg==	62	72	0.0260145681582
XMTI4Nzk4MDcyMA==	84	83	0.000141723356009
XMTI4Nzk5MjgwOA==	10876	11189	0.000828228702951
XMTI4Nzk5NTg3Mg==	1637	1558	0.00232893208333
XMTI4ODA0OTMyOA==	20	16	0.04
XMTI4ODA1OTU5Mg==	20	24	0.04
XMTI4ODA2MDQ0MA==	33	25	0.058769513315
XMTI4ODA3MjE5Mg==	42756	30707	0.0794159749644
XMTI4ODA3Njc0OA==	199	213	0.0049493699654
XMTI4ODA5MjcyMA==	14	12	0.0204081632653
XMTI4ODAyMjI0OA==	1302	1470	0.0166493236212
XMTI4ODAyOTg1Mg==	19675	24896	0.0704170625265
XMTI4ODAzMjg2NA==	481	557	0.0249653139466
XMTI4ODE0NTk2OA==	103	62	0.158450372325
XMTI4ODE0NjI4MA==	53	59	0.0128159487362
XMTI4ODE1MDYxNg==	214	109	0.24074154948
XMTI4ODE1MzMzNg==	1821	1813	1.93001232494e-05
XMTI4ODE1NTg0NA==	3030	3591	0.0342799725517
XMTI4ODE2MDAzNg==	498	345	0.0943896066192
XMTI4ODE2Nzg0MA==	227	233	0.000698635719692
XMTI4ODE4NDk4OA==	22	7	0.464876033058
XMTI4ODE4NjA0OA==	20	22	0.01
XMTI4ODE5MjQyNA==	1690	2025	0.0392930919786
XMTI4ODExMjAzNg==	3277	521	0.707303070969
XMTI4ODExMzM2NA==	22	28	0.0743801652893
XMTI4ODEyMjM3Ng==	24	26	0.00694444444444
XMTI4ODEzNjU0MA==	67	70	0.00200490086879
XMTI4ODI1MzU3Ng==	9	11	0.0493827160494
XMTI4ODI1NjIxMg==	432	513	0.03515625
XMTI4ODI1ODM3Ng==	23	26	0.0170132325142
XMTI4ODI4ODI1Mg==	69	79	0.0210039907582
XMTI4ODIxNzM0MA==	384	183	0.273986816406
XMTI4ODIyMDUwNA==	96	86	0.0108506944444
XMTI4ODIzMzg3Ng==	10	12	0.04
XMTI4ODIzNzY2OA==	6613	3745	0.188088069339
XMTI4ODIzOTQ0NA==	10774	11000	0.000440010394294
XMTI4ODMwNDI3Mg==	12	12	0.0
XMTI4ODMwNjY5Mg==	22	26	0.0330578512397
XMTI4ODMwNzg1Mg==	31883	33755	0.00344741312288
XMTI4ODMwOTMzNg==	69	67	0.00084015963033
XMTI4ODMwOTU4NA==	118	128	0.00718184429762
XMTI4ODMxMjc4NA==	16	15	0.00390625
XMTI4ODQ1MDgzMg==	14	15	0.00510204081633
XMTI4ODQ1MjcyOA==	60	63	0.0025
XMTI4ODQ1ODEzMg==	404	491	0.0463741299873
XMTI4ODQ2MTEyNA==	118	118	0.0
XMTI4ODQ2Mjg4MA==	7080	8580	0.0448865268601
XMTI4ODQ3MDk5Mg==	2795	3178	0.0187773336619
XMTI4ODQ3NjU4MA==	503	553	0.00988107142434
XMTI4ODQ3ODExNg==	3571	3755	0.00265494754918
XMTI4ODQxMTEwNA==	773	828	0.00506251579421
XMTI4ODQxNjc2MA==	219	268	0.0500615083088
XMTI4ODQxOTg5Mg==	14	7	0.25
XMTI4ODQyNTk5Ng==	176	208	0.0330578512397
XMTI4ODQzMTMwOA==	13	12	0.00591715976331
XMTI4ODU0MDA5Mg==	355	433	0.0482761356874
XMTI4ODU0NDA5Mg==	70	67	0.00183673469388
XMTI4ODU2ODUyMA==	477	530	0.0123456790123
XMTI4ODU2OTg0NA==	662	725	0.00905659860717
XMTI4ODU5MjYxNg==	5	6	0.04
XMTI4ODUwMjQ0NA==	241	270	0.0144797782407
XMTI4ODUwNzI4NA==	483284	561835	0.026417918859
XMTI4ODUxNTM4OA==	1633	1112	0.101789522513
XMTI4ODUyMTgzNg==	294	203	0.0958049886621
XMTI4ODUyNzAzNg==	10	10	0.0
XMTI4ODUzMTU2OA==	721	689	0.00196983308358
XMTI4ODUzNTg4OA==	248	221	0.0118528876171
XMTI4ODUzNzYwOA==	257	228	0.0127329709761
XMTI4ODY0ODg4OA==	134	121	0.00941189574515
XMTI4ODY5NzQ0OA==	6	7	0.0277777777778
XMTI4ODYwOTQ2MA==	27	20	0.0672153635117
XMTI4ODYxMTcyMA==	13	6	0.289940828402
XMTI4ODYzOTM3Ng==	34	25	0.0700692041522
XMTI4ODc0NTY4OA==	4	4	0.0
XMTI4ODc0OTUzNg==	32	23	0.0791015625
XMTI4ODc1NjA1Mg==	82	89	0.00728732897085
XMTI4ODc1ODI4MA==	166	176	0.00362897372623
XMTI4ODc3NDY4OA==	10	10	0.0
XMTI4ODc5MDM3Mg==	42	53	0.0685941043084
XMTI4ODc5OTY5Mg==	549	5	0.981868009728
XMTI4ODcwNzcxNg==	2672	1393	0.229122733201
XMTI4ODcyODI1Mg==	17228	3813	0.606333589511
XMTI4ODg0NjgyNA==	1095	889	0.035392089406
XMTI4ODgxODEwOA==	94	108	0.0221819827976
XMTI4ODgyOTY4OA==	164	179	0.00836555621654
Proposed PBML MRSE = 0.0856286215689
