XMTM2MTI2MTM4MA==	8	9	0.015625
XMTM2MTA5OTk2NA==	119	139	0.0282465927547
XMTM2MTcwMjI4NA==	2650	2896	0.00861744393022
XMTM2MDk4NjYyOA==	918	1007	0.00939928137801
XMTM2MTE2OTA2OA==	32	31	0.0009765625
XMTM2MTM2NzU2NA==	5	5	0.0
XMTM2MTI5NzQ2MA==	45983	25872	0.191281394055
XMTM2MTQ3MDc0MA==	102	144	0.16955017301
XMTM2MTA3OTgwMA==	2907	1896	0.12095177542
XMTM2MTA4MTAwNA==	146	156	0.00469131169075
XMTM2MTI4OTg5Ng==	23	10	0.319470699433
XMTM2MDg4ODUxNg==	64	69	0.006103515625
XMTM2MDgzOTQwOA==	24	23	0.00173611111111
XMTM2MTQ0MDM2MA==	19	10	0.224376731302
XMTM2MTIxOTA1Mg==	61	63	0.00107497984413
XMTM2MTE0ODYwNA==	20	22	0.01
XMTM2MTA2Mzk4MA==	622	699	0.0153250069788
XMTM2MTI5ODM0MA==	112	118	0.00286989795918
XMTM2MDgzOTE2OA==	36	23	0.130401234568
XMTM2MTM1NTcyNA==	32524	20887	0.128018921414
XMTM2MTE2NDkxMg==	94	92	0.000452693526483
XMTM2MTI4NDU4NA==	90	19	0.622345679012
XMTM2MDc3MTkwOA==	3590	3861	0.00569835739946
XMTM2MTUwNTEyOA==	17	16	0.00346020761246
XMTM2MDkyODI0OA==	113	88	0.0489466677109
XMTM2MTA5NjA3Mg==	11	11	0.0
XMTM2MDk3MzkyNA==	40224	140	0.993051095646
XMTM2MTA2ODM5Ng==	123	132	0.00535395597858
XMTI4NzUyOTE2OA==	76	58	0.0560941828255
XMTI4NzY3MzYxNg==	2987	3192	0.00471017753643
XMTI4Nzc1ODM0OA==	216	221	0.000535836762689
XMTI4NzcyNzkyOA==	10	9	0.01
XMTI4Nzg2MDg5Mg==	111	131	0.0324648973298
XMTI4Nzk5MDAwOA==	563	667	0.0341232107872
XMTI4ODA0MjcyOA==	25	18	0.0784
XMTI4ODA0NTMyNA==	17	19	0.0138408304498
XMTI4ODA1MjIxMg==	1110	1190	0.00519438357276
XMTI4ODA3OTg5Mg==	118	124	0.00258546394714
XMTI4ODA4MzQzMg==	9	10	0.0123456790123
XMTI4ODA5MjI5Ng==	257	203	0.0441490408636
XMTI4ODAxMDc4MA==	412	198	0.269794514092
XMTI4ODAxOTkwNA==	117	117	0.0
XMTI4ODAzNTQwOA==	717	639	0.0118345267065
XMTI4ODE1MTc3Ng==	32	11	0.4306640625
XMTI4ODE1OTM0MA==	337	371	0.0101788340128
XMTI4ODE5MjkwOA==	1767	1954	0.0111997960471
XMTI4ODExNzM1Mg==	399	429	0.00565323082141
XMTI4ODEyNTcxMg==	257	266	0.00122636224621
XMTI4ODI0MzUxMg==	2024	2088	0.000999859394773
XMTI4ODI1Nzc5Mg==	2640	1744	0.115188246097
XMTI4ODI1ODEyOA==	1404	379	0.53298319413
XMTI4ODI2NzAyMA==	186	162	0.0166493236212
XMTI4ODI5MTU5Ng==	30	19	0.134444444444
XMTI4ODI5MzM2OA==	1884	554	0.498358058249
XMTI4ODM0OTYyMA==	67	68	0.000222766763199
XMTI4ODM2MjM0MA==	35	34	0.000816326530612
XMTI4ODM2MzUwOA==	3	3	0.0
XMTI4ODM2MzY5Ng==	3	3	0.0
XMTI4ODM2NDMyNA==	3	3	0.0
XMTI4ODM2NTM1Ng==	156	166	0.00410913872452
XMTI4ODM3MDM4OA==	11	15	0.132231404959
XMTI4ODM3MjcxNg==	324	256	0.0440481633897
XMTI4ODM4MTY4MA==	40368	17445	0.322454500271
XMTI4ODM5MDk5Mg==	3417	3345	0.000443991887898
XMTI4ODM5MTg3Ng==	40423	42809	0.00348404531855
XMTI4ODM5NDk0OA==	47	41	0.0162969669534
XMTI4ODM5NTcwNA==	557	500	0.010472233593
XMTI4ODMwNTYwMA==	748	700	0.00411793302639
XMTI4ODMyODk1Ng==	38	44	0.0249307479224
XMTI4ODQ3NjcxNg==	204	215	0.00290753556324
XMTI4ODQyMjA3Ng==	3	3	0.0
XMTI4ODQzMDEwMA==	212	212	0.0
XMTI4ODU0ODM5Mg==	58	58	0.0
XMTI4ODU2MTUxMg==	9	9	0.0
XMTI4ODU3ODY4MA==	8816	9481	0.00568984096314
XMTI4ODUwMzcwOA==	8	9	0.015625
XMTI4ODUyMTcwOA==	5	5	0.0
XMTI4ODUyNTM3Mg==	23	27	0.0302457466919
XMTI4ODY0NDk4OA==	15456	16272	0.00278731530419
XMTI4ODY1MTM2NA==	73	70	0.00168887220867
XMTI4ODY4OTk3Mg==	9	11	0.0493827160494
XMTI4ODYyNzg4NA==	121	126	0.00170753363841
XMTI4ODc3NTIyMA==	19	21	0.01108033241
XMTI4ODc4ODUzMg==	75	70	0.00444444444444
XMTI4ODcxNjk3Ng==	155	171	0.0106555671176
XMTI4ODcyMzMyMA==	582	644	0.0113484725027
XMTI4ODg2MjEyNA==	144	149	0.00120563271605
XMTI4ODgxMDQwOA==	16	17	0.00390625
XMTI4ODgxNTM0NA==	41	18	0.314693634741
XMTI4ODgyMTA1Mg==	229	247	0.00617837188459
XMTI4ODgyNDc1Mg==	115	63	0.204461247637
Proposed PBML MRSE = 0.0730030788849
