XMTM2MTYyNjQ3Ng==	525	251	0.272384580499
XMTM2MTE3ODY3Ng==	93	57	0.149843912591
XMTM2MTExMjM4NA==	173	117	0.104781315781
XMTM2MTQxNjYxNg==	113	134	0.0345367687368
XMTM2MTYwNzM2MA==	1022	734	0.0794114605872
XMTM2MDc0NjMzNg==	1028	525	0.239414109222
XMTM2MDc1NTYyOA==	45	48	0.00444444444444
XMTM2MTQ1NjU1Mg==	1805	477	0.541304624734
XMTM2MDg1NDUwMA==	308	312	0.000168662506325
XMTM2MTU2MTI0OA==	11	9	0.0330578512397
XMTM2MTA0NzI0OA==	1934	2441	0.0687231375837
XMTM2MTIyNDg5Ng==	1898027	1383720	0.0734243479596
XMTM2MTQzNzU4NA==	425	298	0.0892955017301
XMTM2MTcxMjk3Mg==	7881	5037	0.130225648586
XMTM2MTAwOTk3Ng==	279	260	0.00463765881733
XMTM2MTI5NzQ0OA==	3147	2783	0.0133785572512
XMTM2MTE5NDkwOA==	59	41	0.0930767020971
XMTM2MTIzMDYyMA==	2075	689	0.44615961678
XMTM2MDgzNDcyNA==	597	177	0.49493699654
XMTM2MTA5NDg2MA==	22216	21442	0.00121380853762
XMTM2MTA5NDMwOA==	30	35	0.0277777777778
XMTM2MTI4NDY5Ng==	2445	145	0.884907640901
XMTM2MDk0MDE0OA==	71	10	0.738147193017
XMTM2MTM1NjI5Mg==	50	32	0.1296
XMTM2MTQ3NDI4MA==	148	92	0.143170197224
XMTM2MDgyODE4NA==	1810	852	0.28013918989
XMTM2MTQ4NzQ1Mg==	453	467	0.000955123800613
XMTM2MTQzOTAxNg==	83	59	0.0836115546523
XMTM2MTI4MDQ2OA==	30	38	0.0711111111111
XMTM2MDc4MDc0MA==	425	191	0.303147404844
XMTM2MTExOTcxNg==	39661	3426	0.834697688766
XMTM2MTI5OTkyMA==	497	363	0.0726937075167
XMTM2MDkxNDI1Ng==	2807	3619	0.0836810716351
XMTM2MTQ1MDUzMg==	208	219	0.00279678254438
XMTM2MTI3NjU1Ng==	7937	6683	0.0249621686111
XMTM2MTE1MTQxNg==	296	313	0.00329848429511
XMTM2MTQzMjkxNg==	229	226	0.000171621441239
XMTM2MTM0OTE4OA==	336	175	0.229600694444
XMTM2MTQzNzc0OA==	206	173	0.0256621736262
XMTM2MTI0NjEyMA==	326	127	0.372624110806
XMTM2MTQ4NTkyMA==	221	147	0.112118916484
XMTM2MTAyNzM5Mg==	1608	1515	0.00334498217866
XMTM2MTUwMzczNg==	4476	4214	0.00342627665292
XMTM2MTUyNzg2NA==	2912	3311	0.0187742696006
XMTM2MTI5ODg3Mg==	46	61	0.106332703214
XMTM2MTYxOTcwMA==	19907	16492	0.029428612274
XMTM2MDkyMTU4MA==	994	825	0.0289068414511
XMTM2MTE2ODkxMg==	159	77	0.265970491674
XMTM2MTY0OTUwNA==	8172	4835	0.166746104735
XMTM2MDk4MTE0OA==	26790	4601	0.686009347028
XMTM2MTE3MzEzMg==	130	87	0.109408284024
XMTM2MTY5OTk5Ng==	23108	15260	0.115343538626
XMTM2MTU4MDEwNA==	15247	1442	0.819792652081
XMTM2MTQ1Mzg0NA==	24	23	0.00173611111111
XMTM2MTM1OTQ4OA==	473984	463241	0.000513716823004
XMTM2MDkxMzU4NA==	100402	64633	0.126919651033
XMTM2MDczMzk4NA==	46	38	0.0302457466919
XMTM2MDc0NDUwMA==	8527	2854	0.442622045806
XMTM2MTA5NzM1Mg==	2963	3906	0.101288486678
XMTM2MTIzOTkxNg==	166	119	0.0801640296124
XMTM2MDc4MjI0NA==	560	235	0.336814413265
XMTM2MTY5ODg2OA==	515	226	0.314906211707
XMTM2MTQyOTQ2NA==	830	679	0.0330976919727
XMTM2MTMzNTAwOA==	4444	3546	0.0408323685654
XMTM2MTA3NjU1Ng==	239	232	0.000857828119256
XMTM2MTUzMTczMg==	391	210	0.214290853671
XMTM2MDk2NjkwOA==	176	227	0.0839682334711
XMTM2MDc2ODYwOA==	102	41	0.357650903499
XMTM2MTQ0MTM2MA==	5573	4318	0.0507118396486
XMTM2MTY1OTk0OA==	79	82	0.00144207659029
XMTM2MTcxMzI3Ng==	43967	18806	0.327493080716
XMTM2MTIyNjI2MA==	66	48	0.0743801652893
XMTM2MTEyODAzNg==	129	66	0.238507301244
XMTM2MTI2NTU4OA==	470	361	0.0537845178814
XMTM2MTU3NTgyMA==	3731	5408	0.202029889886
XMTM2MTQ5NDIwOA==	70	67	0.00183673469388
XMTM2MTMyOTQ4NA==	2980	1849	0.144043173731
XMTM2MDc3OTY1Ng==	99	113	0.0199979593919
XMTM2MDgzOTA0MA==	650422	769235	0.0333685610273
XMTM2MTYwMTI5Mg==	7491	8252	0.0103202381549
XMTM2MTAwNDY2OA==	196	112	0.183673469388
XMTM2MTYwOTYwNA==	283	71	0.561175692043
XMTM2MTAwNTkwNA==	187	197	0.00285967571277
XMTM2MTYwMjI4MA==	95	50	0.224376731302
XMTM2MTEwOTIwMA==	5798	6539	0.0163335277202
XMTM2MDQ0NzAyMA==	28	37	0.103316326531
XMTM2MTQzMDg1Mg==	342	210	0.148968913512
XMTM2MTEyMjczNg==	12190	9238	0.0586442309051
XMTM2MTI2MzYyMA==	13098	10265	0.0467824731336
XMTM2MTI3MzUzMg==	3262	37	0.977443188589
XMTM2MTQ3OTYzMg==	10399	11108	0.00464846230924
XMTM2MDk2MDM3Ng==	218483	138096	0.13537433669
XMTM2MTIxODU1Ng==	168	61	0.405647675737
XMTM2MDg2ODEwNA==	189	115	0.153299179754
XMTM2MTU3OTI0OA==	50	21	0.3364
XMTM2MTU1ODExMg==	16085	2109	0.754959498367
XMTM2MDgzOTA1Mg==	169	123	0.0740870417702
XMTM2MTQ3MDg0MA==	844	429	0.241774948901
XMTM2MTM0NDQ0MA==	930	1157	0.0595779858943
XMTM2MTQxMzk1Ng==	88	55	0.140625
XMTM2MDk5MzY4MA==	40	32	0.04
XMTM2MTE2NzE2NA==	183	229	0.0631849263937
XMTM2MDgxNTQwMA==	7048	7440	0.00309343035788
XMTM2MTM1MTE1Mg==	75	77	0.000711111111111
XMTM2MTAwNzA0MA==	3489	3702	0.00372698176581
XMTM2MTU5Mjc1Mg==	107	125	0.0282994147961
XMTM2MDkxODE1Ng==	285	286	1.23114804555e-05
XMTM2MTA0NzIyNA==	77298	25884	0.442411362097
XMTM2MTQ4ODQxNg==	1938	840	0.320994162697
XMTM2MTQ5NzA1Ng==	13	13	0.0
XMTM2MTM0NTkwOA==	173	202	0.0280998362792
XMTM2MTMyMzM2OA==	85	93	0.00885813148789
XMTM2MTM4NjA2MA==	216	163	0.0602066186557
XMTM2MTIwMTAzNg==	8801	4122	0.282645482398
XMTM2MDgzODc1Ng==	227	120	0.22218556541
XMTM2MDkwNDQ1Ng==	5388	6225	0.0241321347612
XMTM2MTQ1ODA5Mg==	5006	2624	0.226413242184
XMTM2MTYxMjgwMA==	757	545	0.0784295932809
XMTM2MTIyODIyOA==	1041	1197	0.0224567930969
XMTM2MTQ3NjcxMg==	8282	4509	0.207540643068
XMTM2MDgxNjkzMg==	46994	1643	0.931298515091
XMTM2MTM4MTQ5Ng==	2827	2201	0.0490339691456
XMTM2MDczMjQwOA==	37	47	0.073046018992
XMTM2MTcxNjIyMA==	206	211	0.000589122443209
XMTM2MTQxMTM4MA==	276	304	0.0102919554715
XMTM2MTUxNDc2MA==	257	123	0.271858771518
XMTM2MTQ5Mzk0NA==	1772	2041	0.0230450218855
XMTM2MTU2NzExMg==	142	140	0.000198373338623
XMTM2MDc0NDU3Mg==	4831	4672	0.00108322873891
XMTM2MDk3MjAyNA==	4525	4595	0.000239308934404
XMTM2MDc4MzI3Ng==	202	192	0.00245074012352
XMTM2MTMwODk3Mg==	54	52	0.00137174211248
XMTM2MTM1OTcwMA==	76	79	0.00155817174515
XMTM2MDk4MzY0MA==	4513	4536	2.59731728057e-05
XMTM2MDk0NDMyOA==	59	53	0.0103418557886
XMTM2MTY3MTg2OA==	27	24	0.0123456790123
XMTM2MTA2OTYzMg==	1283	1065	0.0288708569221
XMTM2MTQ1OTUwMA==	621	418	0.106858451254
XMTM2MTMwMzMzNg==	19092	16841	0.0139010670662
XMTM2MTQ5MDk5Mg==	8158	8796	0.00611609123825
XMTM2MTQyMTc2MA==	1018	312	0.480965412361
XMTM2MDg0MjMwMA==	2157	2218	0.000799759448865
XMTM2MTI0ODg0NA==	2194	1960	0.0113751849953
XMTM2MTA2MDY2MA==	121	91	0.0614712109829
XMTM2MDg1NzIyNA==	554	368	0.112721396082
XMTM2MDc1NjUwMA==	138	101	0.0718861583701
XMTM2MTE5NzI0OA==	8463	8525	5.36703833407e-05
XMTM2MTEyMjcxNg==	6128	7762	0.0710995072909
XMTM2MTEzNDA0MA==	155	51	0.450197710718
XMTM2MTUwMzU0OA==	1723	1103	0.129483021185
XMTM2MTE5NTc2NA==	90	94	0.00197530864198
XMTM2MTYxMjU0OA==	265	278	0.0024065503738
XMTM2MTUzNzkyNA==	438	121	0.523805800546
XMTM2MTI5MjY5Ng==	409	160	0.370639821618
XMTM2MTMzNjA4OA==	17512	17314	0.000127837680867
XMTM2MTQxODU4MA==	622	296	0.274697325296
XMTM2MDc1MTQyOA==	48	51	0.00390625
XMTM2MDc0NDM2OA==	5201	6768	0.0907745877778
XMTM2MTA5MTk5Ng==	34	43	0.0700692041522
XMTM2MTMwMDgyNA==	8469	7279	0.0197437506275
XMTM2MDc0NTI1Ng==	35657	1155	0.936265325462
XMTM2MTU4NjUyNA==	136	148	0.00778546712803
XMTM2MTU0MjEzNg==	7144	8161	0.020265578896
XMTM2MTIxNDM2MA==	334	327	0.000439241277923
XMTM2MTQ2ODgzMg==	2256	2894	0.0799766422715
XMTM2MTM3NDczNg==	124	123	6.50364203954e-05
XMTM2MTU0MTUwNA==	794	522	0.11735370442
XMTM2MTI0OTI0OA==	894	785	0.0148654465014
XMTM2MTI4MTc4OA==	226	302	0.113086381079
XMTM2MDY3MDY0MA==	564	143	0.557193425884
XMTM2MTQ0MjE2NA==	1084	1240	0.020710502308
XMTM2MTA0NDExNg==	82	81	0.000148720999405
XMTM2MDYwNTU3Mg==	68	51	0.0625
XMTM2MTAwOTc4MA==	172	188	0.00865332612223
XMTM2MDkwNjQ3Mg==	9003	4617	0.237335527722
XMTM2MDk4NzEwMA==	3108	2407	0.0508714381784
XMTM2MDk2MTU1Mg==	144	82	0.18537808642
XMTM2MTI0NDExMg==	58252	46396	0.0414242543375
XMTM2MDk4MzExNg==	117	110	0.00357951640003
XMTM2MTQwMTMzMg==	78	87	0.0133136094675
XMTM2MTM2MTU2MA==	215	285	0.106003244997
XMTM2MTAyOTkxMg==	25	31	0.0576
XMTM2MTM5MDk4OA==	180	167	0.00521604938272
XMTM1ODkwNDgyMA==	220	101	0.292582644628
XMTM2MDgzNTY1Mg==	2553	1124	0.313301755237
XMTM2MDg1MzI4OA==	507	447	0.0140051118658
XMTM2MTAyMDg2OA==	274	183	0.110301561085
XMTM2MTEyNjU4NA==	45	21	0.284444444444
XMTM2MDY0MjIyNA==	813	507	0.141664737681
XMTM2MTUwNTM2MA==	10324	7472	0.0763137949198
XMTM2MDkwNTUwOA==	8868	10484	0.0332071301252
XMTM2MTQ1ODk5Mg==	12	6	0.25
XMTM2MTU1Mzk0MA==	27435	28654	0.00197422879581
XMTM2MDc4MDU2NA==	68379	73040	0.00464635849698
XMTM2MTI0ODU4NA==	3987	1477	0.396328197064
XMTM2MDg0NDQyMA==	84	18	0.617346938776
XMTM2MTQ0NjM2MA==	284	147	0.232704324539
XMTM2MTU4NTQ2MA==	212	253	0.0374021003916
XMTM2MDkzODM0OA==	2295	2440	0.00399181701245
XMTM2MDc0NDQzNg==	582	114	0.64661494314
XMTM2MTQzNDkxMg==	23	8	0.425330812854
XMTM2MTIzNzAyMA==	751767	39740	0.897070157094
XMTM2MTQxOTY0MA==	368	363	0.000184605387524
XMTM2MTIzMDc5Mg==	156	145	0.00497205785667
XMTM2MTM3NTc0MA==	647	854	0.102360436589
XMTM2MDg2OTY1Mg==	327	187	0.183299198534
XMTM2MTU3MzkxMg==	16	6	0.390625
XMTM2MTI3Nzc4NA==	851	791	0.00497099562138
XMTM2MTExNzg3Ng==	55	43	0.0476033057851
XMTM2MDk4Mzg1Mg==	13507	11327	0.026049247823
XMTM2MDg0MTUzMg==	100	60	0.16
XMTM2MTE3MjkwNA==	1782	2291	0.0815868499183
XMTM2MTE1MzE3Mg==	932	1138	0.0488542798725
XMTM2MTQ4MjM4MA==	84	104	0.0566893424036
XMTM2MDg1MDc4NA==	29	22	0.0582639714625
XMTM2MTI1MzUyOA==	23	25	0.00756143667297
XMTM2MDk5MTUxMg==	933	526	0.190294190966
XMTM2MTU5MDgzNg==	117	147	0.0657462195924
XMTM2MTY5ODk4MA==	342	370	0.0067029171369
XMTM2MTE2NTk5Mg==	23	28	0.047258979206
XMTM2MTE5NjYwMA==	1005	838	0.0276121878171
XMTM2MTM1ODAyMA==	211	217	0.000808607174143
XMTM2MTI1MTcxNg==	80	63	0.04515625
XMTM2MDczNDI4MA==	2623	2323	0.0130811500773
XMTM2MDgzODc1Mg==	159	97	0.152050947352
XMTM2MTAxODY1Ng==	156	153	0.000369822485207
XMTM2MDg2NDA2OA==	18	20	0.0123456790123
XMTM2MDc4MDI5Mg==	412	284	0.0965218210953
XMTM2MDg5NDQ3Mg==	65312	24273	0.394827663166
XMTM2MTIyMTg4OA==	101	49	0.26507205176
XMTM2MTA3OTg2OA==	61226	50066	0.0332243593114
XMTM2MDkxNjE1Ng==	49	36	0.0703873386089
XMTM2MDk3MzAzMg==	23	19	0.0302457466919
XMTM2MTEzMDI4MA==	3004	2980	6.38296740609e-05
XMTM2MTU1MDQzNg==	6708	2741	0.349734352738
XMTM2MTE3MjM4MA==	19090	13982	0.0715961914024
XMTM2MTQyNDE2OA==	3121	2715	0.0169225002749
XMTM2MTMzMjM1Ng==	1862	1410	0.0589274321295
XMTM2MTU3NjI0OA==	585	487	0.0280634085762
XMTM2MDkxNTIyNA==	38332	33324	0.0170689057936
XMTM2MTcxMjYyNA==	4848	3390	0.090446095971
XMTM2MTMxMTk0MA==	2786	1970	0.0857863308956
XMTM2MTE0MjA1Ng==	1150	743	0.125254442344
XMTM2MDg3ODYyMA==	3484	2366	0.102973936289
XMTM2MTMzMTI3Mg==	1306	359	0.525791552242
XMTM2MTM2ODA3Ng==	87	32	0.399656493592
XMTM2MTE3MzE2MA==	120	143	0.0367361111111
XMTM2MTU3Nzc3Mg==	60	71	0.0336111111111
XMTM2MTI5MTc4MA==	506	317	0.139515536878
XMTM2MTEzNTIwMA==	276	125	0.299319995799
XMTM2MTI4OTE2MA==	135	137	0.000219478737997
XMTM2MTI3OTIwOA==	262	276	0.00285531146204
XMTM2MDgzMzA4MA==	1135	870	0.0545129926837
XMTM2MTExMTAyNA==	232	157	0.104507282996
XMTM2MTA0NDYyOA==	530	206	0.373713065148
XMTM2MTExNzUxNg==	5934	5576	0.00363974509402
XMTM2MTEyMDM5Mg==	3415	2657	0.0492670995458
XMTM2MTUwNTc2OA==	252	27	0.797193877551
XMTM2MTI4MTMwOA==	101	74	0.0714635820018
XMTM2MDk1MjM5Ng==	1099	1168	0.00394187453066
XMTM2MTIzMTA4OA==	189	208	0.0101061000532
XMTM2MTM2NjUyNA==	1863	2172	0.0275100417227
XMTM2MTM0OTk3Mg==	1098	1151	0.00232995245537
XMTM2MTIxMjg5Mg==	46	45	0.00047258979206
XMTM2MTE0NTA2NA==	621	658	0.00354993374667
XMTM2MDkyMjQ0MA==	43	12	0.519740400216
XMTM2MDgyMjEzMg==	157344	63575	0.355155214722
XMTM2MTE4Nzk5Ng==	287	224	0.0481856038073
XMTM2MTIxOTYzMg==	346373	331590	0.00182153320114
XMTM2MTUyMzA0OA==	3389	1445	0.329040520504
XMTM2MTI0MTk5Ng==	30	14	0.284444444444
XMTM2MDcyNjA2OA==	791	769	0.000773557132149
XMTM2MDgxNDg1Ng==	156	134	0.0198882314267
XMTM2MDc3ODU1Mg==	429183	549646	0.0787811519548
XMTM2MTU3MjY0MA==	1190	613	0.235102746981
XMTM2MTA0NzA2OA==	15850	10349	0.120454979152
XMTM2MTQwNzExNg==	108	34	0.469478737997
XMTM2MTQwNzM5Mg==	409	250	0.151128938732
XMTM2MTQyNjY4OA==	2929	937	0.462530019381
XMTM2MTQ3NTcyOA==	1241	809	0.121178041934
XMTM2MTE1MzA5Ng==	255	121	0.276139946175
XMTM2MTUyODU2OA==	440	350	0.0418388429752
XMTM2MDk0MDgwMA==	63	56	0.0123456790123
XMTM2MTA2OTAxMg==	306	340	0.0123456790123
XMTM2MDkwNzYyOA==	20	23	0.0225
XMTM2MDc2NTA2OA==	11085	12777	0.0232985730269
XMTM2MDkyNDM2NA==	504918	610495	0.0437216887179
XMTM2MTA2ODg5Ng==	4151	1772	0.328460702436
XMTM2MTU3NjQ0MA==	21	18	0.0204081632653
XMTM2MTM4ODY0NA==	162	114	0.0877914951989
XMTM2MDk2MDkzNg==	16	10	0.140625
XMTM2MTE0NDE0OA==	663	754	0.0188389081123
XMTM2MTExMjQyMA==	1206	1218	9.90074503106e-05
XMTM2MDkxNDE4NA==	6613	7923	0.0392414951245
XMTM2MDkxODg2NA==	9384	4134	0.312998753933
XMTM2MDg4MDUyNA==	238	82	0.4296306758
XMTM2MDMzNDA5Ng==	477	348	0.0731379296705
XMTM2MTU1ODU4OA==	96	109	0.0183376736111
XMTM2MTE0NzI2OA==	7859	1435	0.668153868116
XMTM2MTQwNjQ0MA==	1654	1937	0.0292753341356
XMTM2MTM1Nzg0MA==	48	58	0.0434027777778
XMTM2MTU3MjE1Mg==	471	315	0.109700190677
XMTM2MDg5MTY2NA==	246	142	0.178729592174
XMTM2MTQyODMyNA==	826	970	0.0303923925215
XMTM2MTA3Mjk5Mg==	7318	1191	0.700988592187
XMTM2MTU3NzUwMA==	451	584	0.0869661407761
XMTM2MTE3MDk4MA==	373	205	0.202862092015
XMTM2MTAwOTc2OA==	3505	2275	0.12314993254
XMTM2MTEzMDQ0NA==	31	17	0.20395421436
XMTM2MDk1Mjg5Ng==	4298	2931	0.101158925304
XMTM2MDkyMDEwMA==	35	36	0.000816326530612
XMTM2MTI0NjIwMA==	2803	3047	0.00757763107134
XMTM2MTUxMTAxNg==	184	186	0.000118147448015
XMTM2MTE4ODM0MA==	350	340	0.000816326530612
XMTM2MTM4MzE2OA==	899	1051	0.0285869480488
XMTM2MTIwMDM0NA==	106	68	0.128515485938
XMTM2MTYzMDkwMA==	5	7	0.16
XMTM2MDg4MjgzMg==	33	41	0.058769513315
XMTM2MTMzNzk4MA==	20	20	0.0
XMTM2MDk1NzY0NA==	116	136	0.0297265160523
XMTM2MTEzNTAwNA==	365	86	0.584282229311
XMTM2MTI5NTM3Mg==	13031	3642	0.519138440974
XMTM2MTEzNDg2OA==	21284	12636	0.16509155622
XMTM2MTU3NDUwNA==	203	199	0.000388264699459
XMTM2MDg3NDcwOA==	155145	121646	0.0466217013653
XMTM2MDkwMjQ3Ng==	124	83	0.109326222685
XMTM2MTU0MTQ2MA==	144	52	0.408179012346
XMTM2MDQyMDcyOA==	24158	18676	0.0514939383282
XMTM2MTU0NDUxNg==	64	67	0.002197265625
XMTM2MDgwNTk3Mg==	4936	2740	0.197931250969
XMTM2MTE4MTM4MA==	2527	1729	0.0997229916898
XMTM2MTM3MDYzMg==	265	243	0.00689213243147
XMTM2MTYzNDU4NA==	163	158	0.000940946215514
XMTM2MDc0MTY2NA==	82667	72846	0.0141139010226
XMTM2MTUwNjIwMA==	10952	10393	0.00260517406189
XMTM2MDg1ODU4NA==	20	17	0.0225
XMTM2MTEwMDk3Ng==	45587	14831	0.455174242872
XMTM2MTA2Nzg0MA==	875	613	0.0896574693878
XMTM2MDkzOTkwOA==	13700	8839	0.125895471256
XMTM2MTA3OTE1Ng==	340	144	0.3323183391
XMTM2MTE4MjA0OA==	146	90	0.147119534622
XMTM2MDk5ODcwMA==	47	43	0.00724309642372
XMTM2MTM1MTM4MA==	5787	5130	0.0128891350566
XMTM2MTE1NzQ2MA==	5614	5406	0.00137271965894
XMTM2MDg0Mjc0OA==	102	72	0.0865051903114
XMTM2MDgyMzI2OA==	199	127	0.130905785207
XMTM2MTE0MzI1Ng==	38	30	0.0443213296399
XMTM2MTQxNDMzMg==	73134	64783	0.0130388206769
XMTM2MTM5NDQwNA==	975	1151	0.0325848783695
XMTM1OTg5NjI3Ng==	54	37	0.0991083676269
XMTM2MTIwOTM1Mg==	107	85	0.0422744344484
XMTM2MDkzNDU3Mg==	706	701	5.01568907543e-05
XMTM2MTU0MDUyOA==	527	384	0.0736293293102
XMTM2MTM3MjIyMA==	2915	2335	0.0395893953614
XMTM2MTA2MDkwOA==	122	131	0.0054420854609
XMTM2MTM3NjgxMg==	580	712	0.0517954815696
XMTM2MTE2NDQyOA==	1013	575	0.186951661958
XMTM2MTE0NTM1Ng==	5014	2991	0.162788269431
XMTM2MTQ4Mjg2OA==	484	539	0.0129132231405
XMTM2MDk1MzgzNg==	132	99	0.0625
XMTM2MTQyNDIzMg==	18	16	0.0123456790123
XMTM2MTY1OTY0OA==	17564	17914	0.000397090257442
XMTM2MDgzMDE1Mg==	272	284	0.00194636678201
XMTM2MDg0Mjc2OA==	112	68	0.154336734694
XMTM2MDg4MzMyOA==	8007	8583	0.00517493989312
XMTM2MTA1MzI5Ng==	81	33	0.351165980796
XMTM2MTI1Njc2OA==	7273	6544	0.0100468028819
XMTM2MTExMDcwMA==	1626	1882	0.0247878493545
XMTM2MTMyNjA5Mg==	31	29	0.00416233090531
XMTM2MDg3MDkyNA==	7	6	0.0204081632653
XMTM2MDg2MzM0OA==	78	40	0.237343852728
XMTM2MDk4NTIwMA==	3477	2650	0.0565720136823
XMTM2MTA1ODU5Ng==	19260	13441	0.0912817902043
XMTM2MTIwNTg4MA==	6426	5731	0.0116973683688
XMTM2MTMxMzcxNg==	217	79	0.404425662044
XMTM2MTIwNjY5Ng==	21254	11418	0.214168545706
XMTM2MTU4MDQ0NA==	29	34	0.0297265160523
XMTM2MTMwOTUyOA==	4190	4177	9.62628374183e-06
XMTM2MTE5NTk1Mg==	52	56	0.00591715976331
XMTM2MTU3MDg4MA==	230	219	0.00228733459357
XMTM2MDg4ODA2OA==	375	306	0.033856
XMTM2MTIwNDI3Mg==	1475	1009	0.0998131571388
XMTM2MDk5MjMxNg==	141	70	0.253558674111
XMTM2MTA0OTk0OA==	21868	2315	0.799481962949
XMTM2MTEwNTU3Mg==	250	293	0.029584
XMTM2MDk3Mjg3Mg==	60	40	0.111111111111
XMTM2MTEyMzU4NA==	121350	19853	0.699563030113
XMTM2MTUyNTU0OA==	116	54	0.285671819263
XMTM2MTMwNDMyOA==	1274	486	0.382572350278
XMTM2MTM5MjQyNA==	837	684	0.0334142675454
XMTM2MTA2MTcwOA==	571	853	0.243907974764
XMTM2MTI1ODA1Mg==	150206	15121	0.808797299102
XMTM2MDkyODk2OA==	707	262	0.396169643232
XMTM2MTQ5ODU5Mg==	12179	2797	0.593427401903
XMTM2MTQ3NjQ3Ng==	199	125	0.13827933638
XMTM2MTMxNDM0NA==	17	15	0.0138408304498
XMTM2MTM0MjU2NA==	45	31	0.0967901234568
XMTM2MTUxNzU0NA==	26	23	0.0133136094675
XMTM2MTE0NTcyOA==	280	176	0.137959183673
XMTM2MTE1MDg5Ng==	577	636	0.0104556827432
XMTM2MTQ4NzE4MA==	126	74	0.170319979844
XMTM2MTYzODM4NA==	5086	5054	3.95865126896e-05
XMTM2MDg2MzUyMA==	8	10	0.0625
XMTM2MTQ1MjQ1Ng==	1042	433	0.341585280042
XMTM2MDg4MzA5Mg==	42	39	0.00510204081633
XMTM2MTU4MDQ5Ng==	103	83	0.0377038363654
XMTM2MTQ3Nzk5Ng==	47	30	0.130828429153
XMTM2MTMzOTg4MA==	586	506	0.0186373749257
XMTM2MTEzMTA0NA==	705	787	0.0135284945425
XMTM2MTQ1OTE5Ng==	196	204	0.00166597251145
XMTM2MTQzNzU0OA==	715	189	0.541202014768
XMTM2MDc5MjU4MA==	104904	125226	0.0375274277634
XMTM2MTQyOTYzMg==	903	1053	0.0275935144204
XMTM2MDg3OTY4OA==	34	22	0.124567474048
XMTM2MTI0NDE1Mg==	14	7	0.25
XMTM2MDk2MDE5Ng==	3308	2501	0.0595135788949
XMTM2MTIwODc4NA==	385	43	0.789097655591
XMTM2MTM2NjM1Mg==	2300	2585	0.015354442344
XMTM2MTM5NjM0NA==	1360	1454	0.00477724913495
XMTM2MDkwMzI5Ng==	9312	5097	0.204884556176
XMTM2MTE0NzExMg==	9865	3109	0.469013239812
XMTM2MTIyNDU5Ng==	26323	14102	0.215547366265
XMTM2MTAxMzMxNg==	576	167	0.504198615934
XMTM2MTQ4MDgzNg==	134	131	0.000501225217198
XMTM2MDkzMTEyMA==	6346	7287	0.0219876649905
XMTM2MDk2OTIxNg==	50	35	0.09
XMTM2MDc2NjU5Mg==	567	493	0.0170332421949
XMTM2MTE4ODA5Mg==	25384	28218	0.0124646352294
XMTM2MTI2NjI2OA==	5419	266	0.904236394462
XMTM2MDkzNDEzMg==	529	404	0.0558352778899
XMTM2MTExMTc3Mg==	635	334	0.224690929382
XMTM2MTA5NDIxMg==	377	145	0.378698224852
XMTM2MTY4NTI1Mg==	229	163	0.0830647775595
XMTM2MDc0OTQ5Mg==	273	144	0.223282212293
XMTM2MTQ4MzE2MA==	29	32	0.0107015457788
XMTM2MTQxNTY0OA==	18508	16391	0.0130834637177
XMTM2MDc4NDQyOA==	2264	1590	0.0886271835083
XMTM2MTA2NTc1Mg==	2021	1497	0.0672248662669
XMTM2MDc1MDE1Ng==	754	387	0.236913297075
XMTM2MTQzODU4MA==	410	230	0.192742415229
XMTM2MDg4MTAyOA==	59660	29467	0.256121499594
XMTM2MDQ1NzQyNA==	109	91	0.0272704317818
XMTM2MTE3Mjg4MA==	299	339	0.0178968915337
XMTM2MTYyMjQxMg==	701	544	0.0501606630837
XMTM2MTI4NDE2MA==	1141	1230	0.00608427344742
XMTM2MTU5NzYzNg==	18	8	0.308641975309
XMTM2MDg1MDkxMg==	60	52	0.0177777777778
XMTM2MTM4NDc4OA==	316	280	0.0129786893126
XMTM2MTE2NTc2NA==	135	113	0.0265569272977
XMTM2MTA2NTU4OA==	98	74	0.0599750104123
XMTM2MTcyODIyNA==	129	77	0.162490234962
XMTM2MTEzNzk3Ng==	93955	67894	0.076938259719
XMTM2MTI2OTU1Mg==	4794	249	0.898817905987
XMTM2MDk0MTAwNA==	127	68	0.215822431645
XMTM2MTU3ODk2OA==	780	946	0.0452925706772
XMTM2MTUwOTI0OA==	3303	3077	0.0046816584965
XMTM2MTIzMjQ0MA==	35	35	0.0
XMTM2MTQ1MDI3Ng==	883	367	0.341490004348
XMTM2MTEzMTgwMA==	2345	1812	0.0516617036656
XMTM2MTEzMDc2MA==	903	1050	0.0265008112493
XMTM2MTYzNTQ1Mg==	18071	17355	0.00156986270754
XMTM2MDg5OTAyMA==	2027	850	0.337167284579
XMTM2MDg3ODUwNA==	2079	1774	0.0215224000698
XMTM2MTE5MDczMg==	2076	1345	0.123988114463
XMTM2MDg3MTM4OA==	169	143	0.0236686390533
XMTM2MTQzNDI3Ng==	333	214	0.127704280857
XMTM2MTQ0ODQ5Ng==	1052	1484	0.16863045584
XMTM2MDkxMTkzMg==	294	265	0.00972974223703
XMTM2MTMzMDYyNA==	285	309	0.00709141274238
XMTM2MTA3MjM1Mg==	278	195	0.0891387609337
XMTM2MTU2MjQ1Mg==	267	158	0.166659652962
XMTM2MTM4MjAyNA==	13	14	0.00591715976331
XMTM2MTM1MTk0OA==	39	37	0.00262984878369
XMTM2MDgzNDU3Mg==	294077	338956	0.0232897176831
XMTM2MTM3MDM3Ng==	42	34	0.0362811791383
XMTM2MTI1NTQ2NA==	136	112	0.0311418685121
XMTM2MTE0NjM4OA==	326	316	0.000940946215514
XMTM2MTExMzA4NA==	2388	2307	0.0011505391278
XMTM2MTczNjUwNA==	90	17	0.657901234568
XMTM2MTEzNjcyNA==	22	27	0.051652892562
XMTM2MTYxMzM5Mg==	187	139	0.0658869284223
XMTM2MTE2NzEyMA==	106	109	0.000800996796013
XMTM2MTIxOTUzMg==	69	77	0.0134425540853
XMTM2MTA1MzUyMA==	4409	2246	0.240676031176
XMTM2MTI4ODc2NA==	1078	729	0.104812560882
XMTM2MTI4NjcwNA==	338359	55033	0.701160424122
XMTM2MTIxNDgwMA==	115	79	0.0979962192817
XMTM2MDk5MDE2MA==	77	21	0.528925619835
XMTM2MDkzMjkyMA==	795	481	0.156000158222
XMTM2MTA3Mjk5Ng==	5173	1583	0.481619364536
XMTM2MTA2NzkxNg==	16663	15535	0.00458259852155
XMTM2MTIzMTc1Ng==	863	538	0.141822497983
XMTM2MTU3MTE0OA==	1239	1425	0.0225363342694
XMTM2MDk3OTc0MA==	6394	2575	0.356741844016
XMTM2MTE2OTAwNA==	724	826	0.0198482952291
XMTM2MDk3NzkwNA==	290	130	0.304399524376
XMTM2MTAwNjEyNA==	4683	840	0.673429990549
XMTM2MTE5MDkwMA==	672	597	0.0124561543367
XMTM2MTE4MTA3Mg==	468	241	0.235266454818
XMTM2MDk4MzcxNg==	200	87	0.319225
XMTM2MTAzMDMyNA==	84803	98883	0.0275665792259
XMTM2MDk4NjY5Mg==	18146	8872	0.261199517309
XMTM2MTIxMDEyMA==	991	546	0.201638154083
XMTM2MTU5MjY5Ng==	69	52	0.0607015332913
XMTM2MTI2NzUwNA==	5137	287	0.891382997062
XMTM2MTY3MDg5Ng==	1155	758	0.118145462042
XMTM2MTI3NjAwMA==	57	64	0.015081563558
XMTM2MTU0NTM0MA==	18223	6446	0.417666458445
XMTM2MTA4MzM4OA==	1636	1727	0.00309397062428
XMTM2MTM3ODYxMg==	2216	2616	0.032582204903
XMTM1OTgwMjgzNg==	618	484	0.04701458929
XMTM2MTUxMzE0NA==	610	625	0.000604676162322
XMTM2MTQ0NzIwMA==	96	58	0.156684027778
XMTM2MTI3Njk0NA==	46672	39946	0.0207682977913
XMTM2MTAyNzgxNg==	522	169	0.457307585033
XMTM2MDc0OTE5Mg==	979	873	0.0117232046626
XMTM2MTIzODYzMg==	8984	11477	0.0770025434551
XMTM2MTUzNzYyMA==	2872	2982	0.00146695401184
XMTM2MTU4MDM2OA==	5811782	6050008	0.00168019499325
XMTM2MDkzOTM0OA==	1267	1333	0.00271353008711
XMTM2MTA4NTMxNg==	62	67	0.00650364203954
XMTM2MTI2MTI3Ng==	882	238	0.533131771227
XMTM2MDcyNzEzNg==	14435	1360	0.820445653623
XMTM2MTQyODczMg==	268	265	0.000125306304299
XMTM2MTQwODU2OA==	11	12	0.00826446280992
XMTM2MTI3MDI5Mg==	4523	245	0.894598951809
XMTM2MTU3MDU1Mg==	8494	7273	0.0206636394094
XMTM2MTMzNTI2OA==	11819	12059	0.000412345270927
XMTM2MTI4ODEyMA==	59972	3469	0.887658568296
XMTM2MTE1MjAyNA==	380	396	0.0017728531856
XMTM2MDkxNjQwOA==	100	75	0.0625
XMTM2MTM0NTE1Ng==	158	124	0.0463066816215
XMTM1ODIzNjMxMg==	97	68	0.0893825061112
XMTM2MTcwNzYzNg==	42913	17717	0.344735053744
XMTM2MTU1MzU3Ng==	41	46	0.0148720999405
XMTM2MDc0NjI2MA==	17	19	0.0138408304498
XMTM2MTQzMTQxMg==	8	8	0.0
XMTM2MTIxMTE4OA==	10253	6232	0.153803504583
XMTM2MTQ2NzU2MA==	127	81	0.131192262385
XMTM2MDg3NjE0OA==	119	140	0.0311418685121
XMTM1ODkxMDg2NA==	676	571	0.0241259934876
XMTM2MDkwMTM5Mg==	3533	984	0.520537948416
XMTM2MDU3Mjg1Ng==	1305	699	0.215637468622
XMTM2MTIwMDE3Ng==	370	305	0.0308619430241
XMTM2MTQzNjMwMA==	466	574	0.0537125384516
XMTM2MDk4OTgwOA==	2109	2185	0.00129859589319
XMTM2MDk2MDYwMA==	15175	9883	0.121613635537
XMTM2MTAzNjI4MA==	217	240	0.0112340461679
XMTM2MTMyMDU2NA==	22	17	0.051652892562
XMTM2MTIyOTIyMA==	269	173	0.127361423971
XMTM2MTQzMjc3Mg==	648	362	0.194796905959
XMTM2MTA1NjUxMg==	74574	61526	0.0306135024337
XMTM2MTQzOTkwNA==	486	421	0.0178876864977
XMTM2MTA5NzQ2MA==	210	162	0.0522448979592
XMTM2MTE0MDc2NA==	69	54	0.047258979206
XMTM2MTQxMzY0NA==	3887	1949	0.248587029162
XMTM2MTU5NzY5Ng==	1365	611	0.305124716553
XMTM2MDk4MDA5Mg==	9388	3538	0.388298372543
XMTM2MTU1MjgzMg==	16173	8075	0.250711567255
XMTM2MTE3MzU3Mg==	303	224	0.0679780849372
XMTM2MDU2OTU4NA==	2106	945	0.303911900066
XMTM2MTUwMTEwNA==	168447	106054	0.137197176778
XMTM2MTczNzk0NA==	70	56	0.04
XMTM2MTE1MDUyNA==	22890	12918	0.189789837659
XMTM2MTU2NzEyNA==	53	43	0.0355998576006
XMTM2MTIxODQxMg==	759	706	0.00487605041652
XMTM2MTQ3Nzg3Mg==	743	621	0.0269613748055
XMTM2MTE1NTQ5Mg==	657	657	0.0
XMTM2MTEwODAwNA==	371	162	0.317354567316
XMTM2MTYyOTY5Ng==	67329	89733	0.11072528317
XMTM2MDc2MzI4OA==	28	13	0.286989795918
XMTM2MDg4OTM1Ng==	39	24	0.147928994083
XMTM2MTY0MTI2NA==	870	699	0.0386325802616
XMTM2MDk5MTIxMg==	13635	9245	0.103661802435
XMTM2MDg4MzYwOA==	135524	113297	0.0268985751922
XMTM2MTM4NTk3Mg==	10	7	0.09
XMTM2MDkwMDM2NA==	19395	15707	0.0361578215364
XMTM2MTYwOTgyNA==	2972	1378	0.287659700498
XMTM2MDk2Nzc1Ng==	81	101	0.0609663161103
XMTM2MDg1NTI0MA==	505	511	0.000141162631115
XMTM2MDgxNDQwOA==	989	1038	0.00245470652404
XMTM2MDYyNzA3Mg==	385	314	0.0340091077753
XMTM2MTAyNzA2OA==	401	476	0.0349811257393
XMTM2MTI0MzM2NA==	15319	11839	0.0516056978837
XMTM2MTI2Njc5Mg==	5230	301	0.888207137086
XMTM2MDkzODU4MA==	273	130	0.274376417234
XMTM2MDkxOTM3Ng==	133	120	0.00955396008819
XMTM2MTI2MjczNg==	120	117	0.000625
XMTM2MTExMjc0MA==	10056	7431	0.0681409346324
XMTM2MTM5NTk3Mg==	6079	1749	0.507354487405
XMTM2MDc3MTgyOA==	26	22	0.0236686390533
XMTM2MTUyMDAzNg==	2048	2531	0.0556204319
XMTM2MTE3MDY1Mg==	284	280	0.000198373338623
XMTM2MTM5MTYzMg==	4600	2838	0.146722306238
XMTM2MTQzMzM1Mg==	24	23	0.00173611111111
XMTM2MTMwNDY3Mg==	124	125	6.50364203954e-05
XMTM2MDkzMzUyNA==	474	131	0.523638483861
XMTM2MTY0MDUyNA==	24246	11771	0.264728626835
XMTM2MTY4Nzg0NA==	28	34	0.0459183673469
XMTM2MDg0Mjk1Ng==	96	65	0.104275173611
XMTM2MTM0NTI2OA==	207	198	0.00189035916824
XMTM2MTQ2NDU0NA==	3466	1695	0.261083848408
XMTM2MTEzNjQxMg==	110	84	0.055867768595
XMTM2MTE1MDA4MA==	2705	3344	0.0558042373779
XMTM2MTUxMTk4MA==	328	311	0.00268627305175
XMTM2MTMwMDAzMg==	973	1197	0.052999327157
XMTM2MTU2NjcwOA==	1790	1265	0.0860225960488
XMTM2MDk4MDg4NA==	7771	5275	0.103165703516
XMTM2MDg0MTU0NA==	103	52	0.245169195966
XMTM2MTE0MDQ0OA==	80	58	0.075625
XMTM2MTAwMTYxMg==	10	13	0.09
XMTM2MTI3NDg1Mg==	3099	24	0.984571108877
XMTM2MDg1NjQ1Ng==	1773	1948	0.00974223555755
XMTM2MTAxMjk2NA==	379	396	0.00201196037343
XMTM2MTU4NDgzMg==	418	505	0.0433197500057
XMTM2MTUxMjYyOA==	5595	5165	0.00590658868947
XMTM2MDk5NzU4OA==	12663	11323	0.0111978947958
XMTM2MDM5NDYwNA==	2041	1137	0.196178247926
XMTM2MTAxOTE2OA==	16	16	0.0
XMTM2MTYzMTQyMA==	16	15	0.00390625
XMTM2MTM1MzU0NA==	710	715	4.95933346558e-05
XMTM2MTUxNjcxNg==	1277	472	0.397383624134
XMTM2MDc1ODgzMg==	150	62	0.344177777778
XMTM2MTMwMDg2MA==	645	605	0.00384592272099
XMTM2MTQ5OTg0MA==	327	185	0.188573726491
XMTM2MTU4ODA4OA==	188	104	0.199637845179
XMTM2MDk5Nzk0NA==	5589	4595	0.031630390204
XMTM2MDg4MjM3Ng==	123	48	0.371802498513
XMTM2MDk1ODMyOA==	557	308	0.199842706987
XMTM2MDk4NzE4MA==	5	8	0.36
XMTM2MTIyMjU1Ng==	6608	6258	0.00280540792876
XMTM2MDgxNjczNg==	10788	10386	0.0013885778414
XMTM2MDkzNTQ2OA==	442	308	0.0919104850433
XMTM2MDk4Mzc1Ng==	395	203	0.236269828553
XMTM2MTUzNTYyMA==	220	82	0.39347107438
XMTM2MDg3NzU0OA==	451	304	0.10623841574
XMTM2MTMyMDAzNg==	419	274	0.119758944185
XMTM2MTQ3OTI5Mg==	1156	1201	0.00151533746004
XMTM2MTYxNDU4MA==	688	543	0.0444180131152
XMTM2MTMzODg1Mg==	912	487	0.217164175516
XMTM2MTEwNzk0MA==	82	46	0.192742415229
XMTM2MTA5MjQ2MA==	756	268	0.416673665351
XMTM2MTAyMTcyMA==	714	738	0.00112986371019
XMTM2MTIyNDE2NA==	15	8	0.217777777778
XMTM2MTUxNTgyOA==	680	386	0.186929065744
XMTM2MTMyOTkwNA==	5122	5279	0.000939550561763
XMTM2MTU5MTg5Mg==	175	108	0.146579591837
XMTM2MDk4OTQ4MA==	642	503	0.0468769713027
XMTM2MTA2OTQ0MA==	1693	1006	0.164664340049
XMTM2MTQ4NTkyOA==	563	492	0.0159037634595
XMTM2MDk5MDQ2OA==	4310	2838	0.116643644253
XMTM2MTA5MDU4NA==	1482	48	0.936271697618
XMTM2MTIzNTA1Ng==	7301	3832	0.225758391851
XMTM2MTQyNjM2NA==	154	79	0.237181649519
XMTM2MTMxMTE0MA==	518	119	0.593316289262
XMTM2MTE4MjMwNA==	25143	33609	0.113376315064
XMTM2MTQ1NjQ4OA==	41145	44299	0.0058761009014
XMTM2MTU3ODM0NA==	5333	5219	0.000456947741683
XMTM2MTQwNjAyOA==	61530	41287	0.108237043267
XMTM2MTEwOTY4NA==	8063	4688	0.175208122061
XMTM2MDc1OTY3Ng==	11	14	0.0743801652893
XMTM2MTUxNjY0NA==	12097	9838	0.0348720196351
XMTM2MTE1Njc2NA==	1267	1354	0.0047150388497
XMTM2MDY3ODU2NA==	115	64	0.196672967864
XMTM2MDg3MTk3Ng==	152	86	0.188538781163
XMTM2MTM1ODg3Ng==	63	80	0.0728143109095
XMTM2MTQ4NzYyMA==	1999	2231	0.0134694660987
XMTM2MDc4OTE2OA==	5874	5389	0.00681735002757
XMTM2MTAwNTcyMA==	17	13	0.0553633217993
XMTM2MTA0OTU1Ng==	418	114	0.528925619835
XMTM2MTU3MDQxNg==	831	906	0.00814555122574
XMTM2MTQzOTU4OA==	141	71	0.246466475529
XMTM2MTY0MjM5Mg==	175	224	0.0784
XMTM2MDkwMTk3Ng==	293	274	0.00420505771762
XMTM2MTM0NzkwMA==	25508	30734	0.0419745447126
XMTM2MTAzMTA5Mg==	35	29	0.029387755102
XMTM2MTMzMjIxNg==	2	0	1.0
XMTM2MDk0NDQxMg==	9422	1514	0.704445049526
XMTM2MTA5MjkwNA==	381	116	0.483773189769
XMTM2MTA4NDIwNA==	3445	560	0.701315088231
XMTM2MDk2MDA0NA==	56946	21645	0.384279811314
XMTM2MTUxMzkzMg==	7231	6109	0.0240762581229
XMTM2MTU5NTk5Ng==	343	135	0.367737932324
XMTM2MTA4MTExMg==	18	24	0.111111111111
XMTM2MDkyNjY2OA==	34	41	0.0423875432526
XMTM2MDc4NDQzMg==	3256	967	0.494222818278
XMTM2MDY2NzYwNA==	50	64	0.0784
XMTM2MTE3MDMzNg==	106	82	0.0512637949448
XMTM2MTIwMTEwOA==	2262	1826	0.0371524772878
XMTM2MTAzNTM3Ng==	38	36	0.00277008310249
XMTM2MTMyMTYzNg==	91049	91031	3.9083608084e-08
XMTM2MDk2MjkyMA==	126	49	0.373456790123
XMTM2MTE3MDM4MA==	5464	4340	0.042316646266
XMTM2MTAwMDg3Ng==	339	297	0.0153496749941
XMTM2MDc0MTMwMA==	1690	852	0.245875144428
XMTM2MTYzMDgzMg==	3577	3780	0.00322072908728
XMTM2MTM3NjkwNA==	78	65	0.0277777777778
XMTM2MTAzMzM4MA==	20	29	0.2025
XMTM2MDk4MDM3Mg==	5493	7024	0.077683929125
XMTM2MDk2NzAxNg==	9023	2042	0.59859538093
XMTM2MTQ4Njk0MA==	698	729	0.0019724797005
XMTM2MTI3NzY4MA==	12	15	0.0625
XMTM2MTQxMzg0MA==	200	181	0.009025
XMTM2MTExMzAzNg==	16309	10861	0.1115885238
XMTM2MTY3NTU1Mg==	2299	1987	0.0184175240441
XMTM2MTIyMTMzMg==	3002	1196	0.361921277443
XMTM2MTA2NDE1Ng==	13166	4360	0.447352285769
XMTM2MTExNzI2OA==	77	55	0.0816326530612
XMTM2MTM5NTM2MA==	803	391	0.263246945995
XMTM2MTUxMDg0NA==	1055	1188	0.0158927247816
XMTM2MTA2MDIwMA==	40900	23069	0.190066152761
XMTM2MTE3MjYyOA==	1653	869	0.224950217921
XMTM2MDQ5NjU3Mg==	134	104	0.0501225217198
XMTM2MTQwOTkyNA==	781	312	0.360614858983
XMTM2MTA5OTQxNg==	561	218	0.373819986591
XMTM2MTUxMzQ4MA==	7212	5884	0.0339066367787
XMTM2MTIxMzY4OA==	838	526	0.138618485882
XMTM2MDc1ODE2OA==	364	279	0.0545299480739
XMTM2MTI2NTI2OA==	4278	5169	0.0433784318084
XMTM2MTQ0NzUxMg==	104	63	0.155417899408
XMTM2MTU1MTc2MA==	2691	2904	0.00626515487647
XMTM2MTI0MjgwOA==	5064	5587	0.0106663537681
XMTM2MTAzMDk4MA==	16	17	0.00390625
XMTM2MTA2ODU2MA==	256	266	0.00152587890625
XMTM2MTE1MjgwOA==	49	34	0.0937109537693
XMTM2MTM2MTQ4NA==	128	141	0.0103149414062
XMTM2MTE5NTU0MA==	29	36	0.0582639714625
XMTM2MDc3NDYyNA==	29428	23519	0.0403186967096
XMTM2MTIzMzY2OA==	30705	40152	0.0946606816032
XMTM2MTcwODcxMg==	143776	120603	0.025977163597
XMTM2MTUzMDYyOA==	25	27	0.0064
XMTM2MTUwNzg4MA==	3742	1263	0.438879693748
XMTM2MDk1NTcxMg==	125	87	0.092416
XMTM2MTQ0MTI3Ng==	32	29	0.0087890625
XMTM2MTU0NzYzMg==	889	726	0.0336179856033
XMTM2MTU2NTc1Ng==	80	87	0.00765625
XMTM1ODk3MjkzNg==	86	67	0.0488101676582
XMTM2MTMzNDIzMg==	107	121	0.0171193990742
XMTM2MDkwNzI0NA==	148819	154090	0.00125449596436
XMTM2MTM2MDE0MA==	193	127	0.116942736718
XMTM2MTU2ODMyOA==	9895	12704	0.0805882790013
XMTM2MTMxNTU1Mg==	786	473	0.158578236182
XMTM2MDg5NzQ0OA==	176	201	0.020176911157
XMTM2MDkyODY2MA==	2279	859	0.388229058225
XMTM2MTIxNDk0OA==	10235	13092	0.077919254147
XMTM2MTIzMzM5Ng==	1852	835	0.301550422402
XMTM2MTI4NDg1Ng==	117501	119506	0.000291169330913
XMTM2MTI4OTQ4MA==	530	160	0.487362050552
XMTM2MTIwMzI3Ng==	1848065	1917044	0.00139315456972
XMTM2MDg3NDMwNA==	579	354	0.15101076539
XMTM2MTYwNDM0OA==	139	29	0.626261580664
XMTM2MTQ3OTQ2NA==	1420	965	0.102670601071
XMTM2MDYzNzU4OA==	67	26	0.374470928937
XMTM2MDgxNzU1Mg==	17598	10244	0.174630711853
XMTM2MTAwMjA5Ng==	89	43	0.267137987628
XMTM2MTQxNDQxMg==	135	153	0.0177777777778
XMTM2MTEzMzMzNg==	1659	662	0.361158253827
XMTM2MDczOTI3Mg==	67	53	0.043662285587
XMTM2MTU3NjY2OA==	340	336	0.000138408304498
XMTM2MTE3NTc3Mg==	105	111	0.00326530612245
XMTM2MTM5NDk5Mg==	1174	892	0.0576981678561
XMTM2MTMyNzg4NA==	14957	10267	0.0983233570252
XMTM2MDkxNDMyOA==	719	949	0.102328802366
XMTM2MDkyMDU4MA==	3776	3560	0.0032722278081
XMTM2MDk0Njg4OA==	13	19	0.213017751479
XMTM2MTE3ODE5Ng==	1126	1241	0.0104308307752
XMTM2MTU3NDA4OA==	1072	1360	0.0721764312765
XMTM2MTY5MDA5Mg==	27	39	0.197530864198
XMTM2MTIzNDAwOA==	134	114	0.0222766763199
XMTM2MTM0MzA0OA==	41	37	0.00951814396193
XMTM2MDk1MDI2OA==	165	178	0.00620752984389
XMTM2MTE3Nzc3Ng==	1076	500	0.286563203936
XMTM2MTIxNDExNg==	75	90	0.04
XMTM2MTU5NzE2OA==	318	410	0.0836992207587
XMTM2MTIyMTg2OA==	67583	43178	0.130401531414
XMTM2MDc1OTMzNg==	773	464	0.159793081173
XMTM2MDgzOTA3Mg==	305	287	0.00348293469497
XMTM2MTQ5MjU1Mg==	2634	1753	0.111871709766
XMTM2MTIxNzQ1Mg==	4271	2150	0.24661653649
XMTM2MTU3OTcyNA==	117	67	0.182628387757
XMTM2MTMzNTQwMA==	5163	5972	0.0245523345484
XMTM2MTI4MDY4OA==	2426	16	0.986853059973
XMTM2MTAwNTI2OA==	22	17	0.051652892562
XMTM2MTU0ODA3Ng==	14538	1835	0.763489848786
XMTM2MTM0ODAyOA==	9648	5133	0.218998388808
XMTM2MTM3NTA2NA==	1154	1082	0.00389272187163
XMTM2MTQ4MzUxNg==	1511	1923	0.0743473517172
XMTM2MTA0MTY1Ng==	1011	360	0.414628992066
XMTM2MTMwNzQwMA==	73	32	0.315443798086
XMTM2MDk4NTIwNA==	3862	2542	0.116821646654
XMTM2MDkzNTk2NA==	503	393	0.0478243856938
XMTM2MDg0MjI1Ng==	605	447	0.0682029915989
XMTM2MTM5MDMyMA==	1665	830	0.251503756008
XMTM2MTEwNjEwMA==	545	618	0.0179412507365
XMTM2MTE3ODUwOA==	630	344	0.206087175611
XMTM2MDcyOTYxNg==	34773	986	0.944093358597
XMTM2MTEzOTQzNg==	186	59	0.46620996647
XMTM2MTE2OTU0MA==	114	71	0.142274546014
XMTM2MTM5ODU1Ng==	954	1136	0.0363953605914
XMTM2MTU3MjQ3Ng==	715	1065	0.239620519341
XMTM2MDg0MTIzMg==	2799	1474	0.22409179719
XMTM2MTA5NzE4OA==	186	125	0.107555786796
XMTM2MTUzMzU4NA==	34857	25139	0.0777273348371
XMTM2MTYyMzg2MA==	9315	8512	0.00743130989127
XMTM2MTQ1ODkyNA==	13	16	0.0532544378698
XMTM2MTU3OTkwMA==	293	281	0.00167736374332
XMTM2MTcxNzM3Ng==	17935	12231	0.101147760526
XMTM2MTA1OTMwMA==	197	166	0.0247622974052
XMTM2MTUyODA4NA==	75	75	0.0
XMTM2MTM0OTQxMg==	167	181	0.00702786044677
XMTM2MTYzOTUyMA==	1701	1517	0.0117011088335
XMTM2MTUxNjExNg==	240	232	0.00111111111111
XMTM2MDc5MTQwMA==	220	186	0.0238842975207
XMTM2MDk5NDgxMg==	48	20	0.340277777778
XMTM2MDkwMDI4MA==	430	216	0.247679826933
XMTM2MDk4NDIyOA==	2249	607	0.533049321263
XMTM2MTEzMzYzNg==	87	50	0.180869335447
XMTM2MDc5NDY0OA==	373	352	0.00316972018774
XMTM2MTA4Nzg2OA==	300	139	0.288011111111
XMTM1OTY4NDg3Ng==	49	39	0.0416493127863
XMTM2MDk5NDc4MA==	133	53	0.361806772571
XMTM2MTMzNzYyNA==	2094	1326	0.134514494955
XMTM2MDgwMzA3Ng==	137	144	0.00261068783633
XMTM2MTU1MTQ0NA==	284	335	0.0322480658599
XMTM2MTIzNDgyOA==	136365	150053	0.0100756752073
XMTM2MTMwMzAxNg==	24102	15270	0.134280192924
XMTM2MDg1NDQwOA==	16	18	0.015625
XMTM2MTIzNDkxMg==	775	422	0.207465556712
XMTM2MDc1NTQ2MA==	21	22	0.00226757369615
XMTM2MTYwOTY2NA==	68490	13784	0.63799252426
XMTM2MTAyMDM2OA==	28553	21646	0.0585161064582
XMTM2MTI5Nzg5Ng==	385	314	0.0340091077753
XMTM2MTQzNTgxMg==	223	233	0.00201089907298
XMTM2MTUxOTU1Ng==	670	656	0.00043662285587
XMTM2MDgwNTE1Mg==	12931	5871	0.298088470514
XMTI4MjEwNDA2MA==	267	114	0.32836763035
XMTI4NjY1MTc3Mg==	27	24	0.0123456790123
XMTI4NzI2MDE4OA==	171098	1030	0.987996356124
XMTI4NzU5MDc0NA==	45196	11448	0.557565740686
XMTI4NzY2MjI2NA==	18	10	0.197530864198
XMTI4NzY2NDM3Mg==	50	44	0.0144
XMTI4Nzc1MzI5Mg==	75	90	0.04
XMTI4Nzc3MzA4OA==	6522	3308	0.242845553478
XMTI4Nzc3NTg4NA==	9686	10715	0.0112860461054
XMTI4NzcxOTkzNg==	583	485	0.0282562836691
XMTI4Nzg1NjA2MA==	72502	39154	0.211562948851
XMTI4Nzk0MTE5Mg==	521	270	0.232098319709
XMTI4Nzk0NTg5Ng==	265	228	0.0194944820221
XMTI4Nzk2ODc5Mg==	1230	847	0.0969588208077
XMTI4Nzk2OTI2MA==	401	306	0.0561252728528
XMTI4Nzk3NDU2NA==	369	181	0.259575061875
XMTI4Nzk3OTk0NA==	59	57	0.00114909508762
XMTI4Nzk4MTU2OA==	47	56	0.0366681756451
XMTI4Nzk4MjgxMg==	203	184	0.00876022228154
XMTI4Nzk4NDA4MA==	1192	707	0.165550679023
XMTI4Nzk4NTI2NA==	2987	3040	0.000314833758473
XMTI4Nzk4ODI3Ng==	49	29	0.166597251145
XMTI4Nzk5MTg5Ng==	1020	555	0.207828719723
XMTI4Nzk5MjIzMg==	224	119	0.2197265625
XMTI4Nzk5NDEyNA==	546	420	0.0532544378698
XMTI4Nzk5Njk4NA==	42493	42814	5.70657169857e-05
XMTI4Nzk5NzAwOA==	38496	35298	0.00690121738204
XMTI4Nzk5Nzg5Mg==	231	286	0.0566893424036
XMTI4Nzk5OTc4MA==	13457	3741	0.52128893603
XMTI4Nzk5OTkyMA==	157	142	0.00912815935738
XMTI4NzkwMDIxMg==	1095	1189	0.00736932090657
XMTI4NzkwNTE0MA==	52	30	0.17899408284
XMTI4NzkyOTEzMg==	5524	3397	0.148261244069
XMTI4ODA0MzkzNg==	24	21	0.015625
XMTI4ODA0NTA2OA==	389	160	0.346554675161
XMTI4ODA0OTA4MA==	8842	10969	0.057867398514
XMTI4ODA1MTE3Mg==	2493	1452	0.174364031563
XMTI4ODA1MTE5Ng==	4410	2182	0.255242620102
XMTI4ODA1MjMwNA==	2910	3348	0.0226549048783
XMTI4ODA1MzA3Ng==	1082	1345	0.0590822431248
XMTI4ODA1MzkyOA==	96	89	0.00531684027778
XMTI4ODA1NDg4NA==	4708	2451	0.229821264479
XMTI4ODA1NjM5Mg==	668	759	0.0185579439923
XMTI4ODA1Njc4NA==	606	726	0.0392118419763
XMTI4ODA1ODQwNA==	37	30	0.0357925493061
XMTI4ODA1ODk0MA==	3721	1830	0.258263907552
XMTI4ODA1OTMyMA==	1707	2009	0.0313001806202
XMTI4ODA2NDc1Mg==	10426	5351	0.236939054995
XMTI4ODA2OTAzMg==	104	28	0.534023668639
XMTI4ODA2OTI2NA==	336	264	0.0459183673469
XMTI4ODA3MTUyOA==	7030	5372	0.0556235115103
XMTI4ODA3MjQ5Ng==	2819	1763	0.140325850998
XMTI4ODA3Nzc1Mg==	14435	13301	0.00617152556957
XMTI4ODA3NzkxNg==	336	138	0.347257653061
XMTI4ODA3OTI2MA==	76	30	0.366343490305
XMTI4ODA4MjUwMA==	32	23	0.0791015625
XMTI4ODA4MzMzMg==	550	264	0.2704
XMTI4ODA4NzI3Mg==	2711	1214	0.304919055269
XMTI4ODA4NzUyNA==	66	83	0.0663452708907
XMTI4ODA4ODMwMA==	13	16	0.0532544378698
XMTI4ODA4ODQyNA==	35700	23895	0.109344149424
XMTI4ODA4ODkyMA==	692	589	0.0221545156871
XMTI4ODA5MDA4OA==	81377	2448	0.940740519434
XMTI4ODA5MTI3Mg==	428	205	0.271470215739
XMTI4ODA5MzM0NA==	12316	10327	0.026081358322
XMTI4ODA5NTI0MA==	86	56	0.121687398594
XMTI4ODA5NjM0MA==	35	16	0.294693877551
XMTI4ODA5NjQyNA==	18	14	0.0493827160494
XMTI4ODA5ODQ0OA==	5	7	0.16
XMTI4ODA5OTQwMA==	9	12	0.111111111111
XMTI4ODAwMTc2MA==	148	119	0.0383948137327
XMTI4ODAwMjUxNg==	17	16	0.00346020761246
XMTI4ODAwNTUxNg==	162	100	0.146471574455
XMTI4ODAwOTEyMA==	9	9	0.0
XMTI4ODAxMTU4OA==	96	106	0.0108506944444
XMTI4ODAxMjAyNA==	3	5	0.444444444444
XMTI4ODAxMjQxMg==	128	118	0.006103515625
XMTI4ODAxNDA0MA==	30	32	0.00444444444444
XMTI4ODAxNDU4MA==	544	70	0.759204692907
XMTI4ODAxNTEyNA==	732	839	0.0213670906865
XMTI4ODAxNjE2MA==	444	133	0.490630833536
XMTI4ODAxNjQ3Mg==	3825	3345	0.0157477893118
XMTI4ODAxNzAwOA==	61	23	0.38806772373
XMTI4ODAxNzQyOA==	1680	1391	0.0295921910431
XMTI4ODAyMTEwNA==	1976	709	0.411130171368
XMTI4ODAyMTYyNA==	274	331	0.0432761468379
XMTI4ODAyMjk1Mg==	3097	509	0.698306578314
XMTI4ODAyNTM5Mg==	1076	853	0.0429521772778
XMTI4ODAyNTU0OA==	391	218	0.195766642029
XMTI4ODAyNTYwNA==	55	41	0.0647933884298
XMTI4ODAyNjA5Ng==	3412	3002	0.0144394173244
XMTI4ODAyNzQ0OA==	197	240	0.0476435878276
XMTI4ODAyNzY3Mg==	1365	772	0.188731366314
XMTI4ODAzMDY0NA==	123	62	0.245951483905
XMTI4ODAzMTc2MA==	628	530	0.0243519006856
XMTI4ODAzMTkzNg==	24721	24868	3.53592138179e-05
XMTI4ODAzNDkwNA==	8	9	0.015625
XMTI4ODAzNjU0NA==	222	88	0.364337310283
XMTI4ODAzOTQzNg==	16491	10202	0.145435090695
XMTI4ODE0MDczMg==	427	457	0.00493613193732
XMTI4ODE0MTk0OA==	254	183	0.0781356562713
XMTI4ODE0MjQ3Mg==	8706	2218	0.555372481431
XMTI4ODE0MjU5Mg==	215	164	0.0562682531098
XMTI4ODE0NDk3Mg==	141	59	0.338212363563
XMTI4ODE0NzMyNA==	53	41	0.0512637949448
XMTI4ODE0ODE4NA==	168	148	0.0141723356009
XMTI4ODE0OTU2NA==	159	68	0.327558245323
XMTI4ODE0OTUzNg==	701	380	0.209688217973
XMTI4ODE1MDI2OA==	17	21	0.0553633217993
XMTI4ODE1MjA2MA==	62	59	0.00234131113424
XMTI4ODE1MjQ1Ng==	222	144	0.123447772096
XMTI4ODE1MjgxNg==	280	114	0.351479591837
XMTI4ODE1MzIyMA==	2745	2219	0.0367186572042
XMTI4ODE1NDAyNA==	193	75	0.373808692851
XMTI4ODE1NTkxNg==	504556	687627	0.131649846663
XMTI4ODE1NjY0OA==	2951	2690	0.00782244639401
XMTI4ODE1NzUwMA==	278	147	0.22205113607
XMTI4ODE1OTY0NA==	16	16	0.0
XMTI4ODE1OTg0MA==	124	138	0.0127471383975
XMTI4ODE2MTIzMg==	57	41	0.0787934749154
XMTI4ODE2MjY2OA==	6941	7073	0.000361662744468
XMTI4ODE2NTM4NA==	148	168	0.018261504748
XMTI4ODE2ODIwOA==	73667	84526	0.0217286977108
XMTI4ODE3MDYyNA==	4798	2111	0.313628012297
XMTI4ODE3MTAwNA==	391	316	0.0367933229113
XMTI4ODE3MzI4OA==	130	63	0.265621301775
XMTI4ODE3MzgzNg==	143	93	0.122255367011
XMTI4ODE3NTEwOA==	6685	6909	0.00112277623969
XMTI4ODE3NjEwNA==	880	589	0.109350464876
XMTI4ODE3Nzc1Mg==	94	54	0.181077410593
XMTI4ODE3OTEyOA==	3	5	0.444444444444
XMTI4ODE3OTM5Ng==	364	402	0.0108984422171
XMTI4ODE3OTczNg==	79	59	0.0640922929018
XMTI4ODE3OTg4NA==	1068	1066	3.50685238957e-06
XMTI4ODE4MDQyOA==	643	321	0.250778209646
XMTI4ODE4MTIzNg==	697	295	0.332649251043
XMTI4ODE4MTkwMA==	906	889	0.000352080074461
XMTI4ODE4Mjk4NA==	238	83	0.424140244333
XMTI4ODE4MzAyOA==	66	68	0.000918273645546
XMTI4ODE4NDQ4NA==	198	226	0.0199979593919
XMTI4ODE4Njc0OA==	88	111	0.0683109504132
XMTI4ODE4NzQ3Mg==	21541	11134	0.233409961871
XMTI4ODE4OTE5Ng==	11848	4636	0.370528266893
XMTI4ODE5MDEwNA==	433	264	0.152334270277
XMTI4ODE5MzE4MA==	2418	1962	0.0355645315223
XMTI4ODE5NDA3Mg==	50	31	0.1444
XMTI4ODE5NDUwNA==	7730	3907	0.244596145124
XMTI4ODE5NDYyMA==	1634	795	0.263645168684
XMTI4ODE5OTg4NA==	88693	72504	0.0333166522812
XMTI4ODEwMTM3Ng==	64603	48875	0.0592709146211
XMTI4ODEwMTQ5Ng==	722	302	0.338395193407
XMTI4ODEwMTg4MA==	14	17	0.0459183673469
XMTI4ODEwNDE0MA==	8843	6921	0.0472397419551
XMTI4ODEwNDE5Ng==	3777	3124	0.029890445837
XMTI4ODEwNTEyNA==	2712	1904	0.0887653257455
XMTI4ODEwNTI0MA==	32735	33053	9.43690426911e-05
XMTI4ODEwNTg2OA==	46638	43263	0.005236820863
XMTI4ODEwOTM0MA==	214	186	0.0171193990742
XMTI4ODEwOTU3Mg==	1901	2175	0.0207748019329
XMTI4ODExMTQwNA==	79475	36785	0.28853017319
XMTI4ODExMTkyOA==	108	90	0.0277777777778
XMTI4ODExMjI3Ng==	58	66	0.0190249702735
XMTI4ODExMjk1Ng==	454	419	0.00594325525432
XMTI4ODExMzc0OA==	16	25	0.31640625
XMTI4ODExNDQ3Mg==	126	109	0.0182035777274
XMTI4ODExNDkxNg==	1308	1414	0.00656744194746
XMTI4ODExNTIwNA==	98317	109915	0.0139158254421
XMTI4ODExNzU4MA==	350	303	0.0180326530612
XMTI4ODExODEwMA==	5549	4545	0.0327369319766
XMTI4ODEyMTI4NA==	359	184	0.237622302744
XMTI4ODEyMzI4NA==	1411	1693	0.0399433227135
XMTI4ODEyMzM2NA==	349	304	0.0166254792654
XMTI4ODEyNTc5Ng==	883	599	0.103446374131
XMTI4ODEyODUyOA==	41	42	0.00059488399762
XMTI4ODEzMDMzMg==	774	402	0.230995733429
XMTI4ODEzMDQzMg==	712	742	0.00177534402222
XMTI4ODEzMTE0OA==	342	449	0.0978848192606
XMTI4ODEzMTQ1Ng==	225052	251010	0.0133038304868
XMTI4ODEzMTYzNg==	3683	1944	0.222943967886
XMTI4ODEzMjc2NA==	88	114	0.0872933884298
XMTI4ODEzMzg0MA==	806	856	0.00384830889914
XMTI4ODEzNjg0OA==	15874	12659	0.0410193904629
XMTI4ODEzNzEyNA==	34127	30234	0.0130128547595
XMTI4ODEzOTU1Ng==	149	188	0.0685104274582
XMTI4ODI0MDk4NA==	2876	613	0.619143537907
XMTI4ODI0MTI0MA==	825	364	0.31224389348
XMTI4ODI0MjI4MA==	11750	5653	0.269250585785
XMTI4ODI0MjQxMg==	322	381	0.0335731646156
XMTI4ODI0MzEzNg==	6	7	0.0277777777778
XMTI4ODI0NTM2NA==	214	80	0.392086645122
XMTI4ODI0NjA5Ng==	124	150	0.0439646201873
XMTI4ODI0ODkzNg==	5211	5722	0.00961611512131
XMTI4ODI0OTUyMA==	69	91	0.10165931527
XMTI4ODI1MDE5Mg==	60	76	0.0711111111111
XMTI4ODI1MDUzMg==	5296	2687	0.24269018087
XMTI4ODI1NDI2NA==	237	197	0.0284854635119
XMTI4ODI2MDk2NA==	38454	28624	0.0653467498156
XMTI4ODI2MTkxMg==	16284	4587	0.515972781489
XMTI4ODI2MzM1Mg==	137	165	0.0417710053812
XMTI4ODI2NDI3Ng==	290	409	0.168382877527
XMTI4ODI2NDk2MA==	5	5	0.0
XMTI4ODI2NTc0OA==	6061	4379	0.0770128888991
XMTI4ODI2NjczNg==	185	157	0.0229072315559
XMTI4ODI2Nzc3Ng==	328	250	0.0565511600238
XMTI4ODI2ODg4NA==	111	89	0.039282525769
XMTI4ODI3MDQ4NA==	98	108	0.0104123281966
XMTI4ODI3Mjk3Mg==	426973	261891	0.149485344888
XMTI4ODI3NTE4OA==	1403	1135	0.0364883517602
XMTI4ODI3Nzc2NA==	260	329	0.0704289940828
XMTI4ODI3OTc4MA==	5642	4444	0.0450865985737
XMTI4ODI4MDkwOA==	8908	6595	0.0674203261035
XMTI4ODI4MjA0OA==	25	28	0.0144
XMTI4ODI4MjI3Mg==	32058	11434	0.41387858049
XMTI4ODI4MjcyOA==	468	132	0.515450361604
XMTI4ODI4NDYzMg==	4782	2689	0.191566389085
XMTI4ODI4NjA1Mg==	3713	1306	0.420244735942
XMTI4ODI4ODQ1Ng==	5681	3583	0.136383361084
XMTI4ODI4ODgxNg==	27271	2991	0.792675140116
XMTI4ODI4ODgyOA==	210	234	0.0130612244898
XMTI4ODI4OTIxNg==	1325	821	0.144686934852
XMTI4ODI5MzAxMg==	3696	696	0.658837915331
XMTI4ODI5Mzc2OA==	2940	1016	0.428267851358
XMTI4ODI5NDQwOA==	131	56	0.327778101509
XMTI4ODI5NTIxNg==	93	37	0.362585269973
XMTI4ODI5NTM4NA==	1516	1212	0.0402113602662
XMTI4ODI5NjM2MA==	16147	10223	0.134600418174
XMTI4ODI5Nzg0OA==	16249	13928	0.0204031397174
XMTI4ODI5OTA1Mg==	25262	13627	0.212127666053
XMTI4ODI5OTM2MA==	4869	4789	0.000269960624977
XMTI4ODIwMDIyNA==	739	593	0.0390316431707
XMTI4ODIwMDk1Mg==	432	294	0.102044753086
XMTI4ODIwNjQwNA==	719	432	0.159333102497
XMTI4ODIwNzYyNA==	14724	12722	0.0184874294093
XMTI4ODIwODQ0OA==	24554	24390	4.46111268178e-05
XMTI4ODIwOTExMg==	1469	581	0.365411608458
XMTI4ODIxMTA2MA==	180	231	0.0802777777778
XMTI4ODIxMzI1Mg==	221	123	0.196638070474
XMTI4ODIxNDUwMA==	4	4	0.0
XMTI4ODIxNDY3Mg==	10	14	0.16
XMTI4ODIxNjYyNA==	82190	107184	0.0924769653985
XMTI4ODIxODI4MA==	15	14	0.00444444444444
XMTI4ODIyMDE2MA==	215	141	0.118464034613
XMTI4ODIyMjEyOA==	82	50	0.152290303391
XMTI4ODIyMzQ3Mg==	317	346	0.00836907522216
XMTI4ODIyNDI4MA==	251	81	0.458722877415
XMTI4ODIyNTAwMA==	504	202	0.359048248929
XMTI4ODIyNTQ1Ng==	22	18	0.0330578512397
XMTI4ODIyNTYwNA==	4521	5223	0.0241104441164
XMTI4ODIyNjA1Ng==	2236	2307	0.00100826130229
XMTI4ODIyNjcyOA==	399	483	0.0443213296399
XMTI4ODIyNjgwNA==	1314	817	0.143061260422
XMTI4ODIyNzcwMA==	20	5	0.5625
XMTI4ODIyODk2NA==	32	36	0.015625
XMTI4ODIzMDUxNg==	21	6	0.510204081633
XMTI4ODIzMDk2NA==	8	9	0.015625
XMTI4ODIzMjQ2NA==	135	109	0.0370919067215
XMTI4ODIzNzcwNA==	86	60	0.091400757166
XMTI4ODM0MjU4MA==	25280	27135	0.00538435503375
XMTI4ODM0NDQ2NA==	1067	693	0.122861090445
XMTI4ODM0NTUwMA==	125	189	0.262144
XMTI4ODM0NjM2OA==	107	67	0.139750196524
XMTI4ODM0NzI5Ng==	76	88	0.0249307479224
XMTI4ODM0NzM3Ng==	339	229	0.105289720765
XMTI4ODM1MjI5Mg==	4362	10	0.995420202949
XMTI4ODM1MzU4NA==	34	31	0.00778546712803
XMTI4ODM1NTI0MA==	1280	638	0.251564941406
XMTI4ODM1ODAwNA==	50231	29935	0.163259048129
XMTI4ODM2NDU0OA==	766	722	0.00329949757651
XMTI4ODM2NDg4NA==	2346	2114	0.00977957438211
XMTI4ODM2ODYyOA==	17309	15382	0.0123942277842
XMTI4ODM2ODc5Mg==	102	111	0.00778546712803
XMTI4ODM2ODgxNg==	845	301	0.414461678513
XMTI4ODM2ODk5Mg==	46	61	0.106332703214
XMTI4ODM2OTE4OA==	121	123	0.000273205382146
XMTI4ODM2OTM1Ng==	46	49	0.00425330812854
XMTI4ODM3MTI4NA==	827	764	0.00580323396142
XMTI4ODM3MTczMg==	23	16	0.0926275992439
XMTI4ODM3NTY3Mg==	9	10	0.0123456790123
XMTI4ODM3NjY4NA==	5044	5098	0.000114613919318
XMTI4ODM3NzU0MA==	54	42	0.0493827160494
XMTI4ODM3OTM4OA==	14	13	0.00510204081633
XMTI4ODM3OTU1Mg==	26845	28796	0.00528187017342
XMTI4ODM4MDg0OA==	68	39	0.18187716263
XMTI4ODM4MTA3Ng==	187	83	0.309302525094
XMTI4ODM4MzIyNA==	95	56	0.168531855956
XMTI4ODM4MzcxNg==	620	525	0.0234781477627
XMTI4ODM4Mzg0NA==	66	73	0.0112488521579
XMTI4ODM4NDA4MA==	19861	7454	0.390239603439
XMTI4ODM4NTAyOA==	1121	634	0.188732501964
XMTI4ODM4NzI5Mg==	12	8	0.111111111111
XMTI4ODM4Nzg2MA==	559	551	0.000204812452597
XMTI4ODM4ODEyMA==	25	16	0.1296
XMTI4ODM5MDIxNg==	725	525	0.0760998810939
XMTI4ODM5MTAzNg==	1	0	1.0
XMTI4ODM5MTI1Ng==	201	255	0.0721764312765
XMTI4ODM5MTY3Mg==	626	498	0.0418091437087
XMTI4ODM5MTc0MA==	1600	1009	0.136437890625
XMTI4ODM5MjAwNA==	267	324	0.0455750536548
XMTI4ODM5MjI0MA==	1664	2168	0.0917390902367
XMTI4ODM5MjU2MA==	1116	1404	0.0665972944849
XMTI4ODM5MzM1Ng==	1506	1987	0.102009403731
XMTI4ODM5NDMwNA==	66	51	0.051652892562
XMTI4ODM5ODU3Mg==	257	184	0.080682523581
XMTI4ODMwMDkxNg==	17617	12768	0.0757600860983
XMTI4ODMwMTc1Mg==	4	4	0.0
XMTI4ODMwMzk0OA==	30	25	0.0277777777778
XMTI4ODMwNDU2OA==	590	74	0.764883654122
XMTI4ODMwNjM5Ng==	173	135	0.0482475191286
XMTI4ODMwOTE2NA==	24136	11246	0.285216890224
XMTI4ODMwOTk1Ng==	57	53	0.00492459218221
XMTI4ODMxMDEzNg==	568	738	0.0895779607221
XMTI4ODMxMDM1Ng==	32	27	0.0244140625
XMTI4ODMxMDkwMA==	1407	1595	0.0178536700193
XMTI4ODMxMTUwMA==	573	668	0.0274876724261
XMTI4ODMxNTEwNA==	340	285	0.0261678200692
XMTI4ODMxNTk0MA==	2218	1151	0.231422592918
XMTI4ODMxNjA4MA==	229	246	0.00551095516867
XMTI4ODMxNjI1Mg==	77	45	0.172710406477
XMTI4ODMxNjMyOA==	11116	8465	0.0568751269772
XMTI4ODMxNjg1Ng==	1505	360	0.578812595887
XMTI4ODMxNzM0OA==	119	75	0.136713508933
XMTI4ODMxODI2OA==	385232	203413	0.222758260992
XMTI4ODMxODc2NA==	1471	1419	0.00124962970939
XMTI4ODMxOTE2NA==	12376	1256	0.807326063039
XMTI4ODMxOTg3Ng==	333	132	0.364337310283
XMTI4ODMyMTQ0MA==	199	220	0.0111360824222
XMTI4ODMyMjQyNA==	1253	987	0.0450672575762
XMTI4ODMyMjgwMA==	29541	24509	0.0290155548379
XMTI4ODMyMzQ4MA==	59	33	0.194197069808
XMTI4ODMyMzUwNA==	13948	8215	0.168942923854
XMTI4ODMyNDY0OA==	58	56	0.00118906064209
XMTI4ODMyNTA0OA==	1208	1335	0.0110528321126
XMTI4ODMyNTUwOA==	15611	6966	0.306668061368
XMTI4ODMyNjM1Ng==	194	260	0.115740248698
XMTI4ODMyNzc5Mg==	5206	1293	0.564951763008
XMTI4ODMyOTIyMA==	239	273	0.0202377409359
XMTI4ODMyOTg1Mg==	5459	6435	0.0319649071107
XMTI4ODMzMDQ3Mg==	21113	14311	0.103794265458
XMTI4ODMzMDUyMA==	180069	93950	0.228728378367
XMTI4ODMzMjI2MA==	127	61	0.270072540145
XMTI4ODMzMjU5Mg==	229	196	0.0207661943899
XMTI4ODMzMzMyOA==	1520	1465	0.00130929709141
XMTI4ODMzNDU1Mg==	1459	82	0.890753006204
XMTI4ODMzNDYzNg==	11651	9195	0.0444355254863
XMTI4ODMzNzkxMg==	4784	2166	0.299472496113
XMTI4ODMzOTkzMg==	1105	1207	0.00852071005917
XMTI4ODQ0MDA5Mg==	2460	758	0.478683984401
XMTI4ODQ0MDM3Mg==	2514	3343	0.108737292324
XMTI4ODQ0MjQ4OA==	507	539	0.00398367626406
XMTI4ODQ0Mjc2OA==	666	564	0.0234558883208
XMTI4ODQ0Mzc5Mg==	4661	2422	0.230754394918
XMTI4ODQ0NDExNg==	1114	1182	0.00372603940706
XMTI4ODQ0NDY2MA==	936	812	0.0175505880634
XMTI4ODQ0NDg4NA==	29	35	0.0428061831153
XMTI4ODQ0NjUyNA==	117	39	0.444444444444
XMTI4ODQ0ODcxMg==	215	45	0.625202812331
XMTI4ODQ1MjE2OA==	88	95	0.00632747933884
XMTI4ODQ1MjUzMg==	695	571	0.0318327208737
XMTI4ODQ1MzU3Mg==	2106	1472	0.0906278718878
XMTI4ODQ1NDc2MA==	136	124	0.00778546712803
XMTI4ODQ2MTg0MA==	18	17	0.00308641975309
XMTI4ODQ2Mjk5Ng==	155	181	0.0281373569199
XMTI4ODQ2NDU1Mg==	805	422	0.226363180433
XMTI4ODQ2NTI5Ng==	140	118	0.024693877551
XMTI4ODQ2NzE0OA==	82	86	0.00237953599048
XMTI4ODQ2Nzc5Ng==	919	988	0.00563724822719
XMTI4ODQ2ODI3Mg==	254	254	0.0
XMTI4ODQ2ODQwMA==	157	114	0.0750131851191
XMTI4ODQ2ODc4NA==	2738	713	0.546994761923
XMTI4ODQ3MjAzNg==	1602	677	0.333394508425
XMTI4ODQ3MzQyNA==	23847	15131	0.133587843691
XMTI4ODQ3MzYwNA==	665	465	0.0904516931426
XMTI4ODQ3Mzc5Ng==	110040	5904	0.895572233672
XMTI4ODQ3NDc5Ng==	117	29	0.565709693915
XMTI4ODQ3NjAyMA==	840	782	0.00476757369615
XMTI4ODQ3NzI0OA==	435	455	0.00211388558594
XMTI4ODQ3ODQwMA==	50	45	0.01
XMTI4ODQ4MDE3Ng==	12035	12395	0.000894772879752
XMTI4ODQ4MDU3Ng==	161	86	0.217005516762
XMTI4ODQ4MTIyNA==	34546	18097	0.226716675102
XMTI4ODQ4MjA5Ng==	132	72	0.206611570248
XMTI4ODQ4Mjk2OA==	1230	713	0.176673276489
XMTI4ODQ4NTE5Ng==	671	458	0.100766034191
XMTI4ODQ4NTMxNg==	12	14	0.0277777777778
XMTI4ODQ4NTQyNA==	5094	4873	0.00188220388768
XMTI4ODQ4NTc0NA==	2013	2050	0.000337843757257
XMTI4ODQ4NzcyOA==	679	555	0.0333506130691
XMTI4ODQ4OTEwNA==	960	598	0.142191840278
XMTI4ODQ5MzY4OA==	109	87	0.0407373116741
XMTI4ODQ5Mzc2OA==	8651	6409	0.0671643154155
XMTI4ODQ5NDE1Ng==	4853	1313	0.53209103463
XMTI4ODQ5NjI4MA==	12358	3455	0.519010764027
XMTI4ODQ5NzU3Mg==	2018	2219	0.00992087073622
XMTI4ODQ5NzgyOA==	1114	565	0.242870242934
XMTI4ODQ5OTY2MA==	613	717	0.0287836410135
XMTI4ODQwNzA1Mg==	2669	1686	0.135646904687
XMTI4ODQwOTcwOA==	620	532	0.0201456815817
XMTI4ODQxMDc1Ng==	1043	717	0.0976937056522
XMTI4ODQxMTMyMA==	104	92	0.0133136094675
XMTI4ODQxMTQ2MA==	27	5	0.663923182442
XMTI4ODQxMTg4OA==	221	102	0.289940828402
XMTI4ODQxMTk3Mg==	5321	3557	0.109903277433
XMTI4ODQxMjQ1Mg==	134	73	0.207228781466
XMTI4ODQxMjc2NA==	477	391	0.0325057465202
XMTI4ODQxMzYwNA==	5	7	0.16
XMTI4ODQxNDc0NA==	87	116	0.111111111111
XMTI4ODQxNTc3Mg==	4052346	3903829	0.00134319571319
XMTI4ODQxNzI5Ng==	2063	182	0.831340876778
XMTI4ODQxNzU4MA==	26002	26224	7.28941105339e-05
XMTI4ODQxNzkyMA==	8	10	0.0625
XMTI4ODQxODI5Ng==	1061	785	0.0676686319257
XMTI4ODQxODM2MA==	17	10	0.16955017301
XMTI4ODQyMDA4OA==	274	156	0.185465395066
XMTI4ODQyMTA4NA==	1767	420	0.581115008893
XMTI4ODQyNTgxMg==	151	133	0.0142099030744
XMTI4ODQyNjQwMA==	3	4	0.111111111111
XMTI4ODQyODE0NA==	83	25	0.488314704602
XMTI4ODQyODkyOA==	44622	56011	0.0651438050571
XMTI4ODQyOTU3Ng==	2573	1297	0.245935813764
XMTI4ODQyOTY2MA==	46	46	0.0
XMTI4ODQyOTgwMA==	1165	304	0.546203466632
XMTI4ODQzMjE0MA==	20640	10011	0.265195058985
XMTI4ODQzMzMwMA==	25	17	0.1024
XMTI4ODQzMzc5Mg==	772	747	0.00104868587076
XMTI4ODQzNTUyNA==	21075	22925	0.00770563245709
XMTI4ODQzNTgyNA==	122	150	0.0526740123623
XMTI4ODQzNjMwNA==	4937	5586	0.017280771958
XMTI4ODQzNjQ2NA==	73	41	0.192156126853
XMTI4ODQzNjYyMA==	4441	1614	0.405219252081
XMTI4ODQzNzI1Ng==	29	41	0.171224732461
XMTI4ODQzODI2MA==	1249	1318	0.00305192112056
XMTI4ODQzODY5Ng==	92	85	0.00578922495274
XMTI4ODU0MjIyNA==	120	139	0.0250694444444
XMTI4ODU0NDE5Ng==	67162	76628	0.0198648714717
XMTI4ODU0NjE4OA==	256	111	0.320816040039
XMTI4ODU0NjI3Ng==	146	87	0.163304559955
XMTI4ODU0Njk1Mg==	2864045	3611319	0.0680769467519
XMTI4ODU0NzM1Ng==	342	163	0.273938989775
XMTI4ODU0ODg0NA==	12000	8222	0.0991200277778
XMTI4ODU0OTM2OA==	18357	9221	0.247690167005
XMTI4ODU0OTk5Mg==	697	835	0.0392005911788
XMTI4ODU1MDc0MA==	452	598	0.104334716892
XMTI4ODU1MTU5Ng==	7494	10790	0.19344033184
XMTI4ODU1MjExNg==	5	6	0.04
XMTI4ODU1MzQyMA==	14	11	0.0459183673469
XMTI4ODU1NDEzMg==	22	21	0.00206611570248
XMTI4ODU1NDkwNA==	701	288	0.347107555744
XMTI4ODU1NjE3Ng==	5217	4021	0.0525558041861
XMTI4ODU1NzE4OA==	92	90	0.00047258979206
XMTI4ODU1NzIwMA==	837	557	0.111909033942
XMTI4ODU1NzQ0MA==	39503	48781	0.0551630891533
XMTI4ODU1ODU5Ng==	592925	686751	0.0250407238682
XMTI4ODU2MDg0MA==	175	223	0.0752326530612
XMTI4ODU2MTc2NA==	24	27	0.015625
XMTI4ODU2NTIyOA==	6542	6507	2.86229906777e-05
XMTI4ODU2NTg0OA==	75	46	0.149511111111
XMTI4ODU2OTg2NA==	489	471	0.00135496255034
XMTI4ODU3MDcyOA==	402	488	0.0457661939061
XMTI4ODU3MTE0OA==	3013	1519	0.245868522606
XMTI4ODU3MTg2OA==	731	894	0.0497210687157
XMTI4ODU3MjU3Mg==	134	144	0.00556916907997
XMTI4ODU3MzQwNA==	26	16	0.147928994083
XMTI4ODU3MzY5Ng==	367	145	0.365909614
XMTI4ODU3Mzc2MA==	637	508	0.0410110185845
XMTI4ODU3NDAyOA==	77	40	0.230898971159
XMTI4ODU3NTg0NA==	442	439	4.60678528286e-05
XMTI4ODU3Njg3Ng==	25	22	0.0144
XMTI4ODU3NzAwOA==	40	34	0.0225
XMTI4ODU3ODczMg==	3807	2615	0.0980362650224
XMTI4ODU3ODk4OA==	10	10	0.0
XMTI4ODU4MTIxNg==	430	266	0.145462412115
XMTI4ODU4MTM4MA==	105	75	0.0816326530612
XMTI4ODU4MzE4MA==	129	75	0.175229853975
XMTI4ODU4NDY0NA==	99	88	0.0123456790123
XMTI4ODU4NTI4MA==	43	25	0.175229853975
XMTI4ODU4NTYyOA==	14620	10878	0.065510787651
XMTI4ODU4NzQyNA==	87238	85851	0.000252779308343
XMTI4ODU4ODIxNg==	162	152	0.0038103947569
XMTI4ODU5MTk2MA==	30	36	0.04
XMTI4ODUwMTc5Mg==	58	35	0.157253269917
XMTI4ODUwMzA5Mg==	143	76	0.219521737004
XMTI4ODUwMzQwOA==	24	17	0.0850694444444
XMTI4ODUxMTQzNg==	4200877	4817648	0.021555989297
XMTI4ODUxMjIwOA==	198	115	0.175721865116
XMTI4ODUxNzYyMA==	682	397	0.174630851128
XMTI4ODUxODE4OA==	382	104	0.529618157397
XMTI4ODUxODg1Mg==	225	212	0.00333827160494
XMTI4ODUxOTQxNg==	658	68	0.803992941676
XMTI4ODUxOTYyMA==	68191	20982	0.479286816994
XMTI4ODUyMDIxMg==	55	85	0.297520661157
XMTI4ODUyMTI3Mg==	2436	533	0.610271387588
XMTI4ODUyMjAwNA==	650	540	0.0286390532544
XMTI4ODUyNjExMg==	40125	53848	0.116968261721
XMTI4ODUyNjEzMg==	25435	18135	0.0823724979731
XMTI4ODUyODM1Ng==	429	275	0.128862590401
XMTI4ODUyODU4MA==	283	271	0.00179799972531
XMTI4ODUyOTQyMA==	9338	11958	0.0787217687549
XMTI4ODUzMzc3Mg==	52	49	0.00332840236686
XMTI4ODUzNDE0OA==	3510	2303	0.1182497707
XMTI4ODUzNTQwMA==	391	170	0.319470699433
XMTI4ODUzNTQzNg==	126	76	0.157470395566
XMTI4ODUzNTYxNg==	501	404	0.0374859064307
XMTI4ODUzNjYwOA==	851	558	0.118543056417
XMTI4ODUzNzk0NA==	12	13	0.00694444444444
XMTI4ODY0MDI2NA==	25	24	0.0016
XMTI4ODY0MTgzNg==	480	389	0.0359418402778
XMTI4ODY0MjIxMg==	11	13	0.0330578512397
XMTI4ODY0MjQ1Mg==	187	190	0.00025737081415
XMTI4ODY0MjY1Ng==	17	15	0.0138408304498
XMTI4ODY0NDI5Mg==	15	19	0.0711111111111
XMTI4ODY0NTE0NA==	468	396	0.0236686390533
XMTI4ODY0NTM5Mg==	26	32	0.0532544378698
XMTI4ODY0NTk1Ng==	45	27	0.16
XMTI4ODY0NjYyMA==	138	38	0.525099768956
XMTI4ODY0NzI3Mg==	9	11	0.0493827160494
XMTI4ODY0ODAwOA==	380	396	0.0017728531856
XMTI4ODY0OTE3Ng==	1048010	1292303	0.0543364414149
XMTI4ODY0OTk4MA==	35	35	0.0
XMTI4ODY1MDMzMg==	440	443	4.64876033058e-05
XMTI4ODY1MzUxMg==	127	68	0.215822431645
XMTI4ODY1MzYwNA==	6128	6886	0.0153003335288
XMTI4ODY1NTg3Mg==	7	7	0.0
XMTI4ODY2MDIxNg==	2128	1849	0.0171895757957
XMTI4ODY2MTIwNA==	17	4	0.584775086505
XMTI4ODY2NTIyMA==	1000	1077	0.005929
XMTI4ODY2Nzk4OA==	215	93	0.321990265008
XMTI4ODY2OTU4NA==	382	449	0.0307625887448
XMTI4ODY3MDQyOA==	901	778	0.0186363406796
XMTI4ODY3MzQ0NA==	2764	3297	0.0371859037323
XMTI4ODY3MzY4OA==	698	599	0.0201168299111
XMTI4ODY3NDcyNA==	159	134	0.0247221233337
XMTI4ODY3NjU1Mg==	24	29	0.0434027777778
XMTI4ODY3OTE2MA==	6	8	0.111111111111
XMTI4ODY3OTUxNg==	6010	1318	0.609490671399
XMTI4ODY4MTEyMA==	10038	3761	0.391029816921
XMTI4ODY4NTE1Mg==	39	34	0.0164365548981
XMTI4ODY4NTczMg==	11	12	0.00826446280992
XMTI4ODY4Njk4OA==	41	43	0.00237953599048
XMTI4ODY4NzA5Ng==	227	208	0.00700576374469
XMTI4ODY4NzU2MA==	179	32	0.674417153023
XMTI4ODY4NzcyNA==	1889	2151	0.0192370585494
XMTI4ODY4ODgyNA==	4402	4677	0.0039027012834
XMTI4ODY4OTY1Ng==	29	28	0.00118906064209
XMTI4ODY5MDkwNA==	16	16	0.0
XMTI4ODY5MTY0OA==	203988	84071	0.345582920348
XMTI4ODY5MTk0NA==	99	96	0.000918273645546
XMTI4ODY5NDE5Ng==	145	160	0.0107015457788
XMTI4ODYwMTMwNA==	20186	17961	0.0121495304213
XMTI4ODYwNzU3Ng==	94	64	0.101856043459
XMTI4ODYwODI2NA==	41	24	0.171921475312
XMTI4ODYxMTk5Mg==	1244	1112	0.0112591888008
XMTI4ODYxNzYyMA==	70	70	0.0
XMTI4ODYxNzg0NA==	21810	14564	0.110378713583
XMTI4ODYxOTUyOA==	56	44	0.0459183673469
XMTI4ODYyMzQwOA==	975	1054	0.00656515450362
XMTI4ODYyNDkwOA==	53182	56370	0.00359341431922
XMTI4ODYyNzQ1Ng==	282	127	0.302110054826
XMTI4ODYyOTQ2OA==	193	160	0.0292356841794
XMTI4ODYzMzc2NA==	142	158	0.0126958936719
XMTI4ODYzODQ2MA==	39	46	0.0322156476003
XMTI4ODYzOTY5Ng==	7350	3859	0.225592688232
XMTI4ODYzOTkyOA==	44	52	0.0330578512397
XMTI4ODc0MjkwMA==	255	220	0.0188389081123
XMTI4ODc0NDk2OA==	106	106	0.0
XMTI4ODc0NTA0NA==	482	436	0.0091079699041
XMTI4ODc0Njc4NA==	18	21	0.0277777777778
XMTI4ODc0NzMyOA==	3671	3175	0.0182555357982
XMTI4ODc1MDkyOA==	331	104	0.470322468762
XMTI4ODc1NTAwNA==	19	24	0.0692520775623
XMTI4ODc1NjkzNg==	214	63	0.497881911084
XMTI4ODc1NzU4MA==	335	390	0.0269547783471
XMTI4ODc1ODAyMA==	52	68	0.094674556213
XMTI4ODc2MDkxMg==	208	174	0.0267196745562
XMTI4ODc2Mzc4MA==	141	169	0.0394346360847
XMTI4ODc2NjQzMg==	34351	38347	0.0135323178567
XMTI4ODc2OTAzNg==	219	198	0.00919497091387
XMTI4ODc2OTQwOA==	1260353	1186386	0.0034442257586
XMTI4ODc3MDg2OA==	4367	4613	0.00317324665092
XMTI4ODc3Mjg4MA==	3810	3891	0.000451980903962
XMTI4ODc3NTcxNg==	306709	391887	0.0771261827335
XMTI4ODc3NzMxMg==	9	7	0.0493827160494
XMTI4ODc3ODA2MA==	58	53	0.00743162901308
XMTI4ODc3ODYzNg==	13	15	0.0236686390533
XMTI4ODc3ODk2MA==	53	37	0.0911356354575
XMTI4ODc4Mjc3Mg==	20483	21423	0.00210604951306
XMTI4ODc4MzA4NA==	31	34	0.00936524453694
XMTI4ODc4MzI4MA==	41	51	0.059488399762
XMTI4ODc4ODE2NA==	92	81	0.0142958412098
XMTI4ODc4ODk1Mg==	130	131	5.91715976331e-05
XMTI4ODc4OTA3Mg==	86	53	0.147241752299
XMTI4ODc4OTY0NA==	141	40	0.513102962628
XMTI4ODc4OTYwMA==	76	67	0.0140235457064
XMTI4ODc4OTYyMA==	64	49	0.054931640625
XMTI4ODc4OTYzNg==	106	37	0.423727305091
XMTI4ODc5NDAwNA==	40	32	0.04
XMTI4ODc5NTU2OA==	76	78	0.000692520775623
XMTI4ODc5NzE1Mg==	83	57	0.0981274495573
XMTI4ODc5ODExMg==	12095	9800	0.0360042388689
XMTI4ODc5OTE1Ng==	12062	11794	0.000493663411126
XMTI4ODc5OTMxNg==	38	35	0.00623268698061
XMTI4ODcwMDk5Ng==	140	150	0.00510204081633
XMTI4ODcwMjgyMA==	79711	76331	0.00179802980074
XMTI4ODcwNTI2NA==	65204	65086	3.27503191947e-06
XMTI4ODcwODAwMA==	22163	9428	0.330172429717
XMTI4ODcwODczNg==	13440	11415	0.0227013412787
XMTI4ODcwOTI2MA==	4	4	0.0
XMTI4ODcxMTMzNg==	107	122	0.0196523713861
XMTI4ODcxMTc2MA==	383	482	0.0668148259242
XMTI4ODcxMjY4OA==	19	10	0.224376731302
XMTI4ODcxMjg3Mg==	795	741	0.00461374154503
XMTI4ODcxNDkwOA==	12	12	0.0
XMTI4ODcxNzg0OA==	38749	39948	0.000957452787768
XMTI4ODcxODI4NA==	33	28	0.0229568411387
XMTI4ODcxODMyNA==	2402	2745	0.0203911741603
XMTI4ODcyMTUyNA==	714	796	0.0131895895613
XMTI4ODcyNDA3Ng==	935	861	0.00626383368126
XMTI4ODcyNTk2OA==	72	21	0.501736111111
XMTI4ODczMjY3Ng==	49	49	0.0
XMTI4ODczNjAyMA==	195	136	0.0915450361604
XMTI4ODczNjUyOA==	27	26	0.00137174211248
XMTI4ODczNjcwOA==	450	462	0.000711111111111
XMTI4ODczNzM0MA==	104	33	0.466068786982
XMTI4ODczNzYwNA==	515	482	0.00410594778019
XMTI4ODg0MDAzMg==	20082	12892	0.128186962088
XMTI4ODg0NDY4NA==	313	145	0.288091130868
XMTI4ODg0NTE1Ng==	22	23	0.00206611570248
XMTI4ODg1NDE0NA==	3808	3634	0.00208787559141
XMTI4ODg2NDcyMA==	109	111	0.000336671997307
XMTI4ODg2NTUzNg==	444	308	0.093823553283
XMTI4ODgwMTAxNg==	103	106	0.00084833631822
XMTI4ODgwMzEzMg==	6689	6436	0.00143060141559
XMTI4ODgwNDU4NA==	28	34	0.0459183673469
XMTI4ODgwNTU4MA==	41	41	0.0
XMTI4ODgxMDk4NA==	225	179	0.0417975308642
XMTI4ODgxODkxNg==	288	339	0.0313585069444
XMTI4ODgyMDMyOA==	15	11	0.0711111111111
XMTI4ODgyNDQ4NA==	18	14	0.0493827160494
XMTI4ODgyNzI2MA==	37	25	0.105186267348
XMTI4ODgyNzc1Ng==	41	23	0.192742415229
XMTI4ODgzMjkzMg==	272862	222877	0.0335577841894
XMTI4ODgzMzAxMg==	453	436	0.00140832029784
XMTI4ODgzNzU5Mg==	2061	1151	0.194951598751
XMTI4ODgzODA4NA==	48	31	0.125434027778
XMTI4ODgzOTQ3Mg==	197	176	0.0113633435543
Multi-Linear-LRS MRSE = 0.142557000274
