XMTM2MDkzMDQ2OA==	504	348	0.0958049886621	304	0.157470395566
XMTM2MTQzNzQ5Ng==	90466	118386	0.0952489181325	103377	0.0203680281188
XMTM2MTE3MjQ2NA==	2462	2022	0.0319395840331	1765	0.0801474038199
XMTM2MTIwNzA5Ng==	9	3	0.444444444444	2	0.604938271605
XMTM2MTM3MTI0OA==	2	3	0.25	2	0.0
XMTM2MTEyMjczMg==	28281	14370	0.241950864182	12548	0.309480693748
XMTM2MTUzNjA4MA==	3525	4815	0.133924852875	4205	0.0372134198481
XMTM2MDg5OTU2OA==	17391	23023	0.104876016228	20104	0.0243360717613
XMTM2MTEwODQ4NA==	8573	4018	0.282300154066	3509	0.348916692152
XMTM2MTUxNTk2NA==	59	24	0.351910370583	21	0.41482332663
XMTM2MTE5NTA0OA==	51	69	0.124567474048	60	0.0311418685121
XMTM2MTExODY2NA==	114648	153532	0.115029412829	134067	0.0286893532182
XMTM2MTEzNTgwNA==	941	701	0.0650493912348	612	0.122239777025
XMTM2MTQwNzQ4MA==	61082	73614	0.0420934260493	64282	0.00274456461198
XMTM2MDkyOTUyOA==	1775	2350	0.104939496132	2052	0.0243535806388
XMTM2MTExNjM2NA==	54	66	0.0493827160494	58	0.00548696844993
XMTM2MTIxNTAwNA==	257	246	0.00183197323199	215	0.026707444473
XMTM2MTE2MDA4OA==	53	57	0.00569597721609	49	0.00569597721609
XMTM2MTE0ODY1Ng==	497888	703180	0.170012452866	614033	0.054417391297
XMTM2MTQwNDQwOA==	110	143	0.09	125	0.0185950413223
XMTM2MTIzNTI2NA==	436	522	0.0389066576887	456	0.00210419998317
XMTM2MTYwMDMyMA==	5634	7061	0.0641525997957	6165	0.00888291194153
XMTM2MTEwMzY2NA==	2	3	0.25	2	0.0
XMTM2MTEyMjU1Ng==	1545	2042	0.103479854631	1783	0.0237299567453
XMTM2MTYxMzc4NA==	5539	5180	0.00420074352714	4523	0.0336453217336
XMTM2MTAwNjQ3Mg==	899	1164	0.0868905136222	1016	0.016937618241
XMTM2MDg5NTcwOA==	52271	15180	0.503518541246	13256	0.557110835223
XMTM2MDg2Nzc4NA==	179	185	0.00112356043819	162	0.00901969351768
XMTM2MDg0MTc5Mg==	3758	4629	0.0537183616233	4042	0.00571114423698
XMTM2MDk0MDY1Ng==	24	27	0.015625	23	0.00173611111111
XMTM2MTIyMTc1Mg==	884372	1079012	0.0484388946142	942218	0.00427835382638
XMTM2MTI1ODc3Ng==	170281	1014	0.988125734703	885	0.989632428768
XMTM2MDk5NDExNg==	548593	768930	0.161314846978	671448	0.0501516411151
XMTM2MTU1NDQyOA==	1117	1408	0.067870278571	1230	0.0102341208426
XMTM2MTQ5ODk5Mg==	652	885	0.127707572735	773	0.0344409838534
XMTM2MTU0OTQ0OA==	93	116	0.0611631402474	101	0.00739969938721
XMTM2MDk5NDI4NA==	214	137	0.129465455498	120	0.192942615076
XMTM2MTU4NjQ4MA==	10670	11633	0.00814561229841	10158	0.00230256067472
XMTM2MTMwODE5Mg==	192053	20	0.999791735004	17	0.999822973371
XMTM2MTM3MjU5Ng==	16274	19709	0.0445517593973	17210	0.00330798151582
XMTM2MDc0NDQ3Mg==	15151	20288	0.114957294727	17716	0.0286610530185
XMTM2MDk5MDAyNA==	52514	13030	0.565317053652	11378	0.613612105555
XMTM2MTI5OTAwMA==	1363	1267	0.00496078898937	1106	0.0355528593706
XMTM2MTYzNDEzMg==	101	123	0.0474463287913	107	0.00352906577786
XMTM2MTUzMTEzMg==	134	74	0.200490086879	64	0.272889284919
XMTM2MDkzMjY0MA==	2243	987	0.313560054772	862	0.379078200192
XMTM2MTcwNTA2OA==	29	30	0.00118906064209	26	0.0107015457788
XMTM2MTUxNzA2MA==	109	10	0.824930561401	9	0.841679993267
XMTM2MTE3NTA0OA==	12	6	0.25	5	0.340277777778
XMTM2MTE2OTA1Ng==	7	3	0.326530612245	2	0.510204081633
XMTM2MTEwNDYwOA==	190	242	0.0749030470914	211	0.012216066482
XMTM2MTE0MDA2OA==	621	734	0.0331111059249	641	0.00103723411152
XMTM2MDk2NjM2MA==	22402	24927	0.0127042543208	21767	0.000803477768611
XMTM2MTMwMzA0MA==	132813	45	0.999322470293	40	0.999397740033
XMTM2MDk2NzM4NA==	13889	19225	0.147601131236	16788	0.0435666809143
XMTM2MTQ5OTU0NA==	468	493	0.0028535685587	431	0.00625045657097
XMTM2MTE1ODg0OA==	142	191	0.119073596509	167	0.0309958341599
XMTM2MTI1NzUxMg==	69	64	0.00525099768956	56	0.0354967443814
XMTM2MTQyMTcwOA==	34	37	0.00778546712803	32	0.00346020761246
XMTM2MDk4MzMzMg==	201	263	0.0951461597485	230	0.0208163164278
XMTM2MTIyMjEwOA==	59184	68716	0.0259393709208	60004	0.00019196368439
XMTM2MTUyNzk2NA==	573	783	0.134316493517	684	0.0375263835969
XMTM2MTI0MjE0OA==	14266	16092	0.0163831386627	14052	0.000225021029511
XMTM2MTQzMTg4MA==	180287	164557	0.00761252305808	143695	0.0411949016537
XMTM2MTU0OTM4OA==	4059	1732	0.328665912698	1512	0.393749293268
XMTM2MTY1Nzk5Mg==	4	3	0.0625	2	0.25
XMTM2MTMzMDExNg==	1791037	119749	0.870749982238	104567	0.886641642209
XMTM2MTMxMDQyMA==	107	116	0.00707485369901	101	0.00314437942178
XMTM2MTYzMTgyMA==	126508	177036	0.159524810297	154592	0.0492812765419
XMTM2MTQzNzgwOA==	10236	7171	0.0896603445135	6262	0.150728428471
XMTM2MDgxMzE3Ng==	1799	2177	0.0441490408636	1901	0.0032146819878
XMTM2MTYxMTA3Ng==	95	124	0.0931855955679	109	0.0217174515235
XMTM2MTQ3NzM1Mg==	408	550	0.121131295656	480	0.0311418685121
XMTM2MDk5OTEwNA==	7001	9248	0.103011566022	8075	0.023533602164
XMTM2MDk4NjgzNg==	17649	22246	0.0678435869344	19426	0.0101375882857
XMTM2MTI3NjA5Ng==	32	45	0.1650390625	40	0.0625
XMTM2MTExMzcwMA==	6953	7004	5.38016869818e-05	6116	0.0144912702988
XMTM2MTM5NTM0MA==	15301	16850	0.0102485684291	14714	0.00147175856601
XMTM2MDk4MzYyMA==	224	204	0.00797193877551	178	0.0421715561224
XMTM2MDg3MTE1Mg==	50	59	0.0324	52	0.0016
XMTM2MTAxMzUxMg==	6130	5572	0.00828604807741	4865	0.0425853383329
XMTM2MTIyOTYxMg==	11397	10400	0.00765260364124	9082	0.0412592086684
XMTM2MTI2MDkxMg==	2011	2286	0.018699984496	1996	5.56363175088e-05
XMTM2MDkxMTA2OA==	34515	27668	0.0393536392596	24161	0.0899913083368
XMTM2MTYxNTYyOA==	553	687	0.0587163883339	600	0.00722346301123
XMTM2MTUwMjQwNA==	68010	87528	0.0823616574199	76431	0.0153313989542
XMTM2MTU5NDQ3Mg==	56312	72975	0.0875597442226	63724	0.0173248274116
XMTM2MTEwMjcxMg==	228	92	0.355801785165	80	0.42136041859
XMTM2MTQ3MTc5Ng==	302	418	0.147537388711	365	0.0435178281654
XMTM2MTUzNDg3Ng==	85	86	0.000138408304498	75	0.0138408304498
XMTM2MTI3MDA1Ng==	6	8	0.111111111111	7	0.0277777777778
XMTM2MTEzNzc1Mg==	1176	837	0.0830968867139	731	0.143187589662
XMTM2MTUwODg2MA==	2627	2887	0.00979549867855	2521	0.00162813939574
XMTM2MDk0NzEzNg==	15753	21849	0.149748806813	19079	0.0445777294165
XMTM2MDYxOTAyMA==	237	262	0.0111271341843	228	0.00144207659029
XMTM2MDk2NTMyNA==	23	21	0.00756143667297	19	0.0302457466919
XMTM2MDc1MTkwOA==	81169	81966	9.64131454425e-05	71574	0.0139736405378
XMTM2MTIzNjM3Ng==	67	95	0.174649142348	83	0.0570282913789
XMTM2MTIxNjY2OA==	45713	58617	0.0796836577677	51185	0.0143288959891
XMTM2MTczNzc3Ng==	41	52	0.0719809637121	46	0.0148720999405
XMTM2MDcyMzQ3Ng==	2	3	0.25	2	0.0
XMTM2MTE4NjE2NA==	1898	2225	0.0296826785669	1943	0.000562124625667
XMTM2MDgxNDcwNA==	1885	1019	0.211063470509	890	0.278627162648
XMTM2MTE4OTcxNg==	50	71	0.1764	62	0.0576
XMTM2MDk1NzM0MA==	93	58	0.141634871083	51	0.20395421436
XMTM2MDg5NDg5Ng==	881	455	0.233812314713	398	0.300567794568
XMTM2MDc3OTU5Mg==	1795	2405	0.115486378908	2100	0.0288715947269
XMTM2MTE0OTk4NA==	80	82	0.000625	72	0.01
XMTM2MDIyODA0OA==	115	83	0.0774291115312	73	0.133383742911
XMTM2MTQ4Njg2OA==	3039	3395	0.0137226692463	2964	0.000609061470382
XMTM2MTM5MTI5Ng==	131	98	0.0634578404522	85	0.12330283783
XMTM2MTMyMzU0OA==	1591	1629	0.000570462149402	1422	0.0112832198401
XMTM2MDcxMzYwNA==	802	396	0.256273281883	346	0.323281571632
XMTM2MTI2NTA3Mg==	7120	253	0.930195228664	221	0.938884788063
XMTM2MDk1Njk0NA==	83	69	0.0284511540136	60	0.076789084047
XMTM2MTEzNjYwMA==	1116	765	0.0989203954214	668	0.161149008877
XMTM2MTczMTYwMA==	36	38	0.00308641975309	33	0.00694444444444
XMTM2MTA5MDY4MA==	220	284	0.0846280991736	248	0.0161983471074
XMTM2MTcwMTE0OA==	11	8	0.0743801652893	7	0.132231404959
XMTM2MTIxMDAzNg==	4	3	0.0625	2	0.25
XMTM2MTI2MDU3Mg==	16289	385	0.953287476161	336	0.959170655793
XMTM2MTExNjY2NA==	28	30	0.00510204081633	26	0.00510204081633
XMTM2MDgzODgzMg==	4944	6194	0.0639238762162	5409	0.0088460416863
XMTM2MTE5MjEzNg==	86	103	0.0390751757707	90	0.00216333153056
XMTM2MDc0OTk1Mg==	3703	4726	0.0763209633109	4127	0.0131106519745
XMTM2MTU2ODcxMg==	52274	63165	0.0434074275475	55157	0.00304171008506
XMTM2MTQ5MzM4OA==	99659	128808	0.0855488686131	112478	0.0165453228109
XMTM2MTUyMjYyOA==	142	187	0.100426502678	163	0.0218706605832
XMTM2MDgzMzY5Mg==	161	184	0.0204081632653	160	3.85787585356e-05
XMTM2MTM3MjUxNg==	3424	687	0.638972375453	600	0.680239540571
XMTM2MTMwMTk5Ng==	92	47	0.239248582231	41	0.307301512287
XMTM2MTEzNzIyOA==	1638	1209	0.0685941043084	1056	0.126246159213
XMTM2MDk5Nzk3Mg==	924	92	0.810779408182	80	0.834335938232
XMTM2MTYwMDc2NA==	37	44	0.0357925493061	38	0.00073046018992
XMTM2MTI4MjEwOA==	9851	10633	0.00630162953538	9285	0.00330120294778
XMTM2MTMyODY0MA==	20148	28330	0.164913065984	24738	0.0518992983784
XMTM2MTYwMTI4OA==	1713	2061	0.0412708831098	1800	0.00257943019436
XMTM2MTUzODcyOA==	86	119	0.147241752299	104	0.0438074634938
XMTM2MDY4OTU4OA==	8	10	0.0625	9	0.015625
XMTM2MTU3OTc3Ng==	4070	4609	0.01753834916	4025	0.000122246436743
XMTM2MTU1ODY3Mg==	88	95	0.00632747933884	83	0.00322830578512
XMTM2MTYwMDM4OA==	540	539	3.42935528121e-06	470	0.0168038408779
XMTM2MTYzMDQ0MA==	289	315	0.0080937728236	275	0.00234671519738
XMTM2MDkzNTkzMg==	14512	15986	0.0103166911101	13959	0.00145209731763
XMTM2MTQ3ODA4MA==	41	51	0.059488399762	44	0.00535395597858
XMTM2MTA3OTAwOA==	65	69	0.00378698224852	60	0.00591715976331
XMTM2MTUwMjYzMg==	383	509	0.108228974224	444	0.0253665919053
XMTM2MTQ2OTM5Ng==	1548	1181	0.0562069754088	1031	0.111542191642
XMTM2MDg1NjgyNA==	41	48	0.0291493158834	42	0.00059488399762
XMTM2MTI3ODk4OA==	10	14	0.16	12	0.04
XMTM2MTAxNTQ3Ng==	95	115	0.0443213296399	100	0.00277008310249
XMTM2MDk3NzU0NA==	80698	91132	0.0167176843883	79578	0.000192624046758
XMTM2MTMxMDUyNA==	2	3	0.25	2	0.0
XMTM2MDg3MzY5Ng==	112	3	0.947146045918	2	0.964604591837
XMTM2MTM4NTk2MA==	42	57	0.127551020408	49	0.0277777777778
XMTM2MTQ2ODA5Ng==	24894	33997	0.133714872648	29687	0.0370702476661
XMTM2MDg0OTQxNg==	170	223	0.0971972318339	195	0.0216262975779
XMTM2MDk5NzM4MA==	280	353	0.0679719387755	309	0.0107270408163
XMTM2MTMwNTU2MA==	77054	87808	0.0194782388543	76676	2.40654076396e-05
XMTM2MDg4NTU4NA==	2	3	0.25	2	0.0
XMTM2MTM3MDM4NA==	4493	2668	0.164988206052	2330	0.231760917606
XMTM2MDk0MjQxMg==	1099	1200	0.00844592776459	1048	0.00215350045248
XMTM2MDkyMDYyOA==	1263270	1720424	0.13095819569	1502314	0.0358066201729
XMTM2MDg0MzExNg==	3267	3071	0.00359926541856	2681	0.0321734003455
XMTM2MTI1MjIwMA==	142137	53250	0.391076939462	46499	0.452737722043
XMTM2MDg5MDExMg==	40	31	0.050625	27	0.105625
XMTI4NDg5NzMzNg==	1865	2247	0.0419535826463	1962	0.0027051153965
XMTI4NzQyMTczNg==	252	229	0.00833018392542	200	0.0425799949609
XMTI4Nzc5ODgxMg==	16565	21713	0.0965815555784	18961	0.0209214001971
XMTI4NzgyOTUyOA==	60	79	0.100277777778	69	0.0225
XMTI4Nzk1NzE2OA==	30	35	0.0277777777778	31	0.00111111111111
XMTI4Nzk5OTEzNg==	8	10	0.0625	9	0.015625
XMTI4NzkyMTk4OA==	73	93	0.075060987052	81	0.0120097579283
XMTI4NzkzODI0OA==	313	423	0.123508456757	369	0.032010125652
XMTI4ODA0MjA1Mg==	1120	1456	0.09	1272	0.0184183673469
XMTI4ODA1MTAzNg==	26110	35904	0.140704003816	31352	0.0403069827576
XMTI4ODA1MTYxNg==	12	16	0.111111111111	14	0.0277777777778
XMTI4ODA2NTEyNA==	199	256	0.0820433827429	223	0.0145450872453
XMTI4ODA2ODU2OA==	2332	2464	0.00320398718405	2152	0.00595782740836
XMTI4ODA5MjQ4MA==	278	386	0.150923865224	337	0.0450416645101
XMTI4ODA5NTE3Ng==	30	35	0.0277777777778	31	0.00111111111111
XMTI4ODAxMTIxMg==	2	3	0.25	2	0.0
XMTI4ODAxMzM5Ng==	62899	69431	0.0107846205764	60629	0.00130245951459
XMTI4ODAyNDc0NA==	2853	3339	0.0290181014837	2916	0.000487615559912
XMTI4ODAyODU2NA==	84	98	0.0277777777778	85	0.000141723356009
XMTI4ODAyOTU5Mg==	6	3	0.25	2	0.444444444444
XMTI4ODAzMjM0NA==	209	274	0.0967239760994	240	0.0220004120785
XMTI4ODAzMjkzMg==	2	3	0.25	2	0.0
XMTI4ODAzNTE0OA==	1193	837	0.0890469622673	731	0.149969541521
XMTI4ODAzODc5Mg==	2545	2203	0.0180582906504	1923	0.0597317441264
XMTI4ODAzOTc2MA==	15577	21877	0.163573693095	19104	0.0512676345083
XMTI4ODE1NzY3Mg==	12	16	0.111111111111	14	0.0277777777778
XMTI4ODE2MDQ5Mg==	3277	4548	0.150431303369	3972	0.0449797178046
XMTI4ODE2NzA1Mg==	27	30	0.0123456790123	26	0.00137174211248
XMTI4ODE3MjI1Ng==	829	1108	0.113265943097	968	0.0281138639866
XMTI4ODEwOTg0MA==	1442	1938	0.118313099582	1693	0.030298206567
XMTI4ODExNzc0NA==	17	23	0.124567474048	20	0.0311418685121
XMTI4ODExODY1Mg==	16	10	0.140625	9	0.19140625
XMTI4ODEyMDAzNg==	647	790	0.0488498813929	690	0.00441700966773
XMTI4ODEyMjc3Mg==	368	512	0.153119092628	447	0.0460848889414
XMTI4ODEyNzI3Mg==	11	10	0.00826446280992	9	0.0330578512397
XMTI4ODEzMjEyOA==	38	42	0.01108033241	37	0.000692520775623
XMTI4ODEzOTI4NA==	247	341	0.144831090495	298	0.0426330541396
XMTI4ODEzOTUxNg==	2	3	0.25	2	0.0
XMTI4ODI0Mzg0NA==	10	14	0.16	12	0.04
XMTI4ODI1Mjk5Mg==	2	3	0.25	2	0.0
XMTI4ODI1Njg3Mg==	10	13	0.09	11	0.01
XMTI4ODI1Njk2NA==	171	229	0.115043945146	200	0.0287609862864
XMTI4ODI1OTYwNA==	66	82	0.058769513315	72	0.00826446280992
XMTI4ODI2NTAwOA==	48	52	0.00694444444444	46	0.00173611111111
XMTI4ODI2NTQ2MA==	333	465	0.157130103076	406	0.0480570660751
XMTI4ODI2NTU0NA==	14	17	0.0459183673469	15	0.00510204081633
XMTI4ODI2NTc5Mg==	6105	4674	0.0549424385297	4082	0.109804573392
XMTI4ODI3NzU5Ng==	150	202	0.120177777778	177	0.0324
XMTI4ODI4MDQ0MA==	2	3	0.25	2	0.0
XMTI4ODI4Mzg4OA==	155	209	0.121373569199	183	0.0326326742976
XMTI4ODI4NjMwOA==	1307	1059	0.0360041188375	925	0.0854231438157
XMTI4ODI4Njc1Ng==	19	17	0.01108033241	15	0.0443213296399
XMTI4ODI5MTY4OA==	69	95	0.141986977526	83	0.0411678218862
XMTI4ODI5Mzc4NA==	254	222	0.0158720317441	194	0.0558001116002
XMTI4ODI5NjA0NA==	16	23	0.19140625	20	0.0625
XMTI4ODI5NjYzNg==	2076	2895	0.155637091116	2528	0.0474047839145
XMTI4ODI5OTA3Ng==	445	594	0.112112107057	519	0.0276530741068
XMTI4ODIwMDU4NA==	378	523	0.147147336301	457	0.0436787883878
XMTI4ODIwMjAyOA==	101	31	0.480345064209	27	0.536810116655
XMTI4ODIwMjg2OA==	245	321	0.0962265722616	280	0.0204081632653
XMTI4ODIxMjU1Mg==	385	314	0.0340091077753	274	0.0831236296171
XMTI4ODIxMzcxMg==	88	122	0.149276859504	106	0.0418388429752
XMTI4ODIxNjUwNA==	4	6	0.25	5	0.0625
XMTI4ODIzMjY2OA==	168	216	0.0816326530612	189	0.015625
XMTI4ODIzNDYyOA==	847	1134	0.114814561847	990	0.0285039635689
XMTI4ODIzNzAzNg==	148	137	0.00552410518627	120	0.0357925493061
XMTI4ODM0NTY2MA==	399703	541357	0.125598042074	472726	0.033376786934
XMTI4ODM1Nzc3Ng==	12	7	0.173611111111	6	0.25
XMTI4ODM2NDAyMA==	7	6	0.0204081632653	5	0.0816326530612
XMTI4ODM3NDIwMA==	13	18	0.147928994083	16	0.0532544378698
XMTI4ODM4NzA0OA==	464	534	0.0227593638526	467	4.18029131986e-05
XMTI4ODM4Nzc2OA==	2	1	0.25	1	0.25
XMTI4ODM4OTU5Mg==	1	1	0.0	1	0.0
XMTI4ODM5MTQ5Ng==	90572	90936	1.61515740005e-05	79408	0.0151932869354
XMTI4ODM5MTc1Ng==	162515	189858	0.0283077545023	165788	0.000405606686907
XMTI4ODM5MTgzMg==	13502	18938	0.162092413505	16537	0.0505267289686
XMTI4ODM5MzcwNA==	20453	4656	0.59653399707	4065	0.642004206828
XMTI4ODM5Mzk2MA==	1470	1518	0.00106622240733	1326	0.00959600166597
XMTI4ODMwNzI3Ng==	4	6	0.25	5	0.0625
XMTI4ODMwNzkzMg==	166	226	0.130643054144	198	0.0371606909566
XMTI4ODMwODY0NA==	1	1	0.0	1	0.0
XMTI4ODMxMDkzNg==	31	37	0.0374609781478	32	0.00104058272633
XMTI4ODMzNTI3Mg==	2537	283	0.789345048427	247	0.814760620468
XMTI4ODMzNTY4NA==	51	69	0.124567474048	60	0.0311418685121
XMTI4ODQ0ODk4OA==	91944	101964	0.0118765049932	89037	0.000999639195108
XMTI4ODQ2MTk0NA==	1518	2064	0.129372432002	1802	0.0350020222851
XMTI4ODQ2MjMwNA==	21	30	0.183673469388	26	0.0566893424036
XMTI4ODQ2NzA1Ng==	4680	5921	0.0703156275111	5170	0.0109622689751
XMTI4ODQ2NzMwMA==	1846	1501	0.0349280867302	1311	0.0839932083542
XMTI4ODQ2ODk4MA==	200	267	0.112225	233	0.027225
XMTI4ODQ3MDU2NA==	2643	2500	0.00292737088196	2183	0.0302915388832
XMTI4ODQ3MzIwOA==	79	112	0.174491267425	98	0.0578432943439
XMTI4ODQ3Nzc4MA==	33	45	0.132231404959	40	0.0449954086318
XMTI4ODQ4MjI3Ng==	1081	1207	0.0135859403146	1054	0.000623844198121
XMTI4ODQwMDYxMg==	2	3	0.25	2	0.0
XMTI4ODQwMzMyNA==	2	3	0.25	2	0.0
XMTI4ODQwNjQ0OA==	334	469	0.163370863064	410	0.0517766861487
XMTI4ODQwODc3Ng==	87	120	0.143876337693	105	0.0428061831153
XMTI4ODQwOTY0OA==	1627	1548	0.00235764860723	1352	0.0285686870568
XMTI4ODQxMjAyOA==	4	6	0.25	5	0.0625
XMTI4ODQxNzUxMg==	6	6	0.0	5	0.0277777777778
XMTI4ODQxOTE1Ng==	3	3	0.0	2	0.111111111111
XMTI4ODQxOTM2MA==	5	3	0.16	2	0.36
XMTI4ODQyMDgwNA==	569	522	0.00682293420146	456	0.0394395866086
XMTI4ODQzMjI5Mg==	15	8	0.217777777778	7	0.284444444444
XMTI4ODU0NjM4NA==	21142	22164	0.00233673602808	19354	0.00715225338498
XMTI4ODU0ODI3Ng==	4	6	0.25	5	0.0625
XMTI4ODU0ODk4MA==	9622	9126	0.00265725142025	7969	0.0295131117324
XMTI4ODU1NTQ3Ng==	17	21	0.0553633217993	19	0.0138408304498
XMTI4ODU1NjM4MA==	661	925	0.159516251222	807	0.0487868516276
XMTI4ODU1NzU3Mg==	7	3	0.326530612245	2	0.510204081633
XMTI4ODU2MjY4NA==	31	44	0.175858480749	38	0.05098855359
XMTI4ODU2NTQxNg==	14606	20037	0.13826014658	17496	0.0391501195799
XMTI4ODU3NzIxNg==	1477	1417	0.00165021872274	1237	0.0264034995638
XMTI4ODU4MDI4OA==	4	6	0.25	5	0.0625
XMTI4ODU4MzQwNA==	11	14	0.0743801652893	12	0.00826446280992
XMTI4ODUxMTAxNg==	125	150	0.04	131	0.002304
XMTI4ODUxODMwMA==	142	96	0.104939496132	84	0.166831977782
XMTI4ODUxOTIxNg==	155	205	0.104058272633	179	0.0239750260146
XMTI4ODUxOTM3Mg==	13	3	0.591715976331	2	0.715976331361
XMTI4ODUyMDc4NA==	8	11	0.140625	10	0.0625
XMTI4ODUyMjU1Mg==	20371	14162	0.0929006220844	12367	0.154379440409
XMTI4ODUzMDgxNg==	109626	148284	0.124351671547	129485	0.0328161490539
XMTI4ODUzMjIyMA==	3	4	0.111111111111	4	0.111111111111
XMTI4ODUzODExMg==	24	34	0.173611111111	30	0.0625
XMTI4ODY0MzI1Mg==	3	3	0.0	2	0.111111111111
XMTI4ODY0NjE3Ng==	68115	80456	0.0328257896903	70256	0.000987979225538
XMTI4ODY0OTc1Ng==	207	262	0.0705967467152	228	0.0102919554715
XMTI4ODY1NTA2MA==	56	72	0.0816326530612	63	0.015625
XMTI4ODY1NTU5Mg==	17202	19362	0.0157670198958	16907	0.000294093987146
XMTI4ODY1NjE2NA==	11	3	0.528925619835	2	0.669421487603
XMTI4ODY3Mjg3Ng==	29	8	0.524375743163	7	0.575505350773
XMTI4ODY3NTI4MA==	31731	44435	0.160292592123	38801	0.0496445192543
XMTI4ODY3NzgwMA==	38	51	0.11703601108	44	0.0249307479224
XMTI4ODY4MzcyNA==	15	20	0.111111111111	17	0.0177777777778
XMTI4ODY4NDE0OA==	33	45	0.132231404959	40	0.0449954086318
XMTI4ODYwMTQ2OA==	17	18	0.00346020761246	16	0.00346020761246
XMTI4ODYwODQwOA==	2	3	0.25	2	0.0
XMTI4ODYxMDQwMA==	1910	2693	0.168057070804	2352	0.0535522600806
XMTI4ODYyMDcwNA==	11	14	0.0743801652893	12	0.00826446280992
XMTI4ODc0NTg1Ng==	2336	2935	0.06575184867	2563	0.0094429140669
XMTI4ODc1MjMxMg==	13	18	0.147928994083	16	0.0532544378698
XMTI4ODc1MjU1Mg==	13	17	0.094674556213	15	0.0236686390533
XMTI4ODc1MzI4NA==	4102	5767	0.164754453774	5036	0.0518444701554
XMTI4ODc1OTQ5Ng==	2	3	0.25	2	0.0
XMTI4ODc2NzQyOA==	23	33	0.189035916824	28	0.047258979206
XMTI4ODc2ODAwNA==	14	20	0.183673469388	17	0.0459183673469
XMTI4ODc3Mzc3Mg==	4	6	0.25	5	0.0625
XMTI4ODc4OTk0NA==	690	711	0.000926275992439	621	0.01
XMTI4ODcwMDAyMA==	492339	419608	0.0218228083811	366412	0.0654198035829
XMTI4ODcwMzk1Mg==	284	368	0.0874826423329	321	0.016973318786
XMTI4ODcwNDM1Mg==	5	3	0.16	2	0.36
XMTI4ODcwNzg4MA==	62	74	0.0374609781478	64	0.00104058272633
XMTI4ODcxMzIyOA==	392	525	0.115114795918	458	0.0283475635152
XMTI4ODcxMzYwOA==	5	6	0.04	5	0.0
XMTI4ODcxNTgxMg==	1465	2009	0.137886754651	1754	0.0389153047793
XMTI4ODcyMjczMg==	55	8	0.730247933884	7	0.761652892562
XMTI4ODcyNjAyMA==	58	47	0.0359690844233	41	0.0859096313912
XMTI4ODcyNzk1Ng==	7	6	0.0204081632653	5	0.0816326530612
XMTI4ODcyODIyMA==	14071	14670	0.0018121899547	12810	0.00803119640957
XMTI4ODczOTI0OA==	846	1164	0.141290679543	1016	0.0403791448005
XMTI4ODczOTYyMA==	8	10	0.0625	9	0.015625
XMTI4ODg1Nzc0MA==	14	10	0.0816326530612	9	0.127551020408
XMTI4ODg2NDQyMA==	366	505	0.144233927558	441	0.0419914001612
XMTI4ODgyNTgyNA==	14	17	0.0459183673469	15	0.00510204081633
XMTI4ODgzMzg3Ng==	30	23	0.0544444444444	20	0.111111111111
Log-Linear MRSE = 0.135451002633, Linear-LRS MRSE = 0.100721805949
