XMTM2MDkzMDQ2OA==	504	292	0.176933736458
XMTM2MTQzNzQ5Ng==	90466	99186	0.0092909942967
XMTM2MTE3MjQ2NA==	2462	1679	0.101145700595
XMTM2MTIwNzA5Ng==	9	2	0.604938271605
XMTM2MTM3MTI0OA==	2	2	0.0
XMTM2MTEyMjczMg==	28281	13497	0.273271527363
XMTM2MTUzNjA4MA==	3525	3980	0.0166611337458
XMTM2MDg5OTU2OA==	17391	18542	0.00438027661459
XMTM2MTEwODQ4NA==	8573	3815	0.308023057859
XMTM2MTUxNTk2NA==	59	20	0.436943407067
XMTM2MTE5NTA0OA==	51	57	0.0138408304498
XMTM2MTExODY2NA==	114648	129631	0.0170790847284
XMTM2MTEzNTgwNA==	941	598	0.132864510927
XMTM2MTQwNzQ4MA==	61082	60791	2.26965308503e-05
XMTM2MDkyOTUyOA==	1775	2069	0.0274345566356
XMTM2MTExNjM2NA==	54	58	0.00548696844993
XMTM2MTIxNTAwNA==	257	205	0.0409393026389
XMTM2MTE2MDA4OA==	53	47	0.0128159487362
XMTM2MTE0ODY1Ng==	497888	591550	0.0353886125651
XMTM2MTQwNDQwOA==	110	114	0.00132231404959
XMTM2MTIzNTI2NA==	436	415	0.00231988048144
XMTM2MTYwMDMyMA==	5634	5720	0.000233003914441
XMTM2MTEwMzY2NA==	2	2	0.0
XMTM2MTEyMjU1Ng==	1545	1712	0.0116835810266
XMTM2MTYxMzc4NA==	5539	4372	0.0443893700501
XMTM2MTAwNjQ3Mg==	899	960	0.00460405270471
XMTM2MDg5NTcwOA==	52271	13874	0.539601278736
XMTM2MDg2Nzc4NA==	179	164	0.00702225273868
XMTM2MDg0MTc5Mg==	3758	4010	0.00449663389736
XMTM2MDk0MDY1Ng==	24	25	0.00173611111111
XMTM2MTIyMTc1Mg==	884372	880203	2.22225464324e-05
XMTM2MTI1ODc3Ng==	170281	932	0.9890833453
XMTM2MDk5NDExNg==	548593	646569	0.0318961956188
XMTM2MTU1NDQyOA==	1117	1138	0.000353453464766
XMTM2MTQ5ODk5Mg==	652	726	0.0128815536904
XMTM2MTU0OTQ0OA==	93	100	0.00566539484333
XMTM2MDk5NDI4NA==	214	116	0.209712638658
XMTM2MTU4NjQ4MA==	10670	9681	0.00859139613997
XMTM2MTMwODE5Mg==	192053	17	0.999822973371
XMTM2MTM3MjU5Ng==	16274	16164	4.5687431904e-05
XMTM2MDc0NDQ3Mg==	15151	17273	0.0196158965623
XMTM2MDk5MDAyNA==	52514	12159	0.590533451277
XMTM2MTI5OTAwMA==	1363	1229	0.00966535667244
XMTM2MTYzNDEzMg==	101	102	9.80296049407e-05
XMTM2MTUzMTEzMg==	134	61	0.296781020272
XMTM2MDkzMjY0MA==	2243	845	0.388468488381
XMTM2MTcwNTA2OA==	29	26	0.0107015457788
XMTM2MTUxNzA2MA==	109	8	0.858597761131
XMTM2MTE3NTA0OA==	12	5	0.340277777778
XMTM2MTE2OTA1Ng==	7	2	0.510204081633
XMTM2MTEwNDYwOA==	190	197	0.00135734072022
XMTM2MTE0MDA2OA==	621	609	0.000373404280147
XMTM2MDk2NjM2MA==	22402	19892	0.0125537610268
XMTM2MTMwMzA0MA==	132813	42	0.999367631797
XMTM2MDk2NzM4NA==	13889	15415	0.0120716632366
XMTM2MTQ5OTU0NA==	468	404	0.0187011469063
XMTM2MTE1ODg0OA==	142	158	0.0126958936719
XMTM2MTI1NzUxMg==	69	52	0.0607015332913
XMTM2MTQyMTcwOA==	34	29	0.0216262975779
XMTM2MDk4MzMzMg==	201	212	0.0029949753719
XMTM2MTIyMjEwOA==	59184	59843	0.000123983017282
XMTM2MTUyNzk2NA==	573	631	0.0102458205032
XMTM2MTI0MjE0OA==	14266	14073	0.000183024900172
XMTM2MTQzMTg4MA==	180287	137411	0.0565587366864
XMTM2MTU0OTM4OA==	4059	1467	0.407785605774
XMTM2MTY1Nzk5Mg==	4	2	0.25
XMTM2MTMzMDExNg==	1791037	115080	0.875621925925
XMTM2MTMxMDQyMA==	107	102	0.00218359682068
XMTM2MTYzMTgyMA==	126508	148516	0.0302639196294
XMTM2MTQzNzgwOA==	10236	6360	0.143386076863
XMTM2MDgxMzE3Ng==	1799	1955	0.00751946375001
XMTM2MTYxMTA3Ng==	95	100	0.00277008310249
XMTM2MTQ3NzM1Mg==	408	458	0.0150182622068
XMTM2MDk5OTEwNA==	7001	7600	0.00732037770187
XMTM2MDk4NjgzNg==	17649	18677	0.00339270440842
XMTM2MTI3NjA5Ng==	32	37	0.0244140625
XMTM2MTExMzcwMA==	6953	5790	0.0279778907956
XMTM2MTM5NTM0MA==	15301	14352	0.00384673965535
XMTM2MDk4MzYyMA==	224	170	0.0581154336735
XMTM2MDg3MTE1Mg==	50	49	0.0004
XMTM2MTAxMzUxMg==	6130	5069	0.0299577932187
XMTM2MTIyOTYxMg==	11397	9395	0.0308565274605
XMTM2MTI2MDkxMg==	2011	1847	0.00665064175874
XMTM2MDkxMTA2OA==	34515	25903	0.0622575873884
XMTM2MTYxNTYyOA==	553	549	5.23202391035e-05
XMTM2MTUwMjQwNA==	68010	70705	0.00157026152407
XMTM2MTU5NDQ3Mg==	56312	58778	0.0019177157723
XMTM2MTEwMjcxMg==	228	78	0.432825484765
XMTM2MTQ3MTc5Ng==	302	334	0.0112275777378
XMTM2MTUzNDg3Ng==	85	69	0.0354325259516
XMTM2MTI3MDA1Ng==	6	7	0.0277777777778
XMTM2MTEzNzc1Mg==	1176	715	0.15366933338
XMTM2MTUwODg2MA==	2627	2383	0.0086269942208
XMTM2MDk0NzEzNg==	15753	18419	0.0286413671274
XMTM2MDYxOTAyMA==	237	227	0.00178034146949
XMTM2MDk2NTMyNA==	23	19	0.0302457466919
XMTM2MDc1MTkwOA==	81169	67486	0.0284172640633
XMTM2MTIzNjM3Ng==	67	79	0.0320784139006
XMTM2MTIxNjY2OA==	45713	49182	0.00575876229496
XMTM2MTczNzc3Ng==	41	43	0.00237953599048
XMTM2MDcyMzQ3Ng==	2	2	0.0
XMTM2MTE4NjE2NA==	1898	1881	8.02242058359e-05
XMTM2MDgxNDcwNA==	1885	945	0.248675499018
XMTM2MTE4OTcxNg==	50	57	0.0196
XMTM2MDk1NzM0MA==	93	48	0.234131113424
XMTM2MDg5NDg5Ng==	881	378	0.325974894384
XMTM2MDc3OTU5Mg==	1795	2016	0.0151584795276
XMTM2MTE0OTk4NA==	80	66	0.030625
XMTM2MDIyODA0OA==	115	71	0.146389413989
XMTM2MTQ4Njg2OA==	3039	2720	0.0110184363178
XMTM2MTM5MTI5Ng==	131	85	0.12330283783
XMTM2MTMyMzU0OA==	1591	1379	0.0177554368717
XMTM2MDcxMzYwNA==	802	361	0.30236285844
XMTM2MTI2NTA3Mg==	7120	233	0.935621469038
XMTM2MDk1Njk0NA==	83	58	0.0907243431558
XMTM2MTEzNjYwMA==	1116	653	0.172120893873
XMTM2MTczMTYwMA==	36	31	0.0192901234568
XMTM2MTA5MDY4MA==	220	254	0.0238842975207
XMTM2MTcwMTE0OA==	11	7	0.132231404959
XMTM2MTIxMDAzNg==	4	2	0.25
XMTM2MTI2MDU3Mg==	16289	358	0.956526989494
XMTM2MTExNjY2NA==	28	24	0.0204081632653
XMTM2MDgzODgzMg==	4944	5022	0.000248904232256
XMTM2MTE5MjEzNg==	86	83	0.00121687398594
XMTM2MDc0OTk1Mg==	3703	3992	0.00609099525831
XMTM2MTU2ODcxMg==	52274	53993	0.00108138486349
XMTM2MTQ5MzM4OA==	99659	120188	0.0424328829479
XMTM2MTUyMjYyOA==	142	164	0.0240031739734
XMTM2MDgzMzY5Mg==	161	147	0.00756143667297
XMTM2MTM3MjUxNg==	3424	648	0.657311773954
XMTM2MTMwMTk5Ng==	92	43	0.283672022684
XMTM2MTEzNzIyOA==	1638	1033	0.136421542099
XMTM2MDk5Nzk3Mg==	924	85	0.824479723019
XMTM2MTYwMDc2NA==	37	37	0.0
XMTM2MTI4MjEwOA==	9851	8855	0.0102225216429
XMTM2MTMyODY0MA==	20148	22626	0.0151265093342
XMTM2MTYwMTI4OA==	1713	1694	0.000123024745695
XMTM2MTUzODcyOA==	86	98	0.019469983775
XMTM2MDY4OTU4OA==	8	8	0.0
XMTM2MTU3OTc3Ng==	4070	3991	0.000376760499611
XMTM2MTU1ODY3Mg==	88	77	0.015625
XMTM2MTYwMDM4OA==	540	506	0.00396433470508
XMTM2MTYzMDQ0MA==	289	260	0.0100693238826
XMTM2MDkzNTkzMg==	14512	15733	0.00707907948135
XMTM2MTQ3ODA4MA==	41	41	0.0
XMTM2MTA3OTAwOA==	65	58	0.0115976331361
XMTM2MTUwMjYzMg==	383	408	0.00426071484569
XMTM2MTQ2OTM5Ng==	1548	1112	0.0793288330696
XMTM2MDg1NjgyNA==	41	39	0.00237953599048
XMTM2MTI3ODk4OA==	10	11	0.01
XMTM2MTAxNTQ3Ng==	95	101	0.00398891966759
XMTM2MDk3NzU0NA==	80698	73789	0.00733001464868
XMTM2MTMxMDUyNA==	2	2	0.0
XMTM2MDg3MzY5Ng==	112	2	0.964604591837
XMTM2MTM4NTk2MA==	42	46	0.00907029478458
XMTM2MTQ2ODA5Ng==	24894	29024	0.0275239482668
XMTM2MDg0OTQxNg==	170	178	0.00221453287197
XMTM2MDk5NzM4MA==	280	291	0.00154336734694
XMTM2MTMwNTU2MA==	77054	73654	0.00194700674893
XMTM2MDg4NTU4NA==	2	2	0.0
XMTM2MTM3MDM4NA==	4493	2215	0.257060058654
XMTM2MDk0MjQxMg==	1099	1015	0.00584202198872
XMTM2MDkyMDYyOA==	1263270	1678962	0.108280678337
XMTM2MDg0MzExNg==	3267	2590	0.0429416836741
XMTM2MTI1MjIwMA==	142137	46905	0.448901979782
XMTM2MDg5MDExMg==	40	30	0.0625
XMTI4NDg5NzMzNg==	1865	1795	0.00140876452788
XMTI4NzQyMTczNg==	252	189	0.0625
XMTI4Nzc5ODgxMg==	16565	17287	0.00189972839756
XMTI4NzgyOTUyOA==	60	71	0.0336111111111
XMTI4Nzk1NzE2OA==	30	29	0.00111111111111
XMTI4Nzk5OTEzNg==	8	8	0.0
XMTI4NzkyMTk4OA==	73	78	0.00469131169075
XMTI4NzkzODI0OA==	313	353	0.0163316967612
XMTI4ODA0MjA1Mg==	1120	1228	0.00929846938776
XMTI4ODA1MTAzNg==	26110	28643	0.00941145209387
XMTI4ODA1MTYxNg==	12	13	0.00694444444444
XMTI4ODA2NTEyNA==	199	211	0.00363627181132
XMTI4ODA2ODU2OA==	2332	1978	0.0230435524539
XMTI4ODA5MjQ4MA==	278	318	0.0207028621707
XMTI4ODA5NTE3Ng==	30	29	0.00111111111111
XMTI4ODAxMTIxMg==	2	2	0.0
XMTI4ODAxMzM5Ng==	62899	58987	0.00386821148899
XMTI4ODAyNDc0NA==	2853	2673	0.00398053518296
XMTI4ODAyODU2NA==	84	91	0.00694444444444
XMTI4ODAyOTU5Mg==	6	2	0.444444444444
XMTI4ODAzMjM0NA==	209	228	0.00826446280992
XMTI4ODAzMjkzMg==	2	2	0.0
XMTI4ODAzNTE0OA==	1193	693	0.175654435731
XMTI4ODAzODc5Mg==	2545	1865	0.0713908005604
XMTI4ODAzOTc2MA==	15577	17456	0.0145507681372
XMTI4ODE1NzY3Mg==	12	13	0.00694444444444
XMTI4ODE2MDQ5Mg==	3277	3816	0.027053574031
XMTI4ODE2NzA1Mg==	27	27	0.0
XMTI4ODE3MjI1Ng==	829	894	0.0061477705783
XMTI4ODEwOTg0MA==	1442	1712	0.0350587968244
XMTI4ODExNzc0NA==	17	19	0.0138408304498
XMTI4ODExODY1Mg==	16	8	0.25
XMTI4ODEyMDAzNg==	647	671	0.00137598570504
XMTI4ODEyMjc3Mg==	368	425	0.0239913161626
XMTI4ODEyNzI3Mg==	11	9	0.0330578512397
XMTI4ODEzMjEyOA==	38	37	0.000692520775623
XMTI4ODEzOTI4NA==	247	277	0.0147519218476
XMTI4ODEzOTUxNg==	2	2	0.0
XMTI4ODI0Mzg0NA==	10	12	0.04
XMTI4ODI1Mjk5Mg==	2	2	0.0
XMTI4ODI1Njg3Mg==	10	10	0.0
XMTI4ODI1Njk2NA==	171	183	0.00492459218221
XMTI4ODI1OTYwNA==	66	67	0.000229568411387
XMTI4ODI2NTAwOA==	48	47	0.000434027777778
XMTI4ODI2NTQ2MA==	333	376	0.0166743319896
XMTI4ODI2NTU0NA==	14	14	0.0
XMTI4ODI2NTc5Mg==	6105	4662	0.055867768595
XMTI4ODI3NzU5Ng==	150	168	0.0144
XMTI4ODI4MDQ0MA==	2	2	0.0
XMTI4ODI4Mzg4OA==	155	187	0.0426222684703
XMTI4ODI4NjMwOA==	1307	980	0.0625956754548
XMTI4ODI4Njc1Ng==	19	14	0.0692520775623
XMTI4ODI5MTY4OA==	69	79	0.0210039907582
XMTI4ODI5Mzc4NA==	254	204	0.0387500775002
XMTI4ODI5NjA0NA==	16	21	0.09765625
XMTI4ODI5NjYzNg==	2076	2313	0.0130329279294
XMTI4ODI5OTA3Ng==	445	561	0.0679510162858
XMTI4ODIwMDU4NA==	378	517	0.135221578343
XMTI4ODIwMjAyOA==	101	26	0.551416527791
XMTI4ODIwMjg2OA==	245	262	0.0048146605581
XMTI4ODIxMjU1Mg==	385	262	0.102067802328
XMTI4ODIxMzcxMg==	88	113	0.0807076446281
XMTI4ODIxNjUwNA==	4	5	0.0625
XMTI4ODIzMjY2OA==	168	177	0.00286989795918
XMTI4ODIzNDYyOA==	847	948	0.0142192250167
XMTI4ODIzNzAzNg==	148	118	0.041088385683
XMTI4ODM0NTY2MA==	399703	456866	0.020452914859
XMTI4ODM1Nzc3Ng==	12	6	0.25
XMTI4ODM2NDAyMA==	7	5	0.0816326530612
XMTI4ODM3NDIwMA==	13	15	0.0236686390533
XMTI4ODM4NzA0OA==	464	426	0.0067070451843
XMTI4ODM4Nzc2OA==	2	1	0.25
XMTI4ODM4OTU5Mg==	1	1	0.0
XMTI4ODM5MTQ5Ng==	90572	77632	0.0204117686294
XMTI4ODM5MTc1Ng==	162515	157126	0.00109958666102
XMTI4ODM5MTgzMg==	13502	15891	0.0313066135399
XMTI4ODM5MzcwNA==	20453	3783	0.664289155952
XMTI4ODM5Mzk2MA==	1470	1273	0.0179596464436
XMTI4ODMwNzI3Ng==	4	5	0.0625
XMTI4ODMwNzkzMg==	166	185	0.0131005951517
XMTI4ODMwODY0NA==	1	1	0.0
XMTI4ODMxMDkzNg==	31	33	0.00416233090531
XMTI4ODMzNTI3Mg==	2537	238	0.821177437154
XMTI4ODMzNTY4NA==	51	59	0.0246059207997
XMTI4ODQ0ODk4OA==	91944	87186	0.00267794768134
XMTI4ODQ2MTk0NA==	1518	1707	0.0155017263197
XMTI4ODQ2MjMwNA==	21	24	0.0204081632653
XMTI4ODQ2NzA1Ng==	4680	4942	0.00313408576229
XMTI4ODQ2NzMwMA==	1846	1268	0.0980375125157
XMTI4ODQ2ODk4MA==	200	236	0.0324
XMTI4ODQ3MDU2NA==	2643	2204	0.0275889209126
XMTI4ODQ3MzIwOA==	79	89	0.0160230732254
XMTI4ODQ3Nzc4MA==	33	36	0.00826446280992
XMTI4ODQ4MjI3Ng==	1081	1072	6.93160220134e-05
XMTI4ODQwMDYxMg==	2	2	0.0
XMTI4ODQwMzMyNA==	2	3	0.25
XMTI4ODQwNjQ0OA==	334	391	0.0291243859586
XMTI4ODQwODc3Ng==	87	99	0.0190249702735
XMTI4ODQwOTY0OA==	1627	1312	0.0374840062573
XMTI4ODQxMjAyOA==	4	5	0.0625
XMTI4ODQxNzUxMg==	6	5	0.0277777777778
XMTI4ODQxOTE1Ng==	3	2	0.111111111111
XMTI4ODQxOTM2MA==	5	2	0.36
XMTI4ODQyMDgwNA==	569	431	0.0588211674661
XMTI4ODQzMjI5Mg==	15	7	0.284444444444
XMTI4ODU0NjM4NA==	21142	18556	0.0149611474826
XMTI4ODU0ODI3Ng==	4	5	0.0625
XMTI4ODU0ODk4MA==	9622	7672	0.0410713064415
XMTI4ODU1NTQ3Ng==	17	18	0.00346020761246
XMTI4ODU1NjM4MA==	661	771	0.0276937936149
XMTI4ODU1NzU3Mg==	7	2	0.510204081633
XMTI4ODU2MjY4NA==	31	35	0.0166493236212
XMTI4ODU2NTQxNg==	14606	16886	0.0243672826743
XMTI4ODU3NzIxNg==	1477	1171	0.0429221889785
XMTI4ODU4MDI4OA==	4	5	0.0625
XMTI4ODU4MzQwNA==	11	12	0.00826446280992
XMTI4ODUxMTAxNg==	125	125	0.0
XMTI4ODUxODMwMA==	142	85	0.161128744297
XMTI4ODUxOTIxNg==	155	172	0.0120291363163
XMTI4ODUxOTM3Mg==	13	2	0.715976331361
XMTI4ODUyMDc4NA==	8	11	0.140625
XMTI4ODUyMjU1Mg==	20371	11995	0.169063026699
XMTI4ODUzMDgxNg==	109626	119328	0.00783240984428
XMTI4ODUzMjIyMA==	3	4	0.111111111111
XMTI4ODUzODExMg==	24	27	0.015625
XMTI4ODY0MzI1Mg==	3	2	0.111111111111
XMTI4ODY0NjE3Ng==	68115	66683	0.00044197785924
XMTI4ODY0OTc1Ng==	207	211	0.000373404280147
XMTI4ODY1NTA2MA==	56	57	0.00031887755102
XMTI4ODY1NTU5Mg==	17202	16451	0.00190599601085
XMTI4ODY1NjE2NA==	11	2	0.669421487603
XMTI4ODY3Mjg3Ng==	29	8	0.524375743163
XMTI4ODY3NTI4MA==	31731	35431	0.0135967755981
XMTI4ODY3NzgwMA==	38	44	0.0249307479224
XMTI4ODY4MzcyNA==	15	16	0.00444444444444
XMTI4ODY4NDE0OA==	33	37	0.0146923783287
XMTI4ODYwMTQ2OA==	17	15	0.0138408304498
XMTI4ODYwODQwOA==	2	2	0.0
XMTI4ODYxMDQwMA==	1910	2234	0.0287755269867
XMTI4ODYyMDcwNA==	11	12	0.00826446280992
XMTI4ODc0NTg1Ng==	2336	2377	0.000308050584068
XMTI4ODc1MjMxMg==	13	15	0.0236686390533
XMTI4ODc1MjU1Mg==	13	14	0.00591715976331
XMTI4ODc1MzI4NA==	4102	4595	0.0144445004411
XMTI4ODc1OTQ5Ng==	2	2	0.0
XMTI4ODc2NzQyOA==	23	27	0.0302457466919
XMTI4ODc2ODAwNA==	14	16	0.0204081632653
XMTI4ODc3Mzc3Mg==	4	5	0.0625
XMTI4ODc4OTk0NA==	690	590	0.0210039907582
XMTI4ODcwMDAyMA==	492339	356958	0.0756113438678
XMTI4ODcwMzk1Mg==	284	303	0.00447579845269
XMTI4ODcwNDM1Mg==	5	2	0.36
XMTI4ODcwNzg4MA==	62	67	0.00650364203954
XMTI4ODcxMzIyOA==	392	439	0.0143755206164
XMTI4ODcxMzYwOA==	5	5	0.0
XMTI4ODcxNTgxMg==	1465	1606	0.00926324127247
XMTI4ODcyMjczMg==	55	7	0.761652892562
XMTI4ODcyNjAyMA==	58	38	0.118906064209
XMTI4ODcyNzk1Ng==	7	5	0.0816326530612
XMTI4ODcyODIyMA==	14071	12197	0.0177373708806
XMTI4ODczOTI0OA==	846	970	0.0214833816765
XMTI4ODczOTYyMA==	8	8	0.0
XMTI4ODg1Nzc0MA==	14	9	0.127551020408
XMTI4ODg2NDQyMA==	366	442	0.04311863597
XMTI4ODgyNTgyNA==	14	14	0.0
XMTI4ODgzMzg3Ng==	30	18	0.16
Proposed PBML MRSE = 0.0978738748535
