XMTM2MTEwNjA0MA==	223	295	0.104245007943	258	0.024633513644
XMTM2MDg1NjIwMA==	21	20	0.00226757369615	17	0.0362811791383
XMTM2MTIyNTY3Ng==	380	475	0.0625	415	0.00848337950139
XMTM2MTQ4MjI0OA==	45	62	0.142716049383	54	0.04
XMTM2MDg1NDUxMg==	292	394	0.122021017076	344	0.0317132670295
XMTM2MDk0MTMyMA==	1413	534	0.38698437169	467	0.448226933304
XMTM2MDk0NDY4MA==	92	74	0.0382797731569	64	0.0926275992439
XMTM2MTM1ODk1Ng==	345	189	0.204461247637	165	0.272211720227
XMTM2MTIzOTc0OA==	40	44	0.01	38	0.0025
XMTM2MTI3OTI3Mg==	180	192	0.00444444444444	168	0.00444444444444
XMTM2MTU4MzkwOA==	38	40	0.00277008310249	35	0.00623268698061
XMTM2MTMxMTQ4NA==	21	27	0.0816326530612	23	0.00907029478458
XMTM2MTAwMzU0NA==	6	7	0.0277777777778	6	0.0
XMTM2MDgxNzcxMg==	261	288	0.0107015457788	252	0.00118906064209
XMTM2MTMxNzI4NA==	18	20	0.0123456790123	17	0.00308641975309
XMTM2MTY4NDY2NA==	17	17	0.0	15	0.0138408304498
XMTM2MTQwMjYyMA==	23	8	0.425330812854	7	0.48393194707
XMTM2MDk4NjQxNg==	303	182	0.159472382882	159	0.225860209783
XMTM2MTY3OTEyNA==	126	161	0.0771604938272	141	0.0141723356009
XMTM2MTUwMDIxMg==	25	28	0.0144	25	0.0
XMTM2MDk4NzAwMA==	10	10	0.0	9	0.01
XMTM2MTY0MTgwMA==	106	141	0.109024563902	123	0.0257208971164
XMTM2MTU4MDMyNA==	13	17	0.094674556213	15	0.0236686390533
XMTM2MTM0OTczNg==	20808	21822	0.00237473542915	19056	0.00708936807643
XMTM2MTYxNjU2OA==	2059	2111	0.000637813921091	1843	0.011005120674
XMTM2MDgzMTU3Ng==	6	6	0.0	5	0.0277777777778
XMTM2MDc2NzU0MA==	1196	1101	0.00630935336294	962	0.0382797731569
XMTM2MTAzNDQ3Ng==	672	522	0.0498246173469	456	0.103316326531
XMTM2MTM3NTM0OA==	5827	1148	0.644786675498	1002	0.685653345155
XMTM2MTMxODY2NA==	40	51	0.075625	44	0.01
XMTM2MTAxMDM3Ng==	37	33	0.0116873630387	28	0.0591672753835
XMTM2MTMxOTcyMA==	344	431	0.0639619388859	377	0.00920260951866
XMTM2MTE0MjU2OA==	92	49	0.21845463138	43	0.283672022684
XMTM2MTI2MzQ5Mg==	281	346	0.0535074277175	302	0.00558503565051
XMTM2MTA5Mzk4NA==	1398	38	0.946375467918	33	0.953346902687
XMTM2MTAwMzY2NA==	256	294	0.0220336914062	257	1.52587890625e-05
XMTM2MDkwMjc3Mg==	404	536	0.10675423978	468	0.0250955788648
XMTM2MTMyNDU3Ng==	189	184	0.000699868424736	160	0.0235435738081
XMTM2MTI3MTk0MA==	32	40	0.0625	35	0.0087890625
XMTM2MTMzNzY4OA==	86	103	0.0390751757707	90	0.00216333153056
XMTM2MTI5MjA2MA==	1230	1537	0.062296913213	1342	0.00829136096239
XMTM2MTM0MDcwMA==	43	31	0.0778799351001	27	0.138453217956
XMTM2MDg3NDMxMg==	2797	3571	0.0765767602527	3119	0.0132533848961
XMTM2MTMyNDQ1Mg==	14	16	0.0204081632653	14	0.0
XMTM2MTU4MjAyOA==	5964	7956	0.111558688145	6947	0.0271663796776
XMTM2MTY5MjYzNg==	5	6	0.04	5	0.0
XMTM2MTYwMDAwOA==	16	10	0.140625	9	0.19140625
XMTM2MDczMjY5Ng==	86	98	0.019469983775	85	0.00013520822066
XMTM2MDk1MTk4OA==	36	24	0.111111111111	21	0.173611111111
XMTM2MDg3ODIzNg==	2047	2416	0.032495037837	2110	0.000947208122554
XMTM2MTIwODE2MA==	17	16	0.00346020761246	14	0.0311418685121
XMTM2MTI4MzMwMA==	2268	40	0.965037684027	35	0.969373952141
XMTM2MTI0MjIzMg==	119	103	0.018077819363	90	0.0593884612669
XMTM2MTA1OTkzMg==	236	290	0.0523556449296	253	0.00518888250503
XMTM2MDgyMzAzNg==	78	71	0.00805391190007	62	0.0420775805391
XMTM2MTQ1Mzc5Ng==	104	35	0.440181213018	31	0.492696005917
XMTM2MDg4MTM0OA==	14660	13293	0.0086949900333	11607	0.0433696250993
XMTM2MDk5Mjg1Mg==	132	154	0.0277777777778	135	0.00051652892562
XMTM2MTE3NTU1Mg==	8	7	0.015625	6	0.0625
XMTM2MTA2MjA0NA==	24	8	0.444444444444	7	0.501736111111
XMTM2MTA2MTY4NA==	95	83	0.0159556786704	73	0.0536288088643
XMTM2MDc0ODI3Mg==	258	273	0.0033802055165	238	0.00600925425155
XMTM2MTM0ODE2NA==	19	25	0.0997229916898	22	0.0249307479224
XMTM2MDg0MDQxMg==	221	277	0.0642083495424	242	0.0090292991544
XMTM2MDk0MDIyMA==	407	273	0.10839787744	238	0.172418789126
XMTM2MDkxNzU4NA==	134	122	0.00801960347516	106	0.043662285587
XMTM2MDc0MDk3Ng==	186	206	0.0115620302925	180	0.00104058272633
XMTM2MDkwOTQ4NA==	75	96	0.0784	84	0.0144
XMTM2MTExNzk5Ng==	11	13	0.0330578512397	11	0.0
XMTM2MDk1ODc0MA==	96	86	0.0108506944444	75	0.0478515625
XMTM2MTQxNzU1Ng==	10847	13763	0.072269617972	12019	0.0116744369239
XMTM2MTQ0NjcwMA==	25	24	0.0016	21	0.0256
XMTM2MDkwMTY5Ng==	2776	3457	0.0601804319029	3019	0.00766255533224
XMTM2MTQ4MDkzNg==	7	7	0.0	6	0.0204081632653
XMTM2MTQ0NjcxNg==	138	140	0.000210039907582	122	0.0134425540853
XMTM1ODU0MjI2MA==	603	25	0.918800139711	22	0.928362609286
XMTM2MTYwOTMzMg==	2690	2845	0.003320158649	2484	0.00586448501264
XMTM2MTM2Mjg5Ng==	183	157	0.0201857326286	137	0.0631849263937
XMTM2MDY5ODY4OA==	35	34	0.000816326530612	30	0.0204081632653
XMTM2MTQ2MDM2NA==	89	57	0.129276606489	49	0.201994697639
XMTM2MTQ4MTk0NA==	17402	19635	0.0164656590179	17146	0.000216412131226
XMTM2MDk3MzA2OA==	652	728	0.013587263352	636	0.000602205577929
XMTM2MTYxNjkyNA==	10	8	0.04	7	0.09
XMTM2MTQ5NDM0NA==	6556	6816	0.0015727829995	5952	0.00848781660866
XMTM2MTAzMjQ2OA==	54	48	0.0123456790123	42	0.0493827160494
XMTM2MTQ5MjE4MA==	11	8	0.0743801652893	7	0.132231404959
XMTM2MDg4NzAwMA==	4	6	0.25	5	0.0625
XMTM2MDc5OTc3Ng==	103	131	0.0738995192761	115	0.0135733810915
XMTM2MDg2Nzc5Mg==	227	310	0.133691707582	270	0.0358827068253
XMTM2MTI4MDMyMA==	6	7	0.0277777777778	6	0.0
XMTM2MTY1Nzg2NA==	67	47	0.0891067052796	41	0.150590331922
XMTM2MDc2MTk3Ng==	25	30	0.04	26	0.0016
XMTM2MTI3NDI0NA==	2928	106	0.928906226671	93	0.937484253225
XMTM2MTA4NDE4MA==	64	83	0.088134765625	73	0.019775390625
XMTM2MTM4NDY5Mg==	1223	1622	0.106437061794	1416	0.0249035754472
XMTM2MDk0NjQ5Ng==	6128	3406	0.197305289592	2974	0.264902382762
XMTM2MTI1MjIyMA==	145	71	0.260451843044	62	0.327657550535
XMTM2MDk4NTc0MA==	58	76	0.0963139120095	67	0.0240784780024
XMTM2MDgzNjQxMg==	513	681	0.10724667419	595	0.0255501217849
XMTM2MDczODM2MA==	1300	1685	0.0877071005917	1472	0.0175053254438
XMTM2MTUxMzc4OA==	5	6	0.04	5	0.0
XMTM2MTExNjgwOA==	13	14	0.00591715976331	12	0.00591715976331
XMTM2MDk1NDM2OA==	14	14	0.0	12	0.0204081632653
XMTM2MTA3MzAyMA==	28	33	0.031887755102	28	0.0
XMTM1ODU1NTIwOA==	45	59	0.0967901234568	52	0.0241975308642
XMTM2MDk0MTM2NA==	166	198	0.0371606909566	173	0.00177819712585
XMTM2MTI4MDc4MA==	69	68	0.000210039907582	59	0.0210039907582
XMTM2MTEyODg5Ng==	55	21	0.382148760331	19	0.428429752066
XMTM2MDk2ODQ5Mg==	41	55	0.116597263534	48	0.0291493158834
XMTM2MTIzOTk0OA==	152	194	0.0763504155125	169	0.0125086565097
XMTM2MDk3MDY5Mg==	61	33	0.210696049449	28	0.292663262564
XMTM2MTIwNzkxMg==	45	38	0.0241975308642	33	0.0711111111111
XMTM2MTMwNzY0OA==	45	47	0.00197530864198	41	0.0079012345679
XMTM2MTMzNDM3Mg==	52	64	0.0532544378698	56	0.00591715976331
XMTM2MDc2NDE5Ng==	1197	1292	0.00629881582263	1128	0.00332284344948
XMTM2MDc5MjExNg==	24009	8603	0.411748137939	7512	0.472130226562
XMTM2MDk0ODk5Mg==	50	38	0.0576	33	0.1156
XMTM2MTQ5MzE4MA==	24	31	0.0850694444444	27	0.015625
XMTM2MTA3ODM5Ng==	1789	92	0.89979381482	80	0.912564235635
XMTM2MTIzNjMzMg==	18	18	0.0	16	0.0123456790123
XMTM2MTExODc2NA==	18	20	0.0123456790123	17	0.00308641975309
XMTM2MTM3ODY2MA==	179	184	0.000780250304298	160	0.0112668143941
XMTM2MDcxOTcwOA==	177	213	0.0413674231543	186	0.00258546394714
XMTM2MTEzMTk1Mg==	113	112	7.83146683374e-05	98	0.0176208003759
XMTM2MDc1MTU1Ng==	332	267	0.0383310349833	233	0.088918928727
XMTM2MDgzNDA3Mg==	379	498	0.0985860582981	435	0.0218322066819
XMTM2MDcyMjgxNg==	1113	1445	0.0889786554232	1262	0.0179218240043
XMTM2MTE1NzgwMA==	8	8	0.0	7	0.015625
XMTM2MTMzNDQwNA==	193	202	0.00217455502161	177	0.00687266772262
XMTM2MDg5NTU0NA==	3833	3481	0.00843349687709	3040	0.0428024605958
XMTM2MTA1OTMzNg==	194	252	0.0893825061112	220	0.0179615261983
XMTM2MTI0NTg3Ng==	117	116	7.30513551026e-05	101	0.0187011469063
XMTM2MTQyMzA1Mg==	257	298	0.0254508016775	260	0.000136262471801
XMTM2MTQyMTI0OA==	444	534	0.041088385683	467	0.00268342666991
XMTI4NzA2MDg5Ng==	5470	5696	0.00170703421354	4974	0.00822221256714
XMTI4NzY1ODI1Mg==	1653	1958	0.0340450496247	1710	0.00118906064209
XMTI4Nzg2NTUyMA==	89	81	0.00807978790557	70	0.0455750536548
XMTI4Nzk0Nzk0OA==	6	6	0.0	5	0.0277777777778
XMTI4Nzk1NjU0MA==	213	212	2.20414820693e-05	185	0.0172805219423
XMTI4Nzk3NzgzNg==	62	83	0.114724245578	73	0.0314776274714
XMTI4Nzk4MDcyMA==	84	93	0.0114795918367	81	0.00127551020408
XMTI4Nzk5MjgwOA==	10876	11350	0.00189940809914	9911	0.00787256452455
XMTI4Nzk5NTg3Mg==	1637	1429	0.0161446751567	1248	0.0564679268997
XMTI4ODA0OTMyOA==	20	18	0.01	16	0.04
XMTI4ODA1OTU5Mg==	20	28	0.16	25	0.0625
XMTI4ODA2MDQ0MA==	33	30	0.00826446280992	26	0.0449954086318
XMTI4ODA3MjE5Mg==	42756	27155	0.133140669631	23712	0.198391110683
XMTI4ODA3Njc0OA==	199	232	0.0274993055731	202	0.000227266988207
XMTI4ODA5MjcyMA==	14	14	0.0	12	0.0204081632653
XMTI4ODAyMjI0OA==	1302	1591	0.0492689965338	1389	0.00446494935123
XMTI4ODAyOTg1Mg==	19675	24739	0.0662457333189	21603	0.00960250577604
XMTI4ODAzMjg2NA==	481	592	0.0532544378698	517	0.00560163553927
XMTI4ODE0NTk2OA==	103	65	0.136110849279	57	0.199453294373
XMTI4ODE0NjI4MA==	53	62	0.0288358846565	54	0.000355998576006
XMTI4ODE1MDYxNg==	214	110	0.236177832125	96	0.304044021312
XMTI4ODE1MzMzNg==	1821	2269	0.0605251865101	1981	0.00772004929975
XMTI4ODE1NTg0NA==	3030	3959	0.0940039647529	3457	0.0198595998214
XMTI4ODE2MDAzNg==	498	324	0.12207867615	283	0.186388122772
XMTI4ODE2Nzg0MA==	227	263	0.0251508859089	230	0.000174658929923
XMTI4ODE4NDk4OA==	22	8	0.404958677686	7	0.464876033058
XMTI4ODE4NjA0OA==	20	25	0.0625	22	0.01
XMTI4ODE5MjQyNA==	1690	2234	0.103615419628	1951	0.0238510556353
XMTI4ODExMjAzNg==	3277	612	0.661365511691	535	0.700135369838
XMTI4ODExMzM2NA==	22	30	0.132231404959	26	0.0330578512397
XMTI4ODEyMjM3Ng==	24	27	0.015625	23	0.00173611111111
XMTI4ODEzNjU0MA==	67	79	0.0320784139006	69	0.000891067052796
XMTI4ODI1MzU3Ng==	9	13	0.197530864198	11	0.0493827160494
XMTI4ODI1NjIxMg==	432	578	0.114218964335	505	0.0285547410837
XMTI4ODI1ODM3Ng==	23	33	0.189035916824	28	0.047258979206
XMTI4ODI4ODI1Mg==	69	95	0.141986977526	83	0.0411678218862
XMTI4ODIxNzM0MA==	384	194	0.244818793403	169	0.313483344184
XMTI4ODIyMDUwNA==	96	76	0.0434027777778	67	0.0912543402778
XMTI4ODIzMzg3Ng==	10	14	0.16	12	0.04
XMTI4ODIzNzY2OA==	6613	4288	0.123608651642	3744	0.188219255434
XMTI4ODIzOTQ0NA==	10774	11067	0.000739573426653	9664	0.0106143160547
XMTI4ODMwNDI3Mg==	12	14	0.0277777777778	12	0.0
XMTI4ODMwNjY5Mg==	22	31	0.167355371901	27	0.051652892562
XMTI4ODMwNzg1Mg==	31883	40540	0.073725287822	35400	0.012168201093
XMTI4ODMwOTMzNg==	69	75	0.00756143667297	65	0.00336063852132
XMTI4ODMwOTU4NA==	118	134	0.0183855214019	117	7.18184429762e-05
XMTI4ODMxMjc4NA==	16	18	0.015625	16	0.0
XMTI4ODQ1MDgzMg==	14	17	0.0459183673469	15	0.00510204081633
XMTI4ODQ1MjcyOA==	60	72	0.04	63	0.0025
XMTI4ODQ1ODEzMg==	404	564	0.156847367905	493	0.048530781296
XMTI4ODQ2MTEyNA==	118	137	0.0259264579144	120	0.000287273771905
XMTI4ODQ2Mjg4MA==	7080	9614	0.128099285008	8395	0.0344972908487
XMTI4ODQ3MDk5Mg==	2795	3460	0.0566082417811	3021	0.00653812551803
XMTI4ODQ3NjU4MA==	503	544	0.00664403242572	475	0.00309870399867
XMTI4ODQ3ODExNg==	3571	3980	0.0131179785259	3475	0.000722707839474
XMTI4ODQxMTEwNA==	773	821	0.0038558797983	717	0.00524828083658
XMTI4ODQxNjc2MA==	219	271	0.0563791413857	237	0.00675548883468
XMTI4ODQxOTg5Mg==	14	8	0.183673469388	7	0.25
XMTI4ODQyNTk5Ng==	176	235	0.11237732438	205	0.0271500516529
XMTI4ODQzMTMwOA==	13	14	0.00591715976331	12	0.00591715976331
XMTI4ODU0MDA5Mg==	355	471	0.106772465781	411	0.0248839515969
XMTI4ODU0NDA5Mg==	70	66	0.00326530612245	58	0.029387755102
XMTI4ODU2ODUyMA==	477	599	0.0654158371021	523	0.00929991341763
XMTI4ODU2OTg0NA==	662	854	0.0841175235713	746	0.0161006197461
XMTI4ODU5MjYxNg==	5	7	0.16	6	0.04
XMTI4ODUwMjQ0NA==	241	327	0.127339405313	285	0.0333327594222
XMTI4ODUwNzI4NA==	483284	587756	0.0467299141553	513242	0.00384256124572
XMTI4ODUxNTM4OA==	1633	1106	0.104147502765	965	0.167332598589
XMTI4ODUyMTgzNg==	294	199	0.104412513305	174	0.166597251145
XMTI4ODUyNzAzNg==	10	8	0.04	7	0.09
XMTI4ODUzMTU2OA==	721	636	0.0138984804969	556	0.0523717829105
XMTI4ODUzNTg4OA==	248	271	0.00860106659729	237	0.00196735171696
XMTI4ODUzNzYwOA==	257	263	0.000545049887205	230	0.0110372602159
XMTI4ODY0ODg4OA==	134	124	0.00556916907997	109	0.0348073067498
XMTI4ODY5NzQ0OA==	6	8	0.111111111111	7	0.0277777777778
XMTI4ODYwOTQ2MA==	27	18	0.111111111111	16	0.16598079561
XMTI4ODYxMTcyMA==	13	7	0.213017751479	6	0.289940828402
XMTI4ODYzOTM3Ng==	34	25	0.0700692041522	22	0.124567474048
XMTI4ODc0NTY4OA==	4	6	0.25	5	0.0625
XMTI4ODc0OTUzNg==	32	18	0.19140625	16	0.25
XMTI4ODc1NjA1Mg==	82	100	0.0481856038073	88	0.00535395597858
XMTI4ODc1ODI4MA==	166	225	0.12632457541	196	0.0326607635361
XMTI4ODc3NDY4OA==	10	11	0.01	10	0.0
XMTI4ODc5MDM3Mg==	42	57	0.127551020408	49	0.0277777777778
XMTI4ODc5OTY5Mg==	549	6	0.978261518708	5	0.981868009728
XMTI4ODcwNzcxNg==	2672	1602	0.16035948313	1399	0.226978070431
XMTI4ODcyODI1Mg==	17228	4285	0.564417117123	3742	0.612768715396
XMTI4ODg0NjgyNA==	1095	1004	0.00690644481975	877	0.0396355372073
XMTI4ODgxODEwOA==	94	107	0.0191263014939	94	0.0
XMTI4ODgyOTY4OA==	164	219	0.1124702558	191	0.0271044021416
Log-Linear MRSE = 0.104855185265, Linear-LRS MRSE = 0.0925768840089
