XMTM2MTI2MTM4MA==	8	10	0.0625
XMTM2MTA5OTk2NA==	119	146	0.0514794152955
XMTM2MTcwMjI4NA==	2650	3071	0.0252390174439
XMTM2MDk4NjYyOA==	918	1091	0.0355145931527
XMTM2MTE2OTA2OA==	32	34	0.00390625
XMTM2MTM2NzU2NA==	5	6	0.04
XMTM2MTI5NzQ2MA==	45983	28023	0.152552054502
XMTM2MTQ3MDc0MA==	102	139	0.131584006151
XMTM2MTA3OTgwMA==	2907	2089	0.0791801907759
XMTM2MTA4MTAwNA==	146	160	0.00919497091387
XMTM2MTI4OTg5Ng==	23	10	0.319470699433
XMTM2MDg4ODUxNg==	64	74	0.0244140625
XMTM2MDgzOTQwOA==	24	27	0.015625
XMTM2MTQ0MDM2MA==	19	11	0.17728531856
XMTM2MTIxOTA1Mg==	61	66	0.0067186240258
XMTM2MTE0ODYwNA==	20	24	0.04
XMTM2MTA2Mzk4MA==	622	692	0.0126652950238
XMTM2MTI5ODM0MA==	112	128	0.0204081632653
XMTM2MDgzOTE2OA==	36	23	0.130401234568
XMTM2MTM1NTcyNA==	32524	23755	0.0726929402528
XMTM2MTE2NDkxMg==	94	102	0.00724309642372
XMTM2MTI4NDU4NA==	90	20	0.604938271605
XMTM2MDc3MTkwOA==	3590	4363	0.0463628463466
XMTM2MTUwNTEyOA==	17	17	0.0
XMTM2MDkyODI0OA==	113	82	0.0752603962722
XMTM2MTA5NjA3Mg==	11	13	0.0330578512397
XMTM2MDk3MzkyNA==	40224	146	0.992753826879
XMTM2MTA2ODM5Ng==	123	143	0.0264392887831
XMTI4NzUyOTE2OA==	76	66	0.0173130193906
XMTI4NzY3MzYxNg==	2987	3661	0.0509154220235
XMTI4Nzc1ODM0OA==	216	252	0.0277777777778
XMTI4NzcyNzkyOA==	10	9	0.01
XMTI4Nzg2MDg5Mg==	111	137	0.0548656764873
XMTI4Nzk5MDAwOA==	563	647	0.0222608520076
XMTI4ODA0MjcyOA==	25	19	0.0576
XMTI4ODA0NTMyNA==	17	19	0.0138408304498
XMTI4ODA1MjIxMg==	1110	1347	0.0455880204529
XMTI4ODA3OTg5Mg==	118	142	0.0413674231543
XMTI4ODA4MzQzMg==	9	11	0.0493827160494
XMTI4ODA5MjI5Ng==	257	214	0.0279943678178
XMTI4ODAxMDc4MA==	412	186	0.300900179093
XMTI4ODAxOTkwNA==	117	134	0.0211118416247
XMTI4ODAzNTQwOA==	717	678	0.00295863167662
XMTI4ODE1MTc3Ng==	32	11	0.4306640625
XMTI4ODE1OTM0MA==	337	400	0.0349479171253
XMTI4ODE5MjkwOA==	1767	1676	0.00265222085464
XMTI4ODExNzM1Mg==	399	483	0.0443213296399
XMTI4ODEyNTcxMg==	257	307	0.0378506866115
XMTI4ODI0MzUxMg==	2024	2163	0.004716377775
XMTI4ODI1Nzc5Mg==	2640	1674	0.13388946281
XMTI4ODI1ODEyOA==	1404	416	0.495198902606
XMTI4ODI2NzAyMA==	186	172	0.00566539484333
XMTI4ODI5MTU5Ng==	30	19	0.134444444444
XMTI4ODI5MzM2OA==	1884	570	0.486439612155
XMTI4ODM0OTYyMA==	67	71	0.00356426821118
XMTI4ODM2MjM0MA==	35	40	0.0204081632653
XMTI4ODM2MzUwOA==	3	4	0.111111111111
XMTI4ODM2MzY5Ng==	3	4	0.111111111111
XMTI4ODM2NDMyNA==	3	4	0.111111111111
XMTI4ODM2NTM1Ng==	156	181	0.0256821170283
XMTI4ODM3MDM4OA==	11	14	0.0743801652893
XMTI4ODM3MjcxNg==	324	262	0.0366178936138
XMTI4ODM4MTY4MA==	40368	19991	0.254803872766
XMTI4ODM5MDk5Mg==	3417	3373	0.000165811785295
XMTI4ODM5MTg3Ng==	40423	42558	0.00278957906735
XMTI4ODM5NDk0OA==	47	42	0.0113173381621
XMTI4ODM5NTcwNA==	557	565	0.00020628591873
XMTI4ODMwNTYwMA==	748	791	0.00330471274557
XMTI4ODMyODk1Ng==	38	47	0.0560941828255
XMTI4ODQ3NjcxNg==	204	243	0.0365484429066
XMTI4ODQyMjA3Ng==	3	4	0.111111111111
XMTI4ODQzMDEwMA==	212	232	0.00889996440014
XMTI4ODU0ODM5Mg==	58	68	0.0297265160523
XMTI4ODU2MTUxMg==	9	10	0.0123456790123
XMTI4ODU3ODY4MA==	8816	10790	0.050136167618
XMTI4ODUwMzcwOA==	8	10	0.0625
XMTI4ODUyMTcwOA==	5	6	0.04
XMTI4ODUyNTM3Mg==	23	28	0.047258979206
XMTI4ODY0NDk4OA==	15456	15952	0.00102983852646
XMTI4ODY1MTM2NA==	73	81	0.0120097579283
XMTI4ODY4OTk3Mg==	9	11	0.0493827160494
XMTI4ODYyNzg4NA==	121	145	0.039341575029
XMTI4ODc3NTIyMA==	19	23	0.0443213296399
XMTI4ODc4ODUzMg==	75	76	0.000177777777778
XMTI4ODcxNjk3Ng==	155	189	0.0481165452653
XMTI4ODcyMzMyMA==	582	701	0.0418068988321
XMTI4ODg2MjEyNA==	144	169	0.0301408179012
XMTI4ODgxMDQwOA==	16	19	0.03515625
XMTI4ODgxNTM0NA==	41	18	0.314693634741
XMTI4ODgyMTA1Mg==	229	272	0.03525867165
XMTI4ODgyNDc1Mg==	115	59	0.237126654064
Multi-Linear-LRS MRSE = 0.0863880399396
