XMTM2MDkzMDQ2OA==	504	366	0.0749716553288
XMTM2MTQzNzQ5Ng==	90466	125799	0.152542285997
XMTM2MTE3MjQ2NA==	2462	1942	0.0446098322446
XMTM2MTIwNzA5Ng==	9	3	0.444444444444
XMTM2MTM3MTI0OA==	2	3	0.25
XMTM2MTEyMjczMg==	28281	19734	0.091335136953
XMTM2MTUzNjA4MA==	3525	4566	0.0872133997284
XMTM2MDg5OTU2OA==	17391	21115	0.0458532617501
XMTM2MTEwODQ4NA==	8573	5651	0.116170210352
XMTM2MTUxNTk2NA==	59	24	0.351910370583
XMTM2MTE5NTA0OA==	51	70	0.138792772011
XMTM2MTExODY2NA==	114648	151436	0.102962573647
XMTM2MTEzNTgwNA==	941	685	0.074011751805
XMTM2MTQwNzQ4MA==	61082	68350	0.0141580466816
XMTM2MDkyOTUyOA==	1775	2811	0.340661297362
XMTM2MTExNjM2NA==	54	78	0.197530864198
XMTM2MTIxNTAwNA==	257	235	0.00732789292798
XMTM2MTE2MDA4OA==	53	58	0.00889996440014
XMTM2MTE0ODY1Ng==	497888	650330	0.0937445346785
XMTM2MTQwNDQwOA==	110	131	0.0364462809917
XMTM2MTIzNTI2NA==	436	478	0.00927952192576
XMTM2MTYwMDMyMA==	5634	6617	0.0304420118281
XMTM2MTEwMzY2NA==	2	3	0.25
XMTM2MTEyMjU1Ng==	1545	2175	0.166273918371
XMTM2MTYxMzc4NA==	5539	5442	0.000306676669539
XMTM2MTAwNjQ3Mg==	899	1167	0.0888689818498
XMTM2MDg5NTcwOA==	52271	19502	0.393011048259
XMTM2MDg2Nzc4NA==	179	227	0.0719078680441
XMTM2MDg0MTc5Mg==	3758	5101	0.127713990179
XMTM2MDk0MDY1Ng==	24	37	0.293402777778
XMTM2MTIyMTc1Mg==	884372	1001205	0.0174526383359
XMTM2MTI1ODc3Ng==	170281	1309	0.984684507767
XMTM2MDk5NDExNg==	548593	712225	0.0889684355219
XMTM2MTU1NDQyOA==	1117	1300	0.0268408233141
XMTM2MTQ5ODk5Mg==	652	833	0.0770658474162
XMTM2MTU0OTQ0OA==	93	132	0.175858480749
XMTM2MDk5NDI4NA==	214	144	0.106996244213
XMTM2MTU4NjQ4MA==	10670	11784	0.0109003776058
XMTM2MTMwODE5Mg==	192053	23	0.999760497126
XMTM2MTM3MjU5Ng==	16274	18632	0.0209941829856
XMTM2MDc0NDQ3Mg==	15151	21401	0.170167821215
XMTM2MDk5MDAyNA==	52514	17391	0.4473351324
XMTM2MTI5OTAwMA==	1363	1842	0.123503514161
XMTM2MTYzNDEzMg==	101	114	0.016567003235
XMTM2MTUzMTEzMg==	134	74	0.200490086879
XMTM2MDkzMjY0MA==	2243	995	0.309578380175
XMTM2MTcwNTA2OA==	29	36	0.0582639714625
XMTM2MTUxNzA2MA==	109	9	0.841679993267
XMTM2MTE3NTA0OA==	12	6	0.25
XMTM2MTE2OTA1Ng==	7	3	0.326530612245
XMTM2MTEwNDYwOA==	190	230	0.0443213296399
XMTM2MTE0MDA2OA==	621	750	0.0431515321244
XMTM2MDk2NjM2MA==	22402	23017	0.000753662047325
XMTM2MTMwMzA0MA==	132813	61	0.999081626172
XMTM2MDk2NzM4NA==	13889	17705	0.0754874536999
XMTM2MTQ5OTU0NA==	468	456	0.000657462195924
XMTM2MTE1ODg0OA==	142	177	0.0607518349534
XMTM2MTI1NzUxMg==	69	62	0.0102919554715
XMTM2MTQyMTcwOA==	34	33	0.000865051903114
XMTM2MDk4MzMzMg==	201	252	0.0643795945645
XMTM2MTIyMjEwOA==	59184	78132	0.102498644994
XMTM2MTUyNzk2NA==	573	719	0.0649226842588
XMTM2MTI0MjE0OA==	14266	18751	0.0988372049601
XMTM2MTQzMTg4MA==	180287	161159	0.0112566795268
XMTM2MTU0OTM4OA==	4059	1813	0.306183230705
XMTM2MTY1Nzk5Mg==	4	2	0.25
XMTM2MTMzMDExNg==	1791037	172330	0.816821901572
XMTM2MTMxMDQyMA==	107	135	0.0684775962966
XMTM2MTYzMTgyMA==	126508	160197	0.0709153515156
XMTM2MTQzNzgwOA==	10236	8600	0.0255450080713
XMTM2MDgxMzE3Ng==	1799	2709	0.255870641493
XMTM2MTYxMTA3Ng==	95	113	0.0359002770083
XMTM2MTQ3NzM1Mg==	408	580	0.177720107651
XMTM2MDk5OTEwNA==	7001	8550	0.048953379668
XMTM2MDk4NjgzNg==	17649	22374	0.0716742932882
XMTM2MTI3NjA5Ng==	32	41	0.0791015625
XMTM2MTExMzcwMA==	6953	7003	5.17125019048e-05
XMTM2MTM5NTM0MA==	15301	16261	0.00393643274476
XMTM2MDk4MzYyMA==	224	204	0.00797193877551
XMTM2MDg3MTE1Mg==	50	56	0.0144
XMTM2MTAxMzUxMg==	6130	7077	0.0238659655267
XMTM2MTIyOTYxMg==	11397	13088	0.02201436276
XMTM2MTI2MDkxMg==	2011	2108	0.00232658716196
XMTM2MDkxMTA2OA==	34515	37613	0.0080565122429
XMTM2MTYxNTYyOA==	553	633	0.0209280956414
XMTM2MTUwMjQwNA==	68010	80549	0.0339922768392
XMTM2MTU5NDQ3Mg==	56312	67034	0.0362534800177
XMTM2MTEwMjcxMg==	228	100	0.315173899661
XMTM2MTQ3MTc5Ng==	302	383	0.0719376343143
XMTM2MTUzNDg3Ng==	85	79	0.00498269896194
XMTM2MTI3MDA1Ng==	6	8	0.111111111111
XMTM2MTEzNzc1Mg==	1176	816	0.0937109537693
XMTM2MTUwODg2MA==	2627	2812	0.00495933346558
XMTM2MDk0NzEzNg==	15753	23110	0.218109692803
XMTM2MDYxOTAyMA==	237	296	0.0619736865531
XMTM2MDk2NTMyNA==	23	26	0.0170132325142
XMTM2MDc1MTkwOA==	81169	78503	0.00107879742001
XMTM2MTIzNjM3Ng==	67	87	0.0891067052796
XMTM2MTIxNjY2OA==	45713	62534	0.13540171789
XMTM2MTczNzc3Ng==	41	48	0.0291493158834
XMTM2MDcyMzQ3Ng==	2	2	0.0
XMTM2MTE4NjE2NA==	1898	2177	0.0216080706106
XMTM2MDgxNDcwNA==	1885	1350	0.0805535816054
XMTM2MTE4OTcxNg==	50	66	0.1024
XMTM2MDk1NzM0MA==	93	57	0.149843912591
XMTM2MDg5NDg5Ng==	881	473	0.21447096672
XMTM2MDc3OTU5Mg==	1795	2514	0.160445992815
XMTM2MTE0OTk4NA==	80	75	0.00390625
XMTM2MDIyODA0OA==	115	88	0.0551228733459
XMTM2MTQ4Njg2OA==	3039	3162	0.00163813173074
XMTM2MTM5MTI5Ng==	131	114	0.0168405104598
XMTM2MTMyMzU0OA==	1591	1730	0.00763289417493
XMTM2MDcxMzYwNA==	802	507	0.135299220776
XMTM2MTI2NTA3Mg==	7120	329	0.909719436466
XMTM2MDk1Njk0NA==	83	69	0.0284511540136
XMTM2MTEzNjYwMA==	1116	750	0.107555786796
XMTM2MTczMTYwMA==	36	35	0.000771604938272
XMTM2MTA5MDY4MA==	220	348	0.338512396694
XMTM2MTcwMTE0OA==	11	8	0.0743801652893
XMTM2MTIxMDAzNg==	4	3	0.0625
XMTM2MTI2MDU3Mg==	16289	510	0.938361337777
XMTM2MTExNjY2NA==	28	27	0.00127551020408
XMTM2MDgzODgzMg==	4944	5759	0.027174295475
XMTM2MTE5MjEzNg==	86	94	0.00865332612223
XMTM2MDc0OTk1Mg==	3703	4936	0.110871195152
XMTM2MTU2ODcxMg==	52274	66751	0.0766982900612
XMTM2MTQ5MzM4OA==	99659	170125	0.499949558123
XMTM2MTUyMjYyOA==	142	222	0.317397341797
XMTM2MDgzMzY5Mg==	161	170	0.00312487944138
XMTM2MTM3MjUxNg==	3424	943	0.52503229335
XMTM2MTMwMTk5Ng==	92	60	0.120982986767
XMTM2MTEzNzIyOA==	1638	1182	0.077500033544
XMTM2MDk5Nzk3Mg==	924	118	0.760897471936
XMTM2MTYwMDc2NA==	37	43	0.0262965668371
XMTM2MTI4MjEwOA==	9851	10771	0.00872197859568
XMTM2MTMyODY0MA==	20148	26212	0.0905846271047
XMTM2MTYwMTI4OA==	1713	2032	0.0346790059464
XMTM2MTUzODcyOA==	86	107	0.059626825311
XMTM2MDY4OTU4OA==	8	10	0.0625
XMTM2MTU3OTc3Ng==	4070	5067	0.0600069423902
XMTM2MTU1ODY3Mg==	88	88	0.0
XMTM2MTYwMDM4OA==	540	741	0.138549382716
XMTM2MTYzMDQ0MA==	289	287	4.78921468852e-05
XMTM2MDkzNTkzMg==	14512	23941	0.422159660628
XMTM2MTQ3ODA4MA==	41	46	0.0148720999405
XMTM2MTA3OTAwOA==	65	68	0.00213017751479
XMTM2MTUwMjYzMg==	383	468	0.0492538636162
XMTM2MTQ2OTM5Ng==	1548	1613	0.00176313188978
XMTM2MDg1NjgyNA==	41	46	0.0148720999405
XMTM2MTI3ODk4OA==	10	14	0.16
XMTM2MTAxNTQ3Ng==	95	133	0.16
XMTM2MDk3NzU0NA==	80698	83199	0.000960509889267
XMTM2MTMxMDUyNA==	2	3	0.25
XMTM2MDg3MzY5Ng==	112	2	0.964604591837
XMTM2MTM4NTk2MA==	42	52	0.0566893424036
XMTM2MTQ2ODA5Ng==	24894	34676	0.154406630768
XMTM2MDg0OTQxNg==	170	205	0.0423875432526
XMTM2MDk5NzM4MA==	280	323	0.0235841836735
XMTM2MTMwNTU2MA==	77054	90822	0.0319265019585
XMTM2MDg4NTU4NA==	2	2	0.0
XMTM2MTM3MDM4NA==	4493	2633	0.171377203275
XMTM2MDk0MjQxMg==	1099	1161	0.00318264349839
XMTM2MDkyMDYyOA==	1263270	2540229	1.02178974902
XMTM2MDg0MzExNg==	3267	3005	0.00643138211661
XMTM2MTI1MjIwMA==	142137	63501	0.306075479395
XMTM2MDg5MDExMg==	40	45	0.015625
XMTI4NDg5NzMzNg==	1865	2078	0.0130437220134
XMTI4NzQyMTczNg==	252	228	0.00907029478458
XMTI4Nzc5ODgxMg==	16565	19945	0.0416342283766
XMTI4NzgyOTUyOA==	60	98	0.401111111111
XMTI4Nzk1NzE2OA==	30	34	0.0177777777778
XMTI4Nzk5OTEzNg==	8	9	0.015625
XMTI4NzkyMTk4OA==	73	98	0.117282792269
XMTI4NzkzODI0OA==	313	407	0.0901917953638
XMTI4ODA0MjA1Mg==	1120	1504	0.117551020408
XMTI4ODA1MTAzNg==	26110	33131	0.0723076425476
XMTI4ODA1MTYxNg==	12	16	0.111111111111
XMTI4ODA2NTEyNA==	199	258	0.0879018206611
XMTI4ODA2ODU2OA==	2332	2300	0.000188296767474
XMTI4ODA5MjQ4MA==	278	364	0.095698980384
XMTI4ODA5NTE3Ng==	30	35	0.0277777777778
XMTI4ODAxMTIxMg==	2	3	0.25
XMTI4ODAxMzM5Ng==	62899	76102	0.0440613464917
XMTI4ODAyNDc0NA==	2853	3101	0.00755613691026
XMTI4ODAyODU2NA==	84	131	0.313066893424
XMTI4ODAyOTU5Mg==	6	3	0.25
XMTI4ODAzMjM0NA==	209	263	0.0667567134452
XMTI4ODAzMjkzMg==	2	3	0.25
XMTI4ODAzNTE0OA==	1193	803	0.106868158699
XMTI4ODAzODc5Mg==	2545	2181	0.020456305171
XMTI4ODAzOTc2MA==	15577	20196	0.0879282206489
XMTI4ODE1NzY3Mg==	12	14	0.0277777777778
XMTI4ODE2MDQ5Mg==	3277	4051	0.0557864901889
XMTI4ODE2NzA1Mg==	27	38	0.16598079561
XMTI4ODE3MjI1Ng==	829	1011	0.0481985213339
XMTI4ODEwOTg0MA==	1442	2315	0.36652024369
XMTI4ODExNzc0NA==	17	22	0.0865051903114
XMTI4ODExODY1Mg==	16	9	0.19140625
XMTI4ODEyMDAzNg==	647	844	0.092709425741
XMTI4ODEyMjc3Mg==	368	490	0.109906663516
XMTI4ODEyNzI3Mg==	11	11	0.0
XMTI4ODEzMjEyOA==	38	48	0.0692520775623
XMTI4ODEzOTI4NA==	247	331	0.115655067285
XMTI4ODEzOTUxNg==	2	3	0.25
XMTI4ODI0Mzg0NA==	10	14	0.16
XMTI4ODI1Mjk5Mg==	2	2	0.0
XMTI4ODI1Njg3Mg==	10	11	0.01
XMTI4ODI1Njk2NA==	171	205	0.039533531685
XMTI4ODI1OTYwNA==	66	76	0.0229568411387
XMTI4ODI2NTAwOA==	48	62	0.0850694444444
XMTI4ODI2NTQ2MA==	333	422	0.0714317921525
XMTI4ODI2NTU0NA==	14	15	0.00510204081633
XMTI4ODI2NTc5Mg==	6105	7194	0.0318188458729
XMTI4ODI3NzU5Ng==	150	183	0.0484
XMTI4ODI4MDQ0MA==	2	3	0.25
XMTI4ODI4Mzg4OA==	155	254	0.407950052029
XMTI4ODI4NjMwOA==	1307	1364	0.0019019475498
XMTI4ODI4Njc1Ng==	19	18	0.00277008310249
XMTI4ODI5MTY4OA==	69	96	0.153119092628
XMTI4ODI5Mzc4NA==	254	289	0.0189875379751
XMTI4ODI5NjA0NA==	16	30	0.765625
XMTI4ODI5NjYzNg==	2076	2678	0.0840888250341
XMTI4ODI5OTA3Ng==	445	816	0.695068804444
XMTI4ODIwMDU4NA==	378	787	1.17074689958
XMTI4ODIwMjAyOA==	101	32	0.466718949123
XMTI4ODIwMjg2OA==	245	317	0.0863640149938
XMTI4ODIxMjU1Mg==	385	326	0.0234845673807
XMTI4ODIxMzcxMg==	88	161	0.688145661157
XMTI4ODIxNjUwNA==	4	5	0.0625
XMTI4ODIzMjY2OA==	168	203	0.0434027777778
XMTI4ODIzNDYyOA==	847	1042	0.0530032380413
XMTI4ODIzNzAzNg==	148	154	0.00164353542732
XMTI4ODM0NTY2MA==	399703	497440	0.0597920154855
XMTI4ODM1Nzc3Ng==	12	7	0.173611111111
XMTI4ODM2NDAyMA==	7	6	0.0204081632653
XMTI4ODM3NDIwMA==	13	16	0.0532544378698
XMTI4ODM4NzA0OA==	464	490	0.00313986325803
XMTI4ODM4Nzc2OA==	2	1	0.25
XMTI4ODM4OTU5Mg==	1	1	0.0
XMTI4ODM5MTQ5Ng==	90572	90064	3.1458608508e-05
XMTI4ODM5MTc1Ng==	162515	178858	0.0101129219874
XMTI4ODM5MTgzMg==	13502	20050	0.235191235844
XMTI4ODM5MzcwNA==	20453	4396	0.616332086743
XMTI4ODM5Mzk2MA==	1470	1474	7.40432227313e-06
XMTI4ODMwNzI3Ng==	4	5	0.0625
XMTI4ODMwNzkzMg==	166	226	0.130643054144
XMTI4ODMwODY0NA==	1	1	0.0
XMTI4ODMxMDkzNg==	31	45	0.20395421436
XMTI4ODMzNTI3Mg==	2537	282	0.790045598691
XMTI4ODMzNTY4NA==	51	79	0.301422529796
XMTI4ODQ0ODk4OA==	91944	108178	0.0311748444983
XMTI4ODQ2MTk0NA==	1518	2109	0.151576340827
XMTI4ODQ2MjMwNA==	21	30	0.183673469388
XMTI4ODQ2NzA1Ng==	4680	5564	0.0356790123457
XMTI4ODQ2NzMwMA==	1846	1460	0.043723127162
XMTI4ODQ2ODk4MA==	200	323	0.378225
XMTI4ODQ3MDU2NA==	2643	2962	0.014567567525
XMTI4ODQ3MzIwOA==	79	102	0.0847620573626
XMTI4ODQ3Nzc4MA==	33	41	0.058769513315
XMTI4ODQ4MjI3Ng==	1081	1493	0.145258998033
XMTI4ODQwMDYxMg==	2	3	0.25
XMTI4ODQwMzMyNA==	2	4	1.0
XMTI4ODQwNjQ0OA==	334	452	0.124816235792
XMTI4ODQwODc3Ng==	87	123	0.171224732461
XMTI4ODQwOTY0OA==	1627	1508	0.00534956928809
XMTI4ODQxMjAyOA==	4	5	0.0625
XMTI4ODQxNzUxMg==	6	5	0.0277777777778
XMTI4ODQxOTE1Ng==	3	3	0.0
XMTI4ODQxOTM2MA==	5	3	0.16
XMTI4ODQyMDgwNA==	569	500	0.0147052918665
XMTI4ODQzMjI5Mg==	15	8	0.217777777778
XMTI4ODU0NjM4NA==	21142	21095	4.94200953392e-06
XMTI4ODU0ODI3Ng==	4	7	0.5625
XMTI4ODU0ODk4MA==	9622	9443	0.000346079087361
XMTI4ODU1NTQ3Ng==	17	23	0.124567474048
XMTI4ODU1NjM4MA==	661	970	0.218531496541
XMTI4ODU1NzU3Mg==	7	3	0.326530612245
XMTI4ODU2MjY4NA==	31	40	0.0842872008325
XMTI4ODU2NTQxNg==	14606	18224	0.0613584715091
XMTI4ODU3NzIxNg==	1477	1349	0.00751032876483
XMTI4ODU4MDI4OA==	4	6	0.25
XMTI4ODU4MzQwNA==	11	14	0.0743801652893
XMTI4ODUxMTAxNg==	125	144	0.023104
XMTI4ODUxODMwMA==	142	116	0.0335250942273
XMTI4ODUxOTIxNg==	155	212	0.135234131113
XMTI4ODUxOTM3Mg==	13	3	0.591715976331
XMTI4ODUyMDc4NA==	8	15	0.765625
XMTI4ODUyMjU1Mg==	20371	14675	0.0781835279651
XMTI4ODUzMDgxNg==	109626	138087	0.0674020607128
XMTI4ODUzMjIyMA==	3	5	0.444444444444
XMTI4ODUzODExMg==	24	29	0.0434027777778
XMTI4ODY0MzI1Mg==	3	3	0.0
XMTI4ODY0NjE3Ng==	68115	73860	0.00711368358785
XMTI4ODY0OTc1Ng==	207	240	0.0254148288175
XMTI4ODY1NTA2MA==	56	66	0.031887755102
XMTI4ODY1NTU5Mg==	17202	20007	0.0265893575779
XMTI4ODY1NjE2NA==	11	3	0.528925619835
XMTI4ODY3Mjg3Ng==	29	10	0.429250891795
XMTI4ODY3NTI4MA==	31731	40515	0.0766332309043
XMTI4ODY3NzgwMA==	38	58	0.277008310249
XMTI4ODY4MzcyNA==	15	19	0.0711111111111
XMTI4ODY4NDE0OA==	33	41	0.058769513315
XMTI4ODYwMTQ2OA==	17	16	0.00346020761246
XMTI4ODYwODQwOA==	2	3	0.25
XMTI4ODYxMDQwMA==	1910	2785	0.209869521121
XMTI4ODYyMDcwNA==	11	14	0.0743801652893
XMTI4ODc0NTg1Ng==	2336	2688	0.0227059485832
XMTI4ODc1MjMxMg==	13	17	0.094674556213
XMTI4ODc1MjU1Mg==	13	16	0.0532544378698
XMTI4ODc1MzI4NA==	4102	5296	0.0847261244886
XMTI4ODc1OTQ5Ng==	2	3	0.25
XMTI4ODc2NzQyOA==	23	31	0.120982986767
XMTI4ODc2ODAwNA==	14	19	0.127551020408
XMTI4ODc3Mzc3Mg==	4	5	0.0625
XMTI4ODc4OTk0NA==	690	680	0.000210039907582
XMTI4ODcwMDAyMA==	492339	399881	0.0352663498217
XMTI4ODcwMzk1Mg==	284	373	0.0982072009522
XMTI4ODcwNDM1Mg==	5	3	0.16
XMTI4ODcwNzg4MA==	62	94	0.26638917794
XMTI4ODcxMzIyOA==	392	506	0.0845741357768
XMTI4ODcxMzYwOA==	5	5	0.0
XMTI4ODcxNTgxMg==	1465	1860	0.0726974105697
XMTI4ODcyMjczMg==	55	10	0.669421487603
XMTI4ODcyNjAyMA==	58	43	0.0668846611177
XMTI4ODcyNzk1Ng==	7	6	0.0204081632653
XMTI4ODcyODIyMA==	14071	14439	0.000683983635566
XMTI4ODczOTI0OA==	846	1214	0.189214716452
XMTI4ODczOTYyMA==	8	9	0.015625
XMTI4ODg1Nzc0MA==	14	12	0.0204081632653
XMTI4ODg2NDQyMA==	366	600	0.40876108573
XMTI4ODgyNTgyNA==	14	16	0.0204081632653
XMTI4ODgzMzg3Ng==	30	21	0.09
Multi-Linear-LRS MRSE = 0.149036638406
