XMTM2MTI2MTM4MA==	8	11	0.140625	10	0.0625
XMTM2MTA5OTk2NA==	119	161	0.124567474048	141	0.0341783772332
XMTM2MTcwMjI4NA==	2650	3515	0.106546813813	3069	0.0249997864009
XMTM2MDk4NjYyOA==	918	1236	0.119996582511	1079	0.0307585876277
XMTM2MTE2OTA2OA==	32	40	0.0625	35	0.0087890625
XMTM2MTM2NzU2NA==	5	7	0.16	6	0.04
XMTM2MTI5NzQ2MA==	45983	32136	0.090681100205	28062	0.151890242648
XMTM2MTQ3MDc0MA==	102	143	0.161572472126	125	0.0508458285275
XMTM2MTA3OTgwMA==	2907	2326	0.0399449793738	2031	0.0908067534221
XMTM2MTA4MTAwNA==	146	178	0.0480390317133	156	0.00469131169075
XMTM2MTI4OTg5Ng==	23	10	0.319470699433	9	0.370510396975
XMTM2MDg4ODUxNg==	64	83	0.088134765625	73	0.019775390625
XMTM2MDgzOTQwOA==	24	31	0.0850694444444	27	0.015625
XMTM2MTQ0MDM2MA==	19	13	0.0997229916898	11	0.17728531856
XMTM2MTIxOTA1Mg==	61	75	0.0526740123623	65	0.00429991937651
XMTM2MTE0ODYwNA==	20	27	0.1225	23	0.0225
XMTM2MTA2Mzk4MA==	622	739	0.03538269869	646	0.00148881835382
XMTM2MTI5ODM0MA==	112	144	0.0816326530612	126	0.015625
XMTM2MDgzOTE2OA==	36	25	0.0933641975309	22	0.151234567901
XMTM2MTM1NTcyNA==	32524	27213	0.0266651909519	23763	0.0725603645317
XMTM2MTE2NDkxMg==	94	116	0.0547759167044	101	0.00554549569941
XMTM2MTI4NDU4NA==	90	21	0.587777777778	19	0.622345679012
XMTM2MDc3MTkwOA==	3590	5026	0.16	4389	0.0495341439002
XMTM2MTUwNTEyOA==	17	20	0.0311418685121	17	0.0
XMTM2MDkyODI0OA==	113	85	0.0613986999765	74	0.119116610541
XMTM2MTA5NjA3Mg==	11	14	0.0743801652893	12	0.00826446280992
XMTM2MDk3MzkyNA==	40224	157	0.992208949716	137	0.993199746718
XMTM2MTA2ODM5Ng==	123	160	0.0904884658603	140	0.0191023861458
XMTI4NzUyOTE2OA==	76	76	0.0	67	0.0140235457064
XMTI4NzY3MzYxNg==	2987	4219	0.170118275052	3684	0.0544496523211
XMTI4Nzc1ODM0OA==	216	290	0.117369684499	253	0.0293424211248
XMTI4NzcyNzkyOA==	10	10	0.0	9	0.01
XMTI4Nzg2MDg5Mg==	111	154	0.150068987907	135	0.0467494521549
XMTI4Nzk5MDAwOA==	563	701	0.0600815852654	612	0.00757487325259
XMTI4ODA0MjcyOA==	25	23	0.0064	20	0.04
XMTI4ODA0NTMyNA==	17	21	0.0553633217993	19	0.0138408304498
XMTI4ODA1MjIxMg==	1110	1545	0.153579254931	1349	0.0463606850093
XMTI4ODA3OTg5Mg==	118	164	0.151967825338	143	0.0448865268601
XMTI4ODA4MzQzMg==	9	11	0.0493827160494	10	0.0123456790123
XMTI4ODA5MjI5Ng==	257	240	0.00437553937228	210	0.0334448666899
XMTI4ODAxMDc4MA==	412	206	0.25	180	0.317089263833
XMTI4ODAxOTkwNA==	117	156	0.111111111111	136	0.0263715391921
XMTI4ODAzNTQwOA==	717	761	0.00376588489542	664	0.00546403443762
XMTI4ODE1MTc3Ng==	32	13	0.3525390625	11	0.4306640625
XMTI4ODE1OTM0MA==	337	451	0.114432635666	394	0.0286081589166
XMTI4ODE5MjkwOA==	1767	1824	0.00104058272633	1593	0.00969673210904
XMTI4ODExNzM1Mg==	399	554	0.150909856094	484	0.0453828807608
XMTI4ODEyNTcxMg==	257	355	0.145407197687	310	0.0425290314766
XMTI4ODI0MzUxMg==	2024	2388	0.0323431080004	2085	0.000908319533191
XMTI4ODI1Nzc5Mg==	2640	1658	0.138361455464	1448	0.203865932048
XMTI4ODI1ODEyOA==	1404	475	0.437821628883	415	0.496201836836
XMTI4ODI2NzAyMA==	186	192	0.00104058272633	168	0.00936524453694
XMTI4ODI5MTU5Ng==	30	20	0.111111111111	17	0.187777777778
XMTI4ODI5MzM2OA==	1884	623	0.447990058195	544	0.505880337719
XMTI4ODM0OTYyMA==	67	81	0.043662285587	70	0.00200490086879
XMTI4ODM2MjM0MA==	35	47	0.117551020408	41	0.029387755102
XMTI4ODM2MzUwOA==	3	4	0.111111111111	4	0.111111111111
XMTI4ODM2MzY5Ng==	3	4	0.111111111111	4	0.111111111111
XMTI4ODM2NDMyNA==	3	4	0.111111111111	4	0.111111111111
XMTI4ODM2NTM1Ng==	156	206	0.102728468113	180	0.0236686390533
XMTI4ODM3MDM4OA==	11	16	0.206611570248	14	0.0743801652893
XMTI4ODM3MjcxNg==	324	297	0.00694444444444	259	0.0402472946197
XMTI4ODM4MTY4MA==	40368	23007	0.184958803723	20090	0.252333999362
XMTI4ODM5MDk5Mg==	3417	3769	0.0106119542589	3291	0.00135972515669
XMTI4ODM5MTg3Ng==	40423	45342	0.0148080053239	39594	0.000420583255067
XMTI4ODM5NDk0OA==	47	47	0.0	41	0.0162969669534
XMTI4ODM5NTcwNA==	557	646	0.0255311056603	564	0.000157937656527
XMTI4ODMwNTYwMA==	748	913	0.0486591695502	798	0.00446824330121
XMTI4ODMyODk1Ng==	38	52	0.135734072022	46	0.0443213296399
XMTI4ODQ3NjcxNg==	204	280	0.138792772011	244	0.0384467512495
XMTI4ODQyMjA3Ng==	3	4	0.111111111111	4	0.111111111111
XMTI4ODQzMDEwMA==	212	262	0.0556247775009	228	0.00569597721609
XMTI4ODU0ODM5Mg==	58	79	0.131093935791	69	0.0359690844233
XMTI4ODU2MTUxMg==	9	11	0.0493827160494	10	0.0123456790123
XMTI4ODU3ODY4MA==	8816	12398	0.165085146706	10826	0.051981517271
XMTI4ODUwMzcwOA==	8	11	0.140625	10	0.0625
XMTI4ODUyMTcwOA==	5	7	0.16	6	0.04
XMTI4ODUyNTM3Mg==	23	33	0.189035916824	28	0.047258979206
XMTI4ODY0NDk4OA==	15456	17410	0.0159828749159	15203	0.000267945719955
XMTI4ODY1MTM2NA==	73	95	0.0908237943329	83	0.018765246763
XMTI4ODY4OTk3Mg==	9	11	0.0493827160494	10	0.0123456790123
XMTI4ODYyNzg4NA==	121	170	0.163991530633	148	0.0497916808961
XMTI4ODc3NTIyMA==	19	24	0.0692520775623	21	0.01108033241
XMTI4ODc4ODUzMg==	75	86	0.0215111111111	75	0.0
XMTI4ODcxNjk3Ng==	155	216	0.154880332986	189	0.0481165452653
XMTI4ODcyMzMyMA==	582	804	0.145498990328	702	0.0425124880434
XMTI4ODg2MjEyNA==	144	197	0.135464891975	172	0.0378086419753
XMTI4ODgxMDQwOA==	16	23	0.19140625	20	0.0625
XMTI4ODgxNTM0NA==	41	20	0.262343842951	17	0.342653182629
XMTI4ODgyMTA1Mg==	229	311	0.128220285654	272	0.03525867165
XMTI4ODgyNDc1Mg==	115	64	0.196672967864	56	0.263213610586
Log-Linear MRSE = 0.124452315294, Linear-LRS MRSE = 0.0877175926757
