XMTM2MTYyNjQ3Ng==	525	316	0.158479818594
XMTM2MTE3ODY3Ng==	93	58	0.141634871083
XMTM2MTExMjM4NA==	173	126	0.0738080122958
XMTM2MTQxNjYxNg==	113	137	0.0451092489623
XMTM2MTYwNzM2MA==	1022	792	0.0506470180491
XMTM2MDc0NjMzNg==	1028	597	0.175779534891
XMTM2MDc1NTYyOA==	45	48	0.00444444444444
XMTM2MTQ1NjU1Mg==	1805	537	0.493496520131
XMTM2MDg1NDUwMA==	308	344	0.0136616630123
XMTM2MTU2MTI0OA==	11	10	0.00826446280992
XMTM2MTA0NzI0OA==	1934	2599	0.118230724562
XMTM2MTIyNDg5Ng==	1898027	1686320	0.0124412971745
XMTM2MTQzNzU4NA==	425	350	0.0311418685121
XMTM2MTcxMjk3Mg==	7881	5589	0.0845797839745
XMTM2MTAwOTk3Ng==	279	288	0.00104058272633
XMTM2MTI5NzQ0OA==	3147	3171	5.81606159936e-05
XMTM2MTE5NDkwOA==	59	44	0.0646365986785
XMTM2MTIzMDYyMA==	2075	786	0.385895427493
XMTM2MDgzNDcyNA==	597	202	0.437769528828
XMTM2MTA5NDg2MA==	22216	22796	0.00068159163788
XMTM2MTA5NDMwOA==	30	36	0.04
XMTM2MTI4NDY5Ng==	2445	168	0.867297978848
XMTM2MDk0MDE0OA==	71	11	0.714144019044
XMTM2MTM1NjI5Mg==	50	35	0.09
XMTM2MTQ3NDI4MA==	148	97	0.118745434624
XMTM2MDgyODE4NA==	1810	1074	0.165347822106
XMTM2MTQ4NzQ1Mg==	453	498	0.00986798824613
XMTM2MTQzOTAxNg==	83	72	0.017564232835
XMTM2MTI4MDQ2OA==	30	38	0.0711111111111
XMTM2MDc4MDc0MA==	425	212	0.251177854671
XMTM2MTExOTcxNg==	39661	3894	0.813275536953
XMTM2MTI5OTkyMA==	497	352	0.0851183560113
XMTM2MDkxNDI1Ng==	2807	4596	0.406196199663
XMTM2MTQ1MDUzMg==	208	240	0.0236686390533
XMTM2MTI3NjU1Ng==	7937	7523	0.0027207455131
XMTM2MTE1MTQxNg==	296	321	0.00713340029218
XMTM2MTQzMjkxNg==	229	231	7.62761961061e-05
XMTM2MTM0OTE4OA==	336	210	0.140625
XMTM2MTQzNzc0OA==	206	185	0.0103921198982
XMTM2MTI0NjEyMA==	326	156	0.271933456284
XMTM2MTQ4NTkyMA==	221	166	0.0619356688029
XMTM2MTAyNzM5Mg==	1608	1604	6.18796564441e-06
XMTM2MTUwMzczNg==	4476	4807	0.00546859589142
XMTM2MTUyNzg2NA==	2912	3962	0.130015717456
XMTM2MTI5ODg3Mg==	46	60	0.0926275992439
XMTM2MTYxOTcwMA==	19907	19188	0.00130450620098
XMTM2MDkyMTU4MA==	994	884	0.0122465173334
XMTM2MTE2ODkxMg==	159	93	0.172303310787
XMTM2MTY0OTUwNA==	8172	5161	0.135757801133
XMTM2MDk4MTE0OA==	26790	5293	0.643887932367
XMTM2MTE3MzEzMg==	130	99	0.0568639053254
XMTM2MTY5OTk5Ng==	23108	16312	0.0864932114718
XMTM2MTU4MDEwNA==	15247	1610	0.799961121174
XMTM2MTQ1Mzg0NA==	24	24	0.0
XMTM2MTM1OTQ4OA==	473984	536573	0.0174368753185
XMTM2MDkxMzU4NA==	100402	70290	0.0899486139384
XMTM2MDczMzk4NA==	46	41	0.0118147448015
XMTM2MDc0NDUwMA==	8527	3200	0.390276918788
XMTM2MTA5NzM1Mg==	2963	5030	0.486651033804
XMTM2MTIzOTkxNg==	166	137	0.0305196690376
XMTM2MDc4MjI0NA==	560	248	0.310408163265
XMTM2MTY5ODg2OA==	515	256	0.252921104722
XMTM2MTQyOTQ2NA==	830	750	0.00929017273915
XMTM2MTMzNTAwOA==	4444	3867	0.0168579020368
XMTM2MTA3NjU1Ng==	239	239	0.0
XMTM2MTUzMTczMg==	391	255	0.120982986767
XMTM2MDk2NjkwOA==	176	249	0.172036415289
XMTM2MDc2ODYwOA==	102	45	0.312283737024
XMTM2MTQ0MTM2MA==	5573	4564	0.032779645035
XMTM2MTY1OTk0OA==	79	83	0.00256369171607
XMTM2MTcxMzI3Ng==	43967	22183	0.245483094822
XMTM2MTIyNjI2MA==	66	51	0.051652892562
XMTM2MTEyODAzNg==	129	78	0.156300703083
XMTM2MTI2NTU4OA==	470	405	0.0191263014939
XMTM2MTU3NTgyMA==	3731	6021	0.376721551977
XMTM2MTQ5NDIwOA==	70	72	0.000816326530612
XMTM2MTMyOTQ4NA==	2980	2102	0.0868073510202
XMTM2MDc3OTY1Ng==	99	128	0.0858075706561
XMTM2MDgzOTA0MA==	650422	788012	0.0447489960513
XMTM2MTYwMTI5Mg==	7491	9167	0.0500574168288
XMTM2MTAwNDY2OA==	196	127	0.12393273636
XMTM2MTYwOTYwNA==	283	82	0.504451297931
XMTM2MTAwNTkwNA==	187	213	0.0193314078184
XMTM2MTYwMjI4MA==	95	57	0.16
XMTM2MTEwOTIwMA==	5798	7741	0.112302436603
XMTM2MDQ0NzAyMA==	28	37	0.103316326531
XMTM2MTQzMDg1Mg==	342	241	0.0872148695325
XMTM2MTEyMjczNg==	12190	10146	0.0281160541898
XMTM2MTI2MzYyMA==	13098	12147	0.00527170454071
XMTM2MTI3MzUzMg==	3262	37	0.977443188589
XMTM2MTQ3OTYzMg==	10399	11983	0.0232020948629
XMTM2MDk2MDM3Ng==	218483	154236	0.0864709848605
XMTM2MTIxODU1Ng==	168	65	0.375885770975
XMTM2MDg2ODEwNA==	189	128	0.104168416338
XMTM2MTU3OTI0OA==	50	21	0.3364
XMTM2MTU1ODExMg==	16085	2425	0.721205895514
XMTM2MDgzOTA1Mg==	169	142	0.0255243163755
XMTM2MTQ3MDg0MA==	844	487	0.178916971766
XMTM2MTM0NDQ0MA==	930	1128	0.0453277835588
XMTM2MTQxMzk1Ng==	88	56	0.132231404959
XMTM2MDk5MzY4MA==	40	35	0.015625
XMTM2MTE2NzE2NA==	183	245	0.114783958912
XMTM2MDgxNTQwMA==	7048	8445	0.0392880995373
XMTM2MTM1MTE1Mg==	75	90	0.04
XMTM2MTAwNzA0MA==	3489	4030	0.0240432178404
XMTM2MTU5Mjc1Mg==	107	149	0.154074591667
XMTM2MDkxODE1Ng==	285	287	4.92459218221e-05
XMTM2MTA0NzIyNA==	77298	28698	0.395308382986
XMTM2MTQ4ODQxNg==	1938	984	0.242319968561
XMTM2MTQ5NzA1Ng==	13	14	0.00591715976331
XMTM2MTM0NTkwOA==	173	213	0.0534598549901
XMTM2MTMyMzM2OA==	85	106	0.0610380622837
XMTM2MTM4NjA2MA==	216	185	0.0205975651578
XMTM2MTIwMTAzNg==	8801	5209	0.166574536694
XMTM2MDgzODc1Ng==	227	137	0.157193036931
XMTM2MDkwNDQ1Ng==	5388	6198	0.0226003343237
XMTM2MTQ1ODA5Mg==	5006	3093	0.146032072739
XMTM2MTYxMjgwMA==	757	589	0.0492523326976
XMTM2MTIyODIyOA==	1041	1301	0.0623799808246
XMTM2MTQ3NjcxMg==	8282	5042	0.153045148844
XMTM2MDgxNjkzMg==	46994	1955	0.918528536907
XMTM2MTM4MTQ5Ng==	2827	2470	0.0159472137453
XMTM2MDczMjQwOA==	37	50	0.123447772096
XMTM2MTcxNjIyMA==	206	221	0.00530210198888
XMTM2MTQxMTM4MA==	276	322	0.0277777777778
XMTM2MTUxNDc2MA==	257	137	0.218019954882
XMTM2MTQ5Mzk0NA==	1772	2235	0.0682707300419
XMTM2MTU2NzExMg==	142	154	0.00714144019044
XMTM2MDc0NDU3Mg==	4831	5007	0.00132724549727
XMTM2MDk3MjAyNA==	4525	4917	0.0075047281829
XMTM2MDc4MzI3Ng==	202	202	0.0
XMTM2MTMwODk3Mg==	54	66	0.0493827160494
XMTM2MTM1OTcwMA==	76	85	0.0140235457064
XMTM2MDk4MzY0MA==	4513	4734	0.00239802596031
XMTM2MDk0NDMyOA==	59	59	0.0
XMTM2MTY3MTg2OA==	27	26	0.00137174211248
XMTM2MTA2OTYzMg==	1283	1211	0.00314928293671
XMTM2MTQ1OTUwMA==	621	459	0.0680529300567
XMTM2MTMwMzMzNg==	19092	19942	0.0019821430774
XMTM2MTQ5MDk5Mg==	8158	9570	0.0299572532938
XMTM2MTQyMTc2MA==	1018	353	0.42672465368
XMTM2MDg0MjMwMA==	2157	2338	0.00704136503742
XMTM2MTI0ODg0NA==	2194	2054	0.0040717661244
XMTM2MTA2MDY2MA==	121	98	0.0361314117888
XMTM2MDg1NzIyNA==	554	424	0.055063926286
XMTM2MDc1NjUwMA==	138	118	0.0210039907582
XMTM2MTE5NzI0OA==	8463	8659	0.000536368742564
XMTM2MTEyMjcxNg==	6128	8354	0.131951036717
XMTM2MTEzNDA0MA==	155	56	0.407950052029
XMTM2MTUwMzU0OA==	1723	1252	0.0747259180612
XMTM2MTE5NTc2NA==	90	111	0.0544444444444
XMTM2MTYxMjU0OA==	265	329	0.0583268066928
XMTM2MTUzNzkyNA==	438	138	0.469131169075
XMTM2MTI5MjY5Ng==	409	171	0.338615861933
XMTM2MTMzNjA4OA==	17512	17968	0.000678044485478
XMTM2MTQxODU4MA==	622	350	0.191230446335
XMTM2MDc1MTQyOA==	48	54	0.015625
XMTM2MDc0NDM2OA==	5201	7144	0.13956351331
XMTM2MTA5MTk5Ng==	34	46	0.124567474048
XMTM2MTMwMDgyNA==	8469	7832	0.00565737020575
XMTM2MDc0NTI1Ng==	35657	1273	0.929872050653
XMTM2MTU4NjUyNA==	136	159	0.0286007785467
XMTM2MTU0MjEzNg==	7144	8960	0.0646172984103
XMTM2MTIxNDM2MA==	334	339	0.000224102692818
XMTM2MTQ2ODgzMg==	2256	3224	0.184107942256
XMTM2MTM3NDczNg==	124	127	0.000585327783559
XMTM2MTU0MTUwNA==	794	601	0.0590845065954
XMTM2MTI0OTI0OA==	894	859	0.00153271374162
XMTM2MTI4MTc4OA==	226	324	0.188033518678
XMTM2MDY3MDY0MA==	564	183	0.45634336804
XMTM2MTQ0MjE2NA==	1084	1293	0.0371735474735
XMTM2MTA0NDExNg==	82	85	0.00133848899465
XMTM2MDYwNTU3Mg==	68	53	0.0486591695502
XMTM2MTAwOTc4MA==	172	202	0.0304218496485
XMTM2MDkwNjQ3Mg==	9003	5093	0.188616210211
XMTM2MDk4NzEwMA==	3108	2661	0.0206848809648
XMTM2MDk2MTU1Mg==	144	98	0.102044753086
XMTM2MTI0NDExMg==	58252	51899	0.0118942216946
XMTM2MDk4MzExNg==	117	107	0.00730513551026
XMTM2MTQwMTMzMg==	78	90	0.0236686390533
XMTM2MTM2MTU2MA==	215	302	0.163742563548
XMTM2MTAyOTkxMg==	25	40	0.36
XMTM2MTM5MDk4OA==	180	165	0.00694444444444
XMTM1ODkwNDgyMA==	220	114	0.232148760331
XMTM2MDgzNTY1Mg==	2553	1321	0.23287334747
XMTM2MDg1MzI4OA==	507	502	9.72577212905e-05
XMTM2MTAyMDg2OA==	274	204	0.0652671959081
XMTM2MTEyNjU4NA==	45	26	0.178271604938
XMTM2MDY0MjIyNA==	813	593	0.0732258245092
XMTM2MTUwNTM2MA==	10324	8409	0.0344065846579
XMTM2MDkwNTUwOA==	8868	10723	0.0437558836676
XMTM2MTQ1ODk5Mg==	12	7	0.173611111111
XMTM2MTU1Mzk0MA==	27435	29785	0.00733712292909
XMTM2MDc4MDU2NA==	68379	81118	0.0347076480424
XMTM2MTI0ODU4NA==	3987	1645	0.345049426689
XMTM2MDg0NDQyMA==	84	22	0.544784580499
XMTM2MTQ0NjM2MA==	284	173	0.152759869074
XMTM2MTU4NTQ2MA==	212	270	0.0748487006052
XMTM2MDkzODM0OA==	2295	2668	0.0264151015042
XMTM2MDc0NDQzNg==	582	124	0.619277051523
XMTM2MTQzNDkxMg==	23	8	0.425330812854
XMTM2MTIzNzAyMA==	751767	44104	0.886107602992
XMTM2MTQxOTY0MA==	368	386	0.00239248582231
XMTM2MTIzMDc5Mg==	156	134	0.0198882314267
XMTM2MTM3NTc0MA==	647	825	0.0756887692333
XMTM2MDg2OTY1Mg==	327	215	0.117311487062
XMTM2MTU3MzkxMg==	16	7	0.31640625
XMTM2MTI3Nzc4NA==	851	889	0.00199392157702
XMTM2MTExNzg3Ng==	55	50	0.00826446280992
XMTM2MDk4Mzg1Mg==	13507	12731	0.00330069688096
XMTM2MDg0MTUzMg==	100	76	0.0576
XMTM2MTE3MjkwNA==	1782	2412	0.124987246199
XMTM2MTE1MzE3Mg==	932	1200	0.0826871005176
XMTM2MTQ4MjM4MA==	84	108	0.0816326530612
XMTM2MDg1MDc4NA==	29	23	0.0428061831153
XMTM2MTI1MzUyOA==	23	29	0.0680529300567
XMTM2MDk5MTUxMg==	933	605	0.123590303841
XMTM2MTU5MDgzNg==	117	157	0.116882168164
XMTM2MTY5ODk4MA==	342	409	0.0383793303923
XMTM2MTE2NTk5Mg==	23	32	0.153119092628
XMTM2MTE5NjYwMA==	1005	939	0.00431276453553
XMTM2MTM1ODAyMA==	211	251	0.0359380966286
XMTM2MTI1MTcxNg==	80	73	0.00765625
XMTM2MDczNDI4MA==	2623	2615	9.30215116606e-06
XMTM2MDgzODc1Mg==	159	109	0.0988884933349
XMTM2MTAxODY1Ng==	156	162	0.00147928994083
XMTM2MDg2NDA2OA==	18	20	0.0123456790123
XMTM2MDc4MDI5Mg==	412	343	0.0280481195212
XMTM2MDg5NDQ3Mg==	65312	28777	0.312919233158
XMTM2MTIyMTg4OA==	101	49	0.26507205176
XMTM2MTA3OTg2OA==	61226	55065	0.0101258302663
XMTM2MDkxNjE1Ng==	49	38	0.0503956684715
XMTM2MDk3MzAzMg==	23	19	0.0302457466919
XMTM2MTEzMDI4MA==	3004	3111	0.00126872558737
XMTM2MTU1MDQzNg==	6708	3037	0.299490231228
XMTM2MTE3MjM4MA==	19090	14414	0.0599980517419
XMTM2MTQyNDE2OA==	3121	3250	0.00170840912831
XMTM2MTMzMjM1Ng==	1862	1566	0.0252710954923
XMTM2MTU3NjI0OA==	585	556	0.00245744758565
XMTM2MDkxNTIyNA==	38332	38488	1.65625132134e-05
XMTM2MTcxMjYyNA==	4848	3652	0.0608607271618
XMTM2MTMxMTk0MA==	2786	2100	0.0606297820762
XMTM2MTE0MjA1Ng==	1150	855	0.0658034026465
XMTM2MDg3ODYyMA==	3484	2682	0.0529898199544
XMTM2MTMzMTI3Mg==	1306	410	0.47068424916
XMTM2MTM2ODA3Ng==	87	34	0.371119038182
XMTM2MTE3MzE2MA==	120	147	0.050625
XMTM2MTU3Nzc3Mg==	60	77	0.0802777777778
XMTM2MTI5MTc4MA==	506	347	0.0987400209346
XMTM2MTEzNTIwMA==	276	145	0.225280928376
XMTM2MTI4OTE2MA==	135	162	0.04
XMTM2MTI3OTIwOA==	262	295	0.015864460113
XMTM2MDgzMzA4MA==	1135	1039	0.00715402976964
XMTM2MTExMTAyNA==	232	179	0.0521886147444
XMTM2MTA0NDYyOA==	530	238	0.303538625845
XMTM2MTExNzUxNg==	5934	5997	0.0001127161159
XMTM2MTEyMDM5Mg==	3415	2934	0.0198384956558
XMTM2MTUwNTc2OA==	252	29	0.783084530108
XMTM2MTI4MTMwOA==	101	81	0.0392118419763
XMTM2MDk1MjM5Ng==	1099	1218	0.0117246135746
XMTM2MTIzMTA4OA==	189	206	0.00809047898995
XMTM2MTM2NjUyNA==	1863	2296	0.0540194406485
XMTM2MTM0OTk3Mg==	1098	1253	0.0199277706444
XMTM2MTIxMjg5Mg==	46	49	0.00425330812854
XMTM2MTE0NTA2NA==	621	755	0.0465614392661
XMTM2MDkyMjQ0MA==	43	14	0.4548404543
XMTM2MDgyMjEzMg==	157344	75639	0.269647808765
XMTM2MTE4Nzk5Ng==	287	252	0.0148720999405
XMTM2MTIxOTYzMg==	346373	359526	0.00144198777324
XMTM2MTUyMzA0OA==	3389	1647	0.264212380307
XMTM2MTI0MTk5Ng==	30	15	0.25
XMTM2MDcyNjA2OA==	791	873	0.0107466904061
XMTM2MDgxNDg1Ng==	156	148	0.00262984878369
XMTM2MDc3ODU1Mg==	429183	516640	0.0415244729967
XMTM2MTU3MjY0MA==	1190	677	0.185840689217
XMTM2MTA0NzA2OA==	15850	12065	0.0570260426514
XMTM2MTQwNzExNg==	108	38	0.420096021948
XMTM2MTQwNzM5Mg==	409	284	0.0934057065656
XMTM2MTQyNjY4OA==	2929	1048	0.412419173658
XMTM2MTQ3NTcyOA==	1241	913	0.0698560660121
XMTM2MTE1MzA5Ng==	255	132	0.232664359862
XMTM2MTUyODU2OA==	440	386	0.0150619834711
XMTM2MDk0MDgwMA==	63	63	0.0
XMTM2MTA2OTAxMg==	306	349	0.0197466786279
XMTM2MDkwNzYyOA==	20	26	0.09
XMTM2MDc2NTA2OA==	11085	13474	0.0464473461213
XMTM2MDkyNDM2NA==	504918	578966	0.02150725376
XMTM2MTA2ODg5Ng==	4151	1975	0.274797207628
XMTM2MTU3NjQ0MA==	21	18	0.0204081632653
XMTM2MTM4ODY0NA==	162	123	0.0579561042524
XMTM2MDk2MDkzNg==	16	11	0.09765625
XMTM2MTE0NDE0OA==	663	809	0.0484929555997
XMTM2MTExMjQyMA==	1206	1193	0.000116196243767
XMTM2MDkxNDE4NA==	6613	8523	0.0834199046464
XMTM2MDkxODg2NA==	9384	5203	0.198510890188
XMTM2MDg4MDUyNA==	238	93	0.371177882918
XMTM2MDMzNDA5Ng==	477	379	0.0422100039995
XMTM2MTU1ODU4OA==	96	125	0.0912543402778
XMTM2MTE0NzI2OA==	7859	1724	0.609388924248
XMTM2MTQwNjQ0MA==	1654	2078	0.0657144235732
XMTM2MTM1Nzg0MA==	48	60	0.0625
XMTM2MTU3MjE1Mg==	471	359	0.0565450029526
XMTM2MDg5MTY2NA==	246	163	0.113837662767
XMTM2MTQyODMyNA==	826	963	0.0275093950249
XMTM2MTA3Mjk5Mg==	7318	1321	0.671557629392
XMTM2MTU3NzUwMA==	451	615	0.132231404959
XMTM2MTE3MDk4MA==	373	204	0.205284304494
XMTM2MTAwOTc2OA==	3505	2553	0.0737730692449
XMTM2MTEzMDQ0NA==	31	17	0.20395421436
XMTM2MDk1Mjg5Ng==	4298	3341	0.0495782340353
XMTM2MDkyMDEwMA==	35	37	0.00326530612245
XMTM2MTI0NjIwMA==	2803	3182	0.0182823586522
XMTM2MTUxMTAxNg==	184	202	0.00956994328922
XMTM2MTE4ODM0MA==	350	371	0.0036
XMTM2MTM4MzE2OA==	899	1187	0.102627935377
XMTM2MTIwMDM0NA==	106	79	0.064880740477
XMTM2MTYzMDkwMA==	5	7	0.16
XMTM2MDg4MjgzMg==	33	45	0.132231404959
XMTM2MTMzNzk4MA==	20	26	0.09
XMTM2MDk1NzY0NA==	116	137	0.0327734839477
XMTM2MTEzNTAwNA==	365	86	0.584282229311
XMTM2MTI5NTM3Mg==	13031	4378	0.440938395924
XMTM2MTEzNDg2OA==	21284	14744	0.0944167389155
XMTM2MTU3NDUwNA==	203	212	0.00196559004101
XMTM2MDg3NDcwOA==	155145	137631	0.0127436877959
XMTM2MDkwMjQ3Ng==	124	93	0.0625
XMTM2MTU0MTQ2MA==	144	64	0.308641975309
XMTM2MDQyMDcyOA==	24158	20435	0.0237500275955
XMTM2MTU0NDUxNg==	64	75	0.029541015625
XMTM2MDgwNTk3Mg==	4936	3043	0.147079087195
XMTM2MTE4MTM4MA==	2527	1919	0.0578890836113
XMTM2MTM3MDYzMg==	265	262	0.000128159487362
XMTM2MTYzNDU4NA==	163	184	0.0165982912417
XMTM2MDc0MTY2NA==	82667	80348	0.000786931885422
XMTM2MTUwNjIwMA==	10952	10863	6.60378830848e-05
XMTM2MDg1ODU4NA==	20	19	0.0025
XMTM2MTEwMDk3Ng==	45587	17596	0.37701167779
XMTM2MTA2Nzg0MA==	875	673	0.0532950204082
XMTM2MDkzOTkwOA==	13700	9611	0.0890826415899
XMTM2MTA3OTE1Ng==	340	171	0.247067474048
XMTM2MTE4MjA0OA==	146	100	0.0992681553762
XMTM2MDk5ODcwMA==	47	44	0.00407424173834
XMTM2MTM1MTM4MA==	5787	5609	0.00094609128049
XMTM2MTE1NzQ2MA==	5614	5861	0.00193574920656
XMTM2MDg0Mjc0OA==	102	78	0.0553633217993
XMTM2MDgyMzI2OA==	199	143	0.0791899194465
XMTM2MTE0MzI1Ng==	38	31	0.0339335180055
XMTM2MTQxNDMzMg==	73134	70320	0.00148050381674
XMTM2MTM5NDQwNA==	975	1346	0.144790006575
XMTM1OTg5NjI3Ng==	54	44	0.0342935528121
XMTM2MTIwOTM1Mg==	107	98	0.00707485369901
XMTM2MDkzNDU3Mg==	706	797	0.0166139684934
XMTM2MTU0MDUyOA==	527	425	0.0374609781478
XMTM2MTM3MjIyMA==	2915	2527	0.0177168428516
XMTM2MTA2MDkwOA==	122	149	0.0489787691481
XMTM2MTM3NjgxMg==	580	710	0.0502378121284
XMTM2MTE2NDQyOA==	1013	598	0.167832978778
XMTM2MTE0NTM1Ng==	5014	3685	0.0702556575136
XMTM2MTQ4Mjg2OA==	484	579	0.0385262277167
XMTM2MDk1MzgzNg==	132	114	0.0185950413223
XMTM2MTQyNDIzMg==	18	17	0.00308641975309
XMTM2MTY1OTY0OA==	17564	19248	0.00919257787027
XMTM2MDgzMDE1Mg==	272	318	0.0286007785467
XMTM2MDg0Mjc2OA==	112	75	0.109135841837
XMTM2MDg4MzMyOA==	8007	10445	0.0927102485837
XMTM2MTA1MzI5Ng==	81	36	0.308641975309
XMTM2MTI1Njc2OA==	7273	7222	4.91714683207e-05
XMTM2MTExMDcwMA==	1626	1985	0.0487469911599
XMTM2MTMyNjA5Mg==	31	35	0.0166493236212
XMTM2MDg3MDkyNA==	7	6	0.0204081632653
XMTM2MDg2MzM0OA==	78	43	0.201347797502
XMTM2MDk4NTIwMA==	3477	2977	0.0206790520954
XMTM2MTA1ODU5Ng==	19260	15057	0.0476218447026
XMTM2MTIwNTg4MA==	6426	6188	0.00137174211248
XMTM2MTMxMzcxNg==	217	91	0.33714880333
XMTM2MTIwNjY5Ng==	21254	12647	0.163991845564
XMTM2MTU4MDQ0NA==	29	35	0.0428061831153
XMTM2MTMwOTUyOA==	4190	4575	0.00844293436469
XMTM2MTE5NTk1Mg==	52	63	0.0447485207101
XMTM2MTU3MDg4MA==	230	238	0.00120982986767
XMTM2MDg4ODA2OA==	375	320	0.0215111111111
XMTM2MTIwNDI3Mg==	1475	1124	0.0566278655559
XMTM2MDk5MjMxNg==	141	81	0.181077410593
XMTM2MTA0OTk0OA==	21868	2711	0.767426634821
XMTM2MTEwNTU3Mg==	250	294	0.030976
XMTM2MDk3Mjg3Mg==	60	46	0.0544444444444
XMTM2MTEyMzU4NA==	121350	21895	0.671697423013
XMTM2MTUyNTU0OA==	116	60	0.23305588585
XMTM2MTMwNDMyOA==	1274	581	0.295888177756
XMTM2MTM5MjQyNA==	837	727	0.0172716748814
XMTM2MTA2MTcwOA==	571	1025	0.632178161642
XMTM2MTI1ODA1Mg==	150206	16762	0.789266266109
XMTM2MDkyODk2OA==	707	294	0.341241054799
XMTM2MTQ5ODU5Mg==	12179	3160	0.548395033411
XMTM2MTQ3NjQ3Ng==	199	140	0.0879018206611
XMTM2MTMxNDM0NA==	17	16	0.00346020761246
XMTM2MTM0MjU2NA==	45	37	0.0316049382716
XMTM2MTUxNzU0NA==	26	26	0.0
XMTM2MTE0NTcyOA==	280	212	0.0589795918367
XMTM2MTE1MDg5Ng==	577	651	0.016447951365
XMTM2MTQ4NzE4MA==	126	78	0.145124716553
XMTM2MTYzODM4NA==	5086	5260	0.0011704309162
XMTM2MDg2MzUyMA==	8	11	0.140625
XMTM2MTQ1MjQ1Ng==	1042	439	0.334887691985
XMTM2MDg4MzA5Mg==	42	41	0.000566893424036
XMTM2MTU4MDQ5Ng==	103	88	0.0212084079555
XMTM2MTQ3Nzk5Ng==	47	33	0.0887279311906
XMTM2MTMzOTg4MA==	586	550	0.00377406842246
XMTM2MTEzMTA0NA==	705	855	0.0452693526483
XMTM2MTQ1OTE5Ng==	196	240	0.0503956684715
XMTM2MTQzNzU0OA==	715	194	0.530961905228
XMTM2MDc5MjU4MA==	104904	131619	0.0648524310503
XMTM2MTQyOTYzMg==	903	1152	0.0760366883368
XMTM2MDg3OTY4OA==	34	24	0.0865051903114
XMTM2MTI0NDE1Mg==	14	9	0.127551020408
XMTM2MDk2MDE5Ng==	3308	2713	0.0323521337741
XMTM2MTIwODc4NA==	385	46	0.775314555574
XMTM2MTM2NjM1Mg==	2300	2752	0.0386207939509
XMTM2MTM5NjM0NA==	1360	1643	0.0433007136678
XMTM2MDkwMzI5Ng==	9312	5763	0.145253318797
XMTM2MTE0NzExMg==	9865	3641	0.398056746308
XMTM2MTIyNDU5Ng==	26323	15869	0.157722707619
XMTM2MTAxMzMxNg==	576	192	0.444444444444
XMTM2MTQ4MDgzNg==	134	141	0.00272889284919
XMTM2MDkzMTEyMA==	6346	7670	0.0435287138
XMTM2MDk2OTIxNg==	50	37	0.0676
XMTM2MDc2NjU5Mg==	567	547	0.00124421053286
XMTM2MTE4ODA5Mg==	25384	27433	0.00651574078691
XMTM2MTI2NjI2OA==	5419	341	0.878106296011
XMTM2MDkzNDEzMg==	529	457	0.0185248051572
XMTM2MTExMTc3Mg==	635	383	0.15749023498
XMTM2MTA5NDIxMg==	377	165	0.316219772179
XMTM2MTY4NTI1Mg==	229	170	0.0663793596613
XMTM2MDc0OTQ5Mg==	273	159	0.174375075474
XMTM2MTQ4MzE2MA==	29	31	0.00475624256837
XMTM2MTQxNTY0OA==	18508	17763	0.00162029303014
XMTM2MDc4NDQyOA==	2264	1758	0.0499514602505
XMTM2MTA2NTc1Mg==	2021	1597	0.0440148358123
XMTM2MDc1MDE1Ng==	754	414	0.20333640566
XMTM2MTQzODU4MA==	410	257	0.139256395003
XMTM2MDg4MTAyOA==	59660	32431	0.208303652815
XMTM2MDQ1NzQyNA==	109	90	0.0303846477569
XMTM2MTE3Mjg4MA==	299	363	0.0458160423261
XMTM2MTYyMjQxMg==	701	614	0.015402899058
XMTM2MTI4NDE2MA==	1141	1369	0.0399299167896
XMTM2MTU5NzYzNg==	18	9	0.25
XMTM2MDg1MDkxMg==	60	54	0.01
XMTM2MTM4NDc4OA==	316	272	0.0193879186028
XMTM2MTE2NTc2NA==	135	126	0.00444444444444
XMTM2MTA2NTU4OA==	98	85	0.0175968346522
XMTM2MTcyODIyNA==	129	82	0.132744426417
XMTM2MTEzNzk3Ng==	93955	75520	0.038498737705
XMTM2MTI2OTU1Mg==	4794	325	0.869009751621
XMTM2MDk0MTAwNA==	127	78	0.148862297725
XMTM2MTU3ODk2OA==	780	1012	0.0884681130835
XMTM2MTUwOTI0OA==	3303	3440	0.00172037842276
XMTM2MTIzMjQ0MA==	35	37	0.00326530612245
XMTM2MTQ1MDI3Ng==	883	416	0.279712808569
XMTM2MTEzMTgwMA==	2345	2102	0.0107380853879
XMTM2MTEzMDc2MA==	903	1119	0.0572179115021
XMTM2MTYzNTQ1Mg==	18071	19074	0.00308061548591
XMTM2MDg5OTAyMA==	2027	1055	0.229945562241
XMTM2MDg3ODUwNA==	2079	1883	0.00888798195196
XMTM2MTE5MDczMg==	2076	1434	0.095634668716
XMTM2MDg3MTM4OA==	169	145	0.0201673610868
XMTM2MTQzNDI3Ng==	333	247	0.0666973279586
XMTM2MTQ0ODQ5Ng==	1052	1600	0.271349882173
XMTM2MDkxMTkzMg==	294	302	0.000740432227313
XMTM2MTMzMDYyNA==	285	314	0.0103539550631
XMTM2MTA3MjM1Mg==	278	209	0.0616039542467
XMTM2MTU2MjQ1Mg==	267	179	0.108628259619
XMTM2MTM4MjAyNA==	13	15	0.0236686390533
XMTM2MTM1MTk0OA==	39	41	0.00262984878369
XMTM2MDgzNDU3Mg==	294077	363714	0.0560735417056
XMTM2MTM3MDM3Ng==	42	35	0.0277777777778
XMTM2MTI1NTQ2NA==	136	122	0.0105968858131
XMTM2MTE0NjM4OA==	326	340	0.00184425458241
XMTM2MTExMzA4NA==	2388	2586	0.00687482639327
XMTM2MTczNjUwNA==	90	18	0.64
XMTM2MTEzNjcyNA==	22	33	0.25
XMTM2MTYxMzM5Mg==	187	160	0.0208470359461
XMTM2MTE2NzEyMA==	106	115	0.00720897116412
XMTM2MTIxOTUzMg==	69	83	0.0411678218862
XMTM2MTA1MzUyMA==	4409	2557	0.176441916756
XMTM2MTI4ODc2NA==	1078	844	0.04711879692
XMTM2MTI4NjcwNA==	338359	67515	0.640741675744
XMTM2MTIxNDgwMA==	115	85	0.0680529300567
XMTM2MDk5MDE2MA==	77	25	0.456063417102
XMTM2MDkzMjkyMA==	795	531	0.110274118904
XMTM2MTA3Mjk5Ng==	5173	1786	0.428692056694
XMTM2MTA2NzkxNg==	16663	17082	0.00063229778042
XMTM2MTIzMTc1Ng==	863	581	0.106776732114
XMTM2MTU3MTE0OA==	1239	1620	0.0945599727969
XMTM2MDk3OTc0MA==	6394	3061	0.271722350941
XMTM2MTE2OTAwNA==	724	901	0.0597680931595
XMTM2MDk3NzkwNA==	290	151	0.229738406659
XMTM2MTAwNjEyNA==	4683	952	0.634749229714
XMTM2MTE5MDkwMA==	672	623	0.00531684027778
XMTM2MTE4MTA3Mg==	468	271	0.177190627511
XMTM2MDk4MzcxNg==	200	102	0.2401
XMTM2MTAzMDMyNA==	84803	107911	0.0742509962988
XMTM2MDk4NjY5Mg==	18146	10005	0.20127678944
XMTM2MTIxMDEyMA==	991	624	0.137146528647
XMTM2MTU5MjY5Ng==	69	56	0.0354967443814
XMTM2MTI2NzUwNA==	5137	375	0.859329360911
XMTM2MTY3MDg5Ng==	1155	841	0.0739086598827
XMTM2MTI3NjAwMA==	57	70	0.0520160049246
XMTM2MTU0NTM0MA==	18223	7697	0.333646813153
XMTM2MTA4MzM4OA==	1636	1870	0.0204580914748
XMTM2MTM3ODYxMg==	2216	3415	0.292751314692
XMTM1OTgwMjgzNg==	618	520	0.0251463641981
XMTM2MTUxMzE0NA==	610	659	0.00645256651438
XMTM2MTQ0NzIwMA==	96	64	0.111111111111
XMTM2MTI3Njk0NA==	46672	46921	2.84633406606e-05
XMTM2MTAyNzgxNg==	522	206	0.366465553941
XMTM2MDc0OTE5Mg==	979	896	0.00718771421506
XMTM2MTIzODYzMg==	8984	14484	0.374788185824
XMTM2MTUzNzYyMA==	2872	3197	0.0128055386364
XMTM2MTU4MDM2OA==	5811782	5863892	8.03939773694e-05
XMTM2MDkzOTM0OA==	1267	1509	0.0364819045044
XMTM2MTA4NTMxNg==	62	72	0.0260145681582
XMTM2MTI2MTI3Ng==	882	272	0.478324360734
XMTM2MDcyNzEzNg==	14435	1491	0.804087724567
XMTM2MTQyODczMg==	268	286	0.00451102695478
XMTM2MTQwODU2OA==	11	16	0.206611570248
XMTM2MTI3MDI5Mg==	4523	321	0.863095635841
XMTM2MTU3MDU1Mg==	8494	9424	0.0119878523097
XMTM2MTMzNTI2OA==	11819	12801	0.00690337571252
XMTM2MTI4ODEyMA==	59972	4423	0.857937054689
XMTM2MTE1MjAyNA==	380	399	0.0025
XMTM2MDkxNjQwOA==	100	85	0.0225
XMTM2MTM0NTE1Ng==	158	153	0.00100144207659
XMTM1ODIzNjMxMg==	97	80	0.0307152726113
XMTM2MTcwNzYzNg==	42913	20870	0.263853979103
XMTM2MTU1MzU3Ng==	41	51	0.059488399762
XMTM2MDc0NjI2MA==	17	24	0.16955017301
XMTM2MTQzMTQxMg==	8	8	0.0
XMTM2MTIxMTE4OA==	10253	7176	0.0900643829137
XMTM2MTQ2NzU2MA==	127	93	0.0716721433443
XMTM2MDg3NjE0OA==	119	145	0.0477367417555
XMTM1ODkxMDg2NA==	676	609	0.00982327299464
XMTM2MDkwMTM5Mg==	3533	1134	0.46107674765
XMTM2MDU3Mjg1Ng==	1305	741	0.186782930374
XMTM2MTIwMDE3Ng==	370	331	0.0111102994887
XMTM2MTQzNjMwMA==	466	562	0.0424395365544
XMTM2MDk4OTgwOA==	2109	2409	0.0202343542914
XMTM2MDk2MDYwMA==	15175	11072	0.0731047564249
XMTM2MTAzNjI4MA==	217	262	0.0430036738941
XMTM2MTMyMDU2NA==	22	17	0.051652892562
XMTM2MTIyOTIyMA==	269	172	0.13002860657
XMTM2MTQzMjc3Mg==	648	416	0.128181679622
XMTM2MTA1NjUxMg==	74574	66994	0.0103315036737
XMTM2MTQzOTkwNA==	486	460	0.00286202983962
XMTM2MTA5NzQ2MA==	210	173	0.0310430839002
XMTM2MTE0MDc2NA==	69	56	0.0354967443814
XMTM2MTQxMzY0NA==	3887	2276	0.171775807811
XMTM2MTU5NzY5Ng==	1365	692	0.243088730561
XMTM2MDk4MDA5Mg==	9388	4592	0.260982980748
XMTM2MTU1MjgzMg==	16173	9577	0.1663336512
XMTM2MTE3MzU3Mg==	303	241	0.041869533488
XMTM2MDU2OTU4NA==	2106	1063	0.245274208633
XMTM2MTUwMTEwNA==	168447	115704	0.0980399533398
XMTM2MTczNzk0NA==	70	66	0.00326530612245
XMTM2MTE1MDUyNA==	22890	14629	0.130248778467
XMTM2MTU2NzEyNA==	53	45	0.0227839088644
XMTM2MTIxODQxMg==	759	845	0.0128384723676
XMTM2MTQ3Nzg3Mg==	743	663	0.0115931737944
XMTM2MTE1NTQ5Mg==	657	699	0.0040866537395
XMTM2MTEwODAwNA==	371	189	0.24065503738
XMTM2MTYyOTY5Ng==	67329	81378	0.0435398067029
XMTM2MDc2MzI4OA==	28	14	0.25
XMTM2MDg4OTM1Ng==	39	25	0.128862590401
XMTM2MTY0MTI2NA==	870	766	0.014289866561
XMTM2MDk5MTIxMg==	13635	10604	0.0494153172804
XMTM2MDg4MzYwOA==	135524	120418	0.0124241457605
XMTM2MTM4NTk3Mg==	10	7	0.09
XMTM2MDkwMDM2NA==	19395	17796	0.00679700140383
XMTM2MTYwOTgyNA==	2972	1532	0.234761769336
XMTM2MDk2Nzc1Ng==	81	101	0.0609663161103
XMTM2MDg1NTI0MA==	505	528	0.00207430644055
XMTM2MDgxNDQwOA==	989	1097	0.0119249049964
XMTM2MDYyNzA3Mg==	385	340	0.0136616630123
XMTM2MTAyNzA2OA==	401	465	0.025472478405
XMTM2MTI0MzM2NA==	15319	12971	0.0234928309078
XMTM2MTI2Njc5Mg==	5230	385	0.858191453191
XMTM2MDkzODU4MA==	273	142	0.230259362127
XMTM2MDkxOTM3Ng==	133	135	0.000226129232857
XMTM2MTI2MjczNg==	120	128	0.00444444444444
XMTM2MTExMjc0MA==	10056	8276	0.0313320979286
XMTM2MTM5NTk3Mg==	6079	2138	0.420289541328
XMTM2MDc3MTgyOA==	26	22	0.0236686390533
XMTM2MTUyMDAzNg==	2048	2932	0.18631362915
XMTM2MTE3MDY1Mg==	284	298	0.00243007339814
XMTM2MTM5MTYzMg==	4600	3645	0.0431013705104
XMTM2MTQzMzM1Mg==	24	24	0.0
XMTM2MTMwNDY3Mg==	124	151	0.0474115504683
XMTM2MDkzMzUyNA==	474	151	0.464353112927
XMTM2MTY0MDUyNA==	24246	14349	0.166619926623
XMTM2MTY4Nzg0NA==	28	35	0.0625
XMTM2MDg0Mjk1Ng==	96	72	0.0625
XMTM2MTM0NTI2OA==	207	209	9.33510700366e-05
XMTM2MTQ2NDU0NA==	3466	1985	0.182579914887
XMTM2MTEzNjQxMg==	110	91	0.0298347107438
XMTM2MTE1MDA4MA==	2705	3609	0.111686921939
XMTM2MTUxMTk4MA==	328	336	0.00059488399762
XMTM2MTMwMDAzMg==	973	1300	0.112945732094
XMTM2MTU2NjcwOA==	1790	1543	0.019040916326
XMTM2MDk4MDg4NA==	7771	5911	0.0572891093512
XMTM2MDg0MTU0NA==	103	62	0.158450372325
XMTM2MTE0MDQ0OA==	80	66	0.030625
XMTM2MTAwMTYxMg==	10	14	0.16
XMTM2MTI3NDg1Mg==	3099	26	0.983290782472
XMTM2MDg1NjQ1Ng==	1773	2024	0.0200414884036
XMTM2MTAxMjk2NA==	379	402	0.00368279251746
XMTM2MTU4NDgzMg==	418	502	0.0403836908496
XMTM2MTUxMjYyOA==	5595	5649	9.31509606193e-05
XMTM2MDk5NzU4OA==	12663	11732	0.00540537897699
XMTM2MDM5NDYwNA==	2041	1279	0.139387533515
XMTM2MTAxOTE2OA==	16	20	0.0625
XMTM2MTYzMTQyMA==	16	16	0.0
XMTM2MTM1MzU0NA==	710	787	0.011761555247
XMTM2MTUxNjcxNg==	1277	544	0.329477797966
XMTM2MDc1ODgzMg==	150	75	0.25
XMTM2MTMwMDg2MA==	645	659	0.000471125533321
XMTM2MTQ5OTg0MA==	327	208	0.132433670941
XMTM2MTU4ODA4OA==	188	117	0.142626754187
XMTM2MDk5Nzk0NA==	5589	4991	0.0114481193585
XMTM2MDg4MjM3Ng==	123	55	0.305638178333
XMTM2MDk1ODMyOA==	557	352	0.135455714603
XMTM2MDk4NzE4MA==	5	11	1.44
XMTM2MTIyMjU1Ng==	6608	6891	0.00183414135189
XMTM2MDgxNjczNg==	10788	11729	0.00760847067884
XMTM2MDkzNTQ2OA==	442	320	0.0761859912778
XMTM2MDk4Mzc1Ng==	395	230	0.174491267425
XMTM2MTUzNTYyMA==	220	95	0.322830578512
XMTM2MDg3NzU0OA==	451	352	0.0481856038073
XMTM2MTMyMDAzNg==	419	295	0.087582093973
XMTM2MTQ3OTI5Mg==	1156	1265	0.00889072808036
XMTM2MTYxNDU4MA==	688	599	0.0167341299351
XMTM2MTMzODg1Mg==	912	521	0.183807758156
XMTM2MTEwNzk0MA==	82	48	0.171921475312
XMTM2MTA5MjQ2MA==	756	297	0.36862244898
XMTM2MTAyMTcyMA==	714	826	0.0246059207997
XMTM2MTIyNDE2NA==	15	10	0.111111111111
XMTM2MTUxNTgyOA==	680	430	0.135164359862
XMTM2MTMyOTkwNA==	5122	5510	0.00573831391822
XMTM2MTU5MTg5Mg==	175	122	0.0917224489796
XMTM2MDk4OTQ4MA==	642	592	0.00606554672412
XMTM2MTA2OTQ0MA==	1693	1198	0.0854862923633
XMTM2MTQ4NTkyOA==	563	547	0.00080764995946
XMTM2MDk5MDQ2OA==	4310	3117	0.0766172124396
XMTM2MTA5MDU4NA==	1482	47	0.937577971192
XMTM2MTIzNTA1Ng==	7301	4234	0.176466736896
XMTM2MTQyNjM2NA==	154	98	0.132231404959
XMTM2MTMxMTE0MA==	518	136	0.543835065071
XMTM2MTE4MjMwNA==	25143	35400	0.166420384196
XMTM2MTQ1NjQ4OA==	41145	46321	0.0158253892877
XMTM2MTU3ODM0NA==	5333	5798	0.00760261045286
XMTM2MTQwNjAyOA==	61530	48455	0.0451553866042
XMTM2MTEwOTY4NA==	8063	5292	0.118108113292
XMTM2MDc1OTY3Ng==	11	14	0.0743801652893
XMTM2MTUxNjY0NA==	12097	10540	0.0165661604682
XMTM2MTE1Njc2NA==	1267	1482	0.02879543808
XMTM2MDY3ODU2NA==	115	67	0.174215500945
XMTM2MDg3MTk3Ng==	152	97	0.130929709141
XMTM2MTM1ODg3Ng==	63	87	0.145124716553
XMTM2MTQ4NzYyMA==	1999	2306	0.0235858299335
XMTM2MDc4OTE2OA==	5874	5823	7.53828352502e-05
XMTM2MTAwNTcyMA==	17	13	0.0553633217993
XMTM2MTA0OTU1Ng==	418	119	0.511669833566
XMTM2MTU3MDQxNg==	831	1109	0.111914805499
XMTM2MTQzOTU4OA==	141	81	0.181077410593
XMTM2MTY0MjM5Mg==	175	236	0.121502040816
XMTM2MDkwMTk3Ng==	293	316	0.00616198208482
XMTM2MTM0NzkwMA==	25508	35111	0.141729756538
XMTM2MTAzMTA5Mg==	35	30	0.0204081632653
XMTM2MTMzMjIxNg==	2	0	1.0
XMTM2MDk0NDQxMg==	9422	1806	0.65338275977
XMTM2MTA5MjkwNA==	381	138	0.406782813566
XMTM2MTA4NDIwNA==	3445	663	0.65213243147
XMTM2MDk2MDA0NA==	56946	24494	0.324755479145
XMTM2MTUxMzkzMg==	7231	6678	0.0058486218113
XMTM2MTU5NTk5Ng==	343	151	0.313338829909
XMTM2MTA4MTExMg==	18	25	0.151234567901
XMTM2MDkyNjY2OA==	34	41	0.0423875432526
XMTM2MDc4NDQzMg==	3256	1122	0.429556245435
XMTM2MDY2NzYwNA==	50	62	0.0576
XMTM2MTE3MDMzNg==	106	86	0.0355998576006
XMTM2MTIwMTEwOA==	2262	1992	0.0142476201198
XMTM2MTAzNTM3Ng==	38	40	0.00277008310249
XMTM2MTMyMTYzNg==	91049	98087	0.00597514108749
XMTM2MDk2MjkyMA==	126	55	0.317523305619
XMTM2MTE3MDM4MA==	5464	4786	0.0153970672406
XMTM2MTAwMDg3Ng==	339	300	0.013235178949
XMTM2MDc0MTMwMA==	1690	971	0.181002415882
XMTM2MTYzMDgzMg==	3577	4412	0.0544922914383
XMTM2MTM3NjkwNA==	78	73	0.00410913872452
XMTM2MTAzMzM4MA==	20	34	0.49
XMTM2MDk4MDM3Mg==	5493	8816	0.365966628033
XMTM2MDk2NzAxNg==	9023	2356	0.545957700007
XMTM2MTQ4Njk0MA==	698	787	0.0162580766989
XMTM2MTI3NzY4MA==	12	15	0.0625
XMTM2MTQxMzg0MA==	200	217	0.007225
XMTM2MTExMzAzNg==	16309	12194	0.0636626941505
XMTM2MTY3NTU1Mg==	2299	2087	0.00850342291909
XMTM2MTIyMTMzMg==	3002	1351	0.302463358871
XMTM2MTA2NDE1Ng==	13166	4949	0.389510233654
XMTM2MTExNzI2OA==	77	61	0.0431776016192
XMTM2MTM5NTM2MA==	803	444	0.199874691575
XMTM2MTUxMDg0NA==	1055	1243	0.031754902181
XMTM2MTA2MDIwMA==	40900	24805	0.154858606178
XMTM2MTE3MjYyOA==	1653	941	0.185530057909
XMTM2MDQ5NjU3Mg==	134	110	0.0320784139006
XMTM2MTQwOTkyNA==	781	336	0.324651903974
XMTM2MTA5OTQxNg==	561	245	0.31728419775
XMTM2MTUxMzQ4MA==	7212	6435	0.0116072837561
XMTM2MTIxMzY4OA==	838	603	0.0786407573436
XMTM2MDc1ODE2OA==	364	307	0.0245214949885
XMTM2MTI2NTI2OA==	4278	6362	0.237308813961
XMTM2MTQ0NzUxMg==	104	78	0.0625
XMTM2MTU1MTc2MA==	2691	3313	0.0534260878403
XMTM2MTI0MjgwOA==	5064	6907	0.132453450494
XMTM2MTAzMDk4MA==	16	19	0.03515625
XMTM2MTA2ODU2MA==	256	286	0.0137329101562
XMTM2MTE1MjgwOA==	49	39	0.0416493127863
XMTM2MTM2MTQ4NA==	128	152	0.03515625
XMTM2MTE5NTU0MA==	29	36	0.0582639714625
XMTM2MDc3NDYyNA==	29428	26105	0.0127508514987
XMTM2MTIzMzY2OA==	30705	39555	0.0830746151326
XMTM2MTcwODcxMg==	143776	134708	0.00397786673154
XMTM2MTUzMDYyOA==	25	31	0.0576
XMTM2MTUwNzg4MA==	3742	1393	0.394056474229
XMTM2MDk1NTcxMg==	125	102	0.033856
XMTM2MTQ0MTI3Ng==	32	32	0.0
XMTM2MTU0NzYzMg==	889	789	0.0126530865307
XMTM2MTU2NTc1Ng==	80	84	0.0025
XMTM1ODk3MjkzNg==	86	76	0.013520822066
XMTM2MTMzNDIzMg==	107	135	0.0684775962966
XMTM2MDkwNzI0NA==	148819	177300	0.0366263552738
XMTM2MTM2MDE0MA==	193	138	0.0812102338318
XMTM2MTU2ODMyOA==	9895	14841	0.249848431267
XMTM2MTMxNTU1Mg==	786	549	0.0909183614009
XMTM2MDg5NzQ0OA==	176	210	0.037319214876
XMTM2MDkyODY2MA==	2279	979	0.32538539397
XMTM2MTIxNDk0OA==	10235	15552	0.269871875126
XMTM2MTIzMzM5Ng==	1852	952	0.236158213174
XMTM2MTI4NDg1Ng==	117501	140695	0.0389644167912
XMTM2MTI4OTQ4MA==	530	187	0.418828764685
XMTM2MTIwMzI3Ng==	1848065	2098794	0.0184066456982
XMTM2MDg3NDMwNA==	579	388	0.10882022187
XMTM2MTYwNDM0OA==	139	31	0.603695460897
XMTM2MTQ3OTQ2NA==	1420	1083	0.0563226542353
XMTM2MDYzNzU4OA==	67	27	0.356426821118
XMTM2MDgxNzU1Mg==	17598	11337	0.126578743664
XMTM2MTAwMjA5Ng==	89	49	0.201994697639
XMTM2MTQxNDQxMg==	135	176	0.0922359396433
XMTM2MTEzMzMzNg==	1659	790	0.274376417234
XMTM2MDczOTI3Mg==	67	63	0.00356426821118
XMTM2MTU3NjY2OA==	340	395	0.0261678200692
XMTM2MTE3NTc3Mg==	105	116	0.0109750566893
XMTM2MTM5NDk5Mg==	1174	992	0.0240329222884
XMTM2MTMyNzg4NA==	14957	11605	0.0502248944355
XMTM2MDkxNDMyOA==	719	1185	0.420062635286
XMTM2MDkyMDU4MA==	3776	4232	0.0145836325768
XMTM2MDk0Njg4OA==	13	23	0.591715976331
XMTM2MTE3ODE5Ng==	1126	1354	0.0410008549732
XMTM2MTU3NDA4OA==	1072	1434	0.114032217643
XMTM2MTY5MDA5Mg==	27	44	0.396433470508
XMTM2MTIzNDAwOA==	134	128	0.00200490086879
XMTM2MTM0MzA0OA==	41	41	0.0
XMTM2MDk1MDI2OA==	165	196	0.0352984389348
XMTM2MTE3Nzc3Ng==	1076	582	0.210779978165
XMTM2MTIxNDExNg==	75	87	0.0256
XMTM2MTU5NzE2OA==	318	471	0.231488074048
XMTM2MTIyMTg2OA==	67583	49851	0.0688399447311
XMTM2MDc1OTMzNg==	773	513	0.11313258436
XMTM2MDgzOTA3Mg==	305	325	0.00429991937651
XMTM2MTQ5MjU1Mg==	2634	2047	0.04966433918
XMTM2MTIxNzQ1Mg==	4271	2455	0.180789226027
XMTM2MTU3OTcyNA==	117	82	0.0894879100007
XMTM2MTMzNTQwMA==	5163	6542	0.071338550734
XMTM2MTI4MDY4OA==	2426	18	0.985215809223
XMTM2MTAwNTI2OA==	22	21	0.00206611570248
XMTM2MTU0ODA3Ng==	14538	2130	0.728440762953
XMTM2MTM0ODAyOA==	9648	5600	0.176037996859
XMTM2MTM3NTA2NA==	1154	1161	3.67946318885e-05
XMTM2MTQ4MzUxNg==	1511	2061	0.132494072806
XMTM2MTA0MTY1Ng==	1011	418	0.344038523815
XMTM2MTMwNzQwMA==	73	36	0.256896228185
XMTM2MDk4NTIwNA==	3862	2867	0.066377611759
XMTM2MDkzNTk2NA==	503	412	0.032730060986
XMTM2MDg0MjI1Ng==	605	497	0.0318666757735
XMTM2MTM5MDMyMA==	1665	912	0.204532099667
XMTM2MTEwNjEwMA==	545	655	0.0407373116741
XMTM2MTE3ODUwOA==	630	381	0.156213151927
XMTM2MDcyOTYxNg==	34773	1072	0.939293364667
XMTM2MTEzOTQzNg==	186	64	0.430223147185
XMTM2MTE2OTU0MA==	114	86	0.0603262542321
XMTM2MTM5ODU1Ng==	954	1235	0.0867592702469
XMTM2MTU3MjQ3Ng==	715	1090	0.275074575774
XMTM2MDg0MTIzMg==	2799	1517	0.209782981494
XMTM2MTA5NzE4OA==	186	137	0.0694010868308
XMTM2MTUzMzU4NA==	34857	27829	0.0406521475109
XMTM2MTYyMzg2MA==	9315	9799	0.00269975904475
XMTM2MTQ1ODkyNA==	13	16	0.0532544378698
XMTM2MTU3OTkwMA==	293	302	0.000943517105616
XMTM2MTcxNzM3Ng==	17935	13503	0.0610656158608
XMTM2MTA1OTMwMA==	197	188	0.00208714473447
XMTM2MTUyODA4NA==	75	85	0.0177777777778
XMTM2MTM0OTQxMg==	167	202	0.0439241277923
XMTM2MTYzOTUyMA==	1701	1653	0.000796294741033
XMTM2MTUxNjExNg==	240	261	0.00765625
XMTM2MDc5MTQwMA==	220	204	0.00528925619835
XMTM2MDk5NDgxMg==	48	22	0.293402777778
XMTM2MDkwMDI4MA==	430	253	0.169437533802
XMTM2MDk4NDIyOA==	2249	716	0.464628022019
XMTM2MTEzMzYzNg==	87	53	0.152728233584
XMTM2MDc5NDY0OA==	373	397	0.00414004269419
XMTM2MTA4Nzg2OA==	300	157	0.227211111111
XMTM1OTY4NDg3Ng==	49	42	0.0204081632653
XMTM2MDk5NDc4MA==	133	59	0.309570919781
XMTM2MTMzNzYyNA==	2094	1448	0.0951725446516
XMTM2MDgwMzA3Ng==	137	175	0.0769353721562
XMTM2MTU1MTQ0NA==	284	346	0.0476591946042
XMTM2MTIzNDgyOA==	136365	163259	0.0388960023232
XMTM2MTMwMzAxNg==	24102	17541	0.0741026793707
XMTM2MDg1NDQwOA==	16	21	0.09765625
XMTM2MTIzNDkxMg==	775	492	0.13334276795
XMTM2MDc1NTQ2MA==	21	22	0.00226757369615
XMTM2MTYwOTY2NA==	68490	14192	0.628511652643
XMTM2MTAyMDM2OA==	28553	21890	0.0544547960574
XMTM2MTI5Nzg5Ng==	385	332	0.0189509192107
XMTM2MTQzNTgxMg==	223	249	0.0135936777333
XMTM2MTUxOTU1Ng==	670	717	0.00492091779906
XMTM2MDgwNTE1Mg==	12931	7664	0.165906122513
XMTI4MjEwNDA2MA==	267	148	0.198642146755
XMTI4NjY1MTc3Mg==	27	24	0.0123456790123
XMTI4NzI2MDE4OA==	171098	1144	0.986672252412
XMTI4NzU5MDc0NA==	45196	13183	0.501709990654
XMTI4NzY2MjI2NA==	18	11	0.151234567901
XMTI4NzY2NDM3Mg==	50	47	0.0036
XMTI4Nzc1MzI5Mg==	75	93	0.0576
XMTI4Nzc3MzA4OA==	6522	3658	0.192834367786
XMTI4Nzc3NTg4NA==	9686	11102	0.0213716265803
XMTI4NzcxOTkzNg==	583	548	0.00360411781493
XMTI4Nzg1NjA2MA==	72502	44627	0.147818836042
XMTI4Nzk0MTE5Mg==	521	298	0.183203716461
XMTI4Nzk0NTg5Ng==	265	242	0.00753292986828
XMTI4Nzk2ODc5Mg==	1230	926	0.0610853328045
XMTI4Nzk2OTI2MA==	401	319	0.0418156603504
XMTI4Nzk3NDU2NA==	369	189	0.237953599048
XMTI4Nzk3OTk0NA==	59	61	0.00114909508762
XMTI4Nzk4MTU2OA==	47	62	0.101856043459
XMTI4Nzk4MjgxMg==	203	195	0.00155305879784
XMTI4Nzk4NDA4MA==	1192	754	0.135019255889
XMTI4Nzk4NTI2NA==	2987	3425	0.0215019464437
XMTI4Nzk4ODI3Ng==	49	32	0.120366513953
XMTI4Nzk5MTg5Ng==	1020	591	0.176894463668
XMTI4Nzk5MjIzMg==	224	125	0.195332429847
XMTI4Nzk5NDEyNA==	546	474	0.0173892042024
XMTI4Nzk5Njk4NA==	42493	45214	0.00410036291489
XMTI4Nzk5NzAwOA==	38496	37040	0.00143051210986
XMTI4Nzk5Nzg5Mg==	231	307	0.108243848504
XMTI4Nzk5OTc4MA==	13457	4757	0.417967006163
XMTI4Nzk5OTkyMA==	157	152	0.0010142399286
XMTI4NzkwMDIxMg==	1095	1245	0.018765246763
XMTI4NzkwNTE0MA==	52	34	0.119822485207
XMTI4NzkyOTEzMg==	5524	3589	0.122702835524
XMTI4ODA0MzkzNg==	24	21	0.015625
XMTI4ODA0NTA2OA==	389	181	0.28590876349
XMTI4ODA0OTA4MA==	8842	11769	0.109583312378
XMTI4ODA1MTE3Mg==	2493	1595	0.129750224013
XMTI4ODA1MTE5Ng==	4410	2536	0.180576817273
XMTI4ODA1MjMwNA==	2910	3530	0.0453938900107
XMTI4ODA1MzA3Ng==	1082	1451	0.116304953174
XMTI4ODA1MzkyOA==	96	94	0.000434027777778
XMTI4ODA1NDg4NA==	4708	2807	0.163038933351
XMTI4ODA1NjM5Mg==	668	820	0.0517766861487
XMTI4ODA1Njc4NA==	606	784	0.0862769445261
XMTI4ODA1ODQwNA==	37	37	0.0
XMTI4ODA1ODk0MA==	3721	2052	0.201183951195
XMTI4ODA1OTMyMA==	1707	2126	0.0602505483297
XMTI4ODA2NDc1Mg==	10426	6158	0.16757660218
XMTI4ODA2OTAzMg==	104	29	0.520062869822
XMTI4ODA2OTI2NA==	336	290	0.0187429138322
XMTI4ODA3MTUyOA==	7030	5442	0.0510258615282
XMTI4ODA3MjQ5Ng==	2819	2002	0.0839951019038
XMTI4ODA3Nzc1Mg==	14435	16291	0.0165318846869
XMTI4ODA3NzkxNg==	336	149	0.309745252268
XMTI4ODA3OTI2MA==	76	33	0.320117728532
XMTI4ODA4MjUwMA==	32	25	0.0478515625
XMTI4ODA4MzMzMg==	550	287	0.22865785124
XMTI4ODA4NzI3Mg==	2711	1264	0.284890539125
XMTI4ODA4NzUyNA==	66	86	0.0918273645546
XMTI4ODA4ODMwMA==	13	16	0.0532544378698
XMTI4ODA4ODQyNA==	35700	27164	0.0571705513578
XMTI4ODA4ODkyMA==	692	599	0.0180614955394
XMTI4ODA5MDA4OA==	81377	2646	0.936026586909
XMTI4ODA5MTI3Mg==	428	243	0.18683400297
XMTI4ODA5MzM0NA==	12316	11355	0.00608845940731
XMTI4ODA5NTI0MA==	86	62	0.0778799351001
XMTI4ODA5NjM0MA==	35	16	0.294693877551
XMTI4ODA5NjQyNA==	18	14	0.0493827160494
XMTI4ODA5ODQ0OA==	5	7	0.16
XMTI4ODA5OTQwMA==	9	13	0.197530864198
XMTI4ODAwMTc2MA==	148	122	0.0308619430241
XMTI4ODAwMjUxNg==	17	18	0.00346020761246
XMTI4ODAwNTUxNg==	162	100	0.146471574455
XMTI4ODAwOTEyMA==	9	9	0.0
XMTI4ODAxMTU4OA==	96	111	0.0244140625
XMTI4ODAxMjAyNA==	3	6	1.0
XMTI4ODAxMjQxMg==	128	121	0.00299072265625
XMTI4ODAxNDA0MA==	30	33	0.01
XMTI4ODAxNDU4MA==	544	80	0.727508650519
XMTI4ODAxNTEyNA==	732	835	0.0197994117471
XMTI4ODAxNjE2MA==	444	145	0.453499107215
XMTI4ODAxNjQ3Mg==	3825	3602	0.00339896620958
XMTI4ODAxNzAwOA==	61	25	0.348293469497
XMTI4ODAxNzQyOA==	1680	1537	0.00724525226757
XMTI4ODAyMTEwNA==	1976	800	0.354193643561
XMTI4ODAyMTYyNA==	274	339	0.0562763066759
XMTI4ODAyMjk1Mg==	3097	553	0.674763843352
XMTI4ODAyNTM5Mg==	1076	936	0.0169290087202
XMTI4ODAyNTU0OA==	391	229	0.171662927375
XMTI4ODAyNTYwNA==	55	47	0.0211570247934
XMTI4ODAyNjA5Ng==	3412	3322	0.000695772042402
XMTI4ODAyNzQ0OA==	197	247	0.0644180473601
XMTI4ODAyNzY3Mg==	1365	851	0.141795005971
XMTI4ODAzMDY0NA==	123	75	0.152290303391
XMTI4ODAzMTc2MA==	628	577	0.00659509513571
XMTI4ODAzMTkzNg==	24721	26869	0.00754981804208
XMTI4ODAzNDkwNA==	8	11	0.140625
XMTI4ODAzNjU0NA==	222	98	0.311987663339
XMTI4ODAzOTQzNg==	16491	11747	0.082755216147
XMTI4ODE0MDczMg==	427	500	0.02922738566
XMTI4ODE0MTk0OA==	254	209	0.0313875627751
XMTI4ODE0MjQ3Mg==	8706	2474	0.512409961069
XMTI4ODE0MjU5Mg==	215	180	0.0265008112493
XMTI4ODE0NDk3Mg==	141	60	0.330013580806
XMTI4ODE0NzMyNA==	53	43	0.0355998576006
XMTI4ODE0ODE4NA==	168	165	0.00031887755102
XMTI4ODE0OTU2NA==	159	73	0.292551718682
XMTI4ODE0OTUzNg==	701	421	0.159543834872
XMTI4ODE1MDI2OA==	17	23	0.124567474048
XMTI4ODE1MjA2MA==	62	61	0.000260145681582
XMTI4ODE1MjQ1Ng==	222	149	0.108128398669
XMTI4ODE1MjgxNg==	280	129	0.290829081633
XMTI4ODE1MzIyMA==	2745	2420	0.014017869881
XMTI4ODE1NDAyNA==	193	93	0.268463582915
XMTI4ODE1NTkxNg==	504556	736536	0.211388977554
XMTI4ODE1NjY0OA==	2951	2821	0.00194065477692
XMTI4ODE1NzUwMA==	278	160	0.18016665804
XMTI4ODE1OTY0NA==	16	18	0.015625
XMTI4ODE1OTg0MA==	124	160	0.0842872008325
XMTI4ODE2MTIzMg==	57	42	0.0692520775623
XMTI4ODE2MjY2OA==	6941	7226	0.00168595365125
XMTI4ODE2NTM4NA==	148	178	0.041088385683
XMTI4ODE2ODIwOA==	73667	91269	0.057092369139
XMTI4ODE3MDYyNA==	4798	2354	0.259466871791
XMTI4ODE3MTAwNA==	391	304	0.0495090953094
XMTI4ODE3MzI4OA==	130	74	0.185562130178
XMTI4ODE3MzgzNg==	143	94	0.117414054477
XMTI4ODE3NTEwOA==	6685	7207	0.0060973086913
XMTI4ODE3NjEwNA==	880	599	0.10196410124
XMTI4ODE3Nzc1Mg==	94	65	0.095178813943
XMTI4ODE3OTEyOA==	3	6	1.0
XMTI4ODE3OTM5Ng==	364	423	0.026272491245
XMTI4ODE3OTczNg==	79	62	0.0463066816215
XMTI4ODE3OTg4NA==	1068	1111	0.00162104251708
XMTI4ODE4MDQyOA==	643	335	0.229445469695
XMTI4ODE4MTIzNg==	697	328	0.280276816609
XMTI4ODE4MTkwMA==	906	930	0.000701723608614
XMTI4ODE4Mjk4NA==	238	92	0.376315231975
XMTI4ODE4MzAyOA==	66	75	0.0185950413223
XMTI4ODE4NDQ4NA==	198	225	0.0185950413223
XMTI4ODE4Njc0OA==	88	116	0.101239669421
XMTI4ODE4NzQ3Mg==	21541	12112	0.191601784686
XMTI4ODE4OTE5Ng==	11848	5265	0.30871491999
XMTI4ODE5MDEwNA==	433	297	0.0986511208658
XMTI4ODE5MzE4MA==	2418	2136	0.0136014629731
XMTI4ODE5NDA3Mg==	50	35	0.09
XMTI4ODE5NDUwNA==	7730	4278	0.199426370938
XMTI4ODE5NDYyMA==	1634	886	0.209555513274
XMTI4ODE5OTg4NA==	88693	78573	0.0130191411369
XMTI4ODEwMTM3Ng==	64603	51487	0.0412189993063
XMTI4ODEwMTQ5Ng==	722	340	0.27993186056
XMTI4ODEwMTg4MA==	14	17	0.0459183673469
XMTI4ODEwNDE0MA==	8843	7305	0.0302491670924
XMTI4ODEwNDE5Ng==	3777	3211	0.02245633574
XMTI4ODEwNTEyNA==	2712	2086	0.0532806232107
XMTI4ODEwNTI0MA==	32735	35195	0.00564736065375
XMTI4ODEwNTg2OA==	46638	48321	0.00130223209784
XMTI4ODEwOTM0MA==	214	206	0.00139750196524
XMTI4ODEwOTU3Mg==	1901	2180	0.0215399243068
XMTI4ODExMTQwNA==	79475	41363	0.229965351457
XMTI4ODExMTkyOA==	108	88	0.0342935528121
XMTI4ODExMjI3Ng==	58	69	0.0359690844233
XMTI4ODExMjk1Ng==	454	443	0.000587048070019
XMTI4ODExMzc0OA==	16	31	0.87890625
XMTI4ODExNDQ3Mg==	126	120	0.00226757369615
XMTI4ODExNDkxNg==	1308	1530	0.0288064977695
XMTI4ODExNTIwNA==	98317	120173	0.0494178819456
XMTI4ODExNzU4MA==	350	337	0.00137959183673
XMTI4ODExODEwMA==	5549	5043	0.00831517864354
XMTI4ODEyMTI4NA==	359	213	0.165392881806
XMTI4ODEyMzI4NA==	1411	1997	0.172480977397
XMTI4ODEyMzM2NA==	349	332	0.00237272271985
XMTI4ODEyNTc5Ng==	883	651	0.0690326527628
XMTI4ODEyODUyOA==	41	42	0.00059488399762
XMTI4ODEzMDMzMg==	774	483	0.141352683132
XMTI4ODEzMDQzMg==	712	778	0.00859266506754
XMTI4ODEzMTE0OA==	342	485	0.174831572108
XMTI4ODEzMTQ1Ng==	225052	243347	0.00660844186847
XMTI4ODEzMTYzNg==	3683	2015	0.205110859687
XMTI4ODEzMjc2NA==	88	114	0.0872933884298
XMTI4ODEzMzg0MA==	806	909	0.0163306836444
XMTI4ODEzNjg0OA==	15874	12815	0.0371352371768
XMTI4ODEzNzEyNA==	34127	33761	0.00011501803557
XMTI4ODEzOTU1Ng==	149	202	0.12652583217
XMTI4ODI0MDk4NA==	2876	670	0.588346606417
XMTI4ODI0MTI0MA==	825	381	0.289639669421
XMTI4ODI0MjI4MA==	11750	6235	0.220300407424
XMTI4ODI0MjQxMg==	322	400	0.0586782917326
XMTI4ODI0MzEzNg==	6	7	0.0277777777778
XMTI4ODI0NTM2NA==	214	91	0.330356363001
XMTI4ODI0NjA5Ng==	124	157	0.0708246618106
XMTI4ODI0ODkzNg==	5211	6227	0.0380141487305
XMTI4ODI0OTUyMA==	69	89	0.084015963033
XMTI4ODI1MDE5Mg==	60	75	0.0625
XMTI4ODI1MDUzMg==	5296	2927	0.200094047209
XMTI4ODI1NDI2NA==	237	212	0.0111271341843
XMTI4ODI2MDk2NA==	38454	30781	0.0398150579772
XMTI4ODI2MTkxMg==	16284	5125	0.469600302232
XMTI4ODI2MzM1Mg==	137	167	0.0479514092386
XMTI4ODI2NDI3Ng==	290	397	0.136135552913
XMTI4ODI2NDk2MA==	5	6	0.04
XMTI4ODI2NTc0OA==	6061	4827	0.0414516432112
XMTI4ODI2NjczNg==	185	161	0.0168298027757
XMTI4ODI2Nzc3Ng==	328	248	0.059488399762
XMTI4ODI2ODg4NA==	111	108	0.00073046018992
XMTI4ODI3MDQ4NA==	98	115	0.0300916284881
XMTI4ODI3Mjk3Mg==	426973	262710	0.148005779543
XMTI4ODI3NTE4OA==	1403	1196	0.0217683418436
XMTI4ODI3Nzc2NA==	260	337	0.0877071005917
XMTI4ODI3OTc4MA==	5642	4832	0.0206112283161
XMTI4ODI4MDkwOA==	8908	7104	0.0410121606306
XMTI4ODI4MjA0OA==	25	27	0.0064
XMTI4ODI4MjI3Mg==	32058	13323	0.341534472769
XMTI4ODI4MjcyOA==	468	156	0.444444444444
XMTI4ODI4NDYzMg==	4782	2858	0.161879178524
XMTI4ODI4NjA1Mg==	3713	1467	0.36590606272
XMTI4ODI4ODQ1Ng==	5681	3976	0.0900739458286
XMTI4ODI4ODgxNg==	27271	3406	0.765809501965
XMTI4ODI4ODgyOA==	210	250	0.0362811791383
XMTI4ODI4OTIxNg==	1325	885	0.110274118904
XMTI4ODI5MzAxMg==	3696	793	0.616921841912
XMTI4ODI5Mzc2OA==	2940	1102	0.390837613957
XMTI4ODI5NDQwOA==	131	67	0.238680729561
XMTI4ODI5NTIxNg==	93	44	0.277604347323
XMTI4ODI5NTM4NA==	1516	1379	0.00816662721646
XMTI4ODI5NjM2MA==	16147	11449	0.0846529962463
XMTI4ODI5Nzg0OA==	16249	14918	0.00670969584248
XMTI4ODI5OTA1Mg==	25262	15052	0.1633488279
XMTI4ODI5OTM2MA==	4869	6204	0.0751766523204
XMTI4ODIwMDIyNA==	739	654	0.0132296688829
XMTI4ODIwMDk1Mg==	432	320	0.0672153635117
XMTI4ODIwNjQwNA==	719	475	0.115165360636
XMTI4ODIwNzYyNA==	14724	13686	0.00496984780765
XMTI4ODIwODQ0OA==	24554	24990	0.000315303270507
XMTI4ODIwOTExMg==	1469	646	0.313874532487
XMTI4ODIxMTA2MA==	180	238	0.103827160494
XMTI4ODIxMzI1Mg==	221	136	0.147928994083
XMTI4ODIxNDUwMA==	4	5	0.0625
XMTI4ODIxNDY3Mg==	10	16	0.36
XMTI4ODIxNjYyNA==	82190	104973	0.0768393813171
XMTI4ODIxODI4MA==	15	16	0.00444444444444
XMTI4ODIyMDE2MA==	215	156	0.0753055705787
XMTI4ODIyMjEyOA==	82	57	0.0929506246282
XMTI4ODIyMzQ3Mg==	317	371	0.0290181014837
XMTI4ODIyNDI4MA==	251	90	0.411437913684
XMTI4ODIyNTAwMA==	504	213	0.333368764172
XMTI4ODIyNTQ1Ng==	22	17	0.051652892562
XMTI4ODIyNTYwNA==	4521	5326	0.0317046341923
XMTI4ODIyNjA1Ng==	2236	2379	0.00409004867496
XMTI4ODIyNjcyOA==	399	478	0.0392020150627
XMTI4ODIyNjgwNA==	1314	876	0.111111111111
XMTI4ODIyNzcwMA==	20	6	0.49
XMTI4ODIyODk2NA==	32	40	0.0625
XMTI4ODIzMDUxNg==	21	7	0.444444444444
XMTI4ODIzMDk2NA==	8	9	0.015625
XMTI4ODIzMjQ2NA==	135	122	0.00927297668038
XMTI4ODIzNzcwNA==	86	70	0.0346133044889
XMTI4ODM0MjU4MA==	25280	26947	0.00434827557933
XMTI4ODM0NDQ2NA==	1067	719	0.106372569256
XMTI4ODM0NTUwMA==	125	249	0.984064
XMTI4ODM0NjM2OA==	107	78	0.0734561970478
XMTI4ODM0NzI5Ng==	76	91	0.0389542936288
XMTI4ODM0NzM3Ng==	339	256	0.0599455277974
XMTI4ODM1MjI5Mg==	4362	12	0.994505504901
XMTI4ODM1MzU4NA==	34	32	0.00346020761246
XMTI4ODM1NTI0MA==	1280	713	0.196221313477
XMTI4ODM1ODAwNA==	50231	33062	0.116827841524
XMTI4ODM2NDU0OA==	766	832	0.00742386954714
XMTI4ODM2NDg4NA==	2346	2317	0.00015280584972
XMTI4ODM2ODYyOA==	17309	16272	0.00358933138919
XMTI4ODM2ODc5Mg==	102	117	0.0216262975779
XMTI4ODM2ODgxNg==	845	349	0.344548160078
XMTI4ODM2ODk5Mg==	46	68	0.228733459357
XMTI4ODM2OTE4OA==	121	136	0.0153678027457
XMTI4ODM2OTM1Ng==	46	54	0.0302457466919
XMTI4ODM3MTI4NA==	827	823	2.33942412151e-05
XMTI4ODM3MTczMg==	23	16	0.0926275992439
XMTI4ODM3NTY3Mg==	9	11	0.0493827160494
XMTI4ODM3NjY4NA==	5044	5597	0.0120198793048
XMTI4ODM3NzU0MA==	54	42	0.0493827160494
XMTI4ODM3OTM4OA==	14	12	0.0204081632653
XMTI4ODM3OTU1Mg==	26845	31081	0.0248991823781
XMTI4ODM4MDg0OA==	68	40	0.16955017301
XMTI4ODM4MTA3Ng==	187	92	0.258085733078
XMTI4ODM4MzIyNA==	95	61	0.128088642659
XMTI4ODM4MzcxNg==	620	572	0.00599375650364
XMTI4ODM4Mzg0NA==	66	80	0.0449954086318
XMTI4ODM4NDA4MA==	19861	8242	0.342243556719
XMTI4ODM4NTAyOA==	1121	688	0.149198538007
XMTI4ODM4NzI5Mg==	12	10	0.0277777777778
XMTI4ODM4Nzg2MA==	559	609	0.00800048642957
XMTI4ODM4ODEyMA==	25	18	0.0784
XMTI4ODM5MDIxNg==	725	577	0.041672294887
XMTI4ODM5MTAzNg==	1	0	1.0
XMTI4ODM5MTI1Ng==	201	254	0.0695279819806
XMTI4ODM5MTY3Mg==	626	550	0.014739356327
XMTI4ODM5MTc0MA==	1600	1108	0.09455625
XMTI4ODM5MjAwNA==	267	331	0.0574562695507
XMTI4ODM5MjI0MA==	1664	2083	0.0634046927006
XMTI4ODM5MjU2MA==	1116	1459	0.0944625904087
XMTI4ODM5MzM1Ng==	1506	2238	0.236250218251
XMTI4ODM5NDMwNA==	66	57	0.0185950413223
XMTI4ODM5ODU3Mg==	257	202	0.0457993307999
XMTI4ODMwMDkxNg==	17617	12580	0.0817485377379
XMTI4ODMwMTc1Mg==	4	4	0.0
XMTI4ODMwMzk0OA==	30	26	0.0177777777778
XMTI4ODMwNDU2OA==	590	82	0.741350186728
XMTI4ODMwNjM5Ng==	173	144	0.0280998362792
XMTI4ODMwOTE2NA==	24136	12350	0.238452719146
XMTI4ODMwOTk1Ng==	57	64	0.015081563558
XMTI4ODMxMDEzNg==	568	764	0.119073596509
XMTI4ODMxMDM1Ng==	32	30	0.00390625
XMTI4ODMxMDkwMA==	1407	1585	0.0160048574267
XMTI4ODMxMTUwMA==	573	711	0.058002795976
XMTI4ODMxNTEwNA==	340	300	0.0138408304498
XMTI4ODMxNTk0MA==	2218	1290	0.175054334525
XMTI4ODMxNjA4MA==	229	263	0.0220438206747
XMTI4ODMxNjI1Mg==	77	49	0.132231404959
XMTI4ODMxNjMyOA==	11116	8945	0.0381436782785
XMTI4ODMxNjg1Ng==	1505	400	0.539077935122
XMTI4ODMxNzM0OA==	119	78	0.118706306052
XMTI4ODMxODI2OA==	385232	228136	0.166297432227
XMTI4ODMxODc2NA==	1471	1451	0.000184856465886
XMTI4ODMxOTE2NA==	12376	1329	0.796761070857
XMTI4ODMxOTg3Ng==	333	142	0.328986644302
XMTI4ODMyMTQ0MA==	199	223	0.0145450872453
XMTI4ODMyMjQyNA==	1253	1096	0.0156999100005
XMTI4ODMyMjgwMA==	29541	26250	0.0124109600973
XMTI4ODMyMzQ4MA==	59	35	0.165469692617
XMTI4ODMyMzUwNA==	13948	9466	0.103257077026
XMTI4ODMyNDY0OA==	58	62	0.00475624256837
XMTI4ODMyNTA0OA==	1208	1317	0.00814177558002
XMTI4ODMyNTUwOA==	15611	7872	0.245758329243
XMTI4ODMyNjM1Ng==	194	258	0.108831969391
XMTI4ODMyNzc5Mg==	5206	1476	0.513344999689
XMTI4ODMyOTIyMA==	239	286	0.0386722921517
XMTI4ODMyOTg1Mg==	5459	6656	0.0480797401912
XMTI4ODMzMDQ3Mg==	21113	17161	0.0350375698386
XMTI4ODMzMDUyMA==	180069	113380	0.137160956476
XMTI4ODMzMjI2MA==	127	61	0.270072540145
XMTI4ODMzMjU5Mg==	229	217	0.00274594305982
XMTI4ODMzMzMyOA==	1520	1600	0.00277008310249
XMTI4ODMzNDU1Mg==	1459	94	0.875295546867
XMTI4ODMzNDYzNg==	11651	9786	0.025623076179
XMTI4ODMzNzkxMg==	4784	2392	0.25
XMTI4ODMzOTkzMg==	1105	1214	0.00973034950144
XMTI4ODQ0MDA5Mg==	2460	855	0.425676680547
XMTI4ODQ0MDM3Mg==	2514	3666	0.209978298141
XMTI4ODQ0MjQ4OA==	507	563	0.0122000085587
XMTI4ODQ0Mjc2OA==	666	588	0.0137164191218
XMTI4ODQ0Mzc5Mg==	4661	2769	0.164772244741
XMTI4ODQ0NDExNg==	1114	1390	0.061382953692
XMTI4ODQ0NDY2MA==	936	853	0.00786329352034
XMTI4ODQ0NDg4NA==	29	40	0.143876337693
XMTI4ODQ0NjUyNA==	117	46	0.368251881072
XMTI4ODQ0ODcxMg==	215	53	0.567744726879
XMTI4ODQ1MjE2OA==	88	97	0.0104597107438
XMTI4ODQ1MjUzMg==	695	592	0.0219636664769
XMTI4ODQ1MzU3Mg==	2106	1640	0.0489615434218
XMTI4ODQ1NDc2MA==	136	132	0.000865051903114
XMTI4ODQ2MTg0MA==	18	21	0.0277777777778
XMTI4ODQ2Mjk5Ng==	155	188	0.0453277835588
XMTI4ODQ2NDU1Mg==	805	484	0.15900775433
XMTI4ODQ2NTI5Ng==	140	141	5.10204081633e-05
XMTI4ODQ2NzE0OA==	82	91	0.0120464009518
XMTI4ODQ2Nzc5Ng==	919	1011	0.0100217746261
XMTI4ODQ2ODI3Mg==	254	277	0.00819951639903
XMTI4ODQ2ODQwMA==	157	136	0.0178911923405
XMTI4ODQ2ODc4NA==	2738	796	0.503073642019
XMTI4ODQ3MjAzNg==	1602	731	0.295604667075
XMTI4ODQ3MzQyNA==	23847	15659	0.117893039451
XMTI4ODQ3MzYwNA==	665	494	0.0661224489796
XMTI4ODQ3Mzc5Ng==	110040	7422	0.869652858463
XMTI4ODQ3NDc5Ng==	117	32	0.527796040617
XMTI4ODQ3NjAyMA==	840	845	3.54308390023e-05
XMTI4ODQ3NzI0OA==	435	502	0.0237230809882
XMTI4ODQ3ODQwMA==	50	51	0.0004
XMTI4ODQ4MDE3Ng==	12035	13497	0.0147571521851
XMTI4ODQ4MDU3Ng==	161	96	0.162995254813
XMTI4ODQ4MTIyNA==	34546	20456	0.166351395649
XMTI4ODQ4MjA5Ng==	132	76	0.179981634527
XMTI4ODQ4Mjk2OA==	1230	772	0.138650274308
XMTI4ODQ4NTE5Ng==	671	516	0.0533603114776
XMTI4ODQ4NTMxNg==	12	14	0.0277777777778
XMTI4ODQ4NTQyNA==	5094	5508	0.00660515176866
XMTI4ODQ4NTc0NA==	2013	2169	0.00600567251761
XMTI4ODQ4NzcyOA==	679	592	0.016417195
XMTI4ODQ4OTEwNA==	960	608	0.134444444444
XMTI4ODQ5MzY4OA==	109	97	0.012120191903
XMTI4ODQ5Mzc2OA==	8651	6320	0.0726025580961
XMTI4ODQ5NDE1Ng==	4853	1467	0.486803088485
XMTI4ODQ5NjI4MA==	12358	3728	0.48766906772
XMTI4ODQ5NzU3Mg==	2018	2375	0.0312963801505
XMTI4ODQ5NzgyOA==	1114	614	0.20145109251
XMTI4ODQ5OTY2MA==	613	733	0.0383214155505
XMTI4ODQwNzA1Mg==	2669	1873	0.0889465254807
XMTI4ODQwOTcwOA==	620	585	0.00318678459938
XMTI4ODQxMDc1Ng==	1043	720	0.0959039351969
XMTI4ODQxMTMyMA==	104	99	0.00231139053254
XMTI4ODQxMTQ2MA==	27	5	0.663923182442
XMTI4ODQxMTg4OA==	221	114	0.234413709793
XMTI4ODQxMTk3Mg==	5321	3868	0.0745666634679
XMTI4ODQxMjQ1Mg==	134	83	0.14485408777
XMTI4ODQxMjc2NA==	477	398	0.027429470529
XMTI4ODQxMzYwNA==	5	7	0.16
XMTI4ODQxNDc0NA==	87	111	0.0760998810939
XMTI4ODQxNTc3Mg==	4052346	4264932	0.00275204975758
XMTI4ODQxNzI5Ng==	2063	208	0.808517402265
XMTI4ODQxNzU4MA==	26002	27565	0.00361330355322
XMTI4ODQxNzkyMA==	8	10	0.0625
XMTI4ODQxODI5Ng==	1061	894	0.02477434462
XMTI4ODQxODM2MA==	17	12	0.0865051903114
XMTI4ODQyMDA4OA==	274	177	0.12532633598
XMTI4ODQyMTA4NA==	1767	504	0.51089729362
XMTI4ODQyNTgxMg==	151	142	0.00355247576861
XMTI4ODQyNjQwMA==	3	4	0.111111111111
XMTI4ODQyODE0NA==	83	26	0.471621425461
XMTI4ODQyODkyOA==	44622	60835	0.132016648049
XMTI4ODQyOTU3Ng==	2573	1404	0.206418895496
XMTI4ODQyOTY2MA==	46	46	0.0
XMTI4ODQyOTgwMA==	1165	326	0.518647239772
XMTI4ODQzMjE0MA==	20640	10962	0.219862848161
XMTI4ODQzMzMwMA==	25	20	0.04
XMTI4ODQzMzc5Mg==	772	771	1.67789739322e-06
XMTI4ODQzNTUyNA==	21075	24721	0.0299294104403
XMTI4ODQzNTgyNA==	122	157	0.082303144316
XMTI4ODQzNjMwNA==	4937	5832	0.0328639541636
XMTI4ODQzNjQ2NA==	73	44	0.157815725277
XMTI4ODQzNjYyMA==	4441	1779	0.359297798284
XMTI4ODQzNzI1Ng==	29	46	0.343638525565
XMTI4ODQzODI2MA==	1249	1411	0.0168230661391
XMTI4ODQzODY5Ng==	92	91	0.000118147448015
XMTI4ODU0MjIyNA==	120	147	0.050625
XMTI4ODU0NDE5Ng==	67162	82131	0.0496750526365
XMTI4ODU0NjE4OA==	256	117	0.294815063477
XMTI4ODU0NjI3Ng==	146	90	0.147119534622
XMTI4ODU0Njk1Mg==	2864045	3974479	0.15032313588
XMTI4ODU0NzM1Ng==	342	190	0.197530864198
XMTI4ODU0ODg0NA==	12000	9238	0.0529766944444
XMTI4ODU0OTM2OA==	18357	9956	0.209439481278
XMTI4ODU0OTk5Mg==	697	805	0.0240094358071
XMTI4ODU1MDc0MA==	452	646	0.184215678597
XMTI4ODU1MTU5Ng==	7494	12913	0.522890708261
XMTI4ODU1MjExNg==	5	7	0.16
XMTI4ODU1MzQyMA==	14	11	0.0459183673469
XMTI4ODU1NDEzMg==	22	21	0.00206611570248
XMTI4ODU1NDkwNA==	701	311	0.309523179644
XMTI4ODU1NjE3Ng==	5217	4502	0.0187832357825
XMTI4ODU1NzE4OA==	92	86	0.00425330812854
XMTI4ODU1NzIwMA==	837	576	0.0972366747601
XMTI4ODU1NzQ0MA==	39503	48515	0.052045382968
XMTI4ODU1ODU5Ng==	592925	677958	0.0205672145436
XMTI4ODU2MDg0MA==	175	217	0.0576
XMTI4ODU2MTc2NA==	24	30	0.0625
XMTI4ODU2NTIyOA==	6542	6970	0.00428022361168
XMTI4ODU2NTg0OA==	75	50	0.111111111111
XMTI4ODU2OTg2NA==	489	534	0.00846851593963
XMTI4ODU3MDcyOA==	402	501	0.0606482512809
XMTI4ODU3MTE0OA==	3013	1575	0.227782056051
XMTI4ODU3MTg2OA==	731	904	0.0560089527492
XMTI4ODU3MjU3Mg==	134	154	0.0222766763199
XMTI4ODU3MzQwNA==	26	18	0.094674556213
XMTI4ODU3MzY5Ng==	367	172	0.282317041481
XMTI4ODU3Mzc2MA==	637	564	0.0131330880378
XMTI4ODU3NDAyOA==	77	49	0.132231404959
XMTI4ODU3NTg0NA==	442	458	0.00131037448046
XMTI4ODU3Njg3Ng==	25	23	0.0064
XMTI4ODU3NzAwOA==	40	36	0.01
XMTI4ODU3ODczMg==	3807	2849	0.0633235515377
XMTI4ODU3ODk4OA==	10	11	0.01
XMTI4ODU4MTIxNg==	430	305	0.0845051379124
XMTI4ODU4MTM4MA==	105	81	0.0522448979592
XMTI4ODU4MzE4MA==	129	88	0.101015563969
XMTI4ODU4NDY0NA==	99	94	0.00255076012652
XMTI4ODU4NTI4MA==	43	29	0.106003244997
XMTI4ODU4NTYyOA==	14620	12870	0.0143278607533
XMTI4ODU4NzQyNA==	87238	92117	0.00312788109557
XMTI4ODU4ODIxNg==	162	158	0.000609663161103
XMTI4ODU5MTk2MA==	30	39	0.09
XMTI4ODUwMTc5Mg==	58	35	0.157253269917
XMTI4ODUwMzA5Mg==	143	80	0.194092620666
XMTI4ODUwMzQwOA==	24	19	0.0434027777778
XMTI4ODUxMTQzNg==	4200877	5171945	0.0534342052394
XMTI4ODUxMjIwOA==	198	144	0.0743801652893
XMTI4ODUxNzYyMA==	682	440	0.125910509886
XMTI4ODUxODE4OA==	382	124	0.456155258902
XMTI4ODUxODg1Mg==	225	222	0.000177777777778
XMTI4ODUxOTQxNg==	658	76	0.782337561552
XMTI4ODUxOTYyMA==	68191	22627	0.446467209386
XMTI4ODUyMDIxMg==	55	111	1.03669421488
XMTI4ODUyMTI3Mg==	2436	580	0.580498866213
XMTI4ODUyMjAwNA==	650	568	0.0159147928994
XMTI4ODUyNjExMg==	40125	67815	0.476228980697
XMTI4ODUyNjEzMg==	25435	18991	0.0641870741413
XMTI4ODUyODM1Ng==	429	285	0.112670546237
XMTI4ODUyODU4MA==	283	291	0.000799110989025
XMTI4ODUyOTQyMA==	9338	12878	0.14371390323
XMTI4ODUzMzc3Mg==	52	51	0.000369822485207
XMTI4ODUzNDE0OA==	3510	2560	0.0732542755335
XMTI4ODUzNTQwMA==	391	180	0.291213427437
XMTI4ODUzNTQzNg==	126	86	0.100781053162
XMTI4ODUzNTYxNg==	501	434	0.0178843908988
XMTI4ODUzNjYwOA==	851	600	0.0869938042063
XMTI4ODUzNzk0NA==	12	13	0.00694444444444
XMTI4ODY0MDI2NA==	25	26	0.0016
XMTI4ODY0MTgzNg==	480	433	0.00958767361111
XMTI4ODY0MjIxMg==	11	14	0.0743801652893
XMTI4ODY0MjQ1Mg==	187	198	0.00346020761246
XMTI4ODY0MjY1Ng==	17	16	0.00346020761246
XMTI4ODY0NDI5Mg==	15	20	0.111111111111
XMTI4ODY0NTE0NA==	468	443	0.0028535685587
XMTI4ODY0NTM5Mg==	26	33	0.0724852071006
XMTI4ODY0NTk1Ng==	45	30	0.111111111111
XMTI4ODY0NjYyMA==	138	44	0.46397815585
XMTI4ODY0NzI3Mg==	9	12	0.111111111111
XMTI4ODY0ODAwOA==	380	400	0.00277008310249
XMTI4ODY0OTE3Ng==	1048010	1320916	0.0678102451839
XMTI4ODY0OTk4MA==	35	41	0.029387755102
XMTI4ODY1MDMzMg==	440	448	0.000330578512397
XMTI4ODY1MzUxMg==	127	73	0.180792361585
XMTI4ODY1MzYwNA==	6128	7435	0.0454897617153
XMTI4ODY1NTg3Mg==	7	8	0.0204081632653
XMTI4ODY2MDIxNg==	2128	1886	0.0129326488213
XMTI4ODY2MTIwNA==	17	5	0.498269896194
XMTI4ODY2NTIyMA==	1000	1099	0.009801
XMTI4ODY2Nzk4OA==	215	99	0.291097890752
XMTI4ODY2OTU4NA==	382	464	0.0460787807352
XMTI4ODY3MDQyOA==	901	843	0.00414387269787
XMTI4ODY3MzQ0NA==	2764	3579	0.0869439045742
XMTI4ODY3MzY4OA==	698	673	0.00128283019023
XMTI4ODY3NDcyNA==	159	135	0.0227839088644
XMTI4ODY3NjU1Mg==	24	31	0.0850694444444
XMTI4ODY3OTE2MA==	6	9	0.25
XMTI4ODY3OTUxNg==	6010	1420	0.58327911606
XMTI4ODY4MTEyMA==	10038	4218	0.336164297129
XMTI4ODY4NTE1Mg==	39	41	0.00262984878369
XMTI4ODY4NTczMg==	11	13	0.0330578512397
XMTI4ODY4Njk4OA==	41	46	0.0148720999405
XMTI4ODY4NzA5Ng==	227	227	0.0
XMTI4ODY4NzU2MA==	179	35	0.647170812397
XMTI4ODY4NzcyNA==	1889	2605	0.143668689
XMTI4ODY4ODgyNA==	4402	4994	0.0180860337532
XMTI4ODY4OTY1Ng==	29	32	0.0107015457788
XMTI4ODY5MDkwNA==	16	16	0.0
XMTI4ODY5MTY0OA==	203988	97569	0.272163014993
XMTI4ODY5MTk0NA==	99	98	0.000102030405061
XMTI4ODY5NDE5Ng==	145	176	0.045707491082
XMTI4ODYwMTMwNA==	20186	19157	0.00259854481824
XMTI4ODYwNzU3Ng==	94	66	0.0887279311906
XMTI4ODYwODI2NA==	41	26	0.133848899465
XMTI4ODYxMTk5Mg==	1244	1159	0.00466871206873
XMTI4ODYxNzYyMA==	70	73	0.00183673469388
XMTI4ODYxNzg0NA==	21810	16295	0.063941040973
XMTI4ODYxOTUyOA==	56	48	0.0204081632653
XMTI4ODYyMzQwOA==	975	1136	0.0272673241289
XMTI4ODYyNDkwOA==	53182	61528	0.0246279027149
XMTI4ODYyNzQ1Ng==	282	136	0.268044866958
XMTI4ODYyOTQ2OA==	193	171	0.0129936374131
XMTI4ODYzMzc2NA==	142	169	0.0361535409641
XMTI4ODYzODQ2MA==	39	48	0.0532544378698
XMTI4ODYzOTY5Ng==	7350	4083	0.197571178676
XMTI4ODYzOTkyOA==	44	59	0.116219008264
XMTI4ODc0MjkwMA==	255	224	0.0147789311803
XMTI4ODc0NDk2OA==	106	111	0.00222499110004
XMTI4ODc0NTA0NA==	482	462	0.00172173344123
XMTI4ODc0Njc4NA==	18	22	0.0493827160494
XMTI4ODc0NzMyOA==	3671	3396	0.00561172807758
XMTI4ODc1MDkyOA==	331	109	0.449831600661
XMTI4ODc1NTAwNA==	19	24	0.0692520775623
XMTI4ODc1NjkzNg==	214	65	0.48478033016
XMTI4ODc1NzU4MA==	335	401	0.0388148808198
XMTI4ODc1ODAyMA==	52	67	0.0832100591716
XMTI4ODc2MDkxMg==	208	190	0.00748890532544
XMTI4ODc2Mzc4MA==	141	169	0.0394346360847
XMTI4ODc2NjQzMg==	34351	40679	0.0339354937275
XMTI4ODc2OTAzNg==	219	206	0.00352369633661
XMTI4ODc2OTQwOA==	1260353	1274995	0.000134963522947
XMTI4ODc3MDg2OA==	4367	4602	0.0028958051804
XMTI4ODc3Mjg4MA==	3810	4162	0.00853562596014
XMTI4ODc3NTcxNg==	306709	430023	0.161648519294
XMTI4ODc3NzMxMg==	9	7	0.0493827160494
XMTI4ODc3ODA2MA==	58	57	0.000297265160523
XMTI4ODc3ODYzNg==	13	16	0.0532544378698
XMTI4ODc3ODk2MA==	53	39	0.0697757208971
XMTI4ODc4Mjc3Mg==	20483	23058	0.0158040114899
XMTI4ODc4MzA4NA==	31	36	0.0260145681582
XMTI4ODc4MzI4MA==	41	57	0.152290303391
XMTI4ODc4ODE2NA==	92	83	0.00956994328922
XMTI4ODc4ODk1Mg==	130	145	0.0133136094675
XMTI4ODc4OTA3Mg==	86	57	0.113710113575
XMTI4ODc4OTY0NA==	141	46	0.453951008501
XMTI4ODc4OTYwMA==	76	72	0.00277008310249
XMTI4ODc4OTYyMA==	64	52	0.03515625
XMTI4ODc4OTYzNg==	106	42	0.36454254183
XMTI4ODc5NDAwNA==	40	36	0.01
XMTI4ODc5NTU2OA==	76	87	0.0209487534626
XMTI4ODc5NzE1Mg==	83	69	0.0284511540136
XMTI4ODc5ODExMg==	12095	10548	0.0163594569039
XMTI4ODc5OTE1Ng==	12062	12947	0.00538329145103
XMTI4ODc5OTMxNg==	38	34	0.01108033241
XMTI4ODcwMDk5Ng==	140	162	0.024693877551
XMTI4ODcwMjgyMA==	79711	80888	0.000218030078239
XMTI4ODcwNTI2NA==	65204	70644	0.00696064238811
XMTI4ODcwODAwMA==	22163	10135	0.294530141435
XMTI4ODcwODczNg==	13440	12472	0.00518742913832
XMTI4ODcwOTI2MA==	4	4	0.0
XMTI4ODcxMTMzNg==	107	136	0.0734561970478
XMTI4ODcxMTc2MA==	383	496	0.0870481085835
XMTI4ODcxMjY4OA==	19	11	0.17728531856
XMTI4ODcxMjg3Mg==	795	780	0.000355998576006
XMTI4ODcxNDkwOA==	12	13	0.00694444444444
XMTI4ODcxNzg0OA==	38749	42797	0.010913398395
XMTI4ODcxODI4NA==	33	32	0.000918273645546
XMTI4ODcxODMyNA==	2402	2977	0.0573046261061
XMTI4ODcyMTUyNA==	714	875	0.0508458285275
XMTI4ODcyNDA3Ng==	935	921	0.000224198575881
XMTI4ODcyNTk2OA==	72	22	0.48225308642
XMTI4ODczMjY3Ng==	49	54	0.0104123281966
XMTI4ODczNjAyMA==	195	146	0.0631426692965
XMTI4ODczNjUyOA==	27	27	0.0
XMTI4ODczNjcwOA==	450	499	0.0118567901235
XMTI4ODczNzM0MA==	104	36	0.427514792899
XMTI4ODczNzYwNA==	515	548	0.00410594778019
XMTI4ODg0MDAzMg==	20082	13559	0.105506892411
XMTI4ODg0NDY4NA==	313	165	0.223580928661
XMTI4ODg0NTE1Ng==	22	23	0.00206611570248
XMTI4ODg1NDE0NA==	3808	3903	0.000622376708036
XMTI4ODg2NDcyMA==	109	122	0.0142243918862
XMTI4ODg2NTUzNg==	444	340	0.0548656764873
XMTI4ODgwMTAxNg==	103	116	0.0159298708644
XMTI4ODgwMzEzMg==	6689	6992	0.00205193153094
XMTI4ODgwNDU4NA==	28	33	0.031887755102
XMTI4ODgwNTU4MA==	41	46	0.0148720999405
XMTI4ODgxMDk4NA==	225	199	0.0133530864198
XMTI4ODgxODkxNg==	288	356	0.0557484567901
XMTI4ODgyMDMyOA==	15	11	0.0711111111111
XMTI4ODgyNDQ4NA==	18	16	0.0123456790123
XMTI4ODgyNzI2MA==	37	27	0.073046018992
XMTI4ODgyNzc1Ng==	41	27	0.116597263534
XMTI4ODgzMjkzMg==	272862	232137	0.0222759415586
XMTI4ODgzMzAxMg==	453	482	0.00409826079753
XMTI4ODgzNzU5Mg==	2061	1270	0.147298045234
XMTI4ODgzODA4NA==	48	33	0.09765625
XMTI4ODgzOTQ3Mg==	197	191	0.000927619881986
Proposed PBML MRSE = 0.133531700023
