Log-Linear
0.2752847

Linear
1.234574

Multi-Linear
1.147886, 1.166586, 1.055699, 1.201244, 1.138699, 1.322258, 1.422900, 1.818600, 1.967417, 1.872587, 2.439957

PBML
1000000
1.177099, 1.297660, 1.190649, 1.574289, 1.383345, 1.701904, 1.952588
1100000
1.159775, 1.171434, 1.375740, 1.811068, 2.083094, 2.023532, 3.838278
0000000
1.357835, 1.421140, 1.010211, 1.411544, 1.276410, 1.917169, 3.392477
others
1.292994, 1.170078, 1.124354, 1.163465, 1.144220, 1.238313, 1.373610

PBML_BP_Training_GroundTruth
1000000
1.0619828, 1.5430088, 1.2872749, 1.5559185, 1.4671142, 1.7456027, 1.9014269, 0.3233667
1100000
1.1059002, 1.1171646, 1.6205519, 1.7902457, 2.0593192, 1.8977517, 3.5552852, 0.3220494
0000000
1.2263919, 1.4428514, 1.0429145, 1.2761985, 1.3206338, 1.6059167, 3.1130931, 0.4231566
others
1.1538779, 1.1166885, 1.0891439, 1.1365905, 1.1126439, 1.1391029, 1.2682472, 0.4521772

PBML_BP_Training_Prediction_RandomForest
1000000
1.0899570, 1.5053688, 1.0648726, 1.1534308, 1.1767001, 1.3900223, 1.4769551, 1.8744672, 1.8348468, 1.8644821, 2.2690005, 0.1596012
1100000
1.1145425, 1.1152803, 0.9033847, 1.2206446, 1.2062932, 1.1419830, 1.7471353, 2.0011076, 2.3077992, 3.0694572, 3.5612926, 0.1366039
0000000
1.1047432, 1.0702021, 1.0641626, 0.8625456, 1.2169496, 1.8079763, 1.1194773, 2.2178232, 2.1987841, 3.2468679, 3.1479485, 0.1411337
others
0.9836220, 1.2675961, 1.1555303, 1.2035230, 1.1641967, 1.3772333, 1.3833898, 1.6206060, 1.7766383, 1.5580986, 1.9321935, 0.2312828







