XMTM2MTQzNzQ5Ng==	1196	574	118	81713	36	46	52	78	48	214	261	93	24	22	35	33	14	14	17	17	34	45	40	5264	63	4	209	5	195	2	0
XMTM2MTIyNDg5Ng==	56	17	48	45234	262993	241606	242724	294	7	90224	90348	70410	114352	47249	144	39	40181	50452	58471	35319	55088	107	89	45	89728	180257	84	182198	163	100	1
XMTM2MTA5OTk2NA==	17	4	77	6	5	2	3	1	1	0	0	0	0	0	0	0	1	1	0	0	0	0	1	0	0	0	0	0	0	0	0
XMTM2MDc2ODYwOA==	1	2	2	11	1	6	3	10	1	1	2	4	1	4	6	4	1	0	2	18	2	0	1	0	1	2	1	8	0	7	1
XMTM2MTU3NTgyMA==	101	207	145	283	1183	985	485	71	31	16	30	59	44	21	28	12	5	2	3	0	0	1	0	0	2	2	2	6	7	0	1
XMTM2MTU5NzE0NA==	45	190	24	18	6	1	3	23	5	1	3	0	1	0	0	0	0	0	1	7	1	0	0	1	0	0	1	0	0	1	0
XMTM2MDk4NjYyOA==	174	54	572	67	2	2	3	0	1	1	0	0	0	1	1	0	5	8	4	1	0	2	0	1	2	0	0	0	14	3	0
XMTM2MTExODY2NA==	3	2	0	0	103504	3263	1822	891	711	810	398	632	428	238	274	244	453	189	152	141	43	43	62	32	29	75	35	69	60	45	0
XMTM2MTM2NzU2NA==	2	0	3	0	0	0	0	0	0	0	0	0	0	0	0	0	0	0	0	0	0	0	0	0	0	0	0	0	0	0	0
XMTM2MTEzNTgwNA==	12	7	281	91	42	36	27	17	21	62	9	1	13	8	33	2	23	19	15	177	16	11	0	6	3	3	0	0	2	4	1
XMTM2MTE2MDA4OA==	7	1	0	27	4	1	0	0	0	0	0	0	0	0	3	7	1	0	0	0	0	0	1	1	0	0	0	0	0	0	1
XMTM2MTE0ODY1Ng==	378	24385	302300	98150	71949	123	79	57	33	29	37	22	38	38	27	11	11	2	3	44	20	21	11	3	5	7	16	35	31	23	0
XMTM2MTQwNDQwOA==	7	93	0	1	0	0	0	0	0	0	1	0	3	0	0	0	1	0	0	0	0	0	0	0	1	0	0	3	0	0	0
XMTM2MTIzNTI2NA==	38	329	1	1	0	0	0	0	0	0	0	0	0	0	0	0	0	0	0	0	0	0	18	19	10	0	7	5	8	0	0
XMTM2MTYwMDMyMA==	560	3180	661	354	35	95	109	95	71	44	28	39	11	1	2	6	3	3	0	158	74	32	13	7	6	18	7	10	2	10	0
XMTM2MTEyMjU1Ng==	7	2	0	1430	4	1	0	1	0	0	0	0	0	0	0	0	0	0	0	2	0	8	5	18	18	16	10	10	8	5	0
XMTM2MTYxMzc4NA==	171	1777	327	317	139	450	483	481	182	5	61	53	50	11	77	44	77	120	47	64	64	73	60	35	3	138	47	77	64	42	0
XMTM2MTA3OTgwMA==	7	3	1503	3	1	127	1	34	59	65	19	41	41	88	63	19	46	51	82	61	67	83	31	34	15	70	51	69	98	75	0
XMTM2MTAwNjQ3Mg==	149	56	63	527	18	1	9	11	6	6	5	1	0	0	0	7	8	1	0	13	0	4	0	2	1	1	0	3	5	2	0
XMTM2MDg5NTcwOA==	3	2	0	7	1979	5493	3253	3070	4029	2598	2028	3055	3087	3375	2554	3052	2430	1474	1383	1044	1195	918	1097	784	491	1017	505	705	849	794	1
XMTM2MDg0MTc5Mg==	2	0	0	549	1676	735	312	143	51	42	21	26	18	13	26	1	19	12	6	23	10	14	8	2	3	7	7	15	10	7	1
XMTM2MTIyMTc1Mg==	1540	527067	185584	4808	17274	17903	9017	2788	11521	16021	3356	13	1005	729	12243	6907	1035	1016	918	1280	6660	3461	691	302	432	749	543	3206	31507	14796	0
XMTM2MTI1ODc3Ng==	25	20	7	9	142	201	313	627	402	384	192	222	223	227	388	481	14633	17770	16857	19611	19949	34039	31033	6222	93	755	161	1353	2319	1623	1
XMTM2MDk5NDExNg==	2608	29165	326937	111673	72299	713	475	299	492	403	154	200	226	174	206	173	142	193	189	120	139	212	307	190	110	186	120	169	154	165	0
XMTM2MTU1NDQyOA==	107	628	172	70	1	11	7	20	11	16	6	1	2	11	1	0	1	2	1	41	2	2	0	0	1	2	0	1	0	0	0
XMTM2MTA4MTAwNA==	18	12	79	11	4	1	1	2	0	1	0	0	0	1	1	0	4	0	1	3	1	1	0	4	0	0	0	0	1	0	0
XMTM2MTI4OTg5Ng==	2	0	3	0	0	0	2	0	0	1	0	1	0	1	0	0	1	1	3	1	2	0	0	1	0	1	0	1	2	0	1
XMTM2MDk5NDI4NA==	6	1	18	52	5	10	5	4	3	1	2	7	7	6	3	6	1	12	0	40	4	2	0	1	0	1	3	1	1	12	1
XMTM2MDc0NDQ3Mg==	978	570	131	117	7625	4823	106	48	31	65	58	56	79	68	62	53	58	51	10	63	14	10	11	13	6	0	15	6	17	7	1
XMTM2MDczNDQ2MA==	10	39	7	0	0	2	0	0	0	0	0	0	1	1	3	5	2	2	0	3	0	1	0	0	2	0	0	2	0	0	0
XMTM2MTUzMTEzMg==	6	27	7	4	0	2	6	9	15	3	0	2	2	0	3	8	0	0	3	7	5	3	2	1	1	2	2	0	4	10	0
XMTM2MTE3NTA0OA==	1	0	0	3	0	0	0	0	1	0	0	0	0	0	0	0	0	1	2	1	0	1	0	0	0	1	0	0	0	1	1
XMTM2MTY0MTQ4MA==	3	15	0	0	0	0	0	0	0	0	0	0	0	0	0	1	0	0	0	0	0	0	1	0	3	0	0	0	0	0	1
XMTM2MDg4ODUxNg==	13	1	38	4	2	0	1	0	1	0	0	0	0	1	0	0	0	1	0	2	0	0	0	0	0	0	0	0	0	0	0
XMTM2MDk2NjM2MA==	502	17052	26	18	9	10	14	10	23	10	0	9	2	6	0	37	6	1	1	1	2	2	2	2	2	5	2428	476	1732	14	0
XMTM2MDk2NzM4NA==	285	12246	972	45	11	26	13	4	8	10	16	19	18	6	7	10	6	36	32	29	14	21	20	2	5	7	3	10	1	7	0
XMTM2MTQ0MDM2MA==	2	1	6	0	0	0	0	0	0	0	0	0	0	0	0	0	0	0	0	0	0	0	0	0	1	0	0	9	0	0	0
XMTM2MTIyMjEwOA==	527	21996	4105	2149	41	6589	13196	2978	2168	954	574	543	350	253	295	301	293	302	107	195	164	173	176	104	60	139	106	139	100	107	0
XMTM2MTUyNzk2NA==	66	371	75	15	22	0	5	6	4	1	0	0	1	1	0	0	2	0	0	1	1	1	0	0	0	1	0	0	0	0	0
XMTM2MTU0OTM4OA==	42	23	197	748	107	44	64	405	512	209	7	39	73	111	290	54	343	185	2	485	23	2	16	16	4	20	10	9	16	3	0
XMTM2MTYzMTgyMA==	2698	10795	90920	19479	1132	121	74	46	62	71	147	63	36	38	39	1	26	31	20	60	88	51	16	3	4	33	6	6	423	19	0
XMTM2MTYwNTA4MA==	25	129	0	0	1	0	0	0	0	1	2	2	0	0	0	0	0	0	0	0	0	0	14	1	4	1	2	6	4	0	0
XMTM2MTYxMTA3Ng==	7	67	14	0	0	0	0	0	0	0	0	0	0	3	0	0	0	0	0	0	0	0	0	0	0	0	1	0	0	3	0
XMTM2MDk4NjgzNg==	1634	1634	821	799	8067	2400	380	190	128	189	166	130	177	178	143	138	98	51	45	34	36	38	14	13	17	26	25	34	27	17	0
XMTM2MTExMzcwMA==	491	2654	422	583	59	358	387	517	438	193	58	57	55	43	114	56	21	54	26	80	41	56	32	5	7	9	14	49	23	51	0
XMTM2MTM5NTM0MA==	123	56	7607	2977	130	474	551	257	223	97	37	77	65	98	128	160	279	534	144	63	22	166	208	49	13	81	69	106	277	230	0
XMTM2MDg3MTE1Mg==	9	5	1	1	25	1	0	1	1	0	0	1	0	0	0	1	0	1	0	1	0	0	0	0	0	1	0	0	1	0	0
XMTM2MTAxMzUxMg==	17	11	3	15	795	1991	1109	220	138	178	173	116	1	60	2	12	7	3	9	614	65	44	99	48	16	124	77	93	52	38	0
XMTM2MTIyOTYxMg==	19	17	1	18	1187	4643	1471	479	217	395	162	161	201	228	174	269	198	89	67	382	74	153	151	74	39	99	110	130	90	99	1
XMTM2MTI2MDkxMg==	100	1190	261	0	16	43	7	15	1	15	12	11	6	27	7	2	2	12	12	98	12	1	4	11	1	52	40	13	25	15	0
XMTM2MTYxNTYyOA==	57	395	9	5	15	2	3	0	1	6	4	0	2	4	0	5	1	1	5	10	1	1	0	1	0	1	1	2	7	14	0
XMTM2MTUwMjQwNA==	6084	42272	10556	1081	663	316	937	111	268	371	668	1037	1039	579	246	121	168	122	88	136	114	120	150	118	61	135	116	118	112	103	0
XMTM2MTU5NDQ3Mg==	96	44271	7037	2	75	71	64	41	62	47	50	42	76	38	48	19	17	17	15	11	38	8	63	13	2156	563	27	106	868	371	0
XMTM2MTEwMjcxMg==	3	1	0	50	4	3	4	38	5	1	1	4	2	2	1	4	5	14	7	36	3	0	9	3	4	9	1	1	8	5	0
XMTM2MTYwODM3Mg==	109	490	3	4	1	1	5	8	0	0	1	0	1	1	0	8	2	0	0	1	0	0	0	7	9	27	1	31	13	1	0
XMTM2MTQ3MTc5Ng==	25	256	15	0	0	0	0	0	0	0	0	0	0	0	0	2	1	0	2	0	1	0	0	0	0	0	0	0	0	0	0
XMTM2MTUzNDg3Ng==	6	54	1	0	0	0	0	0	0	0	0	0	0	0	0	0	0	0	0	0	1	1	15	3	1	2	0	0	1	0	0
XMTM2MTEzNzc1Mg==	7	6	341	95	70	40	33	23	19	87	13	0	22	7	39	1	28	24	18	247	19	14	0	9	5	0	0	1	3	5	1
XMTM2MDk0NzEzNg==	502	371	656	10804	1877	836	408	24	25	13	12	1	16	1	22	2	1	3	68	4	8	5	2	1	3	1	2	11	19	55	0
XMTM2MDYxOTAyMA==	13	14	6	0	53	81	18	34	9	3	0	0	0	0	0	2	0	0	0	3	0	0	0	0	0	1	0	0	0	0	1
XMTM2MTIxNjY2OA==	4	2	3	41451	0	0	0	0	0	0	0	0	0	0	0	0	0	0	0	0	0	0	2	3434	0	0	803	0	12	2	0
XMTM2MTE0ODYwNA==	4	1	12	2	0	0	0	0	0	0	0	0	0	0	0	0	0	0	0	0	0	0	0	0	0	0	0	0	1	0	0
XMTM2MTU5NjI5Mg==	25	104	0	0	0	0	0	0	0	0	0	1	0	0	0	0	1	0	0	0	0	0	0	0	0	0	22	18	2	0	0
XMTM2MTE4OTcxNg==	6	35	1	1	5	1	1	0	0	0	0	0	0	0	0	0	0	0	0	0	0	0	0	0	0	0	0	0	0	0	0
XMTM2MDg5NDg5Ng==	31	11	0	263	11	6	0	460	24	16	1	2	0	0	1	0	0	1	3	19	16	7	3	2	1	0	1	0	1	1	0
XMTM2MDc3OTU5Mg==	45	10	0	1296	325	14	11	8	6	4	8	4	1	1	2	3	6	2	1	32	2	0	0	1	3	0	2	2	5	1	0
XMTM2MTE0OTk4NA==	3	50	5	0	0	0	0	0	1	0	0	0	4	1	0	2	2	0	0	0	1	1	0	0	0	0	0	0	10	0	0
XMTM2MDIyODA0OA==	8	2	0	0	35	7	7	3	18	0	1	1	2	0	0	0	0	2	1	13	8	0	2	1	0	0	0	0	1	3	0
XMTM2MTI3MTEyMA==	6	34	0	0	0	0	0	0	0	0	1	1	0	0	0	0	1	0	0	0	0	0	0	0	0	1	0	3	1	0	0
XMTM2MTQ4Njg2OA==	252	1968	39	41	26	42	33	25	27	30	40	4	36	37	30	47	28	5	9	13	36	29	38	19	49	39	15	29	24	29	0
XMTM2MDc0NjI2MA==	2	0	1	0	5	0	4	0	0	1	0	0	0	0	0	0	0	0	2	0	0	0	0	0	0	0	1	0	1	0	1
XMTM2MTMyMzU0OA==	4	1	0	732	324	52	39	39	12	50	1	6	10	0	0	6	7	12	0	150	12	2	19	21	3	26	10	17	31	5	0
XMTM2MDk1Njk0NA==	3	0	0	1	39	5	1	3	0	4	2	2	1	2	0	1	0	0	1	8	3	0	1	0	2	3	0	1	0	0	0
XMTM2MTEzNjYwMA==	8	5	295	95	68	42	28	24	34	85	2	6	22	9	25	7	28	20	15	248	11	18	4	4	2	7	2	0	2	0	1
XMTM2MTQ5MzQ1Mg==	82	384	35	18	18	7	5	7	11	9	9	6	0	2	24	13	10	0	2	60	10	6	4	11	4	5	1	12	12	10	0
XMTM2MTA2Mzk4MA==	77	49	281	41	14	51	10	5	17	3	1	1	1	0	14	10	11	8	0	13	1	0	0	0	2	11	0	1	0	0	0
XMTM2MTY0MDUyNA==	211	278	130	135	2115	1991	2013	2214	2092	1679	1263	1736	1733	1552	1620	1102	544	135	207	82	129	213	427	71	113	114	114	37	83	113	0
XMTM2MTE5MjEzNg==	5	48	18	2	0	0	0	0	2	0	0	0	1	0	0	0	0	0	0	3	7	0	0	0	0	0	0	0	0	0	0
XMTM2MDc0OTk1Mg==	591	166	16	22	1437	1002	109	39	18	39	15	15	8	9	29	9	12	3	6	58	24	6	19	3	9	1	8	11	5	14	0
XMTM2MTU2ODcxMg==	867	969	626	307	27136	14639	133	185	4	291	99	54	72	4	91	41	65	64	99	74	17	57	30	32	16	11	369	17	5793	112	0
XMTM2MTI5ODM0MA==	6	4	83	8	0	1	0	0	0	0	0	0	0	0	1	1	1	0	0	0	0	1	0	0	0	0	0	0	5	1	0
XMTM2MDk1NDM2OA==	2	2	6	0	0	0	0	0	0	0	0	0	0	1	0	0	0	0	0	1	0	0	0	0	0	1	0	0	0	1	1
XMTM2MDgzMzY5Mg==	8	119	2	0	0	0	1	0	0	0	0	0	0	0	0	0	0	0	0	1	0	0	0	0	0	1	29	0	0	0	0
XMTM2MTM1NTcyNA==	4	75	18951	54	31	53	80	50	47	81	39	82	36	24	29	33	48	3280	37	7	63	3	488	107	58	1	8304	226	129	104	0
XMTM2MTEzNzIyOA==	10	6	488	151	94	58	48	27	38	132	95	8	4	26	10	62	8	52	5	262	2	29	5	2	4	3	2	5	0	2	1
XMTM2MTYwMDc2NA==	3	2	2	0	22	1	1	0	1	0	0	0	0	0	0	1	0	0	0	1	0	1	0	0	0	0	2	0	0	0	1
XMTM2MTE2NDkxMg==	9	5	67	0	0	0	1	0	2	0	0	0	2	1	0	0	2	0	0	2	0	0	0	0	0	1	2	0	0	0	0
XMTM2MTMyODY0MA==	9	20026	1	1	1	0	0	0	0	0	0	1	1	0	0	0	0	0	0	0	0	0	0	1	0	0	100	4	3	0	0
XMTM2MTI4NDU4NA==	2	1	10	1	0	0	1	0	0	1	2	1	0	0	1	16	1	0	1	1	2	1	30	0	0	11	3	1	3	0	1
XMTM2MDgzOTMyMA==	2017	7148	758	1597	356	735	990	1043	670	1236	1137	1237	1180	927	930	222	516	45	238	742	1502	2066	779	1169	957	2291	643	1527	1436	698	0
XMTM2MTYwMTI4OA==	149	901	107	94	23	67	117	106	3	1	1	1	0	3	2	1	7	31	1	2	2	7	2	0	2	3	4	58	5	13	0
XMTM2MTU3OTc3Ng==	78	19	2	547	1659	553	402	185	99	65	82	33	53	21	10	27	22	5	6	97	9	19	0	14	2	6	0	28	14	13	0
XMTM2MTQ5MzE4MA==	4	4	13	0	0	1	0	0	0	0	0	0	0	0	0	1	0	0	0	0	0	0	1	0	0	0	0	0	0	0	0
XMTM2MTI5MzUwMA==	5828	27807	1565	486	239	66	53	97	97	61	54	71	52	35	48	66	37	47	58	47	27	81	36	64	49	45	1216	2206	1922	107	0
XMTM2MDc3MTkwOA==	423	120	2986	16	1	3	6	5	2	0	1	1	0	2	0	0	5	9	4	1	0	0	2	0	0	0	2	0	1	0	0
XMTM2MTUwMjYzMg==	17	308	32	0	0	1	2	0	2	1	1	0	0	1	0	0	5	1	0	3	0	3	0	4	1	0	0	0	1	0	0
XMTM2MTU2NDg4OA==	650	3547	21	12	3	5	2	2	1	0	0	4	2	0	4	3	8	0	0	0	0	0	3	2	1	0	0	85	631	10	0
XMTM2MDk3NzU0NA==	2188	45513	14551	855	1185	111	55	702	2677	830	1631	340	254	17	166	129	2258	425	174	73	2083	308	1876	165	23	24	29	114	887	1055	0
XMTM2MTM4NTk2MA==	3	27	6	3	1	0	0	0	0	0	0	1	0	0	0	0	0	0	0	0	0	0	0	0	0	1	0	0	0	0	0
XMTM2MDg0OTQxNg==	20	128	4	3	2	0	1	1	0	1	0	0	0	0	1	2	0	0	1	1	0	2	0	0	0	0	2	0	1	0	1
XMTM2MTA5NjA3Mg==	2	0	7	0	0	1	0	0	0	0	0	0	0	0	0	0	0	0	0	0	0	0	0	0	0	0	0	0	1	0	1
XMTM2MTU3MjQ3Ng==	30	33	17	36	295	282	5	2	0	0	0	0	1	0	1	0	5	0	0	0	1	0	1	0	1	4	0	1	0	0	1
XMTM2MTMwNTU2MA==	2554	1932	796	35760	17794	2674	597	802	935	1183	2146	1252	3315	598	297	214	265	222	175	265	207	316	610	131	257	289	892	254	29	293	0
XMTM2MTA2ODM5Ng==	8	4	89	10	1	0	1	0	2	1	1	0	0	0	0	0	1	0	0	1	0	0	0	0	0	1	1	2	0	0	0
XMTM2MDg0MzExNg==	3	0	126	119	1881	3	40	13	32	31	41	33	9	28	71	67	35	57	36	81	41	44	65	28	58	4	30	21	197	73	1
XMTM2MTI1MjIwMA==	12	3	30	1	7267	30295	56	2	1	0	2	0	2	0	7	40	3	0	0	1	0	1	1	103353	7	4	1039	8	1	1	1
XMTI4NDg5NzMzNg==	24	1546	6	2	7	3	1	0	3	6	245	1	0	1	6	1	1	0	0	0	2	1	2	1	2	0	1	0	3	0	0
XMTI4NzUyOTE2OA==	9	1	43	0	0	1	0	0	0	0	0	0	0	0	1	17	0	0	0	0	1	2	1	0	0	0	0	0	0	0	0
XMTI4NzY3MzYxNg==	43	9	2932	0	0	0	0	0	0	0	3	0	0	0	0	0	0	0	0	0	0	0	0	0	0	0	0	0	0	0	0
XMTI4Nzc1ODM0OA==	20	3	180	1	0	1	0	0	0	0	2	1	1	0	0	1	0	0	0	0	1	1	0	0	0	1	0	0	0	3	0
XMTI4Nzc5ODgxMg==	1229	14073	17	8	10	5	16	1139	5	6	2	1	5	5	11	1	1	5	7	5	3	2	2	0	1	3	2	0	1	0	1
XMTI4Nzg2MDg5Mg==	9	5	84	3	5	2	1	1	0	0	0	0	0	0	0	0	0	0	0	0	1	0	0	0	0	0	0	0	0	0	0
XMTI4NzkyMTk4OA==	16	0	2	41	1	0	6	1	2	0	1	1	0	0	0	0	0	0	1	0	1	0	0	0	0	0	0	0	0	0	1
XMTI4NzkzODI0OA==	18	4	0	1	275	0	1	0	1	8	1	0	0	0	0	1	0	0	0	0	0	0	2	0	0	1	0	0	0	0	0
XMTI4ODA0MjA1Mg==	13	2	202	744	34	17	18	15	13	10	3	5	5	6	5	4	3	3	1	4	4	1	0	1	1	0	4	0	0	2	1
XMTI4ODA1MTAzNg==	1238	23859	67	66	65	61	39	53	44	48	24	23	28	40	40	47	38	21	42	33	18	24	24	26	20	38	27	17	28	12	0
XMTI4ODA1MTYxNg==	2	0	1	7	0	0	1	0	0	0	0	0	0	0	0	0	0	0	0	0	0	1	0	0	0	0	0	0	0	0	0
XMTI4ODA1MjIxMg==	15	9	1053	3	6	7	0	0	1	1	0	0	1	0	1	2	0	0	0	1	1	1	0	2	1	0	2	1	1	1	0
XMTI4ODA2NTEyNA==	36	4	9	129	1	2	0	2	0	2	0	1	0	3	1	0	0	0	0	0	3	0	0	2	0	0	0	1	1	2	0
XMTI4ODA2ODU2OA==	188	1385	47	29	35	27	32	18	21	15	26	236	35	24	32	18	9	9	10	12	17	16	16	16	19	14	12	2	5	7	0
XMTI4ODA3OTg5Mg==	15	2	99	0	0	0	0	0	0	0	0	0	1	0	0	0	0	0	0	0	0	1	0	0	0	0	0	0	0	0	0
XMTI4ODA5MjI5Ng==	32	5	113	2	9	9	0	1	0	0	2	70	1	0	0	0	0	0	6	1	0	1	1	2	1	0	1	0	0	0	0
XMTI4ODA5MjQ4MA==	56	5	2	2	206	0	2	2	0	2	0	1	0	0	0	0	0	0	0	0	0	0	0	0	0	0	0	0	0	0	0
XMTI4ODA5NTE3Ng==	6	2	2	15	0	0	0	0	1	0	0	0	0	0	0	0	1	1	0	0	0	0	1	0	0	0	0	0	1	0	1
XMTI4ODAyNDc0NA==	50	2237	24	15	13	9	14	391	20	10	7	4	0	5	2	8	3	9	1	3	4	7	2	2	2	4	0	0	4	3	0
XMTI4ODAzMjM0NA==	19	0	0	5	168	2	0	0	5	0	0	0	2	1	0	0	0	0	0	0	3	0	0	0	0	0	4	0	0	0	0
XMTI4ODAzNTE0OA==	106	48	28	19	363	13	15	26	33	46	101	76	44	30	17	23	27	20	9	71	14	17	9	11	3	3	5	9	4	3	0
XMTI4ODAzNTQwOA==	129	48	319	10	7	18	7	4	8	2	1	6	6	1	2	5	3	1	3	4	3	2	8	7	75	8	6	18	5	1	0
XMTI4ODAzOTc2MA==	446	14962	15	10	25	9	7	7	7	5	6	2	3	5	3	12	3	11	3	3	3	0	4	8	4	3	6	0	2	3	0
XMTI4ODE1OTM0MA==	8	1	281	9	14	3	3	3	0	0	0	1	0	0	1	0	0	1	3	1	1	4	0	0	0	0	3	0	0	0	1
XMTI4ODE2MDQ5Mg==	39	498	2512	45	66	29	28	5	9	7	7	3	2	5	6	1	2	2	0	1	2	3	1	0	0	1	1	1	1	0	0
XMTI4ODE5MjkwOA==	32	26	758	38	401	20	15	18	13	13	11	9	159	12	9	12	13	17	15	15	13	15	13	18	23	14	18	32	14	1	1
XMTI4ODExNzM1Mg==	49	10	323	7	2	0	1	0	1	0	0	1	1	0	0	1	2	1	0	0	0	0	0	0	0	0	0	0	0	0	0
XMTI4ODExOTY0NA==	45	188	4	0	0	1	0	2	3	1	0	0	2	0	1	0	5	1	1	0	1	0	1	2	1	1	0	0	0	0	0
XMTI4ODEyMDAzNg==	34	304	30	12	28	38	113	20	9	11	9	4	2	2	3	3	5	2	4	2	1	1	0	5	0	3	1	0	1	0	0
XMTI4ODEyMjc3Mg==	46	11	0	4	294	5	2	1	0	1	1	0	0	0	0	0	0	0	0	0	0	2	0	0	0	0	0	1	0	0	1
XMTI4ODEyNTcxMg==	30	1	219	0	1	0	0	1	1	3	0	0	0	0	1	0	0	0	0	0	0	0	0	0	0	0	0	0	0	0	0
XMTI4ODEzOTI4NA==	10	188	5	1	1	35	1	1	1	0	0	1	0	0	1	0	0	0	0	0	0	0	0	0	0	0	0	0	2	0	0
XMTI4ODI0MzUxMg==	44	90	1317	131	47	37	23	32	26	19	17	7	15	9	6	13	10	10	15	13	17	26	17	12	20	15	12	12	5	7	0
XMTI4ODI0Mzg0NA==	2	0	0	0	5	3	0	0	0	0	0	0	0	0	0	0	0	0	0	0	0	0	0	0	0	0	0	0	0	0	1
XMTI4ODI1Nzc5Mg==	49	12	622	79	30	367	14	514	9	7	8	11	282	10	242	17	7	11	266	7	6	3	6	11	7	11	10	5	12	5	0
XMTI4ODI1ODEyOA==	61	11	248	2	10	1	3	9	2	1	397	3	6	2	15	303	9	1	4	5	261	9	6	11	0	2	2	7	5	8	0
XMTI4ODI1OTYwNA==	20	0	0	2	36	0	0	0	2	0	1	0	4	0	0	1	0	0	0	0	0	0	0	0	0	0	0	0	0	0	0
XMTI4ODI2NzAyMA==	31	10	83	4	2	3	3	3	1	4	1	3	2	1	3	5	1	0	6	4	2	0	1	1	2	4	1	3	0	2	0
XMTI4ODI4NjMwOA==	42	8	9	5	253	8	424	15	109	4	6	99	8	8	9	7	9	8	6	6	5	203	7	5	8	6	12	8	2	8	1
XMTI4ODI5MTY4OA==	9	1	5	48	4	0	0	0	0	0	0	0	0	0	0	0	0	0	0	0	0	0	0	0	0	0	0	2	0	0	1
XMTI4ODI5MzM2OA==	37	16	325	3	25	21	14	62	172	59	129	196	83	102	108	39	49	36	25	26	47	49	33	31	25	11	35	65	33	28	0
XMTI4ODI5NjYzNg==	53	1969	7	3	8	3	5	1	0	3	0	2	0	1	4	1	1	2	3	1	1	0	0	0	5	1	1	1	0	0	0
XMTI4ODIwMjg2OA==	61	15	6	138	6	1	0	1	1	0	2	3	2	0	2	0	0	1	0	1	0	1	2	0	0	1	0	1	0	0	0
XMTI4ODIxMjU1Mg==	43	9	13	120	9	15	13	8	9	4	4	2	3	50	3	2	2	3	5	2	0	2	3	3	5	5	8	12	19	9	0
XMTI4ODIzMjY2OA==	41	3	2	12	95	0	0	0	4	0	0	1	1	0	1	1	0	1	0	1	0	2	1	0	0	1	1	0	0	0	0
XMTI4ODIzNDYyOA==	49	122	489	101	16	9	16	13	5	6	5	4	0	1	0	1	1	1	0	1	1	1	4	1	0	0	0	0	0	0	0
XMTI4ODM0NTY2MA==	476	2864	277432	84246	15651	1837	400	149	44	28	28	32	51	50	42	3071	27	1712	29	26	14	15	48	7113	21	18	21	34	4215	9	0
XMTI4ODM1Nzc3Ng==	1	0	0	3	0	1	0	0	0	0	0	0	4	0	0	0	0	0	0	0	0	0	2	0	0	0	1	0	0	0	1
XMTI4ODM2MzUwOA==	1	0	2	0	0	0	0	0	0	0	0	0	0	0	0	0	0	0	0	0	0	0	0	0	0	0	0	0	0	0	0
XMTI4ODM2MzY5Ng==	1	0	2	0	0	0	0	0	0	0	0	0	0	0	0	0	0	0	0	0	0	0	0	0	0	0	0	0	0	0	0
XMTI4ODM2NDMyNA==	1	0	2	0	0	0	0	0	0	0	0	0	0	0	0	0	0	0	0	0	0	0	0	0	0	0	0	0	0	0	0
XMTI4ODM2NTM1Ng==	39	7	90	4	4	1	1	5	0	0	0	1	0	0	1	0	0	1	0	1	0	1	0	0	0	0	0	0	0	0	0
XMTI4ODM3MjcxNg==	26	23	144	7	8	2	0	0	0	3	4	3	5	9	0	3	2	1	3	4	2	1	0	0	0	1	1	0	1	71	0
XMTI4ODM4MTY4MA==	7	2	16225	9	12	10	8	8	1019	6	23037	8	9	2	2	3	0	0	0	0	1	0	0	0	0	0	0	0	0	0	0
XMTI4ODM4NzA0OA==	34	332	9	1	0	2	0	1	1	1	0	3	3	1	2	2	0	0	22	21	13	7	2	2	1	2	1	0	1	0	0
XMTI4ODM4Nzc2OA==	0	1	0	0	0	0	0	0	0	0	1	0	0	0	0	0	0	0	0	0	0	0	0	0	0	0	0	0	0	0	0
XMTI4ODM4OTU5Mg==	0	0	0	0	1	0	0	0	0	0	0	0	0	0	0	0	0	0	0	0	0	0	0	0	0	0	0	0	0	0	1
XMTI4ODM5MDk5Mg==	107	53	2103	47	291	35	30	30	65	57	20	22	12	21	321	9	21	17	8	14	18	11	11	7	7	16	17	13	17	17	0
XMTI4ODM5MTg3Ng==	755	1061	22896	2862	2155	472	1870	310	201	1338	130	100	212	240	1763	207	193	153	155	1183	143	95	80	78	63	77	91	75	1414	51	0
XMTI4ODM5MTgzMg==	63	14	503	12772	17	10	16	11	2	1	6	15	4	6	6	2	1	8	1	4	4	3	2	3	5	4	3	8	5	3	0
XMTI4ODM5MzcwNA==	462	2030	410	82	90	73	146	173	629	253	289	909	341	1018	366	352	1218	307	374	1480	581	561	1721	591	589	1641	645	706	634	1782	0
XMTI4ODM5Mzk2MA==	62	6	10	12	961	8	15	8	16	15	11	143	9	5	3	11	10	20	10	4	3	10	10	11	9	23	13	14	22	16	0
XMTI4ODM5NTcwNA==	23	2	416	13	1	1	1	0	3	0	1	0	1	0	2	0	1	1	1	1	0	1	2	0	85	0	0	0	1	0	0
XMTI4ODMwNTYwMA==	172	22	436	7	5	3	1	0	0	1	1	4	3	0	0	1	2	0	1	1	1	0	1	0	2	79	0	0	2	3	0
XMTI4ODMwNzkzMg==	42	2	3	111	2	0	0	1	2	0	0	0	0	0	0	0	0	0	0	1	0	0	1	0	0	0	0	0	0	1	0
XMTI4ODMwODY0NA==	0	1	0	0	0	0	0	0	0	0	0	0	0	0	0	0	0	0	0	0	0	0	0	0	0	0	0	0	0	0	1
XMTI4ODMyODk1Ng==	2	0	30	1	1	3	0	1	0	0	0	0	0	0	0	0	0	0	0	0	0	0	0	0	0	0	0	0	0	0	0
XMTI4ODQ0OTIxMg==	3	12	0	0	1	0	0	0	0	0	0	0	0	0	0	0	0	0	0	0	1	0	0	0	0	0	0	0	0	0	0
XMTI4ODQ2MTk0NA==	222	45	45	1116	19	10	3	2	2	4	5	3	1	6	5	2	1	2	3	3	2	3	3	1	1	2	0	5	2	0	0
XMTI4ODQ2MjMwNA==	6	0	0	15	0	0	0	0	0	0	0	0	0	0	0	0	0	0	0	0	0	0	0	0	0	0	0	0	0	0	1
XMTI4ODQ2ODk4MA==	4	0	13	0	2	170	0	1	0	0	0	0	0	0	2	0	3	0	0	2	0	0	0	0	0	0	2	0	0	1	0
XMTI4ODQ3MzIwOA==	9	67	1	2	0	0	0	0	0	0	0	0	0	0	0	0	0	0	0	0	0	0	0	0	0	0	0	0	0	0	0
XMTI4ODQ3NjcxNg==	6	4	187	1	0	0	0	0	0	0	1	0	0	0	0	0	0	1	2	0	0	0	0	0	1	0	0	0	0	1	0
XMTI4ODQwMzMyNA==	0	0	0	1	0	0	1	0	0	0	0	0	0	0	0	0	0	0	0	0	0	0	0	0	0	0	0	0	0	0	1
XMTI4ODQwNjQ0OA==	17	28	11	15	255	6	0	0	0	1	0	0	0	0	1	0	0	0	0	0	0	0	0	0	0	0	0	0	0	0	1
XMTI4ODQyMDgwNA==	66	46	20	6	210	12	9	7	8	2	2	5	9	4	6	8	3	14	8	24	8	8	15	12	14	6	13	7	9	8	0
XMTI4ODQyMjA3Ng==	1	0	2	0	0	0	0	0	0	0	0	0	0	0	0	0	0	0	0	0	0	0	0	0	0	0	0	0	0	0	1
XMTI4ODU1NjM4MA==	45	3	3	600	1	2	0	1	1	0	0	1	0	0	0	0	2	0	1	0	1	0	0	0	0	0	0	0	0	0	0
XMTI4ODU2NTQxNg==	19	703	10818	2449	85	48	50	36	38	28	21	23	21	24	17	19	15	23	17	21	16	15	16	20	12	14	10	12	10	6	0
XMTI4ODU3ODY4MA==	149	79	8484	16	12	13	16	7	2	3	1	0	2	2	1	5	2	4	0	2	2	0	1	0	0	0	9	2	1	1	0
XMTI4ODU4MzQwNA==	1	0	1	8	0	0	0	0	0	0	1	0	0	0	0	0	0	0	0	0	0	0	0	0	0	0	0	0	0	0	0
XMTI4ODUxMTAxNg==	7	0	0	0	99	0	0	0	0	0	0	1	0	3	1	0	0	0	0	1	0	1	0	0	1	2	0	2	7	0	0
XMTI4ODUxOTIxNg==	2	5	18	117	2	1	0	0	6	1	1	0	0	1	0	0	0	0	0	0	0	1	0	0	0	0	0	0	0	0	0
XMTI4ODUyMTcwOA==	2	0	3	0	0	0	0	0	0	0	0	0	0	0	0	0	0	0	0	0	0	0	0	0	0	0	0	0	0	0	1
XMTI4ODUzMDgxNg==	2973	90875	6915	1872	405	411	1431	340	244	179	172	173	147	164	158	131	87	95	374	385	411	543	434	132	127	121	98	72	90	67	0
XMTI4ODUzNjM0OA==	265	1246	148	30	34	27	32	17	11	9	13	16	19	16	22	19	9	23	13	8	13	18	6	12	18	13	4	9	3	8	0
XMTI4ODY1NTA2MA==	6	45	0	0	0	0	0	0	0	0	0	0	0	0	0	0	0	0	0	0	0	0	0	0	1	0	0	0	4	0	0
XMTI4ODY3NTI4MA==	3832	25612	1794	108	41	21	21	19	9	19	14	7	22	13	14	14	7	10	7	9	15	60	19	10	4	6	5	8	5	6	0
XMTI4ODY3NzgwMA==	3	0	0	9	3	21	0	0	0	0	1	0	1	0	0	0	0	0	0	0	0	0	0	0	0	0	0	0	0	0	1
XMTI4ODY4OTk3Mg==	2	0	4	0	0	1	1	0	0	0	0	0	0	0	0	0	0	0	0	0	0	0	0	0	0	0	1	0	0	0	1
XMTI4ODYxMDQwMA==	217	105	24	1503	12	40	4	2	0	0	1	0	1	0	0	0	0	0	0	0	1	0	0	0	0	0	0	0	0	0	0
XMTI4ODc0NTg1Ng==	149	1388	455	11	33	25	15	27	16	8	11	2	15	6	12	19	18	19	13	11	10	1	10	4	3	1	3	4	25	22	0
XMTI4ODc1MjU1Mg==	2	0	2	0	8	0	0	0	0	1	0	0	0	0	0	0	0	0	0	0	0	0	0	0	0	0	0	0	0	0	0
XMTI4ODc1MzI4NA==	358	3623	47	13	23	14	1	2	1	2	1	0	0	2	2	1	1	0	1	0	0	1	2	2	0	1	1	1	1	1	0
XMTI4ODc1NjQ4OA==	1476	6709	306	210	68	73	57	53	20	36	36	37	20	31	21	21	27	46	33	28	20	5	20	41	17	31	20	14	28	18	0
XMTI4ODc2NzQyOA==	4	1	2	1	13	2	0	0	0	0	0	0	0	0	0	0	0	0	0	0	0	0	0	0	0	0	0	0	0	0	0
XMTI4ODc3NTIyMA==	4	1	10	0	0	0	2	0	0	0	0	0	0	0	0	0	0	0	0	1	0	0	0	0	0	1	0	0	0	0	1
XMTI4ODc4OTk0NA==	31	97	35	18	313	3	6	6	8	4	7	5	80	14	6	6	7	5	2	2	3	6	3	5	2	0	3	6	4	3	1
XMTI4ODcwMDAyMA==	112	159	195757	65140	15466	9869	10289	9309	155858	3802	3139	1651	1709	738	2669	1961	927	1827	1691	1561	1493	1263	1217	117	901	778	799	774	673	690	0
XMTI4ODcwMzk1Mg==	51	12	7	181	3	3	3	3	1	5	0	3	2	0	3	5	0	0	1	0	0	0	0	0	0	1	0	0	0	0	0
XMTI4ODcxMzIyOA==	17	5	2	6	340	0	1	1	5	5	2	0	1	3	1	0	0	0	0	0	0	1	2	0	0	0	0	0	0	0	0
XMTI4ODcxNTgxMg==	53	1324	16	8	7	9	4	1	3	1	7	5	1	0	0	2	2	3	1	0	2	5	1	5	3	0	0	2	0	0	0
XMTI4ODcxNjk3Ng==	5	8	138	1	1	0	0	0	0	0	0	0	0	0	0	0	0	0	0	1	0	0	0	0	0	0	1	0	0	0	0
XMTI4ODcyMDM4OA==	25	104	3	0	3	4	1	2	0	1	3	0	2	0	2	0	0	4	0	0	2	3	3	0	3	2	3	0	0	1	0
XMTI4ODczOTI0OA==	30	64	20	703	3	2	1	3	1	1	1	0	0	0	0	0	1	2	0	3	0	4	0	4	1	1	1	0	0	0	1
XMTI4ODgxMDQwOA==	5	1	10	0	0	0	0	0	0	0	0	0	0	0	0	0	0	0	0	0	0	0	0	0	0	0	0	0	0	0	0
XMTI4ODgyMTA1Mg==	7	1	200	5	7	0	0	2	0	0	1	0	0	1	0	0	0	0	0	0	0	2	0	1	1	0	1	0	0	0	0
XMTI4ODgyMjUyNA==	15	68	12	4	0	2	2	1	1	0	1	0	0	1	0	0	0	1	0	0	0	0	0	1	0	0	0	0	1	1	0
XMTI4ODgyNTgyNA==	3	0	0	1	8	0	0	0	0	0	1	0	0	0	0	0	0	0	0	1	0	0	0	0	0	0	0	0	0	0	1
XMTI4ODgyOTY4OA==	35	24	93	0	0	2	1	0	0	0	0	0	0	4	1	0	1	0	0	0	0	2	0	0	1	0	0	0	0	0	0
