XMTM2MTEwNjA0MA==	106	42	53	1	4	1	2	0	2	1	0	2	0	0	0	1	0	5	0	1	0	0	0	0	0	0	1	0	1	0	0
XMTM2MDg1NjIwMA==	6	4	3	1	0	0	0	0	0	0	0	0	0	0	0	0	0	0	1	0	0	0	0	0	0	0	1	0	2	3	1
XMTM2MTIyNTY3Ng==	149	72	80	23	7	3	2	2	1	1	3	2	0	2	1	1	0	1	6	8	1	0	7	1	1	0	1	1	0	4	0
XMTM2MTQ4MjI0OA==	25	7	9	3	0	0	0	0	0	0	0	0	0	0	0	0	0	0	1	0	0	0	0	0	0	0	0	0	0	0	0
XMTM2MDg1NDUxMg==	137	71	54	12	2	0	3	0	1	0	0	1	1	2	0	0	0	1	1	2	1	1	1	0	0	0	0	0	1	0	0
XMTM2MDk0MTMyMA==	182	86	74	15	16	0	5	7	15	110	21	36	164	21	55	47	42	35	33	341	51	19	3	2	10	6	7	0	2	8	1
XMTM2MDk0NDY4MA==	23	8	8	7	0	2	4	4	4	2	1	1	1	0	0	1	0	0	1	11	0	3	1	1	1	0	0	6	2	0	1
XMTM2MTM1ODk1Ng==	63	40	22	1	4	2	2	8	7	9	11	12	1	3	4	10	2	1	4	48	7	4	18	7	2	14	16	12	5	6	1
XMTM2MTIzOTc0OA==	14	7	6	2	1	0	1	0	0	0	0	1	0	0	0	0	3	0	1	1	0	1	0	0	1	0	0	0	0	1	0
XMTM2MTI3OTI3Mg==	41	61	26	7	0	1	0	3	2	6	2	1	3	2	1	1	0	2	0	11	1	0	1	0	1	0	1	1	2	3	0
XMTM2MTU4MzkwOA==	13	5	6	0	2	2	0	4	0	0	0	0	0	1	0	0	1	0	0	2	0	0	1	0	0	0	1	0	0	0	1
XMTM2MTMxMTQ4NA==	10	3	6	0	0	0	0	0	0	0	0	0	1	1	0	0	0	0	0	0	0	0	0	0	0	0	0	0	0	0	0
XMTM2MTAwMzU0NA==	3	1	1	0	0	0	0	0	0	0	0	0	0	0	0	0	0	0	0	0	0	0	0	0	0	0	0	1	0	0	1
XMTM2MDgxNzcxMg==	90	31	66	9	5	1	2	6	2	0	0	1	1	2	0	2	0	3	0	18	8	2	0	2	1	1	0	0	0	8	0
XMTM2MTMxNzI4NA==	7	4	3	0	0	0	0	0	0	0	0	0	1	0	0	0	0	0	0	0	0	0	0	0	0	1	0	1	0	1	0
XMTM2MTY4NDY2NA==	7	3	2	0	0	0	0	1	1	0	1	0	0	0	0	0	0	0	1	0	0	0	0	0	0	1	0	0	0	0	0
XMTM2MTQwMjYyMA==	4	1	1	0	0	0	0	1	0	0	0	1	1	0	2	2	1	0	1	4	0	0	0	1	0	1	0	0	1	1	1
XMTM2MDk4NjQxNg==	61	35	21	2	6	0	4	4	32	15	2	3	9	4	7	10	22	11	2	34	10	2	1	0	1	0	1	2	1	1	1
XMTM2MTY3OTEyNA==	57	20	37	0	0	0	0	0	0	0	0	1	1	0	1	0	0	0	0	0	2	0	1	0	0	1	0	0	5	0	0
XMTM2MTUwMDIxMg==	11	5	3	0	0	0	1	0	0	0	1	0	0	0	0	2	0	0	1	0	0	0	0	0	0	0	1	0	0	0	0
XMTM2MDk4NzAwMA==	3	2	2	0	0	0	0	0	0	0	0	1	0	0	0	0	1	0	0	0	0	0	1	0	0	0	0	0	0	0	1
XMTM2MTY0MTgwMA==	22	46	25	3	1	0	3	0	0	1	0	0	0	0	1	0	0	0	1	2	0	0	0	0	0	1	0	0	0	0	0
XMTM2MTU4MDMyNA==	7	2	3	0	0	0	0	0	0	0	0	0	0	0	0	0	0	0	0	0	0	1	0	0	0	0	0	0	0	0	0
XMTM2MTM0OTczNg==	7437	3892	2476	732	197	381	320	406	382	261	239	192	298	243	270	630	610	542	100	97	142	138	164	104	44	97	62	104	153	95	0
XMTM2MTYxNjU2OA==	352	831	217	45	45	0	3	84	43	56	34	9	0	11	54	9	1	47	11	21	33	50	22	5	2	0	1	8	16	49	0
XMTM2MDgzMTU3Ng==	2	1	1	0	0	0	0	0	0	0	0	0	0	0	0	0	0	0	0	0	0	0	0	0	1	0	1	0	0	0	1
XMTM2MDc2NzU0MA==	374	234	112	35	2	14	8	15	5	18	11	3	3	4	0	0	5	4	26	94	30	21	65	29	13	15	7	23	11	15	0
XMTM2MTAzNDQ3Ng==	166	113	61	14	13	0	2	21	24	33	7	10	7	0	3	1	12	3	2	104	16	4	14	0	10	3	6	6	11	6	1
XMTM2MTM3NTM0OA==	367	192	119	49	3	8	74	92	41	218	166	261	426	39	145	131	133	155	171	370	205	559	396	139	76	133	137	221	450	351	0
XMTM2MTMxODY2NA==	18	10	7	1	0	0	0	0	0	0	0	0	0	0	0	2	0	0	0	0	0	0	0	0	0	0	0	1	1	0	0
XMTM2MTAxMDM3Ng==	6	10	6	0	0	1	0	0	0	0	0	0	2	0	1	0	1	0	1	5	0	1	0	2	0	0	0	1	0	0	1
XMTM2MTMxOTcyMA==	143	91	61	9	0	1	0	0	0	1	1	0	0	0	1	0	3	0	1	0	0	0	0	0	0	2	0	20	10	0	0
XMTM2MTE0MjU2OA==	8	6	18	1	0	2	0	4	6	3	2	1	4	0	1	0	0	0	8	2	2	3	5	2	2	3	3	2	3	1	0
XMTM2MTI2MzQ5Mg==	107	61	64	6	3	2	2	0	1	1	1	2	0	3	1	2	5	0	2	8	3	2	3	0	0	0	1	0	0	1	0
XMTM2MTA5Mzk4NA==	6	13	8	0	0	0	0	0	0	0	0	0	2	0	9	6	1	1	0	0	1	0	0	0	0	1329	14	5	1	2	1
XMTM2MTAwMzY2NA==	64	34	94	13	1	1	1	1	2	3	0	1	0	2	2	0	2	0	0	14	8	1	5	2	0	1	1	1	2	0	0
XMTM2MDkwMjc3Mg==	207	109	55	2	3	2	1	3	0	2	0	2	0	0	1	1	0	1	0	1	1	0	0	4	1	0	0	0	6	2	0
XMTM2MTMyNDU3Ng==	65	38	19	4	3	1	0	0	1	0	2	0	1	0	2	6	0	4	0	10	2	2	14	5	0	3	0	2	3	2	0
XMTM2MTI3MTk0MA==	6	15	5	2	0	0	0	0	0	0	1	0	0	0	0	0	1	1	0	1	0	0	0	0	0	0	0	0	0	0	0
XMTM2MTMzNzY4OA==	40	14	11	3	2	3	0	0	1	0	1	0	1	0	0	2	2	0	0	2	1	0	0	2	0	1	0	0	0	0	0
XMTM2MTI5MjA2MA==	492	362	159	17	27	27	3	5	5	0	10	10	4	2	4	6	13	7	34	9	9	2	5	1	1	5	1	8	1	1	0
XMTM2MTM0MDcwMA==	4	12	5	0	0	1	0	3	0	0	3	1	2	0	0	1	0	3	0	1	1	0	0	2	1	0	1	1	1	0	0
XMTM2MDg3NDMxMg==	1162	895	430	24	7	8	0	2	6	1	2	1	5	1	6	0	16	1	4	1	1	0	0	6	3	32	12	104	65	2	0
XMTM2MTMyNDQ1Mg==	5	3	2	0	0	0	1	1	0	0	0	0	0	1	0	0	0	0	0	0	0	0	0	0	0	1	0	0	0	0	0
XMTM2MTU4MjAyOA==	1948	2444	893	232	56	8	46	8	44	7	18	30	4	3	1	20	26	13	5	91	5	8	7	4	6	3	6	10	7	11	0
XMTM2MTY5MjYzNg==	2	1	1	0	0	0	0	0	0	0	0	0	0	0	0	0	0	0	0	0	0	0	0	0	0	0	0	0	1	0	1
XMTM2MTYwMDAwOA==	2	2	3	0	0	0	0	1	0	0	1	1	0	0	0	0	3	0	0	2	0	1	0	0	0	0	0	0	0	0	1
XMTM2MDczMjY5Ng==	30	16	11	0	3	5	4	2	1	1	0	1	0	0	1	3	0	1	0	0	0	1	0	0	0	1	0	2	2	1	0
XMTM2MDk1MTk4OA==	3	10	4	0	0	0	0	0	0	1	0	0	0	1	0	0	2	0	0	4	1	0	1	0	0	8	0	1	0	0	0
XMTM2MDg3ODIzNg==	863	460	257	26	54	5	44	70	32	24	10	17	6	20	15	0	21	10	1	2	2	0	4	2	1	0	5	16	65	15	0
XMTM2MTIwODE2MA==	6	2	2	0	0	1	0	0	0	0	0	0	0	0	0	0	1	0	0	0	0	0	5	0	0	0	0	0	0	0	1
XMTM2MTI4MzMwMA==	5	12	6	3	0	0	2	3	1	20	20	33	5	41	56	19	61	34	37	278	144	297	360	112	60	110	102	92	194	161	1
XMTM2MTI0MjIzMg==	32	15	12	8	2	2	2	1	2	3	3	1	0	1	3	0	2	3	1	9	2	1	2	0	0	1	5	2	3	1	0
XMTM2MTA1OTkzMg==	114	36	35	17	2	0	1	0	0	2	1	1	0	10	1	0	5	1	0	5	1	1	0	1	0	0	2	0	0	0	0
XMTM2MDgyMzAzNg==	26	10	9	1	0	4	0	0	3	3	1	0	1	0	1	0	1	1	0	9	3	1	1	0	0	0	1	0	2	0	0
XMTM2MTQ1Mzc5Ng==	13	8	4	0	0	0	0	0	0	0	0	0	0	0	0	1	0	0	0	0	0	0	0	0	0	0	1	28	28	21	0
XMTM2MDg4MTM0OA==	4218	2530	1522	619	185	43	285	328	248	235	211	249	277	217	215	250	267	337	294	438	199	125	136	130	111	197	268	296	145	85	0
XMTM2MDk5Mjg1Mg==	57	26	16	4	1	1	4	0	0	1	2	2	0	0	1	1	1	0	0	11	0	2	0	0	0	0	1	0	0	1	0
XMTM2MTE3NTU1Mg==	3	1	1	0	0	0	0	0	0	0	0	0	0	0	0	0	0	0	0	0	1	0	0	0	1	0	0	0	1	0	1
XMTM2MTA2MjA0NA==	4	1	1	0	0	0	0	0	1	2	1	0	0	1	0	0	1	2	0	5	3	0	1	0	0	0	0	1	0	0	1
XMTM2MTA2MTY4NA==	33	12	9	4	0	1	0	2	1	2	1	3	1	1	1	1	0	0	0	10	0	4	2	1	0	0	2	2	0	2	0
XMTM2MDc0ODI3Mg==	89	47	32	16	6	1	2	1	5	9	4	0	4	0	1	0	4	2	0	21	0	0	1	2	0	1	6	2	1	1	0
XMTM2MTM0ODE2NA==	8	5	3	2	0	0	0	0	0	0	0	0	0	0	0	0	0	0	0	0	0	0	0	0	0	0	0	0	1	0	0
XMTM2MDg0MDQxMg==	37	102	34	16	3	3	1	2	0	7	0	0	0	0	4	0	4	0	3	2	1	0	0	0	0	1	1	0	0	0	0
XMTM2MDk0MDIyMA==	89	30	47	16	5	1	5	1	0	3	2	0	4	4	1	0	3	1	0	21	3	1	2	110	21	18	1	6	6	6	0
XMTM2MDkxNzU4NA==	42	18	14	4	2	0	6	3	10	6	2	0	0	4	0	2	2	1	0	9	1	1	0	1	0	3	0	1	1	1	0
XMTM2MDc0MDk3Ng==	73	41	21	3	4	2	2	1	1	3	2	0	0	0	0	0	1	0	1	11	1	1	5	2	4	4	1	0	1	1	0
XMTM2MDkwOTQ4NA==	33	17	10	5	2	0	1	1	0	0	0	1	0	0	0	0	2	0	0	2	0	0	0	0	0	1	0	0	0	0	0
XMTM2MTExNzk5Ng==	4	2	3	0	0	0	0	0	0	0	0	0	1	0	0	0	0	0	0	0	0	0	0	0	0	0	0	1	0	0	0
XMTM2MDk1ODc0MA==	28	19	10	2	1	0	1	1	1	2	2	0	0	2	0	1	0	3	0	6	2	0	4	2	0	2	1	4	1	1	0
XMTM2MTQxNzU1Ng==	2615	4975	1755	86	42	117	145	59	38	138	29	14	22	34	27	7	24	31	30	30	41	15	10	29	13	18	28	16	36	423	0
XMTM2MTQ0NjcwMA==	9	3	3	0	1	1	0	2	1	0	0	0	0	0	0	1	0	0	0	0	2	0	0	0	0	0	1	0	1	0	0
XMTM2MDkwMTY5Ng==	1049	476	373	246	39	170	92	26	16	2	9	2	8	39	22	18	2	9	44	16	22	10	2	3	1	3	1	1	2	73	0
XMTM2MTQ4MDkzNg==	3	1	1	0	0	0	0	0	0	0	0	1	0	0	0	0	0	0	0	0	0	0	0	0	0	1	0	0	0	0	1
XMTM2MTQ0NjcxNg==	47	27	16	3	4	2	0	2	1	2	4	0	1	0	0	1	0	1	0	18	2	1	0	1	0	0	0	1	0	4	0
XMTM1ODU0MjI2MA==	10	4	4	0	0	0	0	3	0	1	0	13	19	36	5	0	2	12	70	148	39	19	4	16	1	100	37	56	1	3	0
XMTM2MTYwOTMzMg==	368	879	310	187	11	126	131	163	57	48	11	40	11	23	40	5	18	27	17	56	29	24	26	13	14	3	13	13	13	14	0
XMTM2MTM2Mjg5Ng==	60	28	17	2	2	2	0	8	13	4	2	1	1	0	2	3	3	1	0	15	0	2	1	1	3	0	1	4	4	3	0
XMTM2MDY5ODY4OA==	13	4	5	0	1	0	1	0	1	0	0	1	0	0	1	0	1	0	0	1	0	0	0	0	0	0	0	5	0	1	0
XMTM2MTQ2MDM2NA==	21	11	7	0	1	0	0	6	8	0	2	0	1	0	0	0	1	0	0	10	1	2	2	1	1	4	1	3	6	0	0
XMTM2MTQ4MTk0NA==	3720	6646	2118	873	128	102	301	299	69	937	236	146	140	149	59	57	40	65	103	53	41	52	69	34	55	42	34	180	479	175	0
XMTM2MDk3MzA2OA==	230	122	78	51	3	2	29	10	26	7	10	1	2	5	2	3	1	3	2	31	3	0	7	1	0	9	5	4	0	5	0
XMTM2MTYxNjkyNA==	3	1	2	0	0	0	0	0	0	0	0	0	0	1	0	0	0	1	0	0	0	0	0	0	0	2	0	0	0	0	1
XMTM2MTQ5NDM0NA==	1358	2231	718	306	62	25	121	167	90	94	84	105	39	87	59	26	83	87	62	289	58	83	58	39	8	60	20	44	54	39	0
XMTM2MTAzMjQ2OA==	21	5	7	0	0	0	1	0	0	1	0	1	0	0	0	0	0	1	0	5	0	0	0	9	1	2	0	0	0	0	0
XMTM2MTQ5MjE4MA==	3	1	1	0	0	0	1	1	1	0	0	0	0	1	0	0	0	0	0	1	0	0	0	0	0	0	0	0	1	0	0
XMTM2MDg4NzAwMA==	1	2	1	0	0	0	0	0	0	0	0	0	0	0	0	0	0	0	0	0	0	0	0	0	0	0	0	0	0	0	0
XMTM2MDc5OTc3Ng==	50	25	18	0	0	0	0	0	0	0	0	0	1	0	0	0	0	0	0	0	0	0	0	0	0	0	0	3	6	0	0
XMTM2MDg2Nzc5Mg==	107	32	72	3	1	2	2	0	0	1	0	0	1	0	2	0	0	1	0	0	0	0	0	2	0	0	0	0	1	0	0
XMTM2MTI4MDMyMA==	3	1	1	0	0	0	0	0	0	0	0	0	0	0	0	0	0	0	0	0	0	0	0	0	0	0	0	1	0	0	1
XMTM2MTY1Nzg2NA==	15	7	5	3	1	1	1	2	2	4	1	0	0	0	2	0	1	0	1	10	2	0	1	2	1	0	1	0	2	2	0
XMTM2MDc2MTk3Ng==	11	5	5	0	0	0	0	0	0	0	0	0	0	0	0	0	0	0	0	0	0	0	0	0	0	0	0	0	3	1	0
XMTM2MTI3NDI0NA==	16	17	36	3	1	0	2	3	13	38	38	37	43	47	81	62	13	129	46	241	169	346	468	278	45	230	215	3	162	146	1
XMTM2MTA4NDE4MA==	35	9	15	0	0	0	0	0	0	1	0	0	1	0	0	0	1	0	1	0	0	0	0	0	0	0	0	0	1	0	0
XMTM2MTM4NDY5Mg==	583	206	245	72	17	11	13	7	3	3	1	4	3	1	0	0	1	22	4	9	0	1	1	4	0	0	0	6	2	4	0
XMTM2MDk0NjQ5Ng==	1190	523	360	140	2	86	108	159	77	33	34	44	393	1100	91	60	581	278	55	270	48	95	117	88	32	43	10	29	41	41	0
XMTM2MTI1MjIyMA==	24	9	9	1	1	0	6	4	7	2	3	0	2	0	1	9	3	3	0	7	1	0	0	0	11	25	0	11	6	0	0
XMTM2MDk4NTc0MA==	34	8	10	1	0	1	0	0	0	0	0	0	0	0	0	0	0	0	0	0	0	0	0	0	0	0	0	2	2	0	0
XMTM2MDgzNjQxMg==	153	251	78	0	0	0	0	0	0	0	0	0	0	0	0	0	1	0	1	0	0	2	2	0	1	2	0	1	18	3	0
XMTM2MDczODM2MA==	529	442	184	9	12	14	2	2	1	5	5	4	1	5	2	2	2	18	1	4	0	5	3	2	1	1	2	2	34	6	0
XMTM2MTUxMzc4OA==	2	1	1	0	0	0	0	0	0	0	0	0	0	0	0	0	0	0	0	0	0	1	0	0	0	0	0	0	0	0	1
XMTM2MTExNjgwOA==	5	2	3	0	0	0	0	2	0	0	0	0	0	0	0	1	0	0	0	0	0	0	0	0	0	0	0	0	0	0	1
XMTM2MDk1NDM2OA==	2	2	6	0	0	0	0	0	0	0	0	0	0	1	0	0	0	0	0	1	0	0	0	0	0	1	0	0	0	1	0
XMTM2MTA3MzAyMA==	14	4	5	0	0	0	0	0	0	0	0	0	0	0	0	0	0	0	0	0	0	0	0	0	0	0	0	3	2	0	0
XMTM1ODU1NTIwOA==	13	10	19	0	0	0	0	0	0	0	0	1	0	0	0	0	0	0	0	0	1	0	0	0	0	0	0	1	0	0	0
XMTM2MDk0MTM2NA==	60	36	38	0	4	2	0	1	3	2	0	1	0	0	1	0	1	1	0	7	0	0	2	0	1	3	1	2	0	0	0
XMTM2MTI4MDc4MA==	24	10	7	5	0	0	2	0	3	0	1	1	0	0	5	2	1	2	3	0	1	0	0	1	0	1	0	0	0	0	0
XMTM2MTEyODg5Ng==	9	3	3	0	0	0	0	1	0	0	0	0	0	1	0	1	0	1	0	1	1	0	0	2	23	3	1	1	1	3	0
XMTM2MDk2ODQ5Mg==	23	8	6	2	0	0	0	0	0	1	0	0	0	0	0	0	0	1	0	0	0	0	0	0	0	0	0	0	0	0	0
XMTM2MTIzOTk0OA==	78	26	32	1	0	0	0	0	0	0	0	0	1	0	0	0	0	0	0	0	1	0	2	0	1	0	0	0	10	0	0
XMTM2MDk3MDY5Mg==	11	5	4	2	1	0	0	3	3	0	2	1	0	3	1	1	1	1	0	6	2	7	3	1	1	1	0	0	0	1	0
XMTM2MTIwNzkxMg==	8	14	4	0	1	0	0	0	1	1	0	0	1	1	2	0	2	1	0	3	0	1	0	0	0	0	4	1	0	0	0
XMTM2MTMwNzY0OA==	16	8	5	3	0	0	1	0	2	0	1	1	1	0	0	0	1	1	0	2	0	0	1	0	0	0	0	1	1	0	0
XMTM2MTMzNDM3Mg==	23	13	8	0	0	0	1	0	0	0	0	0	0	1	0	0	2	0	1	0	1	0	1	0	0	0	0	0	1	0	0
XMTM2MDc2NDE5Ng==	215	496	134	28	5	13	23	20	57	18	12	8	2	1	22	4	11	5	1	75	9	1	5	3	6	7	3	3	7	3	0
XMTM2MDc5MjExNg==	2983	1266	1021	508	80	116	111	377	724	777	987	1356	1078	774	713	784	870	751	617	595	531	629	1336	979	599	1055	576	1101	353	362	0
XMTM2MDk0ODk5Mg==	14	5	4	0	1	3	0	1	1	0	0	0	2	1	0	0	0	1	4	7	1	0	1	0	0	1	1	1	1	0	0
XMTM2MTQ5MzE4MA==	4	4	13	0	0	1	0	0	0	0	0	0	0	0	0	1	0	0	0	0	0	0	1	0	0	0	0	0	0	0	0
XMTM2MTA3ODM5Ng==	29	11	24	0	0	1	0	1	1	0	1	1	0	0	0	1	3	0	0	1690	11	0	2	7	0	3	1	0	0	2	0
XMTM2MTIzNjMzMg==	6	3	2	0	2	0	0	0	0	0	0	0	0	0	0	1	0	0	0	1	0	0	1	0	1	0	0	0	1	0	0
XMTM2MTExODc2NA==	6	4	4	0	0	0	0	0	0	0	1	0	1	0	1	0	0	0	0	0	0	0	0	0	0	0	0	1	0	0	0
XMTM2MTM3ODY2MA==	62	28	24	13	0	2	1	1	2	4	1	2	0	3	1	2	1	0	0	21	1	0	1	3	2	1	0	2	0	1	0
XMTM2MDcxOTcwOA==	83	28	32	3	2	2	1	1	0	1	3	0	1	2	2	2	0	3	0	1	0	0	1	0	0	5	0	1	1	2	0
XMTM2MTEzMTk1Mg==	34	22	13	3	0	2	5	4	5	2	3	1	1	1	0	0	1	0	1	5	1	0	1	0	0	1	0	2	5	0	0
XMTM2MDc1MTU1Ng==	93	45	37	1	12	0	1	22	13	7	2	4	5	1	3	9	1	6	1	34	7	2	2	4	2	1	2	8	4	3	0
XMTM2MDgzNDA3Mg==	91	198	57	1	1	0	4	2	5	0	3	0	2	1	0	0	0	1	1	9	1	0	0	0	0	0	0	2	0	0	0
XMTM2MDcyMjgxNg==	575	212	164	15	19	16	21	12	5	1	0	0	2	5	1	1	4	11	12	8	13	6	0	4	0	0	3	2	1	0	0
XMTM2MTE1NzgwMA==	4	1	1	0	0	0	0	0	0	0	0	0	0	0	0	0	0	1	0	0	0	0	0	0	0	0	1	0	0	0	1
XMTM2MTMzNDQwNA==	87	26	26	0	1	3	0	0	1	3	1	2	1	2	1	0	1	3	0	15	1	1	3	1	0	6	1	1	3	3	0
XMTM2MDg5NTU0NA==	1208	629	364	115	67	21	58	125	70	76	85	73	72	73	6	27	78	68	54	117	40	44	64	46	35	62	31	69	24	32	0
XMTM2MTA1OTMzNg==	109	31	32	4	0	1	1	0	0	2	0	0	1	4	4	1	0	2	0	0	0	1	0	0	1	0	0	0	0	0	0
XMTM2MTI0NTg3Ng==	41	13	20	6	2	0	0	4	3	4	1	1	1	1	1	0	1	0	0	10	1	0	0	0	1	4	0	1	1	0	0
XMTM2MTQyMzA1Mg==	102	62	36	3	4	3	1	8	0	4	5	0	2	0	1	3	0	3	0	10	2	0	1	1	0	1	2	0	0	3	0
XMTM2MTQyMTI0OA==	91	204	67	5	8	2	1	0	1	0	0	0	1	0	0	0	2	1	0	0	0	0	0	1	0	0	0	4	4	52	0
XMTI4NzA2MDg5Ng==	1899	763	754	216	184	113	100	120	88	76	56	80	60	68	65	69	58	51	71	54	58	56	65	46	48	40	45	82	47	38	0
XMTI4NzY1ODI1Mg==	722	254	234	131	18	10	16	10	3	11	7	8	6	4	2	7	3	3	1	171	3	1	3	4	4	2	3	3	4	5	0
XMTI4Nzg2NTUyMA==	33	11	10	0	1	1	1	0	5	0	1	0	1	3	0	0	1	11	0	2	0	0	0	0	0	4	1	1	1	1	0
XMTI4Nzk0Nzk0OA==	2	1	1	0	0	0	0	0	0	0	0	2	0	0	0	0	0	0	0	0	0	0	0	0	0	0	0	0	0	0	1
XMTI4Nzk1NjU0MA==	90	26	23	5	0	2	4	2	3	3	4	6	1	4	0	7	2	3	7	4	1	1	2	2	3	0	5	1	0	2	0
XMTI4Nzk3NzgzNg==	35	9	11	3	1	0	0	0	0	0	1	0	0	0	0	0	0	0	0	0	0	0	0	0	0	2	0	0	0	0	0
XMTI4Nzk4MDcyMA==	17	11	32	1	2	2	1	2	1	2	1	1	0	0	0	3	1	0	0	0	0	2	0	0	3	0	0	1	1	0	0
XMTI4Nzk5MjgwOA==	3894	1457	1197	520	464	240	256	191	182	166	147	130	109	126	121	90	74	103	96	93	158	148	196	159	86	90	82	127	93	81	0
XMTI4Nzk5NTg3Mg==	446	199	149	67	46	65	39	24	12	18	16	15	23	14	25	26	43	28	22	38	37	34	37	46	32	27	34	29	26	20	0
XMTI4ODA0OTMyOA==	8	2	2	1	0	0	0	1	0	1	0	1	0	0	1	0	0	0	0	0	0	2	0	0	1	0	0	0	0	0	0
XMTI4ODA1OTU5Mg==	11	3	4	1	1	0	0	0	0	0	0	0	0	0	0	0	0	0	0	0	0	0	0	0	0	0	0	0	0	0	0
XMTI4ODA2MDQ0MA==	11	5	4	1	0	0	0	0	0	1	0	1	0	0	7	0	0	0	0	0	0	0	0	2	0	0	0	0	1	0	0
XMTI4ODA3MjE5Mg==	8760	3252	3631	62	1026	1112	1364	1018	693	698	706	600	712	736	731	1002	1018	1112	1142	1239	2095	1601	1476	1235	879	871	1025	943	1002	1015	0
XMTI4ODA3Njc0OA==	76	27	41	9	5	3	3	1	3	4	0	3	0	0	2	1	4	3	1	3	0	1	1	3	2	1	0	1	1	0	0
XMTI4ODA5MjcyMA==	5	2	3	0	0	0	0	0	0	0	1	2	0	0	0	0	0	0	0	0	0	0	0	0	0	0	0	0	1	0	1
XMTI4ODAyMjI0OA==	565	270	183	37	32	12	26	10	17	10	9	11	9	5	15	15	5	6	2	4	8	6	13	7	7	5	2	2	5	4	0
XMTI4ODAyOTg1Mg==	9664	2620	2659	221	1138	695	501	365	311	275	186	175	0	45	14	45	38	35	40	26	19	106	95	50	86	67	48	74	47	30	0
XMTI4ODAzMjg2NA==	225	78	66	14	19	7	10	9	9	4	3	2	4	6	3	1	1	2	3	2	3	1	3	1	0	1	0	0	1	3	0
XMTI4ODE0NTk2OA==	27	7	7	0	3	2	0	0	0	5	0	2	3	8	20	7	1	0	1	1	1	0	0	1	3	1	2	0	0	1	0
XMTI4ODE0NjI4MA==	21	7	11	1	2	2	0	2	0	1	0	0	0	0	0	5	0	0	0	0	0	0	0	0	0	0	0	1	0	0	0
XMTI4ODE1MDYxNg==	35	16	12	6	4	2	3	5	6	3	12	4	4	3	3	4	9	11	9	5	8	7	8	14	1	2	3	3	5	7	0
XMTI4ODE1MzMzNg==	268	309	825	146	39	7	11	39	18	22	13	8	3	1	4	8	22	13	8	5	6	12	2	5	3	4	8	2	6	4	0
XMTI4ODE1NTg0NA==	1485	440	652	96	53	43	31	28	19	10	15	16	12	14	7	11	8	8	6	5	16	14	3	10	7	3	1	3	9	5	0
XMTI4ODE2MDAzNg==	99	38	33	19	18	15	7	13	18	3	17	16	8	13	15	20	10	10	12	12	12	10	20	1	10	14	13	7	6	9	0
XMTI4ODE2Nzg0MA==	97	43	27	13	4	2	0	0	0	8	0	0	0	3	2	5	1	1	0	0	6	1	3	0	1	1	3	2	3	1	0
XMTI4ODE4NDk4OA==	3	1	2	0	0	0	0	0	0	0	0	0	0	0	0	0	0	0	3	12	0	0	0	0	0	0	0	1	0	0	1
XMTI4ODE4NjA0OA==	12	3	3	0	0	0	0	0	0	2	0	0	0	0	0	0	0	0	0	0	0	0	0	0	0	0	0	0	0	0	0
XMTI4ODE5MjQyNA==	818	355	232	74	63	21	17	14	11	7	10	3	1	7	7	6	4	5	7	2	2	1	4	0	2	7	2	2	3	3	0
XMTI4ODExMjAzNg==	101	187	83	59	0	3	0	0	86	1	69	1	1	2	0	4	15	8	6	2	1	6	2629	3	1	4	1	1	0	3	0
XMTI4ODExMzM2NA==	4	10	6	0	0	1	0	0	0	0	0	0	0	0	0	0	0	0	0	0	0	0	0	0	0	0	0	1	0	0	0
XMTI4ODEyMjM3Ng==	10	5	3	0	0	0	1	0	0	0	0	2	0	0	0	0	2	0	0	0	1	0	0	0	0	0	0	0	0	0	0
XMTI4ODEzNjU0MA==	26	14	12	2	1	1	0	0	0	1	1	1	1	3	0	1	1	1	0	0	0	0	1	0	0	0	0	0	0	0	0
XMTI4ODI1MzU3Ng==	5	2	2	0	0	0	0	0	0	0	0	0	0	0	0	0	0	0	0	0	0	0	0	0	0	0	0	0	0	0	1
XMTI4ODI1NjIxMg==	103	201	66	14	14	5	6	2	3	2	1	0	1	0	0	0	3	0	1	2	1	0	0	1	0	0	3	0	0	3	0
XMTI4ODI1ODM3Ng==	4	10	9	0	0	0	0	0	0	0	0	0	0	0	0	0	0	0	0	0	0	0	0	0	0	0	0	0	0	0	0
XMTI4ODI4ODI1Mg==	21	15	29	1	0	0	1	0	0	0	0	0	1	0	0	0	0	0	0	1	0	0	0	0	0	0	0	0	0	0	0
XMTI4ODIxNzM0MA==	70	21	31	5	4	4	2	9	2	5	1	3	6	5	8	8	2	3	2	10	41	11	10	13	9	9	14	62	7	7	0
XMTI4ODIyMDUwNA==	24	14	9	1	0	5	1	0	3	0	1	7	6	0	9	3	1	1	4	6	0	0	0	0	0	1	0	0	0	0	0
XMTI4ODIzMzg3Ng==	6	2	2	0	0	0	0	0	0	0	0	0	0	0	0	0	0	0	0	0	0	0	0	0	0	0	0	0	0	0	0
XMTI4ODIzNzY2OA==	481	1319	947	118	74	57	37	24	23	27	12	89	486	30	46	43	31	28	47	45	71	202	275	198	475	444	320	263	201	200	0
XMTI4ODIzOTQ0NA==	3821	1268	1195	681	370	262	231	146	120	178	177	138	194	224	133	147	120	137	135	122	157	120	88	77	101	102	96	90	55	89	0
XMTI4ODMwNDI3Mg==	6	2	2	0	0	0	0	0	2	0	0	0	0	0	0	0	0	0	0	0	0	0	0	0	0	0	0	0	0	0	1
XMTI4ODMwNjY5Mg==	11	6	5	0	0	0	0	0	0	0	0	0	0	0	0	0	0	0	0	0	0	0	0	0	0	0	0	0	0	0	0
XMTI4ODMwNzg1Mg==	5837	4695	14453	2265	757	391	276	241	333	1185	159	144	113	66	93	84	66	69	68	61	53	38	54	63	61	59	64	50	47	38	0
XMTI4ODMwOTMzNg==	26	9	11	4	2	1	0	0	3	0	1	0	0	1	0	2	0	3	3	1	1	0	0	0	0	1	0	0	0	0	0
XMTI4ODMwOTU4NA==	51	21	16	1	2	3	1	3	4	2	2	0	2	0	0	1	1	1	1	0	0	0	0	1	0	0	0	0	2	3	0
XMTI4ODMxMjc4NA==	7	2	2	1	1	0	0	0	0	0	0	0	0	0	0	0	0	0	0	0	0	1	0	0	1	0	1	0	0	0	1
XMTI4ODQ1MDgzMg==	6	3	2	1	0	0	0	0	0	0	0	0	0	0	0	0	0	1	0	0	0	1	0	0	0	0	0	0	0	0	1
XMTI4ODQ1MjcyOA==	26	8	13	0	3	1	0	3	1	0	0	0	0	0	0	0	1	0	0	2	0	1	0	0	1	0	0	0	0	0	0
XMTI4ODQ1ODEzMg==	200	111	81	0	3	2	2	1	0	0	0	0	0	0	0	1	1	0	1	0	0	0	0	0	0	0	0	0	1	0	0
XMTI4ODQ2MTEyNA==	61	15	20	1	0	0	0	0	0	0	0	1	0	0	1	1	0	2	4	1	1	1	1	4	2	2	0	0	0	0	0
XMTI4ODQ2Mjg4MA==	3772	1151	1474	150	126	70	57	36	33	19	25	28	8	12	13	5	13	2	15	2	10	12	5	6	3	4	3	3	4	19	0
XMTI4ODQ3MDk5Mg==	1237	383	419	148	176	51	33	27	29	16	21	14	22	19	23	11	10	20	11	17	12	10	18	7	12	11	14	4	8	12	0
XMTI4ODQ3NjU4MA==	171	69	57	25	33	17	13	18	11	2	6	3	7	1	21	7	6	5	3	2	5	1	2	3	2	4	2	2	4	1	0
XMTI4ODQ3ODExNg==	1283	624	469	142	167	63	67	78	91	89	64	35	22	15	15	24	18	38	19	22	22	33	28	18	16	39	20	20	8	22	0
XMTI4ODQxMTEwNA==	269	104	109	35	24	28	12	15	23	6	7	12	12	14	8	5	4	13	1	10	8	4	5	5	7	4	7	9	6	7	0
XMTI4ODQxNjc2MA==	110	28	31	9	4	7	3	1	1	4	0	0	0	2	4	0	0	0	0	1	1	0	2	0	6	0	0	1	4	0	0
XMTI4ODQxOTg5Mg==	4	1	1	0	0	0	0	0	0	0	0	0	4	0	0	0	0	0	2	2	0	0	0	0	0	0	0	0	0	0	1
XMTI4ODQyNTk5Ng==	79	29	33	6	15	4	0	0	1	2	0	1	0	1	0	0	0	0	1	2	0	1	0	0	0	0	0	1	0	0	0
XMTI4ODQzMTMwOA==	6	2	2	0	0	0	0	0	0	0	0	0	0	0	0	0	0	0	0	0	0	1	1	1	0	0	0	0	0	0	1
XMTI4ODU0MDA5Mg==	174	48	48	41	13	6	3	3	2	1	1	0	1	0	0	0	1	2	1	2	2	0	0	0	0	4	1	0	0	1	0
XMTI4ODU0NDA5Mg==	25	9	7	1	2	2	1	0	2	4	0	1	2	1	2	4	3	1	0	0	0	0	1	0	1	1	0	0	0	0	0
XMTI4ODU2ODUyMA==	61	184	107	39	18	7	8	3	4	5	4	6	1	3	0	2	2	6	2	1	2	0	1	1	1	1	1	0	2	5	0
XMTI4ODU2OTg0NA==	109	303	133	39	12	6	2	6	6	12	1	2	2	4	6	0	3	1	1	4	3	0	1	0	0	1	3	2	0	0	0
XMTI4ODU5MjYxNg==	3	1	1	0	0	0	0	0	0	0	0	0	0	0	0	0	0	0	0	0	0	0	0	0	0	0	0	0	0	0	1
XMTI4ODUwMjQ0NA==	86	41	100	0	2	2	0	0	0	1	0	0	0	0	1	1	0	0	0	1	0	0	0	0	6	0	0	0	0	0	0
XMTI4ODUwNzI4NA==	179857	108407	82619	14096	10111	11027	9607	9111	9198	9736	5515	4266	3675	6274	2019	4190	5225	58	761	629	513	1882	340	1511	642	495	517	445	330	228	0
XMTI4ODUxNTM4OA==	352	163	127	47	37	26	30	32	29	10	24	22	25	21	24	22	30	33	46	57	48	59	44	67	52	41	40	40	27	58	0
XMTI4ODUyMTgzNg==	63	28	23	12	4	3	8	1	1	7	3	6	4	5	2	2	4	3	7	3	4	3	4	3	5	6	7	63	7	3	0
XMTI4ODUyNzAzNg==	3	1	1	0	0	0	1	0	0	0	0	2	0	1	0	0	0	0	0	0	1	0	0	0	0	0	0	0	0	0	1
XMTI4ODUzMTU2OA==	206	77	73	28	20	25	21	13	15	15	16	22	18	15	6	12	15	14	8	7	9	9	21	11	5	6	7	6	12	9	0
XMTI4ODUzNTg4OA==	73	28	83	3	4	1	0	0	1	1	1	0	0	0	0	0	0	0	3	0	3	40	1	1	1	0	2	2	0	0	0
XMTI4ODUzNzYwOA==	67	28	85	0	1	4	1	0	3	4	1	2	1	25	2	7	4	1	6	2	0	3	3	2	3	0	1	0	0	1	0
XMTI4ODY0ODg4OA==	40	18	23	1	1	3	2	6	9	6	5	2	2	1	1	2	1	0	1	2	3	2	0	0	1	0	0	1	1	0	0
XMTI4ODY5NzQ0OA==	3	2	1	0	0	0	0	0	0	0	0	0	0	0	0	0	0	0	0	0	0	0	0	0	0	0	0	0	0	0	0
XMTI4ODYwOTQ2MA==	7	2	2	1	0	1	0	2	0	0	2	8	0	2	0	0	0	0	0	0	0	0	0	0	0	0	0	0	0	0	1
XMTI4ODYxMTcyMA==	3	1	1	0	0	0	0	0	1	0	0	0	0	0	0	0	0	1	6	0	0	0	0	0	0	0	0	0	0	0	1
XMTI4ODYzOTM3Ng==	8	6	3	0	0	1	0	2	2	0	7	1	0	1	0	0	0	0	0	0	1	0	0	0	0	0	1	1	0	0	1
XMTI4ODc0NTY4OA==	1	1	2	0	0	0	0	0	0	0	0	0	0	0	0	0	0	0	0	0	0	0	0	0	0	0	0	0	0	0	0
XMTI4ODc0OTUzNg==	6	3	2	0	0	2	0	0	1	0	1	0	0	2	3	0	0	0	0	1	4	1	0	0	0	2	0	2	1	1	1
XMTI4ODc1NjA1Mg==	33	13	23	0	0	0	2	2	5	0	0	0	0	0	0	0	0	1	0	0	0	2	0	0	0	1	0	0	0	0	0
XMTI4ODc1ODI4MA==	25	39	91	3	0	0	1	1	0	0	0	0	1	0	0	2	0	0	1	0	1	0	0	1	0	0	0	0	0	0	0
XMTI4ODc3NDY4OA==	4	2	2	0	0	0	0	0	0	0	0	1	0	0	0	0	0	0	1	0	0	0	0	0	0	0	0	0	0	0	1
XMTI4ODc5MDM3Mg==	19	9	6	0	4	0	2	0	0	0	0	1	0	0	0	0	0	0	0	1	0	0	0	0	0	0	0	0	0	0	0
XMTI4ODc5OTY5Mg==	2	1	1	0	0	0	0	0	0	0	0	0	0	20	22	24	36	46	69	74	47	57	35	11	24	11	18	7	19	25	1
XMTI4ODcwNzcxNg==	299	567	212	23	12	8	12	156	14	6	7	4	5	6	0	12	660	10	13	8	5	3	4	1	5	2	1	4	612	1	0
XMTI4ODcyODI1Mg==	1627	785	495	6	68	20	30	25	22	17	4	5	18	7	7	6	11	6	7	5	15	11	9	10	17	6	5	11450	213	2321	0
XMTI4ODg0NjgyNA==	112	363	145	32	34	11	13	8	5	8	5	6	8	7	1	6	4	16	13	18	23	29	18	17	13	19	19	116	8	18	1
XMTI4ODgxODEwOA==	34	23	13	0	1	3	2	1	0	1	1	2	0	0	0	2	1	2	0	1	1	1	0	1	0	1	0	0	2	1	0
XMTI4ODgyOTY4OA==	35	24	93	0	0	2	1	0	0	0	0	0	0	4	1	0	1	0	0	0	0	2	0	0	1	0	0	0	0	0	0
