Log-Linear
0.0984914

Linear
1.234574

Multi-Linear
1.0900092, 0.9881023, 0.9394291, 0.9767307, 0.9340327, 0.9752981, 0.9959329, 1.0169636, 0.9773896, 0.9863678, 1.1242456, 1.0928225, 1.0367258, 1.0320493, 1.2381523, 1.0640083, 1.0879510, 1.1154080, 1.2448542, 1.1769642, 1.2033240, 1.2029030, 1.2948082, 1.3760237, 1.3891083

PBML
1000000
1.177099, 1.297660, 1.190649, 1.574289, 1.383345, 1.701904, 1.952588
1100000
1.159775, 1.171434, 1.375740, 1.811068, 2.083094, 2.023532, 3.838278
0000000
1.357835, 1.421140, 1.010211, 1.411544, 1.276410, 1.917169, 3.392477
others
1.292994, 1.170078, 1.124354, 1.163465, 1.144220, 1.238313, 1.373610

PBML_BP_Training_GroundTruth
1000000
1.0619828, 1.5430088, 1.2872749, 1.5559185, 1.4671142, 1.7456027, 1.9014269, 0.3233667
1100000
1.1059002, 1.1171646, 1.6205519, 1.7902457, 2.0593192, 1.8977517, 3.5552852, 0.3220494
0000000
1.2263919, 1.4428514, 1.0429145, 1.2761985, 1.3206338, 1.6059167, 3.1130931, 0.4231566
others
1.1538779, 1.1166885, 1.0891439, 1.1365905, 1.1126439, 1.1391029, 1.2682472, 0.4521772

PBML_BP_Training_Prediction_RandomForest
1000000
1.0590981, 0.3339345, 0.9102734, 0.9928815, 0.8876235, 0.8344424, 0.9559665, 0.9662559, 0.9632932, 0.9925725, 1.1939797, 1.1608431, 1.1065368, 1.0159638, 1.4091633, 1.0103059, 1.1730932, 1.0241010, 1.3406542, 1.1209629, 1.3443546, 1.2534968, 1.4684744, 1.3870564, 1.8647395, 0.3285392
1100000
1.0702425, 1.0549513, 0.4306568, 0.7595529, 0.6674779, 0.8025147, 0.9481986, 1.0774647, 1.0478711, 0.9883542, 1.0587527, 1.2201268, 1.0535981, 1.0341260, 1.2541239, 1.2186622, 1.0159214, 1.0147117, 1.2414040, 1.0306626, 1.2087485, 1.6553059, 1.5231930, 1.3980681, 1.4620430, 0.1850115
0000000
1.0216349, 1.0290820, 1.0187330, 0.7446599, 0.9335382, 1.0091486, 0.8915960, 1.1024424, 0.9953286, 1.0487402, 1.0063735, 1.2520269, 1.3373092, 1.0218593, 0.9581160, 1.2332978, 1.1687206, 0.9731336, 1.3292224, 1.1413230, 1.2046914, 1.4575109, 1.2974986, 1.6759684, 1.8850911, 0.2051498
others
1.0165313, 1.0179538, 1.0041964, 1.0316487, 1.0019626, 1.0358565, 1.0414406, 1.0602777, 1.0290318, 1.0287165, 1.1381200, 1.1185796, 1.0769111, 1.0606155, 1.1601269, 1.0905153, 1.1575532, 1.1577957, 1.2370098, 1.2185871, 1.2061714, 1.1938113, 1.2742644, 1.2775034, 1.3161615, 0.2529395







