XMTM2MDk2Mzk4OA==	8380	13531	5417	4102	79	1703	1888	1302	1719	1863	1412	1526	1375	1110	1217	2063	1286	1368	691	701	816	1365	1443	626	385	1059	487	823	840	768
XMTM2MTM3Mzc5Ng==	25	2204	4	6	6	7	5	8	11	2	3	2	12	11	2	0	2	3	1	0	3	2	2	107	12	13	271	24	77	0
XMTM2MTA0NzI0OA==	234	609	463	212	13	107	126	90	14	4	5	8	0	1	1	2	0	1	3	31	1	1	2	2	0	2	1	0	0	1
XMTM2MDc2NzM3Ng==	9	22	3	5	1	1	4	0	2	0	0	1	0	0	1	0	1	0	0	0	0	0	0	1	1	0	0	1	3	1
XMTM2MTcxNjg5Mg==	130	214	61	46	3	24	27	28	33	20	18	21	10	3	1	17	23	16	0	83	15	15	5	19	5	2	9	20	12	14
XMTM2MTQzNTQwMA==	24	41	22	10	5	11	7	25	28	26	8	1	3	2	0	3	2	4	2	50	10	13	17	4	2	4	6	7	6	8
XMTM2MTUwNjE0OA==	27	64	12	5	0	0	5	7	3	2	7	4	1	0	6	2	1	1	0	27	8	5	1	0	1	2	5	3	2	5
XMTM2MTQ1Mzg0NA==	5	7	4	0	1	1	0	0	0	0	0	0	0	0	0	0	0	0	0	0	0	0	0	0	0	0	0	3	1	2
XMTM2MTM0OTcyNA==	2997	3949	1634	1626	106	542	1181	906	523	558	571	496	486	575	392	278	207	220	206	223	234	158	218	150	177	245	105	195	139	158
XMTM2MTE0NDc2OA==	21834	63147	12183	11137	12883	11502	11053	11744	11283	11980	5	16	11	12	82632	68	2	17	7	4	7	32	22	40	24	31	14404	23	1	0
XMTM2MTIyNjI2MA==	8	12	5	3	2	4	1	1	5	0	1	1	2	0	0	0	1	1	0	6	1	3	0	1	1	0	0	1	4	2
XMTM2MTAyMjAwOA==	7	34	0	0	2	0	0	0	0	0	0	1	0	0	0	0	0	0	0	0	0	0	0	0	1	0	0	0	0	0
XMTM2MTU5NzE0NA==	45	190	24	18	6	1	3	23	5	1	3	0	1	0	0	0	0	0	1	7	1	0	0	1	0	0	1	0	0	1
XMTM2MTQzMDg1Mg==	15	49	10	14	23	9	22	40	21	14	3	3	5	4	15	0	3	1	7	26	21	8	1	1	0	2	3	4	2	16
XMTM2MDc5Njg0MA==	109	126	42	40	34	32	29	25	16	31	21	38	27	0	82	146	20	1	0	92	49	25	20	9	0	16	23	17	19	16
XMTM2MTQ4Nzg2NA==	172	350	98	31	12	0	10	14	7	10	8	5	8	0	2	2	6	1	2	15	8	1	3	3	1	0	3	2	2	16
XMTM2MTUzNjg5Ng==	42	65	8	15	3	10	21	31	19	17	13	5	4	6	4	34	3	0	1	38	8	3	13	6	4	13	1	6	3	6
XMTM2MTQ3MzkwNA==	9	15	3	4	3	6	4	6	7	9	11	5	2	2	1	1	2	4	2	4	5	5	3	1	0	3	0	0	1	14
XMTM2MTMyMzM2OA==	13	20	4	14	1	4	8	6	2	0	0	2	0	1	0	1	0	0	1	3	0	2	1	1	0	0	0	0	1	0
XMTM2MTY0MTgwMA==	22	46	25	3	1	0	3	0	0	1	0	0	0	0	1	0	0	0	1	2	0	0	0	0	0	1	0	0	0	0
XMTM2MTIwNTQzMg==	145	310	118	98	10	21	23	44	25	16	9	38	33	14	2	41	62	15	1	66	2	0	2	1	0	74	5	5	0	0
XMTM2MTA5NTczMg==	320	89537	823	456	260	144	145	100	87	102	109	76	71	59	31	70	78	101	46	4	47	25	40	16	17	13	16	1612	1410	294
XMTM2MTExMDI3Mg==	137	410	19	5	4	0	0	3	0	0	1	4	1	0	2	6	0	6	1	1	0	0	0	1	0	1	32	3	22	2
XMTM2MDg3MDU0MA==	33	65	13	29	11	21	1	7	1	1	3	2	5	3	2	0	1	0	16	3	1	0	0	1	0	1	2	1	1	0
XMTM2MTQ5MDk5Mg==	1474	2038	1249	655	237	277	487	199	108	254	67	142	92	107	86	71	86	66	78	62	56	68	16	30	10	4	32	45	36	26
XMTM2MTQ1NDI4MA==	156	313	68	11	10	5	3	5	5	1	3	3	2	2	4	11	25	0	1	1	4	1	1	3	1	9	1	3	8	14
XMTM2MTI1MTgzMg==	479	787	311	308	59	131	147	143	85	99	65	51	58	48	46	32	14	79	29	46	34	20	41	26	25	35	29	35	19	41
XMTM2MTQwNDQwOA==	7	93	0	1	0	0	0	0	0	0	1	0	3	0	0	0	1	0	0	0	0	0	0	0	1	0	0	3	0	0
XMTM2MTYyNDA4OA==	29	88	0	11	0	2	0	1	4	3	1	3	0	0	0	1	1	0	1	4	0	0	0	0	1	0	0	0	0	0
XMTM2MTIzNTI2NA==	38	329	1	1	0	0	0	0	0	0	0	0	0	0	0	0	0	0	0	0	0	0	18	19	10	0	7	5	8	0
XMTM2MDgwMzk4NA==	42	90	19	6	2	1	5	0	3	4	0	0	0	1	0	1	1	0	0	2	3	0	0	0	0	0	0	0	1	0
XMTM2MTYxMzc4NA==	171	1777	327	317	139	450	483	481	182	5	61	53	50	11	77	44	77	120	47	64	64	73	60	35	3	138	47	77	64	42
XMTM2MTU2MjE1Mg==	4444	6924	3532	1297	339	462	589	388	263	54	261	311	94	122	81	18	96	84	86	74	67	241	6	186	359	60	93	2	51	67
XMTM2MTQ4Nzk0OA==	64	133	25	5	1	2	1	0	3	0	3	3	1	1	2	1	0	2	0	8	1	1	0	1	0	0	0	5	2	16
XMTM2MDg5MDQ1Ng==	91	153	63	21	1	2	10	20	21	13	1	7	2	5	4	5	6	6	0	34	0	4	1	2	1	5	8	2	4	1
XMTM2MTQ2MTg2OA==	139	3027	139	40	45	22	24	14	1	17	2	24	31	20	15	11	9	9	9	56	15	18	27	4	1	19	9	18	8	10
XMTM2MTExOTYxNg==	290	1191	618	632	461	488	427	428	344	388	338	323	718	910	879	680	550	528	289	434	350	325	390	376	259	351	197	456	374	362
XMTM2MTMzMzYyNA==	10	16	6	4	2	6	3	3	2	1	1	3	0	0	1	0	0	2	1	10	2	1	1	0	2	1	1	1	0	0
XMTM2MTIyMTc1Mg==	1540	527067	185584	4808	17274	17903	9017	2788	11521	16021	3356	13	1005	729	12243	6907	1035	1016	918	1280	6660	3461	691	302	432	749	543	3206	31507	14796
XMTM2MTI3MTk0MA==	6	15	5	2	0	0	0	0	0	0	1	0	0	0	0	0	1	1	0	1	0	0	0	0	0	0	0	0	0	0
XMTM2MTUzMDE3Mg==	7	22	12	3	0	1	0	0	0	0	2	0	0	2	0	11	3	0	0	1	0	0	0	0	0	4	0	0	0	0
XMTM2MTE5NjYwMA==	81	233	65	70	21	50	62	77	40	24	16	18	17	5	11	25	0	0	4	70	8	7	0	19	3	4	7	35	11	22
XMTM2MTU1NDQyOA==	107	628	172	70	1	11	7	20	11	16	6	1	2	11	1	0	1	2	1	41	2	2	0	0	1	2	0	1	0	0
XMTM2MTQ5ODk5Mg==	67	269	168	101	2	2	17	2	0	1	0	1	0	3	0	0	0	0	0	0	1	0	0	3	3	1	9	2	0	0
XMTM2MDc3MTgwMA==	6	20	2	1	0	0	1	1	0	1	0	0	1	0	0	0	0	0	0	2	2	0	0	0	0	3	1	0	1	0
XMTM2MTMwNDQ4MA==	28	32	8	8	5	12	8	7	7	10	1	13	9	14	1	0	0	5	1	20	4	3	3	0	2	0	25	10	3	6
XMTM2MTMxMTk0MA==	406	498	279	158	25	58	57	54	49	71	55	48	24	7	29	23	22	14	46	197	71	58	85	72	72	145	25	58	44	36
XMTM2MTU5MTA4NA==	57	191	12	2	2	3	1	0	1	0	0	0	3	0	3	1	0	3	1	0	0	0	0	1	0	1	2	1	0	0
XMTM2MTM2MjU4OA==	9070	19891	8921	4668	3498	6767	7499	2626	3135	2693	1430	2374	1588	1188	1131	1078	895	1033	858	1928	1097	1154	1334	255	1093	505	899	2009	4366	1064
XMTM2MTMzNTIyNA==	637	875	437	436	22	244	130	123	90	102	143	52	102	63	44	99	62	39	57	33	28	49	50	44	21	49	31	32	29	28
XMTM2MTU4NjQ4MA==	1122	3813	875	682	135	725	876	1107	190	134	12	7	42	84	74	40	71	68	80	57	55	48	64	54	37	55	31	45	42	45
XMTM2MTU2MTE2OA==	793	3502	714	897	703	1227	1031	1029	141	86	9	5	61	79	167	63	168	66	141	75	84	112	31	92	44	139	187	77	138	465
XMTM2MDgxNDg1Ng==	24	30	10	3	10	13	6	8	7	2	0	0	1	0	0	0	0	1	20	2	9	1	1	1	1	3	0	0	2	1
XMTM2MDk1MTk4OA==	3	10	4	0	0	0	0	0	0	1	0	0	0	1	0	0	2	0	0	4	1	0	1	0	0	8	0	1	0	0
XMTM2MDczNDQ2MA==	10	39	7	0	0	2	0	0	0	0	0	0	1	1	3	5	2	2	0	3	0	1	0	0	2	0	0	2	0	0
XMTM2MTUzMTEzMg==	6	27	7	4	0	2	6	9	15	3	0	2	2	0	3	8	0	0	3	7	5	3	2	1	1	2	2	0	4	10
XMTM2MTI4MzMwMA==	5	12	6	3	0	0	2	3	1	20	20	33	5	41	56	19	61	34	37	278	144	297	360	112	60	110	102	92	194	161
XMTM2MDg0NzUzNg==	30	78	24	12	2	0	0	0	0	1	2	1	0	0	1	3	2	0	2	1	1	0	1	0	0	1	1	0	0	0
XMTM2MTUxNTI0MA==	105	111	41	34	1	1	85	26	17	39	15	22	4	10	3	3	1	1	1	72	8	4	15	0	3	6	40	7	9	0
XMTM2MDg2MzgyNA==	18	66	0	0	0	0	0	0	0	0	1	0	0	0	0	0	0	0	0	1	2	0	0	4	0	1	0	1	0	0
XMTM2MDg5MjM5Ng==	35	140	43	14	3	0	2	5	8	1	15	6	9	26	152	72	198	77	0	45	2	19	9	2	1	1	1	3	0	2
XMTM2MTAxNzA0NA==	4	15	4	1	1	0	1	0	2	1	0	3	3	0	2	0	2	1	0	12	0	1	1	0	0	0	2	2	3	2
XMTM2MDk0NjY4MA==	50	129	1	0	0	1	0	0	0	0	1	0	0	0	0	0	1	0	0	0	0	0	0	0	0	0	0	16	1	0
XMTM2MTE1MDUyMA==	1841	2651	1246	757	427	1351	964	448	534	548	377	322	479	534	530	434	396	558	315	150	196	163	276	90	137	202	80	95	65	40
XMTM2MTYwMDIwNA==	164	506	42	14	7	6	3	2	0	1	1	0	0	3	1	1	0	6	0	1	2	3	0	0	1	1	0	0	0	5
XMTM2MDk2NjM2MA==	502	17052	26	18	9	10	14	10	23	10	0	9	2	6	0	37	6	1	1	1	2	2	2	2	2	5	2428	476	1732	14
XMTM2MTM1MTM4MA==	929	1304	393	490	86	301	212	204	121	121	130	69	113	72	103	71	73	66	80	85	81	106	93	54	45	75	58	71	67	114
XMTM2MTM1Nzg3Ng==	264	2610	1363	621	113	106	131	124	61	42	88	72	49	28	40	23	53	4	5	13	24	12	13	11	4	12	4	4	2	12
XMTM2MTIyMjEwOA==	527	21996	4105	2149	41	6589	13196	2978	2168	954	574	543	350	253	295	301	293	302	107	195	164	173	176	104	60	139	106	139	100	107
XMTM2MTIwNjY5Ng==	1717	3132	889	819	357	621	638	2701	1183	813	80	626	413	535	898	753	162	116	68	128	659	1460	869	156	63	224	143	155	504	372
XMTM2MTY1NzQ4OA==	2	6	0	0	0	0	0	0	0	0	0	0	0	1	0	0	1	0	0	0	0	0	0	0	0	0	0	0	0	0
XMTM2MTUyNTU0OA==	9	12	2	5	5	1	4	7	3	5	5	2	0	0	5	1	2	21	4	1	4	5	0	2	1	1	1	2	0	6
XMTM2MTU1MTc3Mg==	42	119	82	31	10	18	20	15	9	8	9	4	2	0	0	0	0	1	0	17	4094	2533	3758	1311	362	393	217	241	144	141
XMTM2MTYzMTU4MA==	66	221	1	4	6	1	0	0	0	2	0	1	0	1	1	2	0	0	0	0	0	0	3	0	0	13	12	8	0	134
XMTM2MTQ4NzE4MA==	10	21	4	7	9	3	1	2	1	2	1	3	7	5	3	1	7	3	10	0	1	2	3	4	6	1	0	1	6	2
XMTM2MTYyMDQ5Ng==	20	58	18	24	24	16	9	15	13	11	9	6	2	1	13	5	12	4	5	48	8	8	7	4	0	0	3	1	1	2
XMTM2MTQzNzU0OA==	10	39	19	27	8	28	1	15	4	10	39	13	23	10	32	64	9	20	13	15	25	9	18	30	42	67	14	36	43	32
XMTM2MDk2MDE5Ng==	398	547	301	313	27	82	135	163	149	136	83	135	147	66	93	31	47	50	18	35	41	32	53	26	6	35	35	51	40	33
XMTM2MDkzNDEzMg==	73	86	22	34	14	24	30	22	25	21	15	1	4	2	1	0	1	1	10	89	6	12	0	11	0	4	2	5	9	5
XMTM2MTQ5MzMxNg==	164	1051	150	95	34	99	142	167	53	43	32	38	35	37	67	36	59	84	2	38	63	49	58	70	4	64	46	27	30	33
XMTM2MTIxNDU1Mg==	237	474	162	154	3	19	54	67	23	22	6	42	57	29	3	46	47	22	2	84	1	0	1	2	1	94	8	3	0	0
XMTM2MTYwMzkzMg==	77	194	30	28	7	18	27	9	5	5	4	6	4	7	11	17	13	4	3	54	11	9	30	9	9	25	23	58	36	10
XMTM2MTU5NzYzNg==	1	2	1	1	0	1	0	1	0	0	0	0	1	0	0	0	0	0	1	0	2	0	0	1	0	3	0	0	1	2
XMTM2MTM3NDk1Ng==	591	1102	293	149	10	26	28	85	33	35	45	26	12	13	8	4	8	3	3	81	9	5	2	7	4	6	5	12	8	9
XMTM2MDc3Mzk0MA==	23633	74100	12038	12767	9068	49	59	22	8	3	6	24	1	8	2	1	1	1	1	41	12	11	19	9	0	5	6	12	16	9
XMTM2MTMyMzc3Ng==	411	1645	497	241	30	17	49	118	57	19	47	29	38	68	25	11	3	19	3	163	29	86	51	3	22	9	11	9	14	13
XMTM2MTUwMjQwNA==	6084	42272	10556	1081	663	316	937	111	268	371	668	1037	1039	579	246	121	168	122	88	136	114	120	150	118	61	135	116	118	112	103
XMTM2MTMzMDYyNA==	25	77	53	39	14	14	5	11	7	6	0	3	0	2	1	1	2	2	2	15	3	1	1	0	0	0	1	0	0	0
XMTM2MDgwMzUyOA==	117	293	7	6	1	4	5	0	0	1	1	0	1	2	0	1	0	15	4	0	1	2	3	1	0	0	4	0	2	1
XMTM2MTUzNDg3Ng==	6	54	1	0	0	0	0	0	0	0	0	0	0	0	0	0	0	0	0	0	1	1	15	3	1	2	0	0	1	0
XMTM2MTYwOTMzMg==	368	879	310	187	11	126	131	163	57	48	11	40	11	23	40	5	18	27	17	56	29	24	26	13	14	3	13	13	13	14
XMTM2MTI5ODMzMg==	55	92	26	15	8	1	2	2	1	1	0	0	1	0	1	0	1	2	0	0	1	0	2	0	0	3	1	0	0	0
XMTM2MTA2Nzk5Ng==	197	265	109	72	6	16	46	65	46	29	20	17	49	15	68	17	18	31	11	90	13	43	45	43	23	30	23	50	29	30
XMTM2MTI3MDc5Ng==	5	11	1	0	0	0	1	0	1	0	0	0	0	0	0	0	0	0	0	0	0	0	0	1	0	2	0	0	0	0
XMTM2MTc0MjQ0NA==	4	5	3	2	0	0	3	7	3	3	0	0	2	6	1	0	1	0	1	14	2	7	0	4	1	2	0	1	4	5
XMTM2MTQ3NjcwMA==	146	3141	362	15	35	35	12	18	12	1	0	2	2	0	0	3	5	3	8	36	3	6	5	1	3	7	2	13	3	0
XMTM2MDc1MTkwOA==	7372	25711	13975	5006	285	2785	2841	3418	3308	1804	990	1947	1712	1466	1409	1028	646	253	121	170	265	961	819	185	222	512	195	1110	335	318
XMTM2MTMyNDkyNA==	750	5403	3014	1505	461	1020	508	540	344	272	290	340	293	313	419	415	255	319	189	189	229	258	267	135	203	356	151	243	190	242
XMTM2MTU5NjI5Mg==	25	104	0	0	0	0	0	0	0	0	0	1	0	0	0	0	1	0	0	0	0	0	0	0	0	0	22	18	2	0
XMTM2MTI3Njk0NA==	5738	8409	2819	1681	153	3773	4283	2494	1547	3311	1617	1660	1126	1686	1012	677	436	364	294	304	688	448	243	294	254	371	196	319	250	225
XMTM2MTIzNDk0MA==	3194	4586	1622	1010	55	1251	1246	1464	1559	948	930	660	521	457	645	627	675	670	638	536	346	345	447	337	337	407	367	9134	4515	886
XMTM2MTU4NDE2MA==	139	1184	242	84	14	2	31	43	37	5	1	5	4	2	2	1	2	2	0	18	1	3	1	3	0	3	1	1	1	1
XMTM2MTE4OTcxNg==	6	35	1	1	5	1	1	0	0	0	0	0	0	0	0	0	0	0	0	0	0	0	0	0	0	0	0	0	0	0
XMTM2MDk1NzM0MA==	5	19	3	8	0	5	1	2	3	5	1	1	3	0	2	2	1	3	0	14	5	0	0	0	0	7	1	1	0	1
XMTM2MTI3MTEyMA==	6	34	0	0	0	0	0	0	0	0	1	1	0	0	0	0	1	0	0	0	0	0	0	0	0	1	0	3	1	0
XMTM2MTU3NjA0MA==	568	911	205	277	49	214	120	150	151	103	141	108	146	166	135	123	158	189	150	167	197	219	230	138	133	246	139	143	131	155
XMTM2MTQxMDIwMA==	1811	12615	432	292	209	123	63	65	5	188	110	25	75	56	10	378	33	11	5	34	15	20	15	12	23	50	30	327	903	36
XMTM2MTQ2ODg0OA==	9	21	6	0	2	3	2	8	25	1	1	0	2	2	0	3	1	5	10	1	2	2	13	2	4	0	3	1	0	0
XMTM2MTIxNTAyNA==	70	189	37	70	12	38	18	26	18	14	32	19	22	7	1	1	2	4	7	64	10	8	11	0	8	1	4	2	1	1
XMTM2MTY0MTI2NA==	138	195	68	70	5	8	33	68	107	90	10	6	24	9	2	7	1	0	1	17	1	0	2	0	1	2	1	0	2	2
XMTM2MTQ5MzQ1Mg==	82	384	35	18	18	7	5	7	11	9	9	6	0	2	24	13	10	0	2	60	10	6	4	11	4	5	1	12	12	10
XMTM2MTMxMTY0MA==	6388	7696	1863	1763	32	1741	3218	5411	4290	891	574	1985	1638	2148	3937	3329	1047	877	698	811	839	3125	2567	441	367	1035	450	1035	1895	1478
XMTM2MTU1ODMyNA==	4204	8630	5646	4084	2286	1837	2276	2284	1576	2264	714	769	794	582	671	1311	1164	1067	441	259	279	259	683	1018	754	1198	258	480	256	303
XMTM2MTM1NjI4MA==	311	18788	7235	4475	5028	5389	5061	4729	3261	4922	4182	4307	5195	5174	3520	3289	3564	4704	3663	4796	2264	3497	4233	2879	3382	6357	3050	5892	3731	3444
XMTM2MTE5MjEzNg==	5	48	18	2	0	0	0	0	2	0	0	0	1	0	0	0	0	0	0	3	7	0	0	0	0	0	0	0	0	0
XMTM2MTMyNjg5Ng==	318	884	121	100	37	21	4	80	46	46	21	47	80	190	303	12	1	40	41	247	49	42	42	10	7	12	13	25	27	18
XMTM2MTYzMjI3Mg==	4	21	9	9	6	2	3	2	2	0	3	0	1	0	3	1	1	1	1	7	1	0	0	1	1	0	0	0	1	2
XMTM2MTYxNDU4MA==	110	136	52	45	2	24	27	15	16	45	24	4	1	0	1	3	12	1	6	63	4	5	17	2	0	16	8	36	4	9
XMTM2MTU4NDU5Mg==	19	51	0	1	1	0	0	0	0	0	1	0	1	0	0	0	0	0	1	0	0	16	8	0	2	0	0	1	0	0
XMTM2MTA1ODE1Ng==	1776	3838	3072	1204	281	1262	883	825	685	386	297	546	548	404	561	465	350	282	192	287	271	435	455	192	183	383	158	361	394	382
XMTM2MDgzMzY5Mg==	8	119	2	0	0	0	1	0	0	0	0	0	0	0	0	0	0	0	0	1	0	0	0	0	0	1	29	0	0	0
XMTM2MTQwMjQ4NA==	88	218	132	97	22	69	59	69	44	76	19	2	1	2	33	30	0	34	33	19	0	1	1	1	1	0	0	2	0	0
XMTM2MTQyNjM2NA==	8	19	1	1	4	6	12	1	0	2	4	4	2	3	1	15	2	4	0	19	2	14	2	9	1	6	0	3	4	5
XMTM2MDc1Mzc0MA==	39	88	18	19	1	0	4	1	0	0	0	2	1	0	2	0	1	0	1	0	1	1	0	0	0	0	0	0	1	0
XMTM2MTEwOTY4NA==	680	1121	244	480	49	342	334	305	194	251	252	343	336	344	226	202	200	161	124	187	128	161	197	317	7	245	89	222	181	141
XMTM2MTQ4NzE0NA==	239	1718	6	9	5	3	0	5	4	5	1	2	14	2	1	0	1	0	0	3	1	0	13	17	8	40	12	8	13	2
XMTM2MDY3ODU2NA==	8	19	9	7	0	2	2	6	9	15	4	3	0	1	0	2	0	10	1	1	0	3	0	0	1	8	2	0	0	2
XMTM2MTMyODY0MA==	9	20026	1	1	1	0	0	0	0	0	0	1	1	0	0	0	0	0	0	0	0	0	0	1	0	0	100	4	3	0
XMTM2MTYzMzg2OA==	519	1037	197	178	92	119	125	99	62	107	67	105	30	21	7	23	35	26	25	56	34	33	38	29	18	25	39	27	27	35
XMTM2MTUxMzkzMg==	1049	1450	716	629	29	222	330	288	209	320	157	225	155	114	133	124	102	125	67	87	80	83	89	96	34	70	81	58	53	56
XMTM2MTYwMTI4OA==	149	901	107	94	23	67	117	106	3	1	1	1	0	3	2	1	7	31	1	2	2	7	2	0	2	3	4	58	5	13
XMTM2MTIwMTEwOA==	375	486	242	123	20	28	87	47	48	61	40	34	50	41	27	24	53	26	11	34	15	54	55	40	77	58	19	27	31	29
XMTM2MTYzNjI3Ng==	882	2572	31	107	85	58	14	28	38	49	32	15	19	12	33	50	18	23	21	15	15	17	17	16	4	7	4	7	25	18
XMTM2MDk2NzQxMg==	312	23010	898	196	106	74	114	109	55	92	60	52	103	77	96	41	93	68	43	39	58	50	46	4	26	26	19	147	2895	26
XMTM2MTYyNzE4OA==	11	17	5	2	2	0	2	0	5	4	2	0	1	1	2	0	3	4	3	15	4	5	2	0	1	1	1	1	0	4
XMTM2MTI5MzUwMA==	5828	27807	1565	486	239	66	53	97	97	61	54	71	52	35	48	66	37	47	58	47	27	81	36	64	49	45	1216	2206	1922	107
XMTM2MTI3NzY4MA==	3	4	1	3	0	0	0	0	0	0	0	0	0	1	0	0	0	0	0	0	0	0	0	0	0	0	0	0	0	0
XMTM2MTQ0MjY5Ng==	7	13	1	6	3	1	2	5	5	3	1	0	0	2	0	1	0	1	7	1	0	0	1	3	1	4	1	10	0	2
XMTM2MTQ3ODA4MA==	4	19	10	3	0	0	0	1	0	0	0	0	0	0	0	0	1	0	0	1	0	0	0	0	0	1	1	0	0	0
XMTM2MTA2ODk5Ng==	209	254	123	46	41	24	39	62	40	51	34	26	11	29	33	46	24	52	24	93	29	53	48	59	25	36	19	36	26	27
XMTM2MTUwMjYzMg==	17	308	32	0	0	1	2	0	2	1	1	0	0	1	0	0	5	1	0	3	0	3	0	4	1	0	0	0	1	0
XMTM2MTUwNzg4MA==	203	371	126	84	5	63	64	75	143	123	132	166	196	210	236	46	124	216	73	2	322	19	88	11	51	121	43	175	142	112
XMTM2MTU5NjU3Ng==	232	1350	176	166	45	283	379	275	57	39	9	18	26	29	54	25	16	13	16	22	24	19	18	12	20	18	80	20	10	260
XMTM2MDkyODY2MA==	167	189	60	50	24	51	66	88	58	101	52	46	83	45	100	105	74	92	42	74	85	76	96	55	32	46	74	84	74	90
XMTM2MTU4ODAxNg==	23	8632	197	254	212	138	125	120	25	16	14	19	23	30	21	29	21	3	5	34	15	19	9	15	6	14	16	33	20	18
XMTM2MTE0ODc2OA==	102	134	46	17	83	16	1	2	1	0	0	0	0	2	0	5	2	2	0	1	0	0	0	1	0	1	0	1	0	0
XMTM2MTU2NDg4OA==	650	3547	21	12	3	5	2	2	1	0	0	4	2	0	4	3	8	0	0	0	0	0	3	2	1	0	0	85	631	10
XMTM2MDk3NzU0NA==	2188	45513	14551	855	1185	111	55	702	2677	830	1631	340	254	17	166	129	2258	425	174	73	2083	308	1876	165	23	24	29	114	887	1055
XMTM2MTM2NDU5Mg==	46	71	37	20	9	14	12	5	10	4	6	1	0	0	1	0	1	0	0	25	0	2	1	1	1	0	2	8	2	5
XMTM2MTM4NTk2MA==	3	27	6	3	1	0	0	0	0	0	0	1	0	0	0	0	0	0	0	0	0	0	0	0	0	1	0	0	0	0
XMTM2MTI4MDY4OA==	3	4	2	1	1	0	1	3	9	23	13	45	26	32	73	23	83	42	30	255	96	341	397	127	60	122	123	137	222	132
XMTM2MTU5NDEzNg==	35	82	5	5	2	2	1	0	0	1	0	0	0	1	2	1	1	3	6	2	3	3	0	2	0	1	0	0	0	2
XMTM2MTM0ODMxNg==	115	216	55	45	9	1	24	5	1	4	7	1	0	1	1	1	0	1	0	22	5	1	2	2	0	1	1	6	3	0
XMTM2MTU0MzAwMA==	268	444	273	156	13	59	71	44	40	49	57	38	43	5	10	7	1	2	14	86	12	8	6	4	2	12	7	19	6	10
XMTM2MTE3MzU1Mg==	24	49	4	1	0	15	1	0	1	0	0	0	1	0	1	0	0	0	0	2	0	0	0	0	0	0	0	0	0	1
XMTM2MTUzMzU4NA==	1157	4880	2442	2293	1770	2287	2056	1765	1006	1582	1149	961	1297	880	808	821	737	679	449	565	526	602	645	447	371	636	339	683	404	620
XMTM2MTUzNjIwOA==	7	10	5	2	0	1	0	0	1	1	0	0	1	0	0	1	1	1	0	1	0	0	0	0	0	1	0	0	0	0
XMTM2MTA5ODE3Ng==	5	12	1	1	1	0	0	1	1	0	0	0	0	0	4	2	1	0	0	4	0	0	0	0	1	1	0	0	0	0
XMTM2MTYzOTUyMA==	267	348	131	212	3	59	73	80	60	58	29	39	22	29	32	18	18	19	4	55	10	16	21	15	4	1	28	19	15	16
XMTM2MTUxMDA5Mg==	73	186	106	51	38	56	56	149	84	32	7	48	4	0	20	4	16	14	0	132	8	34	33	5	2	15	5	15	19	16
XMTM2MTQyMTI0OA==	91	204	67	5	8	2	1	0	1	0	0	0	1	0	0	0	2	1	0	0	0	0	0	1	0	0	0	4	4	52
XMTM2MDc0NTg4OA==	31308	45091	21484	11715	3738	250	675	3963	6986	1442	1062	3067	2389	1590	3190	791	1125	1200	1794	4777	2702	2251	3100	2852	1739	660	556	1507	1225	1181
XMTM2MTAwNjM3Mg==	251	687	350	340	208	209	106	93	69	60	40	39	41	42	37	36	21	20	21	22	24	14	22	12	15	43	11	145	108	79
XMTI4NDg5NzMzNg==	24	1546	6	2	7	3	1	0	3	6	245	1	0	1	6	1	1	0	0	0	2	1	2	1	2	0	1	0	3	0
XMTI4Nzc5ODgxMg==	1229	14073	17	8	10	5	16	1139	5	6	2	1	5	5	11	1	1	5	7	5	3	2	2	0	1	3	2	0	1	0
XMTI4Nzk4NTY3Mg==	1100	1649	527	319	252	106	145	129	124	88	93	104	115	134	98	80	90	70	57	73	50	39	42	44	35	88	114	58	48	77
XMTI4Nzk5NDU4MA==	8740	10448	5517	1560	1410	1727	3084	1284	807	770	897	782	1829	4714	4219	3659	2609	5382	4620	4702	4415	2543	1183	1023	405	370	320	804	867	232
XMTI4ODA1NTA0NA==	21	54	11	2	7	2	0	0	1	2	2	0	1	0	1	0	1	0	0	0	1	1	2	0	2	4	2	0	0	0
XMTI4ODA2MDg3Mg==	4	5	3	0	0	3	0	0	0	1	0	0	1	4	2	1	2	0	1	1	0	0	0	1	4	0	0	1	1	1
XMTI4ODA2NjEwNA==	10	81	1	0	0	0	0	0	0	0	0	0	0	0	0	0	0	0	0	0	0	1	0	0	0	0	0	0	0	2
XMTI4ODAwMDg2MA==	12	18	15	3	8	4	2	1	1	0	0	0	0	0	0	0	0	0	1	0	0	0	0	0	0	0	0	0	0	0
XMTI4ODAyMTYyNA==	46	97	50	24	22	10	2	6	0	2	2	0	0	0	0	1	1	0	0	4	0	5	0	0	0	0	0	2	0	0
XMTI4ODAyNDc0NA==	50	2237	24	15	13	9	14	391	20	10	7	4	0	5	2	8	3	9	1	3	4	7	2	2	2	4	0	0	4	3
XMTI4ODAzOTc2MA==	446	14962	15	10	25	9	7	7	7	5	6	2	3	5	3	12	3	11	3	3	3	0	4	8	4	3	6	0	2	3
XMTI4ODE1NTkxNg==	65543	140821	107743	40377	58972	37367	39695	791	710	653	722	623	682	751	827	793	656	421	333	312	762	690	733	549	607	556	608	621	190	448
XMTI4ODE1OTU4NA==	283	808	72	21	10	8	4	9	11	11	6	13	11	8	16	17	23	13	21	20	20	24	18	26	19	17	18	12	15	13
XMTI4ODE2NjkwMA==	85	6869	6	1	5	2	1	2	0	0	2	1	3	0	0	3	1	0	6	7	7	4	9	4	5	4	6	2	10	4
XMTI4ODExMjAzNg==	101	187	83	59	0	3	0	0	86	1	69	1	1	2	0	4	15	8	6	2	1	6	2629	3	1	4	1	1	0	3
XMTI4ODExNzEyNA==	12	24	4	0	1	1	2	0	3	0	2	2	0	2	3	0	1	1	1	0	0	0	0	0	0	0	1	2	0	1
XMTI4ODEyMDAzNg==	34	304	30	12	28	38	113	20	9	11	9	4	2	2	3	3	5	2	4	2	1	1	0	5	0	3	1	0	1	0
XMTI4ODEzNDY0MA==	324	1085	50	30	30	27	19	9	7	29	19	19	22	23	22	30	29	29	30	19	25	22	24	24	29	23	18	23	16	24
XMTI4ODI0MzA5Mg==	60	152	131	80	45	4	2	0	3	1	1	1	1	0	0	0	0	0	1	1	0	0	0	0	1	0	2	0	1	0
XMTI4ODI1NDAwOA==	234	960	166	38	11	8	2	5	8	2	2	1	2	1	4	15	9	2	4	5	2	3	7	2	0	1	0	3	0	0
XMTI4ODI2NDYxMg==	33	97	4	5	7	3	2	2	1	4	2	3	2	22	0	4	1	4	1	0	2	5	4	3	2	0	1	6	1	3
XMTI4ODI3NTUwNA==	9860	104251	1620	1716	297	288	295	34	100	195	159	114	137	100	98	83	162	379	244	86	83	128	114	131	139	141	80	84	53	69
XMTI4ODI4NzQwNA==	46	418	1	2	6	1	0	3	1	2	1	1	3	0	0	2	0	1	0	3	1	0	1	0	1	53	0	0	1	0
XMTI4ODI5MjcwOA==	1527	9020	756	112	75	40	23	28	9	11	21	16	16	8	5015	604	92	43	38	22	6	14	11	14	14	4	5	3	0	3
XMTI4ODI5NjYzNg==	53	1969	7	3	8	3	5	1	0	3	0	2	0	1	4	1	1	2	3	1	1	0	0	0	5	1	1	1	0	0
XMTI4ODIwODQ0OA==	4569	5879	5217	1600	808	378	338	513	428	185	221	179	215	156	143	208	160	114	129	189	132	168	200	235	354	334	318	389	340	455
XMTI4ODIxNTE3Ng==	5	9	1	3	1	0	0	1	1	1	0	2	0	1	0	0	1	0	0	1	0	1	0	1	0	0	0	0	0	0
XMTI4ODIyNjgwNA==	119	207	111	19	33	79	26	28	22	17	15	20	5	14	33	266	13	5	5	11	23	15	11	11	6	2	10	2	171	15
XMTI4ODM0MTAwOA==	77	158	93	59	25	7	9	5	10	4	2	7	0	5	2	2	0	3	0	6	2	1	6	4	0	2	3	3	4	1
XMTI4ODM1MDQ2OA==	11	191	0	0	0	2	2	0	1	0	4	0	0	0	1	0	0	0	0	0	0	0	0	0	1	5	2	4	4	2
XMTI4ODM3NjM3Ng==	17284	77569	719	4794	889	4934	11326	666	193	263	317	106	78	54	59	48	113	497	298	77	39	46	42	36	30	34	25	25	38	21
XMTI4ODM4NDA4MA==	749	1985	602	384	547	503	469	372	349	252	138	1159	1978	2017	934	169	114	115	1542	1103	2261	1056	237	200	131	127	101	86	90	91
XMTI4ODM4NzA0OA==	34	332	9	1	0	2	0	1	1	1	0	3	3	1	2	2	0	0	22	21	13	7	2	2	1	2	1	0	1	0
XMTI4ODM4Nzc2OA==	0	1	0	0	0	0	0	0	0	0	1	0	0	0	0	0	0	0	0	0	0	0	0	0	0	0	0	0	0	0
XMTI4ODM5MzcwNA==	462	2030	410	82	90	73	146	173	629	253	289	909	341	1018	366	352	1218	307	374	1480	581	561	1721	591	589	1641	645	706	634	1782
XMTI4ODMwNDI0OA==	78	256	16	10	5	5	5	7	6	1	4	3	2	8	3	4	1	3	8	4	0	1	3	9	2	8	6	40	86	10
XMTI4ODMwODY0NA==	0	1	0	0	0	0	0	0	0	0	0	0	0	0	0	0	0	0	0	0	0	0	0	0	0	0	0	0	0	0
XMTI4ODMyNTA0OA==	85	344	222	214	121	6	6	9	8	7	6	6	6	4	6	11	11	8	16	17	12	8	8	11	9	12	8	17	3	7
XMTI4ODQ0Mzc5Mg==	368	547	167	111	126	155	209	228	119	147	135	93	146	156	86	174	178	106	138	145	156	186	102	118	72	107	102	135	70	79
XMTI4ODQ2ODQ2NA==	12	29	1	2	0	1	2	1	0	2	1	5	0	0	0	0	0	0	0	0	2	0	0	0	0	2	0	1	1	0
XMTI4ODQ3NDEwNA==	8	23	6	3	2	0	0	11	2	2	1	0	0	0	0	1	1	0	0	0	0	0	0	0	0	0	0	0	2	19
XMTI4ODQ3ODQwNA==	2	8	0	1	0	0	0	0	0	0	0	0	0	0	0	0	0	0	0	0	0	0	0	0	0	0	0	0	0	0
XMTI4ODQ4NTc0NA==	174	483	321	168	139	93	97	60	62	48	37	22	14	20	17	39	44	39	15	20	7	10	7	13	9	2	12	22	14	5
XMTI4ODQwODE2NA==	2366	9730	49	705	39	49	41	151	37	45	40	49	22	83	39	19	33	9	9	39	22	17	17	13	23	19	26	31	32	21
XMTI4ODQxMjE4NA==	145	223	130	65	33	6	3	1	0	3	2	2	3	1	5	8	1	8	4	0	1	0	3	0	0	4	3	0	3	0
XMTI4ODQyNTY4NA==	455	748	270	44	34	46	36	29	23	30	21	20	15	14	6	21	24	35	11	7	8	9	29	22	16	13	10	15	20	6
XMTI4ODQyODkyOA==	901	16293	10005	1430	3703	2877	4153	2133	704	499	294	213	116	100	135	121	111	66	70	103	83	70	51	58	69	64	61	42	37	60
XMTI4ODU0NzA1Mg==	147	173	3	135	98	2	2	2	1	2	3	2	3	0	0	0	0	1	1	0	1	2	0	0	0	0	0	0	0	0
XMTI4ODU0ODk4MA==	113	3174	512	1133	581	71	871	115	91	912	77	83	85	64	163	92	97	1178	22	22	25	14	19	22	19	7	17	10	12	21
XMTI4ODU2MjY4NA==	4	18	7	2	0	0	0	0	0	0	0	0	0	0	0	0	0	0	0	0	0	0	0	0	0	0	0	0	0	0
XMTI4ODU2NTM0NA==	6627	89213	10959	6593	7701	5954	5687	3748	1955	1923	1797	591	2125	665	2576	1256	2001	695	654	2142	778	2125	714	1681	584	596	1861	495	541	2054
XMTI4ODU2OTg0NA==	109	303	133	39	12	6	2	6	6	12	1	2	2	4	6	0	3	1	1	4	3	0	1	0	0	1	3	2	0	0
XMTI4ODU3OTg1Mg==	1453	3884	38	64	57	64	50	53	49	54	52	51	40	54	29	50	37	50	52	58	43	40	54	42	39	47	70	34	44	43
XMTI4ODU5MzA1Ng==	41	331	5	4	43	0	2	0	0	0	0	0	0	0	0	0	0	0	0	0	0	0	0	1	3	0	0	0	1	0
XMTI4ODUxMTQzNg==	932058	1128622	594155	271282	288747	188899	173494	161632	55679	41549	33533	25452	28178	24503	31909	27949	20324	15115	12913	12944	11979	18612	25671	12849	9364	8077	7943	8766	13939	14740
XMTI4ODUxNTAyOA==	11	22	10	1	3	0	3	0	0	3	2	2	1	2	0	3	0	0	1	5	4	0	0	1	0	0	0	0	1	1
XMTI4ODUyMjk4MA==	2	6	0	0	0	0	0	0	0	0	0	0	0	0	0	0	0	0	0	0	0	0	0	1	0	0	0	0	0	0
XMTI4ODUyODQ1Mg==	168	668	226	39	36	22	32	21	8	17	17	4	4	3	12	7	6	12	9	178	19	91	6	1	2	8	6	8	4	3
XMTI4ODUzMTc0OA==	74	381	110	14	2	8	6	1	1	2	2	3	5	3	2	5	4	1	14	4	1	1	2	0	2	1	1	0	1	3
XMTI4ODUzNjYwOA==	78	137	96	21	30	19	29	25	24	31	22	30	12	17	20	28	27	34	22	16	11	16	12	5	10	10	11	17	16	25
XMTI4ODY1NTA2MA==	6	45	0	0	0	0	0	0	0	0	0	0	0	0	0	0	0	0	0	0	0	0	0	0	1	0	0	0	4	0
XMTI4ODY1NzA2OA==	4	11	2	3	3	1	1	1	5	5	0	2	0	3	5	3	1	2	6	4	6	3	4	1	1	3	1	0	1	0
XMTI4ODY3NTI4MA==	3832	25612	1794	108	41	21	21	19	9	19	14	7	22	13	14	14	7	10	7	9	15	60	19	10	4	6	5	8	5	6
XMTI4ODY4NjY1Ng==	11097	35523	1668	1777	1164	1476	255	1262	926	493	226	165	167	187	3	85	78	32	29	59	59	9	80	62	7	72	36	89	15	110
XMTI4ODY5MTU4NA==	18	298	36	40	38	39	106	20	1	1	0	1	0	0	0	0	0	1	0	0	0	0	0	0	2	0	0	2	0	0
XMTI4ODY5NzE2NA==	1616	2733	1391	506	581	523	607	631	639	453	337	1128	262	289	272	1626	76	54	73	55	76	91	80	136	81	59	46	8879	12856	263536
XMTI4ODYwMTk0MA==	2	6	2	0	0	0	0	0	0	0	0	0	0	3	0	1	0	0	0	0	0	0	0	1	0	0	0	0	0	0
XMTI4ODYxNDI1Ng==	2	3	1	0	0	0	2	1	0	0	0	0	0	0	0	0	0	0	0	0	0	0	0	0	1	0	0	0	0	0
XMTI4ODYxNzg0OA==	72	161	78	94	34	63	59	46	49	53	32	29	19	30	18	23	13	26	27	14	15	15	9	10	11	13	11	24	16	13
XMTI4ODYzMDQwNA==	96	291	91	14	25	23	19	12	9	17	14	14	13	7	12	9	1	6	8	10	21	10	8	6	5	1	2	2	1	2
XMTI4ODc0Nzk4MA==	15	215	5	3	2	5	3	3	3	4	0	1	1	0	6	0	3	2	2	0	5	1	6	2	1	3	4	3	0	0
XMTI4ODc1MjQzNg==	179	415	41	11	8	3	5	3	6	3	3	1	0	1	0	2	0	0	3	0	1	0	1	0	1	0	0	1	0	0
XMTI4ODc1NjQ4OA==	1476	6709	306	210	68	73	57	53	20	36	36	37	20	31	21	21	27	46	33	28	20	5	20	41	17	31	20	14	28	18
XMTI4ODc1Nzg3Mg==	27	40	7	4	14	14	0	2	0	0	0	1	0	0	0	0	0	0	0	1	0	0	0	7	4	4	4	1	0	0
XMTI4ODc2OTAzNg==	40	56	39	5	9	2	3	1	6	3	0	1	4	3	29	1	2	1	1	2	1	0	2	0	5	2	0	0	0	1
XMTI4ODc3MDQ4MA==	482	832	424	175	139	28	16	24	8	12	5	6	8	9	16	7	7	1	9	4	2	7	1	6	5	1	1	3	0	2
XMTI4ODc3NDg4NA==	240	4285	3232	718	337	1869	2316	214	117	117	175	206	134	107	128	125	190	160	1341	400	344	205	225	283	194	227	1202	150	75	62
XMTI4ODc3OTQ3Ng==	112	208	64	28	25	30	10	10	17	13	10	8	11	11	30	11	72	4	2	4	8	5	7	15	3	1	16	8	6	3
XMTI4ODc3OTgwNA==	36	88	27	3	5	32	3	3	4	3	3	2	0	3	0	0	4	3	0	1	1	9	119	7	2	2	1	6	0	2
XMTI4ODc4MTkyMA==	1839	13821	4141	4120	769	667	1678	675	1630	622	557	454	165	125	134	1615	1656	189	177	184	181	178	179	141	119	109	115	98	98	112
XMTI4ODc4OTA3Mg==	10	12	6	4	3	2	2	2	1	2	7	4	16	3	0	2	2	0	1	3	0	0	0	0	0	0	0	3	1	0
XMTI4ODc4OTYzNg==	5	9	1	3	4	1	3	5	2	0	10	5	5	1	3	6	4	2	2	5	7	3	1	0	7	4	1	3	2	2
XMTI4ODcwMjE4MA==	108	432	98	49	44	30	27	21	12	9	4	4	3	3	7	3	7	10	4	8	2	5	0	5	1	1	6	1	2	4
XMTI4ODcwNjUxMg==	31	88	2	0	1	1	16	1	0	0	0	0	0	0	0	0	1	1	0	0	0	0	0	0	0	0	0	0	0	0
XMTI4ODcwNzQyOA==	5439	14599	5423	4681	1457	2427	949	2253	701	660	531	410	283	354	364	366	286	189	76	54	103	81	21	115	80	24	76	74	8	153
XMTI4ODcwNzkyMA==	559	49616	296	28	31	11	3	54	75	68	12	61	3	55	41	25	54	5	51	22	8	1	60	11	25	31	36	12	21	145
XMTI4ODcwODczNg==	2297	3076	733	1065	429	355	445	377	388	446	346	55	39	37	53	54	94	1173	1526	88	72	48	44	29	34	29	27	27	27	27
XMTI4ODcxMTMzNg==	23	36	10	8	5	1	7	3	0	3	2	3	0	0	1	0	0	1	0	3	0	0	0	1	0	0	0	0	0	0
XMTI4ODcxNDc2NA==	30	43	26	17	9	10	8	4	4	2	6	3	2	3	3	2	0	1	1	0	1	8	4	7	3	0	3	1	4	0
XMTI4ODcxNTQyNA==	75	1910	18	13	16	10	3	1	8	2	2	0	6	6	0	2	2	3	4	6	1	2	0	4	7	3	2	3	6	6
XMTI4ODcxNTgxMg==	53	1324	16	8	7	9	4	1	3	1	7	5	1	0	0	2	2	3	1	0	2	5	1	5	3	0	0	2	0	0
XMTI4ODcyMDM4OA==	25	104	3	0	3	4	1	2	0	1	3	0	2	0	2	0	0	4	0	0	2	3	3	0	3	2	3	0	0	1
XMTI4ODcyNDA3Ng==	185	243	96	50	35	23	20	54	26	10	13	23	10	9	11	13	6	6	7	9	4	3	10	19	22	6	6	5	8	3
XMTI4ODcyNzYzNg==	3	10	0	0	0	4	0	0	1	0	0	0	0	0	0	0	0	0	0	0	0	0	0	0	0	1	0	0	0	0
XMTI4ODcyOTYxNg==	12	23	7	0	3	0	0	0	0	1	0	1	0	0	0	0	0	0	0	0	1	0	0	0	0	0	0	0	0	0
XMTI4ODczNDcwOA==	70	166	49	24	32	9	10	6	4	5	3	3	1	1	1	3	1	0	3	1	0	2	1	0	0	2	2	1	2	0
XMTI4ODczNzYyOA==	2	14	0	0	0	0	0	0	0	0	0	0	0	0	0	0	0	0	0	0	0	1	0	0	0	0	0	0	0	0
XMTI4ODczODIyOA==	15	219	32	2	1	1	0	0	3	0	0	0	0	0	0	1	1	0	1	0	0	1	0	0	0	0	0	0	0	0
XMTI4ODg0MDAyMA==	128	1231	67	29	227	11	11	28	53	9	12	296	1946	1937	656	44	33	31	45	13	21	15	16	16	11	12	11	11	4	13
XMTI4ODg0MDUxMg==	2082	11092	5829	2504	597	274	321	282	290	174	171	5963	34043	33340	11417	831	538	331	288	207	145	136	104	128	80	107	106	88	86	113
XMTI4ODg0NjgyNA==	112	363	145	32	34	11	13	8	5	8	5	6	8	7	1	6	4	16	13	18	23	29	18	17	13	19	19	116	8	18
XMTI4ODg0OTYwNA==	8	29	2	3	4	0	2	1	1	0	0	0	1	0	0	0	0	0	0	0	0	0	0	0	0	0	0	0	0	0
XMTI4ODg2Mzk5Mg==	18	33	17	6	10	4	3	3	5	1	1	0	1	2	0	5	3	1	0	1	2	2	0	2	1	0	8	2	3	2
XMTI4ODg2NDcyMA==	18	27	12	6	5	6	6	3	1	1	4	1	1	1	1	1	1	3	0	1	1	2	0	5	1	0	0	0	0	1
XMTI4ODg2NTUzNg==	58	75	37	23	5	9	18	19	10	9	126	14	6	8	4	3	1	1	0	0	0	0	6	2	0	0	0	4	2	4
XMTI4ODgwMjk5Ng==	7	14	1	1	1	1	0	0	0	0	0	0	0	0	0	0	1	1	0	4	1	0	2	0	3	2	1	1	0	0
XMTI4ODgxMDk1Mg==	34	67	46	22	15	13	14	11	7	3	2	0	3	0	0	2	0	1	2	0	0	2	3	3	0	2	2	4	0	3
XMTI4ODgxNTU5Mg==	648	4068	62	15	23	15	11	10	7	7	5	5	2	2	3	3	2	2	4	5	625	3	1	2	3	1	1	1	0	3
XMTI4ODgyMDQxMg==	100	282	45	2	5	5	1	0	5	7	1	0	0	0	0	0	0	0	0	0	0	2	2	0	0	0	0	0	0	0
XMTI4ODgyMjUyNA==	15	68	12	4	0	2	2	1	1	0	1	0	0	1	0	0	0	1	0	0	0	0	0	1	0	0	0	0	1	1
XMTI4ODgyNjAwNA==	15205	29071	6849	2928	4574	3270	3518	1784	1853	1451	1170	1114	881	763	659	627	617	1128	830	705	745	654	761	591	3053	2073	824	624	542	418
XMTI4ODgzNDYwOA==	25	53	5	7	2	3	1	9	1	1	5	4	5	4	3	4	1	3	2	1	1	1	4	2	0	4	1	2	3	2
