XMTM2MTYyNjQ3Ng==	25	36	13	12	0	20	48	24	25	41	13	7	34	13	11	12	14	5	1	51	18	21	17	3	4	10	13	10	14	10
XMTM2MTEyMzg4OA==	30	38	28	16	12	17	10	9	8	14	7	7	8	22	14	16	8	19	6	6	3	9	16	10	11	4	20	3	6	9
XMTM2MTQ1NjU1Mg==	24	36	18	45	55	81	43	87	70	41	27	58	54	56	78	72	35	39	56	105	81	92	99	50	46	80	73	70	75	59
XMTM2MTI3MDU0MA==	173455	394972	372930	332454	264788	376461	413161	402235	384961	461203	343017	322144	364677	291589	446470	141376	563844	4457	227387	294777	379208	396904	374442	206195	334011	97294	205576	48422	71210	130309
XMTM2MDk0NzI0NA==	213	112	72	84	16	247	441	118	4052	14221	10903	13589	13127	12898	13780	12928	13369	12708	9987	14423	14118	19162	18719	24691	3775	20334	22449	23965	35532	29884
XMTM2MDkxODQ1Mg==	296	158	73	159	65	142	89	144	100	202	133	373	331	168	168	85	334	71	76	258	198	146	268	203	137	236	177	220	351	273
XMTM2MDk5NzQwMA==	2188	621	583	4105	3434	3035	3920	7478	5082	3502	2364	2981	3510	3366	4184	3586	2976	2296	3212	3931	4271	7139	7747	3251	2618	7262	2597	5809	5663	6691
XMTM2MTExOTcxNg==	86	67	100	670	363	397	416	572	418	675	348	821	396	434	345	140	445	1523	1939	2592	2399	3481	3653	1914	733	1748	2074	3900	3583	3429
XMTM2MTMzMTk3Ng==	108	108	64	78	12	47	79	97	65	55	35	20	28	46	49	41	21	18	18	45	59	92	112	57	30	36	74	1	57	45
XMTM2MDk4MTE0OA==	817	543	261	347	249	453	434	375	411	615	914	1204	1633	1104	978	1077	840	880	751	713	822	1462	2125	1096	766	1230	817	1398	1226	1249
XMTM2MDkxMzU4NA==	5026	8604	3542	9478	5970	6623	4116	4208	3169	2365	3089	6047	4305	2797	2476	1844	1149	2888	2581	1346	1304	2086	1852	898	946	4012	1430	2460	1941	1850
XMTM2MDc0NDUwMA==	311	350	118	255	359	276	240	324	382	317	240	273	583	574	416	251	135	236	403	234	60	171	314	144	67	304	148	256	342	444
XMTM2MTEzODk2OA==	134	87	15	36	3	35	74	43	40	67	106	100	108	154	146	93	194	191	204	249	124	112	107	92	91	313	103	188	95	149
XMTM2MTYwMjI4MA==	5	5	6	5	3	3	6	8	3	4	2	1	0	3	5	8	4	3	0	9	3	1	0	2	0	0	0	2	2	2
XMTM2MTU1ODExMg==	289	314	123	156	133	191	208	270	215	215	167	268	432	486	606	569	568	766	597	585	587	672	831	802	824	1513	457	1489	895	857
XMTM2MDk0OTU4MA==	482	198	33	188	57	212	228	578	506	269	219	290	288	305	567	538	218	252	245	244	361	608	633	323	182	344	259	399	439	408
XMTM2MTA0NzIyNA==	1140	1221	3163	2934	2787	2805	2695	2607	2556	3013	1837	2993	3706	2163	2393	2489	2471	2708	2539	2193	2986	2800	3181	2525	1882	3425	2295	3117	2065	2609
XMTM2MTQ4ODQxNg==	190	171	50	61	16	16	87	81	55	76	55	57	53	63	108	54	101	120	86	90	63	57	69	38	30	28	17	20	19	7
XMTM2MTIwMTAzNg==	290	342	46	105	135	729	756	487	278	315	327	300	323	173	225	271	181	185	191	237	232	277	330	277	237	344	233	390	292	293
XMTM2MTYyNjA4NA==	1379	1560	1609	1082	1083	1715	1426	1454	951	856	1187	695	925	576	537	566	363	439	346	371	316	231	223	178	105	141	154	206	171	190
XMTM2MDg0MTc2MA==	604	417	189	301	110	254	248	292	214	295	316	234	361	289	368	267	275	315	206	216	250	229	262	331	254	294	96	350	173	190
XMTM2MTQzNzYxNg==	50	16	11	6	1	8	23	33	29	25	20	48	33	27	30	11	44	14	0	47	10	37	21	3	2	23	34	38	43	44
XMTM2MTE2MDUzNg==	52	43	41	46	37	68	104	124	78	73	47	48	113	75	132	99	66	60	64	74	75	101	121	62	42	78	86	169	101	226
XMTM2MTQyMTc2MA==	19	17	32	31	32	35	35	68	53	29	14	23	27	37	56	56	47	31	14	25	33	71	96	47	3	7	24	2	46	8
XMTM2MTM3NTM0OA==	367	192	119	49	3	8	74	92	41	218	166	261	426	39	145	131	133	155	171	370	205	559	396	139	76	133	137	221	450	351
XMTM2MTU0NjUyOA==	30	38	58	31	73	176	72	77	88	140	89	103	147	124	103	117	104	155	96	79	68	9	11	3	15	5	6	9	8	3
XMTM2MTAzMDU4NA==	995	311	18	145	5	161	310	671	300	379	208	252	392	606	765	403	264	256	281	148	218	460	523	307	225	476	245	418	321	389
XMTM2MTEzMzQxMg==	700	305	75	92	39	60	175	240	233	168	162	260	517	572	812	827	466	426	228	483	567	987	383	347	260	386	423	638	729	839
XMTM2MDgyOTAxNg==	371	283	351	332	320	424	524	495	450	734	640	582	725	821	637	394	564	707	478	586	656	496	590	541	508	1367	223	866	489	357
XMTM2MTExOTYxNg==	290	1191	618	632	461	488	427	428	344	388	338	323	718	910	879	680	550	528	289	434	350	325	390	376	259	351	197	456	374	362
XMTM2MTI0ODU4NA==	263	222	161	124	51	106	108	113	69	135	123	129	112	200	128	127	136	145	95	145	151	101	178	79	34	243	55	260	102	92
XMTM2MTMxMTU5Ng==	91	56	1	36	10	23	18	42	1	26	20	69	35	59	15	2	4	64	21	77	9	43	24	18	11	60	26	34	24	47
XMTM2MTQzNDkxMg==	2	1	1	1	0	1	0	2	0	0	0	0	1	0	2	1	0	2	0	1	0	0	0	1	1	0	1	2	1	2
XMTM2MDgzMDIzMg==	1932	3417	1939	1761	1597	1530	1256	1549	1277	1473	1241	953	993	2446	1086	104	2003	650	212	551	719	1845	1672	1650	1607	2859	2171	1889	1145	1304
XMTM2MTA5Mzk3Mg==	27	21	4	13	7	6	9	7	6	5	10	2	2	5	0	2	1	0	21	28	12	9	20	19	11	22	5	15	11	11
XMTM2MTM5MDcyNA==	220	80	20	20	6	6	10	31	15	20	14	84	204	44	92	157	193	141	161	247	192	357	512	462	430	448	223	455	312	313
XMTM2MDc4MzcwNA==	1937	766	170	306	29	5	200	114	150	968	238	401	1883	2140	2425	2483	2019	1424	882	976	1048	1582	1260	858	465	1230	556	713	726	3064
XMTM2MTE0MjA1Ng==	67	93	87	36	55	65	88	61	1	0	1	20	44	45	31	28	23	25	17	22	12	23	35	40	13	46	36	39	35	62
XMTM2MTMzMTI3Mg==	80	39	7	20	36	38	27	30	58	31	23	29	81	47	19	29	20	20	22	32	56	51	111	1	42	99	85	26	34	113
XMTM2MTEwOTUzMg==	610	212	63	120	16	70	171	287	265	184	191	178	195	217	179	40	23	19	24	553	173	288	317	103	36	280	190	366	401	489
XMTM2MDgyMjEzMg==	5508	4470	2280	5362	6465	6460	9226	12714	10188	11276	6692	9190	8689	6297	4814	6305	4037	3952	2941	3510	3267	5201	4688	2888	1849	2691	1020	1890	1560	1914
XMTM2MTUyMzA0OA==	272	211	120	57	78	139	121	123	109	62	49	117	161	81	85	54	107	73	55	59	81	143	136	115	89	115	93	180	127	177
XMTM2MTIxMDQ3Ng==	351	223	62	95	235	161	142	122	308	172	91	67	63	50	2	19	222	246	431	254	120	97	111	71	111	91	82	150	94	156
XMTM2MTI3NjM1Ng==	39613	109841	110236	122609	102951	123112	168706	107540	138415	124548	89327	105699	117259	78213	85055	82663	74171	74879	40478	105639	168834	59858	30128	63400	97547	52022	109804	9953	30763	162020
XMTM2MTQyNjY4OA==	237	170	59	103	3	50	53	73	64	53	64	40	80	80	120	107	132	102	82	81	111	88	115	104	86	204	46	220	116	86
XMTM2MTE0NzI2OA==	345	170	39	102	12	121	172	170	145	298	277	286	469	243	555	548	315	309	352	317	219	323	423	254	261	277	207	226	193	231
XMTM2MTM4MDkwMA==	83	247	220	292	221	316	302	276	257	323	275	198	288	298	247	211	231	356	328	251	250	192	277	273	279	512	149	301	139	152
XMTM2MTEzNDg2OA==	2054	1477	684	836	642	1324	1364	663	501	500	415	403	387	520	1108	690	620	625	524	454	503	773	725	525	373	668	375	739	403	409
XMTM2MTI5OTI4OA==	99	117	66	58	44	42	56	69	43	46	51	45	35	17	44	48	18	59	26	66	37	38	53	17	15	15	28	48	40	38
XMTM2MTEwMDk3Ng==	3815	1778	1045	987	33	840	1706	1395	1308	1625	500	1287	2357	1866	1697	1548	1089	1741	1074	1583	1066	1509	2192	1458	1472	2354	669	1976	1689	1928
XMTM2MTUwMTQ1Ng==	436	465	264	494	309	471	507	267	277	196	128	150	203	170	157	55	117	122	88	89	92	78	64	36	38	58	25	36	36	29
XMTM2MDU4OTEyMA==	340	212	76	48	6	9	50	102	83	79	106	114	164	233	331	243	159	202	123	116	114	152	223	140	78	139	120	148	146	136
XMTM2MDc5ODU1Ng==	635	567	299	355	411	625	978	1026	492	641	495	884	988	623	419	500	500	783	373	452	667	1225	936	708	504	723	542	847	509	500
XMTM2MTA1MzI5Ng==	6	1	3	4	1	5	2	1	0	1	3	1	2	0	1	1	0	0	3	8	1	7	3	4	0	4	7	8	2	2
XMTM2MTYwMDk0MA==	76	209	175	96	117	118	137	69	87	116	79	99	103	66	52	107	69	67	60	111	128	39	79	55	120	52	6	174	111	66
XMTM2MTI1ODA1Mg==	2709	2911	2021	1144	59	919	1018	1285	2499	3374	2223	5943	5740	4806	6978	10780	8249	8277	9258	8386	6654	7282	7970	6272	4209	6934	6299	4745	6793	4469
XMTM2MTQ5ODU5Mg==	118	261	320	356	253	167	342	323	321	190	115	314	278	339	480	619	303	305	375	217	378	474	786	406	404	724	589	1036	705	681
XMTM2MTUxMDIyOA==	549	497	308	385	798	1164	1241	2103	2661	1827	857	1168	1126	1276	3253	3492	1172	1998	1322	631	3212	4254	4286	1615	1480	3712	2957	5710	5606	4941
XMTM2MTE5MDE0MA==	194	131	33	65	4	44	45	66	50	82	61	50	87	86	94	66	100	91	86	88	121	110	152	161	138	232	51	223	99	151
XMTM2MTQzNzU0OA==	10	39	19	27	8	28	1	15	4	10	39	13	23	10	32	64	9	20	13	15	25	9	18	30	42	67	14	36	43	32
XMTM2MTE0NzExMg==	654	294	168	288	124	219	348	306	333	298	387	163	352	349	517	448	544	359	384	362	298	286	365	271	266	286	220	386	293	297
XMTM2MTIyNDU5Ng==	162	1099	1502	1915	1127	1471	1653	1419	1428	1486	1360	1195	1360	1475	728	138	725	505	553	261	310	413	438	445	300	613	468	745	511	518
XMTM2MTAxMzMxNg==	25	12	10	20	15	10	19	9	17	28	11	11	25	17	14	11	19	14	2	43	20	16	21	18	15	31	27	36	44	16
XMTM2MTAzNjUxMg==	425	294	289	286	251	546	760	456	398	508	407	631	770	848	586	542	516	638	362	515	565	985	1259	387	369	744	336	609	402	384
XMTM2MDQ0MzUwOA==	1	0	1	0	80	110	187	425	612	827	1206	1055	1283	1298	1107	1310	1649	1309	626	1995	735	769	816	671	344	585	655	752	604	579
XMTM2MDg4MTAyOA==	2790	2805	2942	4477	1447	2795	2405	2539	2220	2249	1374	2378	2313	3132	2300	2062	2294	1710	1495	1287	1318	1576	1975	1028	757	1443	803	1496	1120	1130
XMTM2MTE2Nzc2OA==	244	149	51	68	40	125	161	179	156	251	221	164	139	152	106	77	42	45	36	37	30	23	24	8	8	30	14	30	11	16
XMTM2MTcwMjM2OA==	2289	3122	1005	1516	800	2013	3376	6362	3957	1632	1265	1424	2958	2343	6075	3358	1446	1503	749	881	2780	973	4228	800	878	1595	544	1765	3442	2106
XMTM2MTAwNzE1Mg==	385	230	66	124	0	74	72	103	64	56	61	54	78	105	82	91	175	219	1	357	81	198	209	123	39	305	107	279	234	200
XMTM2MTIzNDQzMg==	494	674	462	363	142	252	347	201	188	324	162	420	320	305	240	501	339	423	267	301	269	778	508	338	212	453	237	171	148	133
XMTM2MTI4NjcwNA==	5196	2949	2436	3545	4031	5916	9526	13452	11713	8819	7143	11398	9906	10661	10123	7353	5827	8392	7587	11945	18026	26125	25076	14275	9138	18309	10710	20009	16263	22510
XMTM2MTAxMTA2NA==	529	468	170	578	1540	986	831	862	672	396	218	588	564	286	821	102	525	391	126	730	562	454	536	344	136	367	347	505	551	361
XMTM2MTIwODUwNA==	806	534	621	2382	2207	1886	3329	4712	3149	2668	1569	1396	1466	2655	3588	2479	1734	2014	1301	1668	2483	2938	3414	2222	1293	1922	1244	3284	3252	3202
XMTM2MTAwNjEyNA==	47	57	54	97	71	118	88	126	131	151	100	142	191	162	170	176	186	168	192	149	225	190	225	154	174	310	194	294	166	175
XMTM2MTU0NTM0MA==	195	351	336	280	648	1098	963	836	706	741	508	735	1072	1635	846	590	575	757	542	433	366	491	525	380	352	659	288	484	438	393
XMTM2MDg3MTQ4OA==	189	158	71	87	58	70	87	89	44	96	66	29	53	63	55	72	55	54	45	51	52	58	67	38	45	59	18	53	47	42
XMTM2MDg0OTk3Mg==	3758	2811	2563	2215	618	1643	1780	2409	1747	1781	685	1750	1609	1739	2376	2012	2222	1726	900	1254	2266	2596	2788	974	1071	2561	2589	806	1708	2092
XMTM2MDcyNzEzNg==	187	164	177	242	5	56	109	156	218	412	282	427	450	527	539	578	564	697	527	522	501	495	1359	982	588	1163	452	891	577	588
XMTM2MTA4MzM2MA==	233	121	32	3	7	22	0	1	22	22	11	23	59	145	206	150	100	193	131	223	191	367	244	78	114	139	90	214	253	289
XMTM2MTI0MzQ4MA==	295	151	124	103	119	179	256	335	161	223	183	163	161	251	234	297	150	143	147	177	178	247	312	211	81	244	77	280	271	243
XMTM2MTE3OTk5Ng==	41	14	123	117	84	89	101	105	58	19	51	16	0	0	48	66	46	28	60	102	1	3	0	2	1	0	1	3	82	9
XMTM2MDc4MTUyOA==	55	34	11	27	1	16	10	27	39	25	11	31	44	48	29	52	19	16	22	47	18	4	4	5	6	28	22	61	77	40
XMTM2MTE0Njk0NA==	2863	917	239	1486	922	1545	1400	1254	1069	1104	973	1138	1567	1514	1500	1261	1247	1465	1165	1067	1627	2107	3207	1853	2429	2805	1661	3419	1989	2299
XMTM2MTU1MjgzMg==	1562	1530	559	452	48	413	951	411	332	386	266	440	744	485	698	365	665	206	37	397	1005	752	470	379	789	154	72	1123	138	344
XMTM2MTEwODAwNA==	19	14	6	17	9	21	18	25	12	15	9	14	28	14	14	6	9	1	0	27	10	4	0	8	5	1	2	6	20	37
XMTM2MTYwOTgyNA==	269	256	141	114	16	98	86	92	103	94	127	68	95	99	68	88	52	54	70	46	158	123	3	76	54	190	145	63	38	86
XMTM2MDkzNTIyNA==	24	18	5	5	0	6	8	13	13	37	20	13	7	3	11	11	8	17	9	34	30	11	7	10	8	13	3	11	13	10
XMTM2MTM5NTk3Mg==	146	197	95	151	65	134	298	172	132	181	186	191	276	217	189	61	155	229	169	215	351	207	333	283	224	416	60	324	261	161
XMTM2MDkzMzUyNA==	23	10	15	13	6	7	15	5	12	18	4	18	7	0	8	2	4	32	15	45	38	19	20	13	12	30	7	31	21	24
XMTM2MTY0MDUyNA==	211	278	130	135	2115	1991	2013	2214	2092	1679	1263	1736	1733	1552	1620	1102	544	135	207	82	129	213	427	71	113	114	114	37	83	113
XMTM2MTIzNTQ2OA==	8944	14607	7661	10107	5007	11588	12954	22008	18821	10542	7799	11170	12512	13426	21814	15589	7647	8512	7570	10554	12013	23555	21874	9924	6922	15185	7691	12194	16374	16705
XMTM2MTUxNjcxNg==	110	96	30	20	12	29	38	45	42	30	21	63	77	49	53	68	35	9	14	91	26	29	42	31	37	43	45	30	41	21
XMTM2MTA5MjQ2MA==	51	52	18	26	4	24	14	38	17	28	16	23	33	5	23	28	26	3	2	73	17	26	49	6	7	15	26	44	35	27
XMTM2MTQxMjY2NA==	177	180	61	65	7	67	147	228	130	64	48	89	55	121	138	169	53	28	36	52	216	109	118	81	45	41	59	36	117	91
XMTM2MTA2OTQ0MA==	147	94	77	54	42	102	136	25	12	11	21	10	11	1	4	0	9	2	0	81	45	52	59	23	42	164	121	132	104	112
XMTM2MTExMzgxMg==	579	415	284	910	1220	1275	2421	1575	1091	1178	569	784	839	828	869	984	687	701	703	654	831	636	722	544	473	814	541	944	825	843
XMTM2MDc4NDQzNg==	344	244	46	82	16	3	46	112	104	187	112	236	195	172	218	310	145	125	105	91	91	153	176	101	74	81	68	103	202	155
XMTM2MDk2MDA0NA==	2718	2512	2628	1865	918	1773	2174	1722	1558	1789	1574	1612	3466	1750	1752	1983	1699	1813	1613	2041	2079	1872	1982	1303	1232	2276	1772	2635	1498	1337
XMTM2MDc4NDQzMg==	251	178	77	67	7	20	91	149	155	101	109	124	134	154	157	190	116	119	43	118	88	113	132	58	55	71	69	109	88	113
XMTM2MTExMzAzNg==	719	542	374	1272	1619	1362	1060	1160	1052	1501	1032	618	550	352	366	263	236	302	186	183	167	219	202	162	145	239	63	176	115	72
XMTM2MTA2NDE1Ng==	470	206	362	369	435	537	456	584	402	550	466	543	752	429	324	407	375	625	253	656	479	393	360	260	293	401	316	561	357	545
XMTM2MTM5NTM2MA==	72	51	27	19	24	44	31	29	30	34	15	29	13	20	39	48	34	14	26	14	22	32	34	22	5	10	1	26	17	21
XMTM2MTEwMjk0OA==	18	31	12	5	1	47	62	51	37	40	21	35	42	27	15	17	0	3	8	15	19	14	10	16	2	4	25	32	19	28
XMTM2MTExMzE5Mg==	922	397	40	13	79	10	18	148	215	294	616	463	348	600	788	649	529	448	436	341	451	150	51	609	75	252	27	30	6	408
XMTM2MTUwNzg4MA==	203	371	126	84	5	63	64	75	143	123	132	166	196	210	236	46	124	216	73	2	322	19	88	11	51	121	43	175	142	112
XMTM2MDgzMzQ1Mg==	777	2086	1160	1683	1683	1078	1654	970	979	1124	713	972	1174	1561	1297	1021	1235	1795	1101	1313	1526	992	1308	981	1413	2091	781	2206	979	1302
XMTM2MDkyODY2MA==	167	189	60	50	24	51	66	88	58	101	52	46	83	45	100	105	74	92	42	74	85	76	96	55	32	46	74	84	74	90
XMTM2MTUxMjQwNA==	8	8	5	7	1	2	7	5	2	0	3	1	0	0	5	6	1	9	1	1	8	4	4	0	6	1	3	0	3	4
XMTM2MTMyNzg4NA==	798	1483	1041	570	480	1457	929	939	713	937	613	651	772	809	714	731	438	80	23	70	57	81	77	58	41	84	55	118	69	69
XMTM2MTE5MTA4MA==	175	94	24	52	3	13	88	144	159	176	88	47	45	73	120	4	25	42	84	15	6	33	49	31	27	45	14	44	36	16
XMTM2MTE3Nzc3Ng==	107	95	13	53	1	31	45	76	26	26	21	28	26	8	57	29	78	25	55	31	12	48	37	9	5	26	5	34	35	34
XMTM2MDc1OTMzNg==	73	70	32	56	32	28	32	19	16	8	19	17	23	44	7	0	11	3	3	53	14	33	28	33	9	30	10	26	28	16
XMTM2MTM0ODAyOA==	701	700	690	380	280	497	327	398	323	344	203	129	185	226	207	217	486	331	174	235	279	352	297	297	244	206	201	279	222	238
XMTM2MTMyMzE4NA==	1220	624	315	337	61	1148	3772	1492	1013	854	630	689	978	957	1581	2592	1721	2004	1842	1392	2665	2660	3504	1847	1088	1788	1540	2053	1648	985
XMTM2MTA0MTY1Ng==	53	48	11	24	39	28	38	29	21	33	31	38	25	29	50	39	32	27	34	29	63	3	39	14	42	60	29	34	39	30
XMTM2MDk2ODU3Ng==	713	298	3	25	16	33	2	93	134	86	50	98	147	385	626	656	364	306	309	314	436	788	704	231	108	305	102	304	327	339
XMTM2MTM5MDMyMA==	84	100	62	101	94	59	64	71	36	70	33	48	14	29	32	29	93	80	26	82	36	37	54	5	28	113	34	75	36	40
XMTM2MTI0MzQ4NA==	385	198	49	183	102	606	895	329	488	519	270	66	173	196	209	354	451	499	313	275	272	98	522	693	536	357	127	288	311	270
XMTM2MTQ5ODA4MA==	960	2000	1436	1366	57	604	700	618	562	706	593	611	642	1239	1176	774	521	592	402	544	628	469	451	310	232	446	197	624	738	688
XMTM2MDk3OTAyNA==	145	124	32	24	25	19	59	71	20	9	17	36	16	178	2	92	159	380	160	193	116	297	293	170	160	317	139	179	260	227
XMTM2MDk4NTIwOA==	1373	1291	605	667	189	859	762	558	375	590	747	1055	1015	748	434	325	658	1038	593	350	477	358	413	357	380	536	160	450	233	282
XMTM2MDk4NDIyOA==	56	52	47	54	40	52	86	49	21	55	41	51	69	40	136	108	120	102	101	89	155	39	70	88	70	126	18	92	37	185
XMTM2MTEzNDIwOA==	109	118	64	66	23	69	60	68	52	74	68	40	50	37	46	59	29	57	53	50	42	57	47	43	36	43	32	49	29	55
XMTM2MDgyOTczMg==	424	248	118	163	138	167	462	588	368	413	240	333	439	397	280	252	185	254	239	286	265	343	408	264	180	358	190	345	242	210
XMTI4NzU5MDc0NA==	1537	946	834	791	1156	1023	1284	1587	2574	1436	1452	1938	1887	2074	1823	1544	1165	1401	1521	1489	1542	1387	1502	2567	1609	1730	1589	1454	1303	1051
XMTI4Nzg1NjA2MA==	6344	3685	3379	2176	2676	4451	3638	4179	3482	3852	1898	1590	1453	1500	1371	1272	1370	1561	1708	1822	1712	1396	1382	1712	1860	2987	3384	2136	1373	1153
XMTI4Nzk5NTgzNg==	25	29	19	7	23	8	7	2	5	8	8	13	8	12	17	15	12	18	22	19	19	8	19	10	8	6	13	8	6	9
XMTI4Nzk5OTc4MA==	157	27	46	118	269	715	760	541	555	468	455	477	383	314	303	286	507	1000	756	519	497	441	457	566	590	519	505	444	372	410
XMTI4Nzk5OTgwMA==	344	1786	1067	571	1200	1125	582	370	230	284	330	440	420	1565	508	674	923	621	359	374	370	346	599	672	643	610	1954	773	1632	508
XMTI4ODA0MzM3Ng==	65	19	86	102	52	20	100	143	167	287	252	263	310	440	219	157	170	163	211	251	211	222	153	149	107	100	98	63	68	72
XMTI4ODA1Mzg5Ng==	610	127	87	82	112	80	60	99	161	86	108	103	146	137	184	207	297	358	321	443	384	295	481	507	465	455	392	422	421	452
XMTI4ODA1ODc2MA==	4170	3591	3559	1554	1686	2785	2971	2558	2845	2483	2832	2585	1429	2214	2034	1665	1211	1363	1840	1468	1698	1220	933	854	742	656	495	568	528	483
XMTI4ODA2OTAzMg==	5	3	3	5	2	1	1	1	1	2	3	2	1	1	4	7	5	4	1	1	4	5	4	6	5	3	5	9	9	1
XMTI4ODA4MTQ1Ng==	7	1	6	2	1	3	3	5	3	6	5	4	3	8	4	14	14	9	8	17	12	11	9	14	10	12	6	9	15	13
XMTI4ODA4NzI3Mg==	145	34	200	102	158	152	53	67	60	112	110	103	125	132	122	83	108	115	82	76	51	47	95	71	54	58	48	44	32	72
XMTI4ODA5MTI3Mg==	21	18	11	15	20	17	29	6	17	25	17	17	19	18	13	10	11	7	18	8	13	12	24	8	18	4	8	11	12	1
XMTI4ODAxNDU4MA==	20	3	2	4	5	9	5	18	10	6	2	5	14	15	21	41	48	27	22	11	7	26	24	10	8	36	35	32	35	43
XMTI4ODAxNTY5Mg==	17	3	4	6	3	7	4	17	2	3	4	6	5	9	7	5	1	1	5	5	9	10	11	7	4	3	7	2	6	6
XMTI4ODAxODc2OA==	104	52	39	31	30	60	13	30	13	27	19	36	17	37	39	28	39	36	33	43	40	29	31	27	35	47	54	87	52	64
XMTI4ODAyMTEwNA==	123	88	82	30	55	50	64	57	68	66	46	43	65	73	55	63	37	51	47	63	62	57	72	65	68	102	98	70	76	80
XMTI4ODE0MjQ3Mg==	519	139	206	141	215	176	163	183	140	156	165	293	299	216	288	428	386	494	378	293	301	323	474	476	406	289	256	287	259	357
XMTI4ODE0ODc0OA==	220	217	255	268	166	471	201	421	210	165	156	120	156	520	231	207	165	182	239	257	395	256	207	158	132	166	334	270	213	222
XMTI4ODE0OTUzNg==	53	34	50	34	32	24	34	29	24	35	27	10	20	16	12	18	27	19	14	20	19	22	17	24	16	10	12	13	14	22
XMTI4ODE1NDAyNA==	15	3	8	3	5	1	14	8	1	6	2	0	9	5	7	12	14	1	12	8	7	6	4	1	7	6	1	11	8	8
XMTI4ODE1OTcxNg==	11	3	1	2	8	2	4	2	3	5	0	3	4	0	8	4	4	3	4	5	2	3	10	6	11	8	11	7	7	3
XMTI4ODE2NzUxNg==	4	3	1	0	4	3	5	2	1	5	0	3	0	1	3	2	3	1	1	1	5	3	5	2	5	2	5	2	2	3
XMTI4ODE3MDYyNA==	293	210	222	240	168	116	194	91	166	179	178	150	126	131	189	120	229	189	218	107	79	155	230	191	177	181	112	47	62	48
XMTI4ODE3MzI4OA==	10	6	0	0	10	8	7	7	3	3	7	2	2	5	7	2	5	6	0	2	4	3	9	5	9	1	4	0	2	1
XMTI4ODE4MDAwNA==	41	51	30	17	17	16	24	25	18	33	32	13	20	26	32	25	25	16	26	24	22	30	33	34	31	29	32	46	40	60
XMTI4ODE4MTQ2OA==	4	0	0	1	3	3	2	1	3	1	0	2	1	0	3	3	1	3	2	1	0	1	1	0	2	2	2	1	2	3
XMTI4ODE4Mjk4NA==	16	5	8	5	11	7	6	8	5	6	5	9	8	7	13	10	5	10	12	12	6	4	2	9	12	12	5	2	8	10
XMTI4ODE4OTE5Ng==	1089	136	357	353	459	372	423	330	286	252	258	236	230	81	27	386	307	204	283	362	369	552	502	622	579	528	635	644	516	470
XMTI4ODE5MTEzMg==	192	32	102	112	165	360	294	324	306	280	374	320	502	1035	1095	963	647	295	315	336	301	272	334	368	338	355	423	307	448	349
XMTI4ODE5MjM1Mg==	1903	956	1154	766	1197	1364	1441	1512	593	1748	1407	1425	2789	1420	1508	1543	1224	1196	1257	1410	438	1348	1459	1605	1389	1384	1636	309	1358	1202
XMTI4ODE5NDYyMA==	79	105	74	46	45	123	58	48	55	134	41	29	32	29	37	62	56	38	62	46	53	94	37	30	27	36	51	48	20	39
XMTI4ODEwMjYzNg==	17	5	10	6	15	11	24	15	35	22	22	12	3	11	5	11	16	18	20	16	19	11	33	33	20	8	8	4	15	8
XMTI4ODExMTQwNA==	7456	1486	4422	3593	1956	2941	3376	1565	2766	2375	2378	3184	3827	3474	2274	3156	2417	2346	1842	1451	2268	1770	2636	2677	1092	2800	2369	1974	1867	1737
XMTI4ODExODQyNA==	286	66	92	45	43	58	156	100	89	50	486	393	80	203	150	152	210	111	135	142	282	282	256	173	247	324	213	438	366	295
XMTI4ODI0MDk4NA==	130	59	41	52	79	41	34	54	67	84	71	81	141	140	112	165	219	205	104	95	110	108	101	107	94	78	67	77	82	78
XMTI4ODI0MjI4MA==	1126	553	615	477	489	329	404	245	247	331	228	245	196	191	255	388	392	351	429	519	426	353	255	290	347	408	491	402	391	377
XMTI4ODI0NTI0NA==	376	48	35	13	5	33	56	91	136	203	208	188	242	324	287	363	317	251	322	348	350	338	297	331	302	252	228	205	147	172
XMTI4ODI0NTM2NA==	17	1	9	6	10	3	9	5	5	3	3	2	0	5	3	6	11	5	10	8	18	7	13	7	7	7	7	11	8	8
XMTI4ODI0OTc5Mg==	5	3	9	6	9	6	1	6	8	3	8	1	4	2	6	2	4	5	0	3	8	5	2	4	5	5	3	0	8	5
XMTI4ODI0OTgyMA==	3	0	1	3	1	2	4	2	1	4	1	5	2	3	3	4	0	3	3	1	2	1	0	4	1	3	0	1	1	1
XMTI4ODI1Mzg5Ng==	577	206	102	91	226	216	539	223	440	510	494	393	420	373	449	553	571	482	476	366	447	368	320	313	287	263	266	268	181	222
XMTI4ODI2MDcwOA==	273	104	198	125	154	104	109	81	65	54	68	78	58	84	90	82	66	84	83	74	90	73	79	71	81	70	68	64	76	68
XMTI4ODI2MTkxMg==	690	192	300	270	639	607	369	252	384	409	459	439	443	557	579	628	633	602	623	633	721	578	713	801	1059	832	490	505	413	464
XMTI4ODI3MDU1Mg==	14	8	8	4	4	1	7	10	4	2	3	2	1	10	4	3	11	0	4	16	12	2	2	6	6	16	1	6	6	10
XMTI4ODI3NDE0OA==	237	80	182	120	120	89	99	179	333	547	286	234	171	194	256	347	433	248	246	165	169	104	139	163	123	101	79	92	107	92
XMTI4ODI3OTkwOA==	41	12	25	19	1	29	37	24	11	17	30	26	32	25	30	23	27	22	15	35	20	25	29	26	19	55	34	75	47	41
XMTI4ODI4MjI3Mg==	1533	383	400	860	1560	1225	1397	1168	1010	1098	1147	1036	1142	186	1345	1454	1216	1288	1186	1162	1356	1232	1226	295	1012	1089	1027	989	1037	999
XMTI4ODI4MjcyOA==	25	10	1	11	8	16	15	8	8	15	23	26	13	26	19	18	14	10	17	17	19	12	22	23	22	14	18	16	13	9
XMTI4ODI4NDYzMg==	277	173	336	474	246	160	179	166	177	170	290	201	94	101	141	99	66	218	229	126	101	73	77	95	141	86	64	69	81	72
XMTI4ODI4NTkwMA==	1592	788	426	387	816	357	298	290	296	274	323	305	1064	395	713	1223	2855	2716	15685	17923	15109	15104	16200	16066	14029	16324	19536	16517	15376	13651
XMTI4ODI4NjA1Mg==	209	130	149	79	102	111	116	6	80	84	127	114	104	107	109	126	130	174	208	139	161	107	137	147	139	124	138	122	124	110
XMTI4ODI4ODY0MA==	82	173	189	178	203	241	233	205	198	198	218	176	207	201	149	81	65	76	73	78	91	75	89	84	101	98	80	69	55	73
XMTI4ODI4ODgxNg==	327	315	221	194	298	321	301	416	766	859	770	856	977	974	1163	1327	1489	1538	1760	1461	1358	1205	1034	18	1057	1336	1151	1428	1065	1286
XMTI4ODI5MzAxMg==	60	87	64	48	58	68	74	11	49	80	76	67	155	305	303	203	188	172	210	194	178	159	147	157	163	95	96	50	74	105
XMTI4ODI5Mzc2OA==	180	96	138	76	95	71	64	75	65	59	61	64	55	82	67	55	55	104	100	94	103	111	160	130	163	120	153	113	120	111
XMTI4ODI5Mzc3Ng==	203	110	195	74	99	121	100	138	110	119	122	125	122	150	104	116	171	269	302	250	300	318	328	412	265	281	277	298	228	241
XMTI4ODI5NTIxNg==	9	1	5	0	0	6	4	2	2	5	2	4	1	2	3	2	1	8	4	4	4	1	3	2	6	2	5	1	1	3
XMTI4ODI5NzIwNA==	1198	349	759	790	757	583	551	705	517	488	544	563	518	717	785	632	644	523	378	421	391	469	518	509	471	499	376	414	440	465
XMTI4ODI5OTA1Mg==	2385	2085	1304	1343	811	753	931	808	792	712	1803	554	649	590	619	635	588	638	658	646	743	714	722	592	528	586	574	512	436	551
XMTI4ODI5OTM0OA==	67	6	7	9	54	64	93	75	92	77	74	59	64	79	107	94	118	108	48	29	38	53	38	50	40	28	35	35	32	34
XMTI4ODIwMTgxNg==	489	122	129	87	60	66	80	120	114	103	105	162	113	129	133	172	107	138	168	206	153	130	130	158	355	397	404	496	352	307
XMTI4ODIwMjAyOA==	3	2	1	1	10	3	2	6	9	10	7	7	3	5	5	1	2	1	2	5	4	1	2	1	2	1	1	1	2	1
XMTI4ODIyNTAwMA==	23	24	31	21	21	12	11	12	15	17	9	8	23	17	11	14	20	15	15	24	13	12	19	23	13	30	18	9	13	11
XMTI4ODM0MzM3Mg==	3236	2380	3199	1328	1545	1502	1782	2572	978	918	1390	2194	612	640	609	712	859	839	1590	555	701	613	591	1639	476	454	430	508	432	485
XMTI4ODM0ODA0MA==	14	3	7	2	3	2	5	5	5	5	2	5	4	4	3	3	3	11	0	1	4	6	4	2	12	5	8	4	6	10
XMTI4ODM1MTU0NA==	75	26	32	31	36	24	30	45	31	37	31	33	44	34	28	15	47	17	17	9	14	22	36	34	39	27	42	27	37	30
XMTI4ODM2ODI1Mg==	23	3	10	9	12	16	16	6	18	13	20	17	10	10	5	12	28	19	15	21	20	13	10	25	19	24	16	15	8	13
XMTI4ODM2ODgxNg==	16	6	21	37	57	7	47	42	33	20	31	23	24	38	20	23	47	25	57	38	28	30	35	31	29	19	28	3	21	9
XMTI4ODM4MTA3Ng==	18	8	9	8	4	7	5	2	16	9	3	3	1	9	4	4	8	8	2	6	7	7	3	4	7	7	5	4	1	8
XMTI4ODM5MzcwNA==	462	2030	410	82	90	73	146	173	629	253	289	909	341	1018	366	352	1218	307	374	1480	581	561	1721	591	589	1641	645	706	634	1782
XMTI4ODMwNDU2OA==	21	11	6	5	3	4	4	2	8	13	10	9	8	14	14	19	30	36	22	14	19	26	35	32	37	36	30	32	46	44
XMTI4ODMwNzE2OA==	147	325	268	128	82	103	74	95	101	113	88	81	69	100	89	98	251	148	75	77	87	77	91	85	86	69	99	93	83	125
XMTI4ODMwOTE2NA==	1081	1045	1415	969	844	1327	878	667	682	573	663	577	683	691	609	509	432	520	560	504	581	521	557	531	573	801	1614	1344	1272	1113
XMTI4ODMxNTA2OA==	651	434	207	400	439	224	240	193	122	375	553	379	115	49	34	29	99	345	314	210	149	128	44	79	202	217	209	141	80	80
XMTI4ODMxNjExNg==	9	1	9	4	12	5	12	5	3	6	8	7	7	2	8	5	3	6	8	10	6	6	12	15	7	2	5	8	2	1
XMTI4ODMxODI2OA==	11934	15486	20598	12237	20564	31107	19442	12183	14471	13945	15686	12991	17050	10047	12663	12083	9389	11535	9032	10461	14839	8137	8835	8071	8371	7271	13358	10378	8303	4765
XMTI4ODMyMzUwNA==	1279	626	624	528	735	779	894	459	357	375	360	341	354	418	340	370	405	394	334	328	387	362	328	370	357	350	359	386	381	368
XMTI4ODMyNTUwOA==	726	907	890	318	805	339	758	328	420	426	288	941	328	487	1359	353	222	265	286	1373	303	222	224	252	218	216	413	316	1387	241
XMTI4ODMyNzc5Mg==	253	117	105	79	113	96	124	87	78	109	125	148	154	221	183	180	236	228	206	200	192	190	222	294	248	190	249	158	179	242
XMTI4ODMzNDc5Mg==	593	78	54	49	55	33	50	79	153	1464	1734	686	419	332	465	562	1120	458	421	339	589	926	1019	690	1275	1357	1282	46	945	1175
XMTI4ODQ0MDA5Mg==	101	112	100	54	21	61	70	60	68	71	57	74	52	64	79	86	62	67	75	98	89	101	120	100	99	96	105	83	84	151
XMTI4ODQ0ODcxMg==	13	8	2	2	0	3	4	0	0	2	1	3	1	5	7	16	6	3	10	5	6	6	19	15	12	14	21	6	13	12
XMTI4ODQ1MjUyMA==	6	0	2	0	1	1	2	1	0	2	1	1	1	8	6	15	16	12	10	9	12	14	6	8	7	7	2	7	9	5
XMTI4ODQ2NzU4OA==	24	16	5	5	16	5	34	19	16	17	20	15	6	12	5	13	13	22	29	19	18	35	40	36	23	39	34	25	23	42
XMTI4ODQ2ODc4NA==	147	104	51	43	52	61	45	48	80	80	59	65	70	80	82	73	56	56	65	49	58	52	145	111	132	118	152	190	204	210
XMTI4ODQ3Mzc5Ng==	223	150	287	243	364	931	1186	1108	1416	1897	2132	2921	3026	3350	6045	7846	6017	5744	3737	5872	4232	4403	3247	3315	7570	10373	8373	5099	5288	3645
XMTI4ODQ3Njc0MA==	13	3	0	11	6	1	6	3	8	4	4	2	2	8	2	1	3	2	1	5	0	7	11	14	3	3	6	4	7	11
XMTI4ODQ4MDU3Ng==	10	1	11	8	16	2	10	14	7	8	10	7	5	2	2	7	0	2	0	2	3	4	2	7	1	1	2	5	8	4
XMTI4ODQ4MTIyNA==	1534	1591	1986	1752	1684	1374	2019	2328	1855	1418	1432	1090	1089	1656	1587	1063	765	792	761	789	878	788	816	911	640	547	427	331	352	291
XMTI4ODQ5NDA4NA==	137	109	136	78	128	94	97	96	94	86	79	52	67	94	117	112	146	287	254	242	242	205	191	162	194	178	163	139	136	120
XMTI4ODQ5NDE1Ng==	195	80	146	91	111	150	113	115	90	80	90	67	84	85	109	105	187	386	300	273	293	262	190	204	251	182	154	170	143	147
XMTI4ODQ5NDQ1Mg==	161	99	119	90	108	124	103	112	95	74	84	89	66	133	127	101	197	273	264	257	211	306	235	229	265	190	180	132	123	122
XMTI4ODQ5NjI4MA==	972	394	421	250	232	165	135	176	539	452	507	433	428	554	449	507	395	249	219	460	484	472	515	499	463	461	422	379	366	360
XMTI4ODQwMzE1Mg==	792	101	108	92	278	308	441	308	9	329	288	209	301	327	332	545	735	789	461	389	341	305	322	282	264	272	311	40	319	259
XMTI4ODQwODA2MA==	109	125	77	34	45	44	27	37	12	25	106	53	26	32	42	54	94	47	37	37	51	40	47	46	28	20	30	28	23	24
XMTI4ODQxMjQ1Mg==	12	11	7	7	2	4	7	0	6	4	7	5	5	2	3	1	2	3	7	4	11	2	1	5	1	4	1	2	4	4
XMTI4ODQxNTExNg==	5	10	4	3	3	2	2	2	4	2	8	4	3	3	6	6	2	5	8	5	4	4	1	0	3	3	3	0	8	7
XMTI4ODQyOTU3Ng==	53	109	186	151	170	83	118	98	71	49	90	45	63	89	73	76	103	98	77	59	135	98	68	104	91	48	42	43	42	41
XMTI4ODQzMjE0MA==	910	555	2028	951	683	660	1005	1508	1087	537	508	424	431	472	578	596	797	705	517	479	479	490	522	487	677	530	551	567	427	479
XMTI4ODQzNjYyMA==	304	93	113	56	184	268	86	113	362	242	136	113	125	106	356	98	121	229	163	155	153	68	434	42	57	32	55	40	86	51
XMTI4ODU0NjE5Mg==	18	11	10	3	3	11	2	9	8	12	7	4	10	3	9	15	17	12	8	9	5	13	10	3	12	9	5	6	5	22
XMTI4ODU0NzM1Ng==	27	21	3	15	8	18	16	10	9	13	8	6	7	15	16	6	9	13	5	7	9	11	6	17	16	7	8	12	12	12
XMTI4ODU0OTkyMA==	70	28	46	11	27	32	18	24	33	27	37	25	40	32	25	26	24	26	32	11	18	19	23	24	20	20	26	38	21	17
XMTI4ODU1NDkwNA==	54	20	35	21	37	19	18	36	70	49	27	13	18	11	15	19	25	15	19	25	29	11	20	12	18	6	17	15	9	18
XMTI4ODU3MzY5Ng==	17	21	11	7	8	12	19	9	5	6	10	16	10	10	18	14	6	7	10	13	11	10	19	18	13	14	12	12	17	12
XMTI4ODU3NzM1Ng==	3	5	1	3	2	2	3	4	2	4	4	1	2	2	1	1	1	0	2	0	1	1	6	4	4	1	2	0	0	1
XMTI4ODUwMjkxMg==	416	249	277	144	183	214	227	248	319	464	422	383	161	163	110	111	120	82	77	78	100	73	55	87	61	63	64	40	42	36
XMTI4ODUwOTc2NA==	148	155	143	95	105	82	96	77	50	46	43	41	36	29	30	21	24	16	34	25	28	29	25	30	38	45	46	26	32	23
XMTI4ODUxODE4OA==	13	8	10	3	11	8	15	11	21	15	10	5	11	5	12	15	16	16	17	15	4	5	13	13	9	20	22	17	19	23
XMTI4ODUxOTYyMA==	1605	1863	3363	2135	2314	1353	1722	1462	1646	1637	1594	1321	1448	1919	1824	2176	2473	2067	2188	2583	3857	2810	2535	2584	2731	3041	2938	3566	2623	2813
XMTI4ODUzMjYyOA==	290	1037	1155	947	1079	807	923	826	849	855	733	714	734	811	710	762	711	638	600	653	726	583	481	279	317	305	333	210	92	168
XMTI4ODUzNTQwMA==	36	10	22	13	17	18	6	14	6	25	20	11	3	10	16	14	19	6	6	16	22	0	11	4	7	13	6	17	9	14
XMTI4ODUzNjkwOA==	31	33	23	16	40	23	21	30	14	9	11	11	8	8	12	13	13	18	10	15	13	5	24	9	6	8	5	15	11	2
XMTI4ODY0NzY5Mg==	5	8	7	7	7	1	17	3	0	3	2	0	1	4	2	5	5	7	1	12	14	1	9	7	10	5	7	14	8	2
XMTI4ODY2Nzk4OA==	10	7	12	7	14	8	6	11	12	12	7	6	2	4	5	6	14	15	15	14	12	1	0	5	0	2	3	2	0	3
XMTI4ODY3OTUxNg==	236	189	173	97	108	77	69	79	70	159	186	160	90	108	110	113	128	148	185	226	465	428	344	334	555	417	245	181	168	162
XMTI4ODY4MDM1Ng==	232	220	173	123	147	103	81	90	87	130	136	120	115	88	98	90	79	93	177	253	189	106	73	82	143	107	69	65	80	97
XMTI4ODY4MTEyMA==	383	415	358	286	357	367	349	344	330	277	371	358	306	398	404	380	354	285	381	352	343	271	318	287	285	290	322	295	320	252
XMTI4ODY4MzMwNA==	3	16	8	4	10	14	4	7	17	2	5	19	4	2	2	16	6	3	5	9	16	4	2	1	7	3	10	3	5	11
XMTI4ODY4NzE4NA==	84	86	146	98	67	115	105	95	81	88	30	29	86	74	126	131	115	127	130	76	86	88	137	133	152	150	141	146	125	117
XMTI4ODY5MDQ2OA==	4	2	7	2	2	3	1	0	5	2	0	2	2	2	5	0	4	6	1	2	2	3	0	0	1	2	3	3	5	5
XMTI4ODY5MTY0OA==	1933	17874	4229	5184	8154	6926	10101	7367	4732	4368	7206	4225	3704	3764	4305	4395	3317	5572	8885	9178	9577	11455	12310	9780	6341	5940	5680	5807	5843	5836
XMTI4ODYwNjcxMg==	37	16	10	10	7	13	4	9	17	14	15	22	17	23	17	21	19	9	16	23	22	17	23	17	17	14	18	28	27	20
XMTI4ODYwODEwNA==	33	54	18	22	29	35	34	39	50	69	35	22	29	54	43	41	61	81	9	38	45	52	15	7	8	0	7	4	1	6
XMTI4ODYxNzE3Ng==	124	98	16	24	13	13	14	24	19	192	105	59	46	43	82	110	185	123	88	58	99	103	54	68	43	28	29	26	25	10
XMTI4ODYxNzkwOA==	13	3	9	3	7	3	8	10	13	14	11	11	12	8	16	12	20	5	11	18	23	16	28	30	14	9	9	15	10	16
XMTI4ODYyNzQ1Ng==	23	17	20	11	7	8	6	14	6	10	14	21	11	18	18	14	10	6	4	7	5	5	4	3	1	4	5	2	4	4
XMTI4ODc4OTYzNg==	5	9	1	3	4	1	3	5	2	0	10	5	5	1	3	6	4	2	2	5	7	3	1	0	7	4	1	3	2	2
XMTI4ODcwNzY2OA==	4196	2207	1945	730	1234	1098	2719	1410	3639	3801	2904	2632	2034	2163	2183	2798	4015	2936	4398	2901	3328	2921	3406	4409	3665	3326	2976	2941	2159	3656
XMTI4ODcwODAwMA==	1016	2074	1175	599	872	506	499	628	746	707	522	543	1438	832	407	460	469	491	435	520	812	677	530	491	727	907	819	811	771	679
XMTI4ODcwOTA3Mg==	20	1795	881	738	991	870	819	801	14	1312	12	1232	19	1465	23	1349	17	1277	29	1212	21	1246	16	1232	14	1242	13	19	1863	14
XMTI4ODczNzM0MA==	3	4	3	2	3	5	2	6	5	3	5	2	4	2	2	8	5	5	5	2	3	2	3	4	2	2	5	3	2	2
