XMTM2MTI2MTM4MA==	3	3	7	7	7	8	8	8	8	8	8	8	8	8	8	8	8	8	8	8	8	8	8	8	8	8	8	8	8	8
XMTM2MDc2NTMwOA==	1	1	2	2	2	2	2	2	2	3	3	3	3	3	3	7	7	8	8	8	8	8	8	8	8	8	11	11	11	11
XMTM2MDc5NTgzNg==	4	4	6	6	7	7	7	7	7	7	7	7	7	7	7	7	7	7	7	7	7	7	7	7	7	7	7	7	7	7
XMTM2MTMxMTQ4NA==	10	13	19	19	19	19	19	19	19	19	19	19	20	21	21	21	21	21	21	21	21	21	21	21	21	21	21	21	21	21
XMTM2MDgxNzcxMg==	90	121	187	196	201	202	204	210	212	212	212	213	214	216	216	218	218	221	221	239	247	249	249	251	252	253	253	253	253	261
XMTM2MTI0ODk1Mg==	1348	1842	3190	3709	3743	3996	4106	4129	4150	4741	5187	5351	5381	5414	5421	5431	5431	5435	5435	5531	5559	5563	5569	5588	5590	5591	5612	5644	5663	5670
XMTM2MTI1Mjk3Mg==	2	2	3	3	3	3	3	4	4	4	4	4	4	4	4	4	4	4	4	4	4	4	4	4	4	4	4	4	4	4
XMTM2MTE2OTA2OA==	11	14	28	28	28	28	28	28	28	28	28	28	28	28	28	28	28	29	29	29	29	29	29	29	29	31	31	31	31	32
XMTM2MTM2NzU2NA==	2	2	5	5	5	5	5	5	5	5	5	5	5	5	5	5	5	5	5	5	5	5	5	5	5	5	5	5	5	5
XMTM2MTY3OTEyNA==	57	77	114	114	114	114	114	114	114	114	114	115	116	116	117	117	117	117	117	117	119	119	120	120	120	121	121	121	126	126
XMTM2MDc4MDY1Ng==	3	3	5	5	5	5	6	7	7	7	7	7	7	7	7	7	7	7	7	7	7	7	7	7	8	8	9	11	11	11
XMTM2MTA4MjAwNA==	1	1	2	2	2	2	2	2	2	2	2	2	2	2	2	2	2	2	2	2	2	3	3	3	3	3	3	3	3	3
XMTM2MTE1MTc4OA==	2	3	5	5	5	5	6	6	6	6	6	7	7	7	7	7	7	7	8	8	8	8	9	9	9	9	9	17	19	19
XMTM2MTIzOTU2MA==	3	3	5	5	5	5	5	5	5	5	5	5	5	5	5	5	5	5	5	5	5	5	5	5	5	5	5	5	5	5
XMTM2MTE5NTkwNA==	3	3	5	5	5	5	5	5	5	5	5	5	5	5	5	5	5	5	5	5	8	8	8	8	8	8	8	8	9	9
XMTM2MTAwMzY2NA==	64	98	192	205	206	207	208	209	211	214	214	215	215	217	219	219	221	221	221	235	243	244	249	251	251	252	253	254	256	256
XMTM2MDg5NTkwNA==	4	4	6	6	6	6	6	6	10	19	19	19	19	19	19	19	19	20	20	20	20	20	20	20	21	21	21	21	21	21
XMTM2MDkyNzIyMA==	2	2	3	3	3	3	3	3	3	3	3	3	3	3	4	4	4	4	4	4	4	4	4	4	4	4	4	4	4	4
XMTM2MDg2NDA2OA==	6	10	15	16	16	16	16	17	17	17	17	17	17	17	17	17	17	17	17	17	17	17	17	17	18	18	18	18	18	18
XMTM2MTE3NTMxNg==	238	306	562	628	642	644	648	649	653	656	977	1344	1450	1489	1510	1521	1528	1539	1540	1574	1586	1586	1596	1600	1603	1605	1607	1609	1612	1616
XMTM2MTE3Njg2NA==	4	5	7	7	7	7	7	7	8	8	8	8	8	8	8	8	8	8	8	9	9	9	9	9	9	9	9	9	9	11
XMTM2MTI5MzY5Ng==	4	4	7	7	7	7	9	9	11	11	11	11	11	11	11	12	12	12	12	12	12	12	12	12	12	12	12	12	12	12
XMTM2MTQ4MzU1Ng==	3	3	5	5	5	5	5	5	5	6	6	6	6	6	6	6	6	6	7	8	8	8	8	8	8	8	8	8	8	8
XMTM2MTEzMDQ0NA==	5	5	10	11	11	13	13	18	20	21	21	24	24	24	24	24	24	24	25	28	29	29	29	29	29	29	29	29	31	31
XMTM2MDk5ODI0MA==	2	2	3	3	3	3	3	3	3	3	3	3	3	3	3	3	3	3	3	3	3	3	3	3	3	4	4	4	4	4
XMTM2MDg4NDExMg==	2	2	3	3	3	3	3	3	3	3	3	3	3	3	3	3	3	3	3	3	3	3	3	3	3	4	4	4	4	4
XMTM2MDg3ODU2OA==	7	9	14	14	14	14	14	14	14	14	14	14	14	14	14	16	16	16	16	16	16	16	16	16	16	16	16	16	16	16
XMTM2MDgzOTQwOA==	9	10	22	22	22	22	22	22	22	22	22	22	22	22	22	22	22	22	22	22	22	22	22	22	22	22	23	23	24	24
XMTM2MDg1MzYwMA==	50	58	87	87	88	88	89	89	89	90	90	90	90	91	91	97	97	97	97	99	99	100	100	100	100	100	100	100	100	100
XMTM2MDg3MDkyNA==	2	3	5	5	5	5	5	6	7	7	7	7	7	7	7	7	7	7	7	7	7	7	7	7	7	7	7	7	7	7
XMTM2MDQ3ODgyMA==	223	333	514	574	580	582	584	597	601	610	625	625	625	626	628	632	634	642	642	670	674	677	679	681	682	693	700	721	732	737
XMTM2MTY1Nzk5Mg==	1	1	2	2	2	2	2	2	2	2	2	2	2	2	2	2	2	3	3	3	3	3	3	3	3	3	3	4	4	4
XMTM2MTIxOTA1Mg==	17	21	46	52	53	53	53	53	53	53	53	53	53	54	55	55	55	55	56	58	58	59	59	59	59	59	59	61	61	61
XMTM2MTExNzk5Ng==	4	6	9	9	9	9	9	9	9	9	9	9	10	10	10	10	10	10	10	10	10	10	10	10	10	10	10	11	11	11
XMTM2MTQ2Nzk0MA==	2	2	3	3	3	3	3	3	3	3	3	3	3	3	3	3	3	3	3	3	3	3	3	3	3	3	3	3	3	3
XMTM2MTE0NjM4OA==	90	121	190	208	209	221	237	241	242	251	256	258	259	261	261	261	262	262	265	309	312	312	318	320	324	324	324	324	324	326
XMTM2MTQwMDkxMg==	24	33	59	69	69	71	71	71	71	71	72	72	73	73	74	76	77	77	78	79	80	80	80	80	80	80	80	80	81	81
XMTM1OTQwOTAxNg==	3	3	6	7	8	8	8	9	9	12	12	15	15	15	16	18	18	21	27	29	30	30	30	30	31	32	33	35	37	40
XMTM2MTYxNjkyNA==	3	4	6	6	6	6	6	6	6	6	6	6	6	7	7	7	7	8	8	8	8	8	8	8	8	10	10	10	10	10
XMTM2MDc5NjQ4MA==	1232	1654	3273	3357	3458	3474	3486	3685	3700	3716	3728	3737	3740	3741	3741	3742	3742	3744	3745	3785	3790	3798	3802	3803	3808	3810	3816	3817	3827	3844
XMTM2MDkxNDM1Ng==	2	2	3	3	3	3	3	3	3	3	3	3	3	3	3	3	3	3	3	3	3	3	3	3	3	3	3	3	3	4
XMTM2MTAyMDkyMA==	9	12	24	24	24	24	24	24	25	25	25	25	25	25	26	26	26	26	26	26	26	26	26	30	30	32	32	32	32	32
XMTM2MDg2Nzc5Mg==	107	139	211	214	215	217	219	219	219	220	220	220	221	221	223	223	223	224	224	224	224	224	224	226	226	226	226	226	227	227
XMTM2MTIxMjYxMg==	5	7	12	14	14	14	14	15	15	15	15	15	16	16	16	18	18	19	19	20	20	20	20	23	23	26	26	26	26	26
XMTM2MDkwNDQ5Mg==	1436	2115	3215	3245	3249	3265	3266	3271	3291	3319	3321	3322	3336	3337	3344	3345	3385	3387	3387	3388	3389	3391	3392	3393	3394	3394	3398	3491	3560	3562
XMTM2MDcyMjQyNA==	182	265	391	423	424	425	427	427	429	431	431	431	432	432	434	436	436	439	439	439	439	439	443	444	444	444	445	445	459	460
XMTM2MDk0NzQ4MA==	1	1	2	2	2	2	2	2	2	2	2	2	2	2	2	2	2	2	2	2	2	2	2	2	2	2	2	2	2	2
XMTM2MTI5MjM3Ng==	4	4	6	6	6	6	6	6	6	6	6	6	6	6	6	6	6	6	6	6	6	6	6	6	6	6	6	6	7	7
XMTM2MTIyNDE2NA==	2	3	5	5	5	5	6	6	8	9	10	10	10	11	11	11	12	12	12	13	13	13	13	14	14	14	14	15	15	15
XMTM2MTA5MDU4NA==	13	14	30	34	37	38	38	38	38	39	40	41	41	45	45	45	45	46	46	46	48	49	49	1463	1468	1469	1469	1469	1480	1482
XMTM2MTI3NDc0NA==	2	2	3	3	3	3	3	3	5	5	5	6	6	6	6	6	7	7	7	7	7	7	7	7	7	8	8	9	9	9
XMTM2MTY0MjM5Mg==	53	75	130	137	137	158	166	170	170	171	171	171	171	172	173	173	174	175	175	175	175	175	175	175	175	175	175	175	175	175
XMTM2MDg4OTg4NA==	5	6	10	11	11	14	14	18	18	21	23	23	23	24	27	28	29	29	29	36	38	38	38	39	39	39	43	45	45	47
XMTM2MDg5NTg3Mg==	1	1	2	2	2	2	2	2	2	2	2	2	2	2	2	2	2	2	2	2	2	2	2	2	2	2	2	2	2	2
XMTM2MTUwNDg0NA==	20	24	36	36	36	36	36	36	36	36	36	36	37	37	37	37	37	37	37	37	37	37	37	37	37	37	37	37	39	39
XMTM2MTQ4Mzg3Ng==	4	4	6	6	6	7	7	7	7	7	7	8	8	59	61	74	74	74	75	78	78	78	78	78	78	78	78	78	78	79
XMTM2MDg4ODQwMA==	3	3	6	6	6	6	6	7	7	7	7	7	7	8	8	9	9	9	9	10	10	10	10	10	10	10	10	10	10	10
XMTM2MTYwNDM0OA==	9	10	18	19	20	20	22	22	22	22	22	23	24	24	30	45	51	51	51	123	129	133	135	135	137	137	138	139	139	139
XMTM2MTIwNDgxMg==	3	4	6	6	6	6	6	6	7	7	8	9	10	11	12	13	13	13	13	17	17	17	17	18	18	20	20	20	20	20
XMTM2MDk3MzkyNA==	32	39	90	99	99	107	111	113	119	150	325	5349	5352	5353	7552	7555	7555	7555	7806	10189	10201	10325	10326	10326	10326	12302	12303	12303	12306	40224
XMTM2MDg4NTU4NA==	1	1	2	2	2	2	2	2	2	2	2	2	2	2	2	2	2	2	2	2	2	2	2	2	2	2	2	2	2	2
XMTI4Nzc3Nzc1Ng==	4	4	7	7	7	8	8	8	8	8	8	8	8	8	8	8	8	8	8	8	8	8	8	8	8	8	8	8	8	8
XMTI4NzcyNzkyOA==	2	2	5	6	6	7	7	7	8	8	8	8	8	8	8	8	8	8	8	10	10	10	10	10	10	10	10	10	10	10
XMTI4Nzk2ODM5Mg==	10	12	23	23	23	23	23	23	23	23	23	23	24	24	25	25	25	25	25	25	25	25	25	25	25	25	25	25	26	26
XMTI4Nzk5MjIzMg==	38	45	71	77	83	87	91	98	99	109	113	125	130	140	149	159	159	162	168	174	179	183	194	202	208	212	217	219	223	224
XMTI4ODA0MTMyNA==	8	8	13	13	14	14	14	14	14	14	14	14	14	14	14	14	14	14	14	14	14	14	14	14	14	14	14	14	14	14
XMTI4ODA0MzkzNg==	6	9	16	17	17	17	17	18	18	18	18	18	18	18	18	18	18	18	18	19	21	22	23	23	24	24	24	24	24	24
XMTI4ODA2NjQwOA==	377	664	1027	1076	1110	1137	1190	1208	1219	1237	1252	1261	1272	1276	1287	1297	1308	1316	1329	1341	1349	1355	1362	1374	1381	1387	1388	1393	1401	1405
XMTI4ODA4MzQzMg==	3	3	7	7	7	7	8	8	8	8	8	8	8	8	8	8	8	8	8	8	8	8	8	8	8	8	8	8	9	9
XMTI4ODA4NjU1Mg==	8	9	15	15	15	15	15	15	15	15	15	15	15	15	15	15	15	15	15	15	15	15	15	15	15	15	15	15	15	15
XMTI4ODAwMDA5Ng==	17	19	38	39	39	40	40	41	41	43	43	44	45	45	45	45	45	45	47	50	50	50	50	54	54	55	56	56	57	57
XMTI4ODAwODAxNg==	12	15	22	22	24	24	24	24	25	25	25	25	27	27	27	27	27	27	27	27	27	27	27	27	27	27	27	27	27	28
XMTI4ODAxNDA0MA==	11	17	25	25	25	26	26	26	26	26	26	26	26	27	28	28	29	29	29	30	30	30	30	30	30	30	30	30	30	30
XMTI4ODAyMjg4MA==	16	23	38	41	44	46	50	54	56	62	64	66	70	73	78	81	85	91	96	102	106	112	120	123	145	152	156	161	169	178
XMTI4ODAzMDI1Mg==	7	11	20	20	20	21	21	21	21	21	21	21	21	21	21	21	22	22	23	23	23	23	23	23	23	23	23	23	23	23
XMTI4ODAzNzI3Mg==	6	8	13	13	14	14	14	14	14	15	15	15	15	15	15	15	15	15	15	15	15	15	15	15	16	16	16	16	16	16
XMTI4ODE0MTU0MA==	1031	1063	1894	1903	1917	1932	1940	1948	1957	1959	1962	1971	1981	1989	1993	1997	2002	2003	2004	2008	2010	2010	2012	2015	2017	2019	2021	2023	2024	2030
XMTI4ODE0NzMyNA==	10	14	25	27	28	29	31	31	34	37	39	40	40	40	42	43	44	44	46	47	47	47	50	52	53	53	53	53	53	53
XMTI4ODE1NTk3Ng==	31	33	61	65	66	66	66	66	66	67	67	67	67	67	68	68	68	68	68	68	68	68	69	69	69	70	70	70	70	70
XMTI4ODE2Mjk1Ng==	1	1	3	3	3	3	3	3	3	3	3	3	3	3	3	3	3	3	3	3	3	3	3	3	3	3	3	3	3	3
XMTI4ODE2NzE0OA==	9	10	19	19	21	21	21	21	21	22	22	22	22	22	22	23	24	24	24	24	24	24	24	24	24	25	26	26	26	26
XMTI4ODE3MjI0OA==	73	89	152	153	165	166	167	167	168	168	169	169	170	172	172	172	172	172	174	174	174	174	175	175	175	175	175	176	177	178
XMTI4ODE3NDY0NA==	12	13	22	22	23	23	23	23	24	24	24	24	24	24	25	25	25	25	25	26	26	26	26	26	26	26	26	26	26	26
XMTI4ODE3OTczNg==	17	21	35	38	41	43	45	51	51	52	54	56	58	59	60	61	62	63	63	64	65	67	69	69	70	72	73	73	74	79
XMTI4ODE4NDgyNA==	12	16	23	23	23	23	24	25	25	25	25	25	25	29	41	41	41	41	41	41	41	43	43	43	43	43	43	43	43	43
XMTI4ODE4NzQ2NA==	3	3	7	7	7	7	7	7	7	7	7	7	7	7	7	7	7	7	7	7	7	7	7	7	7	7	7	7	7	7
XMTI4ODE5NTk3Ng==	6	7	11	11	11	11	11	11	11	11	11	11	11	11	11	11	11	11	13	13	13	13	13	13	13	13	13	13	13	13
XMTI4ODEwOTU3Mg==	501	739	1317	1330	1494	1675	1676	1728	1729	1735	1739	1739	1746	1746	1746	1748	1758	1775	1792	1807	1814	1832	1846	1851	1866	1871	1875	1882	1896	1901
XMTI4ODExMzczMg==	5	5	10	10	10	10	10	12	12	12	12	12	12	12	12	12	12	12	12	13	13	13	13	13	13	14	14	14	14	14
XMTI4ODExODMyOA==	14	15	23	24	28	28	28	28	28	28	28	28	28	28	28	28	28	28	28	28	28	28	28	28	28	28	28	28	28	28
XMTI4ODEyNzQ3Ng==	10	10	14	14	14	14	14	14	14	14	14	14	14	14	14	14	14	14	14	14	14	14	14	14	15	15	15	15	15	15
XMTI4ODEzMjY1Ng==	24	37	61	62	63	63	65	68	68	68	68	68	68	70	70	70	70	70	70	70	70	70	70	70	70	70	70	70	70	70
XMTI4ODI0Nzk3Ng==	31	37	92	92	94	97	105	112	123	168	195	197	198	201	204	205	206	207	207	207	207	207	208	209	209	209	213	214	214	214
XMTI4ODI1Mjk2NA==	1	1	2	2	2	2	2	2	2	2	2	2	2	2	2	2	2	2	2	2	2	2	2	2	2	2	2	2	2	2
XMTI4ODI1ODY5Ng==	6	6	10	10	10	10	10	10	10	10	10	10	10	10	10	10	10	10	10	10	10	10	10	10	10	10	10	10	10	10
XMTI4ODI2Mjg2MA==	3	5	8	8	8	8	8	8	8	8	8	8	8	8	8	8	8	8	8	8	8	8	8	8	8	8	8	8	8	8
XMTI4ODI2NTc2NA==	274	298	774	823	870	900	927	939	952	1010	1019	1027	1036	1053	2943	2949	2959	2965	2973	2977	2981	2984	2992	2998	3003	3008	3013	3015	3020	3027
XMTI4ODI3NDg0OA==	28	43	72	75	76	76	76	76	77	77	78	79	80	80	80	80	80	80	80	80	80	80	80	80	80	80	80	80	80	80
XMTI4ODI4ODEyOA==	358	376	578	582	584	587	589	590	591	592	593	593	593	593	593	594	594	594	595	595	595	596	596	596	596	596	596	596	596	596
XMTI4ODI5MTE0OA==	5	5	9	9	11	11	11	11	12	14	15	15	15	15	15	15	17	17	17	17	17	17	17	18	18	18	19	19	21	21
XMTI4ODI5NDcwMA==	37	40	76	88	91	94	94	94	95	95	97	97	99	99	99	102	102	103	103	103	104	104	106	106	106	107	107	107	107	107
XMTI4ODIxNDc0NA==	5	6	9	9	9	9	9	9	9	10	10	10	10	10	10	10	10	10	10	10	10	10	10	10	10	10	10	10	10	10
XMTI4ODIyNjA1Ng==	592	885	1415	1556	1654	1725	1773	1829	1863	1909	1943	1997	2025	2050	2063	2089	2119	2144	2156	2171	2179	2191	2196	2196	2207	2212	2217	2219	2230	2236
XMTI4ODIyODY2MA==	4	7	11	11	11	11	11	11	11	11	11	11	11	11	11	11	11	11	11	11	11	11	11	11	11	11	11	11	11	11
XMTI4ODIzNTU2MA==	4	4	6	6	6	6	6	6	6	6	6	6	6	6	6	6	6	6	6	6	6	6	6	6	6	6	6	6	6	6
XMTI4ODIzOTE3Mg==	4	5	7	7	7	7	7	7	7	7	7	7	7	7	7	7	7	7	7	7	7	7	7	7	7	7	8	8	8	8
XMTI4ODM0Mzk4MA==	3	3	5	5	5	5	6	6	6	6	6	6	6	6	6	7	7	7	7	7	7	7	7	7	8	8	8	8	8	8
XMTI4ODM0OTYyMA==	19	23	51	52	54	57	57	57	58	58	58	58	58	58	58	62	62	62	62	62	63	66	67	67	67	67	67	67	67	67
XMTI4ODM1MzE2MA==	4	4	6	7	7	7	7	7	8	8	8	8	8	8	8	8	8	8	8	8	8	8	8	8	8	8	8	8	8	8
XMTI4ODM1NjY4NA==	1	1	2	2	2	2	2	2	2	2	2	2	2	2	2	2	2	2	2	2	2	2	2	2	2	2	2	2	2	2
XMTI4ODM2MjM0MA==	14	15	33	33	33	33	33	33	33	33	33	33	33	33	33	33	33	33	33	33	33	33	33	33	33	33	33	35	35	35
XMTI4ODM2MzUwOA==	1	1	3	3	3	3	3	3	3	3	3	3	3	3	3	3	3	3	3	3	3	3	3	3	3	3	3	3	3	3
XMTI4ODM2NDI0MA==	6	6	11	11	11	11	11	11	11	11	12	16	16	16	16	16	16	16	16	16	16	16	16	16	16	16	16	16	16	16
XMTI4ODM2NTQyOA==	4	4	6	7	7	7	7	7	7	7	7	8	8	8	8	8	8	8	8	9	9	9	9	9	9	9	10	10	10	10
XMTI4ODM3MTMxMg==	9	11	17	18	18	18	19	19	19	19	20	20	20	20	20	20	20	20	20	20	20	20	20	20	20	20	20	20	20	20
XMTI4ODM3ODQ1Ng==	16	22	33	35	36	36	36	37	37	37	39	39	39	39	39	40	40	40	40	40	40	40	41	42	42	42	42	42	42	42
XMTI4ODM4NDEwMA==	5	5	8	8	9	9	9	9	9	9	9	9	9	9	9	9	9	9	9	9	9	9	9	9	9	9	9	9	9	9
XMTI4ODM4NjQ2NA==	5	5	7	7	7	7	7	7	7	17	17	18	18	18	18	18	18	18	18	18	18	18	18	19	19	19	19	19	19	19
XMTI4ODM5MzI0NA==	1	1	2	2	2	2	2	2	2	2	2	2	2	2	2	2	2	2	2	2	2	2	2	2	2	2	2	2	2	2
XMTI4ODM5MzkyMA==	3	3	7	7	7	7	7	7	7	7	7	7	7	7	7	7	7	7	7	7	7	7	7	7	7	7	7	7	7	7
XMTI4ODM5ODcwOA==	3	3	6	6	6	6	6	6	6	6	7	7	7	7	7	7	7	7	7	7	7	7	7	7	7	7	7	7	7	7
XMTI4ODMwMjI3Mg==	1	1	2	2	2	2	2	2	2	2	2	2	2	4	4	4	4	4	4	4	4	4	4	4	4	4	4	4	4	4
XMTI4ODMyODczMg==	5	5	12	13	13	13	13	13	13	13	13	13	13	13	13	13	13	13	13	13	13	13	13	13	13	13	13	13	13	13
XMTI4ODMzMDg3Mg==	5	5	8	8	8	8	8	8	9	9	9	9	9	9	9	9	9	9	9	9	9	9	9	9	9	9	9	9	9	9
XMTI4ODMzOTkzMg==	372	482	825	913	935	949	957	970	977	988	996	1006	1009	1017	1020	1025	1034	1040	1043	1047	1050	1053	1060	1062	1066	1070	1075	1083	1099	1105
XMTI4ODQ1MzYyMA==	10	11	17	21	21	21	21	21	21	21	22	22	24	26	26	26	26	26	26	29	29	29	29	29	29	29	29	29	29	29
XMTI4ODQ1ODU2MA==	34	44	67	68	71	71	71	71	72	72	73	73	73	73	74	75	77	77	77	77	77	77	77	77	78	78	78	78	78	78
XMTI4ODQ2MDkwOA==	5	5	8	8	8	8	8	8	8	8	14	14	14	15	17	21	23	24	24	26	26	28	29	31	33	36	38	43	45	47
XMTI4ODQ3Nzc2MA==	314	341	511	518	524	536	543	548	552	556	563	566	568	573	580	582	585	588	594	595	597	602	603	604	607	612	612	620	623	625
XMTI4ODQ4NDg1Ng==	2	2	3	3	3	3	3	3	3	3	3	3	3	3	3	3	3	3	3	3	3	3	3	3	3	3	3	3	3	3
XMTI4ODQ4NTg4NA==	190	229	406	502	533	541	547	549	551	667	668	671	672	673	675	676	678	682	684	694	696	698	698	701	705	707	707	708	708	709
XMTI4ODQ4NzYwNA==	144	234	374	384	387	389	395	397	398	398	398	399	401	402	402	403	404	405	405	406	407	408	410	411	411	413	413	413	413	413
XMTI4ODQ5NzEzNg==	1	1	2	2	2	2	2	2	2	2	2	2	2	2	2	2	2	2	2	2	2	2	2	2	2	2	2	2	2	2
XMTI4ODQ5OTE2OA==	3	5	8	8	9	10	10	10	10	10	10	10	10	10	10	10	10	11	11	11	11	11	11	11	11	12	12	13	13	13
XMTI4ODQ5OTQzMg==	116	157	243	264	280	292	300	311	320	332	340	357	361	364	376	381	384	396	401	410	414	416	418	420	424	426	434	435	437	441
XMTI4ODQ5OTg4MA==	184	226	545	608	618	632	638	645	650	655	674	846	851	851	857	859	861	862	863	865	866	867	868	870	874	876	885	889	893	893
XMTI4ODQxMDc1Ng==	162	176	350	369	524	530	550	560	579	614	636	653	683	697	706	715	722	731	756	808	913	925	940	957	974	983	991	1010	1031	1043
XMTI4ODQxMzYwNA==	2	2	4	4	4	5	5	5	5	5	5	5	5	5	5	5	5	5	5	5	5	5	5	5	5	5	5	5	5	5
XMTI4ODQxNzkyMA==	3	5	8	8	8	8	8	8	8	8	8	8	8	8	8	8	8	8	8	8	8	8	8	8	8	8	8	8	8	8
XMTI4ODQyMjA3Ng==	1	1	3	3	3	3	3	3	3	3	3	3	3	3	3	3	3	3	3	3	3	3	3	3	3	3	3	3	3	3
XMTI4ODQyODE0NA==	7	9	15	16	17	18	19	20	22	24	27	30	30	35	36	43	45	48	51	53	54	56	59	60	62	77	77	77	79	83
XMTI4ODQzNDg1Mg==	11	12	21	21	21	22	22	22	22	22	22	22	22	22	22	22	22	22	22	22	22	22	22	22	22	22	22	22	22	22
XMTI4ODQzNjQ2NA==	10	13	26	28	28	28	31	32	33	35	37	38	41	44	46	46	49	50	50	52	59	59	62	64	67	68	68	69	72	73
XMTI4ODU0ODM5Mg==	22	23	56	56	56	56	56	56	56	56	56	56	56	56	56	56	56	56	56	56	56	56	56	56	56	56	56	56	56	58
XMTI4ODU2MTUxMg==	3	4	8	8	8	8	8	8	8	8	8	8	8	8	8	8	8	9	9	9	9	9	9	9	9	9	9	9	9	9
XMTI4ODU3ODk4OA==	2	3	5	5	5	6	7	7	7	7	7	7	7	9	9	9	9	9	9	9	10	10	10	10	10	10	10	10	10	10
XMTI4ODU4NTc2NA==	1	1	2	2	2	2	2	2	2	2	2	2	2	2	2	2	2	3	3	3	3	3	3	3	3	3	3	3	4	4
XMTI4ODU5MzAwOA==	2	2	3	3	3	3	3	3	3	3	3	3	3	3	3	3	3	3	3	3	4	4	4	5	5	5	5	5	5	5
XMTI4ODUwMjQ0NA==	86	127	227	227	229	231	231	231	231	232	232	232	232	232	233	234	234	234	234	235	235	235	235	235	241	241	241	241	241	241
XMTI4ODUwMzYyOA==	3	3	5	5	5	6	6	6	6	6	6	7	7	7	7	7	7	7	7	7	7	7	7	7	7	8	8	8	8	8
XMTI4ODUwNzE0NA==	34	35	56	56	57	57	58	58	60	60	60	60	60	60	62	64	64	64	64	64	75	81	82	85	85	85	86	91	91	91
XMTI4ODUyMTcwOA==	2	2	5	5	5	5	5	5	5	5	5	5	5	5	5	5	5	5	5	5	5	5	5	5	5	5	5	5	5	5
XMTI4ODUyNzE0MA==	16	23	45	45	45	46	46	48	48	49	49	49	49	49	49	49	49	49	49	49	50	51	51	51	51	51	51	54	54	55
XMTI4ODUzNDM3Ng==	14	17	27	27	27	27	27	27	27	27	27	27	27	27	27	27	27	27	27	27	27	27	27	27	27	27	27	27	27	27
XMTI4ODUzNzUwOA==	3	3	5	5	5	5	5	5	5	5	5	5	5	5	5	5	5	5	5	7	7	7	7	7	7	7	7	7	7	7
XMTI4ODUzNzk0NA==	4	5	8	10	10	10	10	10	10	10	10	10	10	10	10	10	10	10	10	12	12	12	12	12	12	12	12	12	12	12
XMTI4ODY0MDcwNA==	11	14	21	21	22	23	23	23	23	23	26	26	26	26	26	26	26	26	26	26	26	26	26	26	26	26	26	26	26	26
XMTI4ODY1MTM2NA==	27	30	67	67	67	67	67	67	68	70	70	70	70	70	70	70	70	71	71	72	73	73	73	73	73	73	73	73	73	73
XMTI4ODY2MDIxNg==	408	686	1122	1194	1337	1393	1424	1458	1489	1529	1560	1604	1644	1659	1669	1706	1736	1790	1823	1852	1863	1889	1917	1973	2005	2030	2059	2085	2107	2128
XMTI4ODY5NDg4MA==	8	9	13	13	14	14	14	14	14	14	14	14	14	14	14	14	14	14	14	14	14	14	14	14	14	14	14	14	14	14
XMTI4ODYwMzI5Mg==	32	39	90	91	95	97	100	103	105	106	106	107	107	109	109	111	113	114	118	120	121	122	122	122	124	124	125	127	129	129
XMTI4ODYwODI2NA==	8	11	17	18	18	18	19	20	20	21	23	24	24	24	25	26	28	28	28	29	31	31	31	34	37	37	37	39	39	41
XMTI4ODYyNzg4NA==	49	53	119	119	120	120	120	120	120	120	120	120	120	120	120	120	120	120	120	120	120	120	120	120	120	121	121	121	121	121
XMTI4ODYzOTg4OA==	2	2	4	4	4	4	4	4	5	5	6	6	6	6	6	6	6	6	6	6	6	6	6	6	6	6	6	6	6	6
XMTI4ODc1NjA1Mg==	33	46	69	69	69	69	71	73	78	78	78	78	78	78	78	78	78	79	79	79	79	81	81	81	81	82	82	82	82	82
XMTI4ODc4MzA4NA==	9	14	23	23	23	25	26	26	26	26	26	26	28	28	28	28	29	29	29	29	29	29	29	29	31	31	31	31	31	31
XMTI4ODcwNDA1Mg==	19	23	41	41	45	46	47	49	51	51	52	53	55	57	60	60	63	67	70	71	74	75	76	77	78	79	87	91	94	98
XMTI4ODcyMzMyMA==	166	219	553	556	560	567	569	571	574	575	575	575	575	577	577	577	577	577	577	579	580	580	580	580	580	581	581	582	582	582
XMTI4ODczNDA1Ng==	10	11	18	19	19	19	19	19	20	20	20	20	20	20	20	20	20	20	20	20	21	21	21	21	21	21	22	22	22	22
XMTI4ODg2NDI4OA==	11	17	27	28	28	28	28	28	28	28	28	28	28	28	28	28	28	28	28	28	28	28	28	28	28	28	28	28	28	28
XMTI4ODgxMDg2NA==	2	2	3	3	3	3	3	3	3	3	3	3	3	3	3	3	3	3	3	3	3	3	3	3	3	3	3	3	3	3
XMTI4ODgxODE4MA==	7	11	20	20	20	20	20	20	21	21	21	21	21	21	21	21	21	21	21	21	21	21	21	21	21	21	22	22	22	22
XMTI4ODgyMDMyOA==	3	4	7	7	9	9	9	9	10	10	10	11	11	11	11	12	12	12	12	13	13	13	13	14	14	14	14	14	14	15
