XMTM2MTEyMzg4OA==	30	68	96	112	124	141	151	160	168	182	189	196	204	226	240	256	264	283	289	295	298	307	323	333	344	348	368	371	377	386
XMTM2MTExMjM4NA==	22	43	67	73	75	79	86	98	101	110	117	118	119	123	124	126	127	130	141	159	161	161	162	164	165	166	168	170	172	173
XMTM2MTUzMTc3Mg==	16626	27126	29977	32491	44917	46145	58479	66918	68086	68642	69007	69698	70202	70705	71866	72469	72820	73099	73328	73605	74016	74678	75286	75584	75724	75968	76045	76191	76477	76672
XMTM2MTQ1NjU1Mg==	24	60	78	123	178	259	302	389	459	500	527	585	639	695	773	845	880	919	975	1080	1161	1253	1352	1402	1448	1528	1601	1671	1746	1805
XMTM2MTI3MDU0MA==	173455	568427	941357	1273811	1538599	1915060	2328221	2730456	3115417	3576620	3919637	4241781	4606458	4898047	5344517	5485893	6049737	6054194	6281581	6576358	6955566	7352470	7726912	7933107	8267118	8364412	8569988	8618410	8689620	8819929
XMTM2MTIzMDYyMA==	132	260	303	364	371	423	478	545	581	622	668	743	860	902	911	938	1057	1067	1112	1424	1524	1560	1637	1723	1757	1839	1894	1981	2027	2075
XMTM2MDgzNDcyNA==	32	54	62	83	88	105	120	135	139	161	170	216	218	220	225	227	243	243	245	367	386	419	442	443	457	490	502	533	572	597
XMTM2MTA5NDg2MA==	4421	8637	11390	13909	14330	15175	15855	16281	16643	16967	17245	17646	18040	18326	18607	18838	19024	19153	19239	19643	19900	19954	20108	20170	20293	20430	21108	21311	21552	22216
XMTM2MDk5NzQwMA==	2188	2809	3392	7497	10931	13966	17886	25364	30446	33948	36312	39293	42803	46169	50353	53939	56915	59211	62423	66354	70625	77764	85511	88762	91380	98642	101239	107048	112711	119402
XMTM2MTI5MDYwNA==	3	4	7	7	9	9	11	24	24	24	26	28	31	32	32	36	45	45	48	48	50	54	59	60	60	61	63	63	67	67
XMTM2MTMzMTk3Ng==	108	216	280	358	370	417	496	593	658	713	748	768	796	842	891	932	953	971	989	1034	1093	1185	1297	1354	1384	1420	1494	1495	1552	1597
XMTM2MTI3NjU1Ng==	624	1558	2039	2863	3187	3825	4433	4994	5726	6684	7035	7317	7359	7385	7411	7413	7473	7520	7531	7622	7641	7667	7686	7718	7746	7799	7854	7888	7917	7937
XMTM2MTUyNzg2NA==	303	646	774	894	1081	1625	2062	2248	2323	2359	2377	2437	2487	2521	2548	2561	2600	2615	2626	2653	2669	2672	2676	2687	2703	2706	2710	2812	2821	2912
XMTM2MTI5ODg3Mg==	7	18	30	35	43	46	46	46	46	46	46	46	46	46	46	46	46	46	46	46	46	46	46	46	46	46	46	46	46	46
XMTM2MTIwODcyOA==	440	979	1690	2281	2329	2588	2833	3087	3191	3407	3567	3732	3895	4061	4179	4295	4429	4535	4600	4730	4880	4974	5094	5155	5211	5338	5433	5534	5668	5764
XMTM2MTY0OTUwNA==	707	1331	1567	2060	2518	3221	3353	3420	3738	4312	5007	5771	7555	7701	7763	7793	7816	7817	7820	7899	7941	7968	8002	8022	8028	8039	8047	8103	8143	8172
XMTM2MDk4MTE0OA==	817	1360	1621	1968	2217	2670	3104	3479	3890	4505	5419	6623	8256	9360	10338	11415	12255	13135	13886	14599	15421	16883	19008	20104	20870	22100	22917	24315	25541	26790
XMTM2MTE3MzEzMg==	12	27	27	38	48	51	59	70	75	89	90	90	90	90	91	92	93	95	95	115	117	120	121	123	124	124	127	127	128	130
XMTM2MTY5OTk5Ng==	1875	4863	6602	8170	9142	10172	10860	11947	12750	13549	14173	14707	15297	15803	16567	17692	18588	19343	19698	20116	20588	20823	21314	21700	21934	22249	22367	22668	22970	23108
XMTM2MTU4MDEwNA==	213	453	553	647	790	893	1001	1080	1229	1326	1411	1510	1598	1656	1738	1831	1885	1940	1955	2053	2202	2601	2857	2981	3135	5191	7203	10002	12376	15247
XMTM2MDkxMzU4NA==	5026	13630	17172	26650	32620	39243	43359	47567	50736	53101	56190	62237	66542	69339	71815	73659	74808	77696	80277	81623	82927	85013	86865	87763	88709	92721	94151	96611	98552	100402
XMTM2MDc0NDUwMA==	311	661	779	1034	1393	1669	1909	2233	2615	2932	3172	3445	4028	4602	5018	5269	5404	5640	6043	6277	6337	6508	6822	6966	7033	7337	7485	7741	8083	8527
XMTM2MTY3Mjc0MA==	4	8	10	13	17	18	20	23	30	33	33	35	36	38	38	39	41	43	43	47	50	50	50	50	50	51	51	52	54	54
XMTM2MTM5MTk5Mg==	20	40	55	67	69	82	87	99	108	119	126	140	145	148	151	151	154	155	157	197	206	214	224	224	233	236	244	254	255	258
XMTM2MTY1OTk0OA==	15	32	48	57	57	62	62	63	63	64	65	69	69	69	69	70	70	70	70	77	77	78	78	78	78	78	78	79	79	79
XMTM2MTcxMzI3Ng==	1661	3103	4373	6152	7435	9254	11895	17094	20259	21265	22184	22925	24182	26085	28974	30907	32445	32579	32849	33957	34718	35412	37281	38332	38818	39656	41001	41890	42508	43967
XMTM2MDc3OTY1Ng==	19	31	39	50	58	67	77	79	80	81	81	81	82	82	82	84	85	85	86	90	92	93	93	95	95	96	96	99	99	99
XMTM2MTYwOTYwNA==	4	11	18	20	28	38	46	51	55	76	80	91	92	92	96	108	116	119	121	183	197	215	231	234	238	238	246	252	264	283
XMTM2MDc4MjkyMA==	26	58	80	136	153	174	211	271	332	393	466	769	839	881	935	969	979	979	989	1077	1098	1166	1195	1197	1218	1253	1413	1501	1530	1576
XMTM2MTQyMDc5Ng==	7	9	14	23	24	33	34	38	44	58	61	64	66	70	70	70	71	71	77	114	118	119	122	125	125	125	127	131	136	140
XMTM2MTYwMjI4MA==	5	10	16	21	24	27	33	41	44	48	50	51	51	54	59	67	71	74	74	83	86	87	87	89	89	89	89	91	93	95
XMTM2MTI2MzYyMA==	1615	2773	3593	4239	4267	5459	6711	7281	7743	8114	8496	8863	9111	9246	9447	9705	9931	10177	10388	10690	10899	11224	11559	11805	11994	12295	12479	12775	12933	13098
XMTM2MDgwNTY0OA==	64	128	194	241	246	246	248	251	251	255	256	259	259	260	260	264	265	266	267	326	336	338	339	339	340	340	340	341	349	349
XMTM2MTU1ODExMg==	289	603	726	882	1015	1206	1414	1684	1899	2114	2281	2549	2981	3467	4073	4642	5210	5976	6573	7158	7745	8417	9248	10050	10874	12387	12844	14333	15228	16085
XMTM2MTQxMzk1Ng==	4	13	14	22	30	38	38	42	45	48	49	49	50	50	51	52	53	54	54	69	72	74	75	75	75	77	79	82	86	88
XMTM2MTE2NzE2NA==	46	88	102	133	139	160	165	166	170	171	171	172	173	174	174	174	174	175	175	177	178	181	181	181	181	182	182	183	183	183
XMTM2MTQ4NjYxMg==	5	9	11	12	12	13	18	19	19	20	20	21	21	21	21	28	29	30	30	31	31	31	32	32	32	33	33	35	35	35
XMTM2MTA0NzIyNA==	1140	2361	5524	8458	11245	14050	16745	19352	21908	24921	26758	29751	33457	35620	38013	40502	42973	45681	48220	50413	53399	56199	59380	61905	63787	67212	69507	72624	74689	77298
XMTM2MTAwNjAyMA==	24	29	34	51	61	74	87	100	104	104	104	105	105	106	106	108	110	113	113	118	118	118	118	118	119	119	120	120	120	120
XMTM2MDgzODc1Ng==	21	41	52	65	67	71	83	95	97	106	112	112	112	116	118	118	119	120	127	156	159	161	172	172	173	186	196	212	221	227
XMTM2MTE3NDQ4NA==	55	86	97	152	182	242	271	320	365	398	403	404	407	407	408	413	418	423	423	454	459	465	469	470	471	479	493	500	507	511
XMTM2MDY3MDc0MA==	92	146	227	292	296	305	332	354	372	398	433	433	433	436	437	457	460	468	494	701	765	794	799	840	842	850	871	875	884	894
XMTM2MTYxMjgwMA==	35	106	186	255	279	329	369	403	418	428	432	432	433	433	434	438	439	441	442	474	482	486	497	503	505	646	675	724	751	757
XMTM2MTQ3NjcxMg==	911	1807	2095	2536	2592	2923	3192	3403	3578	3879	4112	4278	4514	4783	4951	5143	5465	5746	5936	6242	6453	6599	6770	6969	7126	7518	7639	8019	8151	8282
XMTM2MTcwOTAzMg==	10	11	13	21	28	32	37	41	44	45	45	45	46	47	48	48	51	51	51	51	51	51	52	52	52	53	53	53	53	55
XMTM2MTYyNjA4NA==	1379	2939	4548	5630	6713	8428	9854	11308	12259	13115	14302	14997	15922	16498	17035	17601	17964	18403	18749	19120	19436	19667	19890	20068	20173	20314	20468	20674	20845	21035
XMTM2MDg0MTc2MA==	604	1021	1210	1511	1621	1875	2123	2415	2629	2924	3240	3474	3835	4124	4492	4759	5034	5349	5555	5771	6021	6250	6512	6843	7097	7391	7487	7837	8010	8200
XMTM2MTU2NzExMg==	18	36	52	61	66	86	95	104	106	113	117	118	118	120	120	123	123	125	125	137	138	138	139	139	141	142	142	142	142	142
XMTM2MTE2MDUzNg==	52	95	136	182	219	287	391	515	593	666	713	761	874	949	1081	1180	1246	1306	1370	1444	1519	1620	1741	1803	1845	1923	2009	2178	2279	2505
XMTM2MDc4MzI3Ng==	27	41	42	67	100	128	132	135	137	143	148	148	149	150	151	154	155	155	155	188	190	193	193	193	193	194	194	196	196	202
XMTM2MTQyODc2NA==	36	62	70	90	94	111	139	220	317	347	356	376	386	422	487	582	587	590	596	601	607	607	608	610	610	617	618	622	641	699
XMTM2MDk4MzY0MA==	938	1735	2053	2997	3142	3261	3338	3418	3492	3605	3665	3738	3741	3749	3749	3761	3777	3807	3813	4314	4322	4369	4376	4391	4404	4441	4447	4457	4476	4513
XMTM2MTQyMTc2MA==	19	36	68	99	131	166	201	269	322	351	365	388	415	452	508	564	611	642	656	681	714	785	881	928	931	938	962	964	1010	1018
XMTM2MTE5NzI0OA==	166	1651	3194	4568	5184	5688	6004	6323	6517	6660	6784	6981	6984	7003	7010	7105	7123	7134	7293	8073	8153	8206	8262	8296	8326	8369	8377	8411	8441	8463
XMTM2MTEyMjcxNg==	424	734	1392	2415	3297	4547	5050	5153	5191	5312	5405	5540	5569	5641	5683	5710	5791	5795	5826	5859	5893	5958	5968	5976	6019	6032	6060	6084	6101	6128
XMTM2MTMzMjQwOA==	89	143	356	593	793	1034	1203	1334	1435	1507	1545	1589	1638	1681	1713	1752	1783	1826	1830	1879	1896	1909	1933	1954	1970	1970	1974	1996	2010	2024
XMTM2MTA1MDU2OA==	3	5	7	7	10	10	13	15	15	16	16	16	16	16	16	16	18	18	19	19	19	19	19	19	20	21	21	21	21	21
XMTM2MTUzNzkyNA==	14	37	53	65	66	70	83	98	100	124	150	193	227	247	251	257	264	270	307	364	368	370	376	377	377	396	413	430	433	438
XMTM2MTMzNjA4OA==	1676	3453	6196	8284	8644	11509	11950	12341	12589	12912	13475	13804	14014	14247	14432	15027	15352	15528	15750	16000	16131	16269	16379	16773	16889	16998	17002	17255	17311	17512
XMTM2MDc0NTI1Ng==	95	162	281	451	549	657	762	923	1041	1112	1213	1314	1457	1584	1754	1849	2163	3768	5579	7357	9645	12336	17697	18137	19749	22443	23215	27207	30027	35657
XMTM2MTQyMzg3Ng==	222	334	357	423	573	731	925	1433	1560	1824	1887	2035	2142	2424	2806	2869	2893	2924	2985	3855	4002	4289	4406	4418	4527	4619	4705	4805	4932	4978
XMTM2MTU0MTUwNA==	80	163	193	249	259	302	352	378	416	442	465	484	487	487	487	489	489	491	511	610	622	636	655	657	659	670	692	729	775	794
XMTM2MTM5Njk5Ng==	11	16	28	37	44	54	59	62	62	66	70	75	78	78	78	79	82	83	83	118	119	120	121	127	128	129	133	137	140	140
XMTM2MDgyOTAxNg==	371	654	1005	1337	1657	2081	2605	3100	3550	4284	4924	5506	6231	7052	7689	8083	8647	9354	9832	10418	11074	11570	12160	12701	13209	14576	14799	15665	16154	16511
XMTM2MTM2MTU2MA==	33	52	84	122	151	182	196	196	196	196	196	197	198	198	198	199	200	200	200	200	202	203	204	204	207	208	209	211	214	215
XMTM2MDY5NjIyOA==	37	81	97	112	142	165	190	207	219	228	238	243	248	250	253	257	271	286	289	327	336	336	341	342	344	345	347	352	355	357
XMTM2MTU4MDYyOA==	16	37	47	56	73	103	109	116	121	126	127	127	127	127	127	129	132	132	132	137	137	137	137	137	138	138	138	139	139	139
XMTM2MTUzMjAzMg==	38	88	119	149	169	182	214	258	280	311	323	340	364	368	386	390	394	398	403	459	498	501	502	503	507	511	513	513	522	529
XMTM2MTI0ODU4NA==	263	485	646	770	821	927	1035	1148	1217	1352	1475	1604	1716	1916	2044	2171	2307	2452	2547	2692	2843	2944	3122	3201	3235	3478	3533	3793	3895	3987
XMTM2MTU4NTQ2MA==	31	65	92	129	151	164	178	189	197	201	202	202	202	203	204	205	207	207	207	210	210	211	211	211	211	212	212	212	212	212
XMTM2MTY1MzI1Mg==	4	22	38	51	52	59	68	78	81	84	85	86	86	87	91	92	93	93	93	109	111	112	114	114	116	119	120	120	122	125
XMTM2MTIzNzAyMA==	7146	13164	16763	22143	22547	25021	27780	31165	33248	38856	41261	45374	50157	57453	68912	93302	116351	141706	156623	194362	242320	320115	427319	482626	510491	559280	602302	656326	699865	751767
XMTM2MTczMjMwNA==	67	128	156	162	165	199	235	269	273	274	275	275	275	276	276	277	277	278	278	280	280	280	280	280	280	281	281	281	281	281
XMTM2MDg2OTY1Mg==	32	45	53	64	72	106	122	144	151	181	181	184	184	189	193	194	195	205	207	274	286	301	308	309	313	317	318	318	324	327
XMTM2MDk4Mzg1Mg==	1511	2722	3337	4190	5648	6664	7644	8815	9551	10463	11054	11351	11603	11743	11876	11982	12095	12245	12327	12520	12696	12773	12849	12894	12982	13141	13203	13328	13423	13507
XMTM2MTU2NzA4MA==	6	11	12	15	19	27	35	46	48	51	52	52	52	54	54	56	56	58	58	58	58	59	60	60	61	61	62	62	64	65
XMTM2MDgzMDIzMg==	1932	5349	7288	9049	10646	12176	13432	14981	16258	17731	18972	19925	20918	23364	24450	24554	26557	27207	27419	27970	28689	30534	32206	33856	35463	38322	40493	42382	43527	44831
XMTM2MDgxNjI3Ng==	2875	4492	5432	6759	7335	8808	10204	10460	10572	10636	10782	10892	11019	11140	11526	11538	11685	11740	11779	11812	11860	11926	11970	11972	11976	12101	12157	12258	12300	12366
XMTM2MTYyMDgwMA==	21	32	35	48	62	71	74	78	83	86	87	88	89	90	91	92	93	94	98	110	110	110	111	112	113	114	114	115	117	117
XMTM2MDc4MDI5Mg==	36	67	74	83	95	140	178	211	228	250	264	283	283	285	293	293	293	294	294	329	330	350	366	375	378	384	389	398	408	412
XMTM2MTIyMTg4OA==	3	8	17	24	28	35	35	42	53	54	54	62	62	63	64	66	67	67	68	75	77	81	83	84	85	85	85	90	95	101
XMTM2MTQ0NDUzNg==	90	139	186	279	382	426	443	453	453	459	464	465	467	469	472	472	472	473	474	490	490	490	491	493	494	496	496	508	508	509
XMTM2MTMzMjM1Ng==	269	546	609	687	837	926	1006	1069	1125	1170	1212	1248	1283	1350	1391	1419	1433	1437	1449	1539	1771	1797	1801	1803	1804	1813	1818	1831	1855	1862
XMTM2MTU3NjI0OA==	90	167	197	245	258	293	335	369	387	401	413	420	428	430	435	436	437	438	438	501	508	518	529	536	542	545	549	558	579	585
XMTM2MDkxNTIyNA==	3797	7951	11319	13761	15657	18175	22105	25982	27848	28739	29367	30314	30430	31116	32184	32743	33154	33500	33618	33937	34394	35367	36340	36679	36851	37076	37210	37555	37945	38332
XMTM2MTcxMjYyNA==	468	1040	1361	1784	1985	2221	2390	2577	2709	2832	2910	2999	3113	3220	3341	3453	3550	3674	3800	3912	4019	4072	4148	4236	4331	4453	4558	4672	4788	4848
XMTM2MTE0MjA1Ng==	67	160	247	283	338	403	491	552	553	553	554	574	618	663	694	722	745	770	787	809	821	844	879	919	932	978	1014	1053	1088	1150
XMTM2MDk1ODUwNA==	4341	10906	13883	18429	21398	25646	29149	32139	34110	35354	35953	36549	38031	39479	40052	40340	40744	41255	41663	41824	42843	43497	43893	44392	44959	45366	45752	46099	46651	47291
XMTM2MDgzMzA4MA==	77	119	128	172	282	414	535	543	547	549	553	569	735	753	776	778	1003	1006	1006	1043	1110	1113	1114	1114	1114	1121	1126	1133	1134	1135
XMTM2MTU3ODg4NA==	987	1884	2547	3206	3391	3670	4215	4764	5241	5596	5756	6004	6349	6588	6921	7223	7420	7646	7790	7933	8107	8483	8802	8946	9019	9148	9248	9423	9580	9733
XMTM2MTEyMDM5Mg==	535	1077	1318	1572	1587	1765	1905	2038	2125	2264	2341	2443	2519	2606	2673	2713	2718	2730	2746	2941	2994	3044	3105	3143	3151	3221	3254	3322	3371	3415
XMTM2MTM0OTk3Mg==	186	289	378	493	569	733	789	804	813	840	858	876	900	918	921	923	923	926	939	1042	1053	1057	1064	1069	1071	1085	1088	1089	1095	1098
XMTM2MTE0NTA2NA==	68	158	218	268	310	365	437	466	489	509	510	510	512	513	514	529	531	545	547	594	596	598	599	602	604	606	610	614	619	621
XMTM2MDgyMjEzMg==	5508	9978	12258	17620	24085	30545	39771	52485	62673	73949	80641	89831	98520	104817	109631	115936	119973	123925	126866	130376	133643	138844	143532	146420	148269	150960	151980	153870	155430	157344
XMTM2MTUyMzA0OA==	272	483	603	660	738	877	998	1121	1230	1292	1341	1458	1619	1700	1785	1839	1946	2019	2074	2133	2214	2357	2493	2608	2697	2812	2905	3085	3212	3389
XMTM2MDk0Nzc5Mg==	1634	4721	7052	9395	11003	13846	14751	15222	15639	15802	15944	16034	16067	16140	16179	16212	16254	16319	16348	16365	16396	16422	16449	16498	16517	16549	16581	16605	17209	18302
XMTM2MTIxMDQ3Ng==	351	574	636	731	966	1127	1269	1391	1699	1871	1962	2029	2092	2142	2144	2163	2385	2631	3062	3316	3436	3533	3644	3715	3826	3917	3999	4149	4243	4399
XMTM2MTA0NzA2OA==	1545	3411	4300	5179	5193	5831	6991	8015	8697	9192	9475	9916	10240	10632	11065	11587	11843	12143	12368	12681	12947	13230	13472	13581	13710	14098	14482	14981	15461	15850
XMTM2MTI3NjM1Ng==	39613	149454	259690	382299	485250	608362	777068	884608	1023023	1147571	1236898	1342597	1459856	1538069	1623124	1705787	1779958	1854837	1895315	2000954	2169788	2229646	2259774	2323174	2420721	2472743	2582547	2592500	2623263	2785283
XMTM2MDkwNzYyNA==	17	43	70	86	109	120	132	142	152	173	183	195	202	207	208	211	229	234	245	282	286	288	297	304	310	323	326	336	346	355
XMTM2MTM4ODY0NA==	16	33	42	52	65	74	80	101	111	115	120	121	122	122	123	125	126	129	129	145	148	149	150	151	152	153	155	156	156	162
XMTM2MTYxNDAwOA==	98	201	219	267	270	328	381	398	411	415	417	417	418	419	419	420	424	425	425	433	433	434	437	440	441	441	442	442	444	444
XMTM2MTcyMTE2MA==	1748	5254	6433	7488	9533	11546	14855	20936	25116	26167	27295	28652	30137	31907	34685	37985	38771	39571	40058	40891	41797	44235	46928	47570	47786	48427	49181	49824	53054	54804
XMTM2MDkwNDQ4NA==	8728	15690	19596	26981	32629	34755	35361	35417	35865	36348	36789	36975	37180	37347	37486	37641	37826	38007	38138	38240	38268	38324	38348	38380	38402	38440	38481	38543	38570	38626
XMTM2MTU1ODU4OA==	20	37	43	50	50	66	74	76	76	79	81	82	82	82	83	83	83	83	84	86	86	86	86	87	87	87	87	87	93	96
XMTM2MTA2ODg0MA==	19	33	39	47	54	62	69	71	71	71	71	71	71	71	71	74	74	74	74	75	75	77	77	77	77	78	78	78	78	79
XMTM2MTAwODYyOA==	1044	2604	3721	4831	5300	6056	7101	8237	9656	10147	10583	10887	11292	11639	12130	12798	13100	13353	13472	13683	13808	14089	14435	14590	14687	14796	14885	15011	15145	15295
XMTM2MDg5MTY2NA==	25	44	53	62	72	84	97	106	116	133	135	147	148	153	155	160	160	161	169	220	226	230	235	235	237	239	242	244	244	246
XMTM2MTM4MDkwMA==	83	330	550	842	1063	1379	1681	1957	2214	2537	2812	3010	3298	3596	3843	4054	4285	4641	4969	5220	5470	5662	5939	6212	6491	7003	7152	7453	7592	7744
XMTM2MTA3Mjk5Mg==	36	94	137	272	441	648	749	838	939	1064	1163	1231	1382	1631	3971	5061	5380	5576	5660	5772	5873	6015	6271	6469	6576	6872	6953	7117	7226	7318
XMTM2MDgzODM2NA==	24	40	48	60	73	81	96	107	114	129	131	132	132	132	134	138	138	139	140	168	175	175	175	175	176	178	179	185	188	189
XMTM2MTAwOTc2OA==	180	294	345	725	947	1239	1450	1611	1724	1832	1969	2062	2171	2265	2376	2529	2595	2693	2769	2894	2974	3008	3048	3101	3141	3207	3257	3325	3411	3505
XMTM2MTM4MzE2OA==	18	120	164	306	389	551	656	717	848	885	886	887	887	888	888	889	889	890	890	894	895	897	897	898	898	898	898	899	899	899
XMTM2MDk1NzY0NA==	22	46	72	87	94	101	102	103	103	103	104	104	104	105	105	107	107	109	109	111	112	112	114	114	114	115	115	115	116	116
XMTM2MTEzNDg2OA==	2054	3531	4215	5051	5693	7017	8381	9044	9545	10045	10460	10863	11250	11770	12878	13568	14188	14813	15337	15791	16294	17067	17792	18317	18690	19358	19733	20472	20875	21284
XMTM2MTI5OTI4OA==	99	216	282	340	384	426	482	551	594	640	691	736	771	788	832	880	898	957	983	1049	1086	1124	1177	1194	1209	1224	1252	1300	1340	1378
XMTM2MDkwMjQ3Ng==	11	16	16	25	35	48	54	55	58	66	70	70	71	72	72	73	86	86	87	107	110	110	112	113	113	114	114	121	123	124
XMTM2MTU0MTQ2MA==	6	14	15	22	23	24	33	40	50	62	65	74	75	78	79	79	89	92	94	98	102	107	123	127	128	131	134	142	142	144
XMTM2MDQyMDcyOA==	3483	5475	6591	10131	10647	11857	12969	13886	14600	15262	15728	16346	16821	17421	17906	18353	18732	19095	19485	19796	20142	20678	21214	21547	21755	22193	22457	23064	23629	24158
XMTM2MTU0NDUxNg==	12	18	26	31	33	41	46	47	47	48	48	48	48	49	50	51	52	52	52	58	60	60	60	60	62	62	62	63	63	64
XMTM2MTEyNDI2OA==	2660	5002	6146	7305	7725	8988	10102	10591	10997	11576	12025	12604	13114	13632	13993	14467	14800	15052	15186	15310	15413	15515	15620	15711	15831	16031	16133	16276	16370	16453
XMTM2MDc3NDA4OA==	63	103	142	189	233	284	327	376	423	466	521	554	562	611	628	652	659	663	699	928	984	1030	1071	1084	1118	1204	1245	1325	1368	1411
XMTM2MDgzMTY5Ng==	222	658	863	1156	1192	1482	2040	2221	2324	2414	2501	2906	2963	2990	3001	3028	3045	3051	3052	3052	3056	3057	3058	3069	3072	3079	3082	3084	3086	3086
XMTM2MTQ4MDI0NA==	21	45	57	90	92	122	137	141	157	169	187	228	245	246	255	262	262	265	277	402	422	448	469	489	502	512	521	536	552	575
XMTM2MTUwMTQ1Ng==	436	901	1165	1659	1968	2439	2946	3213	3490	3686	3814	3964	4167	4337	4494	4549	4666	4788	4876	4965	5057	5135	5199	5235	5273	5331	5356	5392	5428	5457
XMTM2MTA0MzI2NA==	23	41	51	58	65	74	84	94	99	105	106	113	113	114	116	117	127	128	132	152	156	157	157	160	160	160	163	168	168	169
XMTM2MDk5ODcwMA==	6	12	18	26	28	30	31	32	33	33	33	33	33	34	35	35	35	36	36	38	38	38	39	41	42	42	43	43	45	47
XMTM2MTE1NzQ2MA==	897	1407	1952	2493	2890	3469	3760	3888	3988	4106	4180	4330	4356	4474	4547	4645	4741	4751	4786	5168	5257	5318	5399	5420	5437	5529	5551	5570	5599	5614
XMTM2MDc5ODU1Ng==	635	1202	1501	1856	2267	2892	3870	4896	5388	6029	6524	7408	8396	9019	9438	9938	10438	11221	11594	12046	12713	13938	14874	15582	16086	16809	17351	18198	18707	19207
XMTM2MTE2NDQyOA==	45	75	100	194	288	369	387	404	438	499	544	616	661	662	717	760	864	866	874	998	999	999	1001	1003	1003	1008	1011	1013	1013	1013
XMTM2MTE0NTM1Ng==	528	974	1049	1134	1208	1492	1934	2089	2211	2291	2333	2387	2461	2562	2671	2856	2980	3086	3155	3240	3387	3681	4006	4131	4267	4428	4490	4658	4853	5014
XMTM2MTEzODgxMg==	359	1062	1758	2229	2385	3035	3078	3543	3557	3561	3563	3563	3563	3580	3733	3819	3819	3819	3821	3827	3828	3829	3829	3829	3829	3829	3829	3832	3832	3833
XMTM2MTMwMTgyMA==	10	28	44	54	67	69	69	69	69	70	70	70	70	70	71	71	71	71	71	72	72	72	72	72	72	72	72	72	72	72
XMTM2MTEwNjM0OA==	43	68	132	194	213	242	253	266	268	276	277	286	290	296	299	299	301	303	305	318	320	320	321	321	321	324	325	325	325	325
XMTM2MDgzMDE1Mg==	52	90	107	109	161	178	200	203	205	209	211	217	220	223	227	244	246	247	247	267	268	269	270	270	271	271	272	272	272	272
XMTM2MTA1MzI5Ng==	6	7	10	14	15	20	22	23	23	24	27	28	30	30	31	32	32	32	35	43	44	51	54	58	58	62	69	77	79	81
XMTM2MDgxNjY1Mg==	806	1318	1674	2180	2334	2825	3206	3374	3496	3645	3795	3946	4112	4296	4439	4529	4570	4583	4608	4735	4770	4802	4847	4875	4913	4980	5011	5055	5093	5125
XMTM2MTMyNjA5Mg==	3	5	10	12	13	14	19	20	21	22	22	23	23	23	23	24	24	24	25	25	25	25	25	25	25	26	26	31	31	31
XMTM2MDkyNTQ4MA==	60	98	107	132	157	188	213	271	341	385	408	444	460	509	521	522	533	534	674	811	837	881	883	914	918	977	1025	1094	1204	1258
XMTM2MTE1NzU2MA==	49	116	151	198	212	246	269	306	324	356	393	423	433	437	460	463	464	470	488	700	758	821	865	887	901	1008	1054	1066	1068	1073
XMTM2MTE4MjA5Ng==	2982	4627	6124	8278	10057	11188	11834	12236	12560	12974	13172	13504	13772	14048	14228	14403	14500	14842	15334	15593	15724	15871	16038	16183	16373	16566	16776	17154	17271	17369
XMTM2MTYwMDk0MA==	76	285	460	556	673	791	928	997	1084	1200	1279	1378	1481	1547	1599	1706	1775	1842	1902	2013	2141	2180	2259	2314	2434	2486	2492	2666	2777	2843
XMTM2MTA1ODU5Ng==	1828	3834	5744	7030	7185	8040	9261	10185	10771	11373	11869	12347	12821	13240	13738	14157	14560	15052	15468	15945	16416	16741	17088	17407	17684	18055	18309	18698	18943	19260
XMTM2MTIwNTg4MA==	886	1635	2274	3082	3351	3703	4032	4236	4405	4560	4703	4788	4885	5013	5147	5237	5355	5487	5565	5675	5762	5835	5923	5977	6052	6168	6196	6296	6350	6426
XMTM2MTMxMzcxNg==	10	21	25	28	34	44	52	62	70	78	92	94	95	95	99	100	100	102	102	160	168	180	197	202	203	208	208	211	215	217
XMTM1OTI3MDQ4NA==	47	68	80	115	148	172	190	196	204	213	215	219	227	229	229	229	231	231	232	263	267	270	273	274	276	280	281	290	295	297
XMTM2MTQzODI0NA==	92	167	215	257	280	346	424	485	551	598	630	666	668	671	673	677	685	698	703	886	896	903	908	914	920	921	931	938	944	951
XMTM2MTQxMzg5Mg==	27	55	70	83	83	90	111	119	127	130	130	135	136	137	137	139	141	141	141	169	176	187	197	197	201	204	214	219	225	230
XMTM2MDg4ODA2OA==	58	73	120	160	194	207	221	230	244	260	265	266	268	271	274	281	285	286	293	346	351	351	355	359	360	361	366	371	375	375
XMTM2MDk3Mjg3Mg==	6	11	13	14	20	23	27	28	29	29	30	31	32	32	32	33	34	35	35	41	41	42	42	42	44	46	46	47	56	60
XMTM2MTEyMzU4NA==	2655	4471	8006	9647	10571	11929	13709	14103	14285	14965	15507	67978	68486	69018	69230	69385	69475	69575	120435	120531	120587	120693	120815	120892	120938	121048	121114	121225	121281	121350
XMTM2MDk2OTk0OA==	9	16	19	27	35	39	39	39	44	44	46	47	49	50	50	50	53	53	59	60	70	70	70	70	71	72	73	74	77	78
XMTM2MTMwNDMyOA==	42	100	156	195	205	234	311	402	420	448	465	489	494	545	609	614	622	652	677	868	894	911	920	930	935	951	959	1186	1248	1274
XMTM2MTA2MTcwOA==	33	47	65	118	241	371	507	520	525	527	527	530	530	534	534	535	539	540	540	563	565	565	565	566	566	567	568	568	569	571
XMTM2MTI1ODA1Mg==	2709	5620	7641	8785	8844	9763	10781	12066	14565	17939	20162	26105	31845	36651	43629	54409	62658	70935	80193	88579	95233	102515	110485	116757	120966	127900	134199	138944	145737	150206
XMTM2MTQ5NDcyOA==	30	62	85	100	103	112	113	120	124	124	125	126	127	129	129	129	130	131	131	145	145	145	149	150	150	150	152	152	158	158
XMTM2MTQ5ODU5Mg==	118	379	699	1055	1308	1475	1817	2140	2461	2651	2766	3080	3358	3697	4177	4796	5099	5404	5779	5996	6374	6848	7634	8040	8444	9168	9757	10793	11498	12179
XMTM2MTcwNTk0NA==	10	18	22	22	38	56	72	90	103	121	124	126	133	133	136	141	141	142	142	193	200	201	202	203	204	209	211	215	223	224
XMTM2MTUxMDIyOA==	549	1046	1354	1739	2537	3701	4942	7045	9706	11533	12390	13558	14684	15960	19213	22705	23877	25875	27197	27828	31040	35294	39580	41195	42675	46387	49344	55054	60660	65601
XMTM2MTQ0NDA4OA==	18	74	112	149	200	248	266	287	345	592	728	752	792	795	798	813	819	826	832	878	884	898	919	920	927	929	936	947	961	974
XMTM2MDc1MzUwOA==	4188	14193	20536	26071	30004	34334	37033	37331	37616	37784	37953	38246	38267	38375	38507	38577	38647	38696	38773	38850	38884	38931	38962	38988	39029	39056	39108	39147	39214	40884
XMTM2MTIyNDU5Ng==	162	1261	2763	4678	5805	7276	8929	10348	11776	13262	14622	15817	17177	18652	19380	19518	20243	20748	21301	21562	21872	22285	22723	23168	23468	24081	24549	25294	25805	26323
XMTM2MDgzNjkwOA==	62	110	168	182	188	203	225	231	239	240	242	244	245	246	246	253	255	259	259	269	272	275	276	277	277	278	284	284	285	285
XMTM2MTAxMzMxNg==	25	37	47	67	82	92	111	120	137	165	176	187	212	229	243	254	273	287	289	332	352	368	389	407	422	453	480	516	560	576
XMTM2MTQxMzMyOA==	7183	15258	19337	23866	25570	28676	32274	34610	36609	38209	39444	40640	42642	44067	45261	46884	47891	49072	50319	51876	53340	54570	56007	56749	57340	58563	59129	60368	61106	61956
XMTM2MTExMTc3Mg==	46	96	130	153	170	192	227	251	267	286	298	315	316	318	324	325	330	341	347	471	483	501	504	529	541	581	597	616	626	635
XMTM2MTAzNjUxMg==	425	719	1008	1294	1545	2091	2851	3307	3705	4213	4620	5251	6021	6869	7455	7997	8513	9151	9513	10028	10593	11578	12837	13224	13593	14337	14673	15282	15684	16068
XMTM2MTQ0OTY4OA==	376	1010	1448	1772	1846	2045	2243	2362	2431	2589	2639	2706	2759	2825	2844	2922	2977	3052	3114	3250	3283	3311	3337	3389	3419	3475	3521	3570	3633	3684
XMTM2MTQxNTY0OA==	739	2972	4498	7111	8334	9737	10947	11639	12062	12540	12867	13367	13834	14429	14852	15319	15517	15743	15998	16302	16562	16767	17095	17344	17517	17738	17908	18106	18313	18508
XMTM2MTQ5ODc0MA==	3	5	9	11	13	15	16	16	16	17	18	19	20	22	22	23	23	26	26	27	27	27	27	28	29	29	29	30	30	30
XMTM2MTQzODU4MA==	44	78	103	121	130	145	162	185	213	229	242	251	254	257	267	268	278	284	288	333	337	343	345	356	356	371	375	382	389	410
XMTM2MDg4MTAyOA==	2790	5595	8537	13014	14461	17256	19661	22200	24420	26669	28043	30421	32734	35866	38166	40228	42522	44232	45727	47014	48332	49908	51883	52911	53668	55111	55914	57410	58530	59660
XMTM2MDczNzI3Mg==	72	108	231	377	490	602	708	865	972	1127	1135	1231	1348	1492	1690	1722	2128	3670	5791	7795	9866	12925	16417	18661	20126	23150	23878	27655	30990	34235
XMTM2MDg1MDkxMg==	8	17	25	26	31	37	38	40	41	41	41	41	41	42	46	46	46	47	47	53	53	54	58	58	60	60	60	60	60	60
XMTM2MTA2NTU4OA==	13	20	26	29	34	43	50	51	52	55	56	57	57	57	59	60	61	62	64	72	72	75	76	79	79	79	80	84	90	98
XMTM2MTEwNjU4NA==	783	1321	2316	3888	5235	5916	6502	7084	7377	7753	8034	8311	8522	8733	8912	9097	9240	9391	9504	9638	9736	9841	9991	10078	10168	10312	10377	10499	10599	10671
XMTM2MTYwNTA0NA==	92	223	305	405	455	531	640	825	1033	1190	1314	1442	1599	1822	2068	2335	2413	2788	3212	3791	4352	5472	6662	7843	8246	9410	9957	11680	14883	17972
XMTM2MDg3ODUwNA==	355	729	994	1124	1183	1268	1321	1371	1403	1446	1477	1519	1563	1610	1639	1666	1715	1772	1818	1897	1945	1957	1995	2014	2033	2064	2066	2075	2078	2079
XMTM2MTcwMjM2OA==	2289	5411	6416	7932	8732	10745	14121	20483	24440	26072	27337	28761	31719	34062	40137	43495	44941	46444	47193	48074	50854	51827	56055	56855	57733	59328	59872	61637	65079	67185
XMTM2MTQzNDI3Ng==	18	42	51	85	96	113	138	160	183	204	210	228	230	231	234	236	237	239	266	284	286	289	297	298	301	303	309	312	328	333
XMTM2MTQ0ODQ5Ng==	192	273	306	573	738	918	994	996	1000	1002	1002	1002	1003	1003	1003	1004	1005	1005	1005	1027	1028	1030	1031	1032	1032	1042	1045	1049	1051	1052
XMTM2MTM3MDM3Ng==	7	8	12	18	23	24	25	26	28	28	28	28	29	30	30	30	30	31	32	34	35	35	35	35	36	37	37	38	39	42
XMTM2MTczNjUwNA==	3	6	7	10	11	11	12	17	18	22	22	26	27	27	27	29	31	36	38	58	66	66	68	70	74	77	81	81	82	90
XMTM2MTIzNDQzMg==	494	1168	1630	1993	2135	2387	2734	2935	3123	3447	3609	4029	4349	4654	4894	5395	5734	6157	6424	6725	6994	7772	8280	8618	8830	9283	9520	9691	9839	9972
XMTM2MTI4NjcwNA==	5196	8145	10581	14126	18157	24073	33599	47051	58764	67583	74726	86124	96030	106691	116814	124167	129994	138386	145973	157918	175944	202069	227145	241420	250558	268867	279577	299586	315849	338359
XMTM2MTI0MTI4OA==	101	204	362	606	834	1097	1422	1571	1733	2204	3134	4053	5153	5972	6418	6577	6661	6715	6759	6822	6841	6866	6871	6874	6893	6896	6913	6947	6954	6979
XMTM2MTIwODUwNA==	806	1340	1961	4343	6550	8436	11765	16477	19626	22294	23863	25259	26725	29380	32968	35447	37181	39195	40496	42164	44647	47585	50999	53221	54514	56436	57680	60964	64216	67418
XMTM2MTU3MTE0OA==	14	137	225	395	481	727	879	995	1055	1180	1193	1195	1198	1198	1199	1202	1202	1204	1204	1226	1231	1231	1232	1233	1234	1235	1236	1237	1239	1239
XMTM2MDk3NzkwNA==	22	39	44	63	65	73	87	96	110	130	143	145	147	149	149	152	158	162	171	255	255	267	268	273	274	277	280	287	288	290
XMTM2MTAwNjEyNA==	47	104	158	255	326	444	532	658	789	940	1040	1182	1373	1535	1705	1881	2067	2235	2427	2576	2801	2991	3216	3370	3544	3854	4048	4342	4508	4683
XMTM2MTE5MDkwMA==	84	157	220	306	353	408	424	430	443	496	522	530	531	532	537	542	568	575	595	653	657	657	657	659	662	665	665	669	671	672
XMTM2MDk4NjY5Mg==	1617	3271	4174	4748	5012	5550	6248	6866	7495	8163	8426	9390	9491	10134	10156	10168	10344	10640	10711	14247	14705	15406	15413	15954	15996	16031	16496	17026	17638	18146
XMTM2MTUzODgzMg==	24	48	70	82	83	84	86	86	89	89	90	90	90	91	91	91	92	92	92	93	95	95	95	95	95	99	99	99	99	99
XMTM2MTA3Mjk4OA==	411	1275	2046	2652	3211	3981	4291	4702	5185	5577	5853	6142	6391	6633	8543	9368	9632	9920	10198	10361	10620	10846	11179	11495	11639	11895	12101	12353	12539	12713
XMTM2MTQ5MDA5Mg==	257	495	596	719	784	912	1057	1117	1167	1206	1256	1295	1368	1410	1419	1434	1443	1458	1465	1628	1657	1685	1707	1731	1746	1767	1781	1819	1839	1860
XMTM2MTU0NTM0MA==	195	546	882	1162	1810	2908	3871	4707	5413	6154	6662	7397	8469	10104	10950	11540	12115	12872	13414	13847	14213	14704	15229	15609	15961	16620	16908	17392	17830	18223
XMTM2MTY2NDA5Ng==	39	104	106	172	197	225	242	245	252	253	255	256	258	258	258	259	259	260	263	276	277	281	282	285	285	285	285	288	289	291
XMTM2MTAwMjg2NA==	6	10	23	33	33	44	54	58	59	59	59	59	60	63	67	69	73	75	76	77	77	77	77	77	77	78	78	78	78	78
XMTM2MTI0ODAxMg==	2068	3869	6173	7907	10635	14619	16201	16415	16456	16465	16499	16587	16659	16721	16783	16797	16805	16836	16860	16931	16951	16969	16989	17018	17023	17041	17062	17096	17115	18562
XMTM2MDg3MTQ4OA==	189	347	418	505	563	633	720	809	853	949	1015	1044	1097	1160	1215	1287	1342	1396	1441	1492	1544	1602	1669	1707	1752	1811	1829	1882	1929	1971
XMTM2MDg0OTk3Mg==	3758	6569	9132	11347	11965	13608	15388	17797	19544	21325	22010	23760	25369	27108	29484	31496	33718	35444	36344	37598	39864	42460	45248	46222	47293	49854	52443	53249	54957	57049
XMTM2MDkyOTIxNg==	4727	8581	11445	17885	19381	21695	22863	23853	24734	25444	25964	26488	27092	27588	28158	28724	29192	29690	30109	30544	30988	31559	32170	32466	32772	33200	33392	33801	34183	34628
XMTM2MTUxMTg5Ng==	4	8	16	24	35	47	57	66	73	82	83	84	84	87	88	91	91	96	100	105	106	107	107	107	108	110	112	114	114	143
XMTM2MDcyNzEzNg==	187	351	528	770	775	831	940	1096	1314	1726	2008	2435	2885	3412	3951	4529	5093	5790	6317	6839	7340	7835	9194	10176	10764	11927	12379	13270	13847	14435
XMTM2MTAzNjY5Mg==	57	128	210	256	313	356	383	403	417	599	606	608	618	620	621	621	623	624	625	639	640	641	644	644	644	645	645	645	648	648
XMTM2MTE1MjAyNA==	76	132	215	272	274	296	298	301	306	312	314	317	318	321	326	333	341	345	346	367	368	369	372	374	374	375	376	380	380	380
XMTM2MTcwNzYzNg==	1420	2432	2993	5584	6879	8534	11026	15833	19366	20370	21147	22450	23705	25024	27152	29239	29774	30423	30916	31247	31869	34397	36174	36721	37834	38003	38070	38728	41321	42913
XMTM2MTAxNTQ0MA==	3076	4958	5789	7065	7758	9857	11837	11846	11915	11927	11953	11978	12013	12035	12039	12049	12056	12089	12103	12119	12147	12173	12192	12206	12232	12239	14551	14614	14929	15017
XMTM2MTI0MzQ4MA==	295	446	570	673	792	971	1227	1562	1723	1946	2129	2292	2453	2704	2938	3235	3385	3528	3675	3852	4030	4277	4589	4800	4881	5125	5202	5482	5753	5996
XMTM2MDY5MjgxNg==	44	89	108	130	164	187	201	213	223	239	249	258	262	264	267	267	267	269	269	352	354	356	359	359	363	364	364	366	372	373
XMTM2MTIxMTE4OA==	969	1997	2552	3122	3188	3603	4238	5138	5561	5842	5965	6250	6470	6962	7499	7912	8065	8203	8238	8395	8518	8706	8928	8980	9101	9147	9333	9370	9544	10253
XMTM2MTE3OTk5Ng==	41	55	178	295	379	468	569	674	732	751	802	818	818	818	866	932	978	1006	1066	1168	1169	1172	1172	1174	1175	1175	1176	1179	1261	1270
XMTM2MDkwMTM5Mg==	112	287	369	461	475	553	657	738	820	909	968	1062	1081	1097	1105	1109	1130	1149	1235	1812	2154	2359	2466	2557	2854	3156	3250	3374	3460	3533
XMTM1NTk2MjcwNA==	14	22	27	36	37	49	54	61	62	66	71	75	76	78	80	91	94	94	96	131	134	134	140	140	149	151	151	152	154	154
XMTM2MDk2MjI5Mg==	123	259	340	416	473	575	659	673	681	698	698	699	701	702	705	708	708	710	710	753	758	762	765	768	768	769	770	770	770	776
XMTM2MDk4OTgwOA==	376	736	954	1144	1190	1407	1532	1584	1633	1684	1712	1737	1770	1787	1825	1842	1863	1880	1884	1987	2007	2024	2039	2039	2041	2048	2058	2066	2073	2109
XMTM2MTQyNTA2OA==	95	171	218	261	281	331	362	393	410	444	462	469	477	478	484	495	498	499	502	646	675	699	716	734	744	752	776	798	814	829
XMTM2MTU1MjgzMg==	1562	3092	3651	4103	4151	4564	5515	5926	6258	6644	6910	7350	8094	8579	9277	9642	10307	10513	10550	10947	11952	12704	13174	13553	14342	14496	14568	15691	15829	16173
XMTM2MTE3MzU3Mg==	35	46	58	88	131	142	156	160	167	175	194	205	211	214	216	221	222	222	224	282	287	288	290	293	293	293	296	296	301	303
XMTM2MTYwNjQ3Mg==	10	17	21	35	45	48	54	58	62	65	66	67	68	72	73	74	74	75	75	83	87	89	90	90	91	92	100	105	109	111
XMTM2MTE1MDUyNA==	2289	4700	5918	6721	6794	8004	8982	9628	10223	10872	11392	11829	12441	13199	13874	14582	15590	16463	17074	17738	18216	18802	19694	20405	21011	21797	22041	22400	22627	22890
XMTM2MTIxODQxMg==	68	124	155	208	266	339	443	584	588	590	592	592	599	606	610	615	617	631	644	645	647	647	649	657	658	666	667	681	691	759
XMTM2MTQ3Nzg3Mg==	97	150	197	310	376	400	435	445	459	484	501	507	520	530	550	551	558	570	574	624	629	647	670	682	688	697	704	717	722	743
XMTM2MTE1NTQ5Mg==	112	221	291	368	404	450	473	490	500	518	541	555	564	574	579	581	587	589	589	632	635	638	640	643	644	645	648	652	654	657
XMTM2MTEwODAwNA==	19	33	39	56	65	86	104	129	141	156	165	179	207	221	235	241	250	251	251	278	288	292	292	300	305	306	308	314	334	371
XMTM2MTE3ODkyMA==	113	210	255	316	324	369	416	496	532	579	602	665	751	830	831	835	878	893	973	1261	1336	1377	1457	1503	1537	1621	1650	1700	1727	1756
XMTM2MTYwOTgyNA==	269	525	666	780	796	894	980	1072	1175	1269	1396	1464	1559	1658	1726	1814	1866	1920	1990	2036	2194	2317	2320	2396	2450	2640	2785	2848	2886	2972
XMTM2MTIwNTg2OA==	11	15	20	34	49	60	68	79	85	95	97	101	103	104	108	115	117	117	121	160	168	174	177	178	186	194	198	213	213	213
XMTM2MTQ2NDgzNg==	114	229	289	357	508	589	628	709	739	775	792	798	805	814	818	823	838	842	846	1005	1030	1061	1140	1167	1181	1198	1207	1296	1338	1352
XMTM2MTI0MzM2NA==	2380	4378	5601	6651	6948	7872	8471	9022	9644	10050	10378	10640	10964	11399	11433	11664	11965	12269	12532	13075	13330	13617	13830	14060	14186	14531	14693	14999	15165	15319
XMTM2MTUxMzU0OA==	7	18	29	43	53	60	63	71	82	83	83	86	86	88	88	89	89	90	90	106	120	122	124	125	127	127	129	133	133	155
XMTM2MTM5NTk3Mg==	146	343	438	589	654	788	1086	1258	1390	1571	1757	1948	2224	2441	2630	2691	2846	3075	3244	3459	3810	4017	4350	4633	4857	5273	5333	5657	5918	6079
XMTM2MDc3MTgyOA==	4	7	9	11	14	16	16	16	16	16	16	17	17	18	18	19	24	24	24	24	25	25	25	25	25	26	26	26	26	26
XMTM2MTUyMDAzNg==	127	322	425	559	864	1286	1578	1673	1703	1720	1799	1911	1923	1933	1938	1944	1949	1949	1982	1986	1992	1996	1997	2002	2003	2007	2007	2013	2019	2048
XMTM2MDgwMzI0NA==	724	1434	1872	2288	2747	3763	4714	6045	7530	9001	10083	11672	12249	12388	12587	12768	13103	13227	13389	13554	13743	13966	14193	14371	14480	14681	14848	15052	15190	15332
XMTM2MDkzMzUyNA==	23	33	48	61	67	74	89	94	106	124	128	146	153	153	161	163	167	199	214	259	297	316	336	349	361	391	398	429	450	474
XMTM2MTIyMzM5Ng==	17	20	25	45	56	74	83	97	108	128	130	130	141	142	146	154	155	161	161	239	269	272	281	283	292	313	322	342	344	344
XMTM2MTYwOTk5Mg==	1461	2894	3413	4077	4113	4626	5290	5714	5980	6222	6363	6569	6997	7328	7589	7829	8006	8154	8311	8556	8712	8840	8977	9083	9148	9245	9331	9461	9549	9624
XMTM2MTIzNTQ2OA==	8944	23551	31212	41319	46326	57914	70868	92876	111697	122239	130038	141208	153720	167146	188960	204549	212196	220708	228278	238832	250845	274400	296274	306198	313120	328305	335996	348190	364564	381269
XMTM2MTYxNjQxNg==	3	15	29	39	52	62	78	91	99	114	118	133	151	162	177	187	193	206	219	255	292	308	330	343	356	359	387	389	435	452
XMTM2MDk5NzU4OA==	1383	3580	5660	7214	7339	7888	8249	8531	8796	9114	9325	9499	9673	9797	9906	10098	10338	10512	10671	10778	10890	10997	11163	11714	11939	12130	12288	12417	12554	12663
XMTM2MTI4MjYyNA==	40566	73128	87197	97484	97852	134495	153966	162402	201734	213444	219203	223808	229366	233519	238131	243718	248997	254315	256918	259899	262244	265058	268373	272275	276295	279817	282206	284885	287829	291137
XMTM2MDk5Nzk0NA==	854	1536	1999	2466	2689	3044	3271	3451	3600	3752	3819	3871	3958	4083	4170	4298	4393	4490	4570	4662	4739	4856	4973	5093	5178	5289	5334	5442	5523	5589
XMTM2MTMzNTEyNA==	819	1808	2904	3968	4094	5074	5279	5510	5618	5794	5910	6166	6264	6373	6442	6568	6758	6820	6883	6934	6995	7052	7116	7175	7197	7261	7304	7357	7391	7422
XMTM2MTQ3OTI5Mg==	183	415	629	749	785	833	881	915	931	947	960	975	991	994	998	1005	1005	1006	1009	1058	1064	1075	1088	1106	1118	1119	1126	1129	1136	1156
XMTM2MTA5MjQ2MA==	51	103	121	147	151	175	189	227	244	272	288	311	344	349	372	400	426	429	431	504	521	547	596	602	609	624	650	694	729	756
XMTM2MTQxMjY2NA==	177	357	418	483	490	557	704	932	1062	1126	1174	1263	1318	1439	1577	1746	1799	1827	1863	1915	2131	2240	2358	2439	2484	2525	2584	2620	2737	2828
XMTM2MDk4OTQ4MA==	81	170	201	230	246	282	339	370	389	404	426	439	441	446	448	449	454	455	458	543	563	575	586	588	594	597	597	609	632	642
XMTM2MTA2OTQ0MA==	147	241	318	372	414	516	652	677	689	700	721	731	742	743	747	747	756	758	758	839	884	936	995	1018	1060	1224	1345	1477	1581	1693
XMTM2MTQ4NTkyOA==	34	85	107	135	223	283	324	349	368	391	402	410	433	446	457	464	465	477	497	528	532	533	533	537	537	537	538	540	544	563
XMTM2MTQ1NjQ4OA==	6959	16229	22877	28039	29061	31419	32560	34173	35023	36028	36437	36610	36802	36960	37229	37413	37558	37732	37853	38120	38359	38584	38994	39321	39637	40013	40191	40544	40841	41145
XMTM2MTQwNjAyOA==	5774	13065	17105	19029	19782	22806	27728	34164	37236	37518	38549	38795	39687	42413	45668	47674	48644	49839	50631	51247	52364	54759	56625	57193	57552	58319	58702	59651	60730	61530
XMTM2MTE4NzQyOA==	15	27	37	46	58	62	64	66	66	66	68	69	69	69	69	70	70	70	70	72	72	74	74	75	75	75	75	75	75	75
XMTM2MDk4NTk2NA==	29	54	75	93	98	100	108	129	147	154	157	159	159	162	162	165	166	166	167	197	198	200	201	202	204	205	206	206	207	208
XMTM2MTE3MjY3Ng==	11	15	20	29	37	40	45	51	57	58	61	63	64	65	65	69	72	72	73	91	93	104	106	107	108	117	122	127	133	143
XMTM2MTIyMTIyNA==	769	1371	1542	2043	2441	3235	4183	5034	5507	5722	5888	6008	6172	6416	6758	6951	7147	7170	7248	7399	7536	7737	7908	7960	7985	8050	8075	8189	8266	8401
XMTM2MTM0NzkwMA==	5916	11059	12986	15231	15881	18749	21203	21655	21892	21926	22096	22367	22612	22811	22990	23143	23331	23488	23634	23800	23920	24141	24409	24542	24634	24808	24929	25114	25322	25508
XMTM2MTMzMjIxNg==	0	0	0	0	0	0	0	0	0	0	0	0	0	0	0	0	0	0	0	0	0	0	0	0	0	1	1	1	2	2
XMTM2MDk0NDQxMg==	91	193	289	416	521	702	932	1123	1270	1705	2332	3073	4205	5766	6804	7497	7751	7985	8179	8310	8468	8614	8778	8861	8950	9045	9106	9208	9327	9422
XMTM2MTAxNzA0MA==	28	57	66	71	77	113	142	197	240	261	270	274	321	343	379	452	457	473	478	593	661	672	693	696	717	727	731	743	795	813
XMTM2MTA4NDIwNA==	87	186	200	239	240	308	368	518	622	710	755	808	926	1041	1271	1449	1508	1592	1664	1744	1846	2103	2365	2469	2536	2686	2717	2841	3188	3445
XMTM2MDk2MDA0NA==	2718	5230	7858	9723	10641	12414	14588	16310	17868	19657	21231	22843	26309	28059	29811	31794	33493	35306	36919	38960	41039	42911	44893	46196	47428	49704	51476	54111	55609	56946
XMTM2MTU5NTk5Ng==	7	29	50	56	62	77	90	107	117	127	131	142	161	164	168	174	176	177	183	249	264	264	278	286	287	288	303	307	326	343
XMTM2MTI5ODY0MA==	3	5	7	9	9	10	12	13	13	13	13	14	14	16	16	17	17	17	21	22	23	23	23	24	24	24	25	26	26	26
XMTM2MDk2NjMwNA==	3468	6373	9115	11590	12259	13315	13681	14112	14495	14728	14889	15167	15380	15453	15563	15691	15771	15858	15958	16035	16151	16266	16351	16361	16372	16451	16463	16527	16609	16684
XMTM2MTAwMDg3Ng==	31	49	88	144	192	202	212	232	235	242	256	261	262	263	264	264	266	269	269	320	324	325	327	329	331	334	334	336	337	339
XMTM2MDkyMDk4MA==	2323	4804	7464	10467	12811	15328	17519	18714	19878	21096	21865	22699	23364	24062	24407	24721	25015	25326	25584	25835	26060	26362	26703	26974	27165	27520	27710	28017	28187	28370
XMTM2MTExMzAzNg==	719	1261	1635	2907	4526	5888	6948	8108	9160	10661	11693	12311	12861	13213	13579	13842	14078	14380	14566	14749	14916	15135	15337	15499	15644	15883	15946	16122	16237	16309
XMTM2MTA2NDE1Ng==	470	676	1038	1407	1842	2379	2835	3419	3821	4371	4837	5380	6132	6561	6885	7292	7667	8292	8545	9201	9680	10073	10433	10693	10986	11387	11703	12264	12621	13166
XMTM2MTM4NjkxNg==	858	1722	2182	2447	2977	3325	3615	3864	4105	4372	4572	4801	5004	6688	13206	14755	16730	17815	18172	18491	18793	19510	20138	20775	21245	22189	22684	23116	23390	23642
XMTM2MTExNzI2OA==	9	20	25	26	32	35	39	43	45	51	52	53	54	55	56	57	57	59	59	69	70	70	71	71	71	73	74	74	74	77
XMTM2MTM5NTM2MA==	72	123	150	169	193	237	268	297	327	361	376	405	418	438	477	525	559	573	599	613	635	667	701	723	728	738	739	765	782	803
XMTM2MTA2MDIwMA==	3130	7808	10522	12630	13618	15413	16441	24772	28128	30133	31166	32066	32914	33621	34394	34930	35511	36197	36728	37172	37739	38240	38910	39282	39550	39792	39997	40334	40603	40900
XMTM2MTYyNzk3Ng==	50	108	149	153	179	209	214	222	224	242	242	244	246	248	250	253	253	258	264	285	290	293	301	302	302	313	318	332	336	343
XMTM2MTQwOTkyNA==	20	80	105	127	174	198	216	238	256	262	273	310	326	332	369	403	404	414	434	553	590	624	650	654	654	667	682	703	755	781
XMTM2MDk0MTYwMA==	28	62	100	120	133	143	148	154	156	174	175	177	178	179	179	179	179	180	185	196	197	197	197	197	197	197	197	198	200	201
XMTM2MTU1MTc2MA==	406	837	1084	1337	1419	1686	1959	2032	2087	2135	2147	2180	2205	2239	2265	2284	2317	2348	2377	2461	2490	2528	2553	2566	2583	2618	2633	2658	2678	2691
XMTM2MDgwMjA3Mg==	1873512	3742206	4605632	5735732	6049179	7167358	7997077	8004770	8007850	8010687	8013993	8016561	8018717	8021009	8022856	8024729	8026748	8027722	8029137	8030481	8031485	8033374	8034459	8036771	8040481	8073252	8081769	9510544	9530619	9597357
XMTM2MTIzMzY2OA==	2178	5062	11105	17453	23758	27838	28299	28736	28847	28976	29066	29158	29266	29323	29388	29512	29653	29745	29834	29918	29988	30074	30188	30280	30399	30493	30532	30585	30631	30705
XMTM2MTE5MTgxNg==	12682	24043	31973	39259	41676	45449	50082	52347	53805	55161	55809	56374	56757	57021	57364	57586	57758	57976	58050	58180	58301	58469	58642	58758	58876	58938	59057	59217	59428	61963
XMTM2MTcwODcxMg==	16749	39641	48990	58111	63106	74937	83207	93175	99207	101954	103316	105764	106862	110204	116904	123059	125236	127508	129119	131429	132028	135105	137455	137991	138430	139661	140079	141036	142332	143776
XMTM2MTU2NTc1Ng==	8	16	33	46	64	64	65	66	67	68	69	70	70	70	70	71	73	73	75	77	77	77	77	77	77	79	80	80	80	80
XMTM2MDkwNzI0NA==	5292	7444	15750	34792	52851	74551	94340	113313	132545	144769	145054	145220	145382	145656	145991	146201	146508	146745	146979	147158	147328	147491	147676	147849	147948	148163	148307	148504	148665	148819
XMTM2MTU2ODMyOA==	1393	3098	3855	5091	5898	6736	8322	9032	9177	9218	9229	9276	9325	9368	9432	9487	9525	9575	9604	9640	9674	9708	9767	9776	9793	9827	9834	9855	9880	9895
XMTM2MDgzMzQ1Mg==	777	2863	4023	5706	7389	8467	10121	11091	12070	13194	13907	14879	16053	17614	18911	19932	21167	22962	24063	25376	26902	27894	29202	30183	31596	33687	34468	36674	37653	38955
XMTM2MTIxNDk0OA==	1724	2800	3222	4120	4885	6664	8315	8349	8395	8410	8439	8458	8470	8501	8501	8526	8529	8573	8649	8707	8736	8766	8821	8836	8895	8921	8956	9019	9885	10235
XMTM2MTIzMzM5Ng==	111	236	291	370	398	483	559	634	688	777	837	915	921	937	945	946	948	966	996	1493	1560	1565	1626	1660	1691	1708	1739	1773	1813	1852
XMTM2MTUxMjQwNA==	8	16	21	28	29	31	38	43	45	45	48	49	49	49	54	60	61	70	71	72	80	84	88	88	94	95	98	98	101	105
XMTM2MTI4NDg1Ng==	8759	27286	39710	48853	50947	60869	77176	85908	90838	93813	95272	98834	99526	100777	103287	105016	105238	105548	106237	108504	108847	109010	109412	110052	110471	111300	111399	112078	112338	117501
XMTM2MTI4OTQ4MA==	27	44	61	73	75	88	107	118	124	134	137	140	146	150	154	154	156	161	162	214	224	233	254	264	274	335	358	413	453	530
XMTM2MTUzNjMxMg==	1151	1827	2291	3052	4842	5224	6562	10631	11888	12898	13429	14179	14578	14797	15029	15149	15205	15292	15387	15487	15638	15755	15927	16037	16148	16255	16291	16330	16393	16446
XMTM2MTYxMzE0MA==	186	2012	4053	5684	6666	7446	8119	8751	9102	9735	10096	10523	10969	11387	11690	12100	12865	13770	14288	15134	15763	16314	16939	17458	17857	18492	18881	19474	19818	20286
XMTM2MTIwMzI3Ng==	155290	512727	736610	1083723	1088027	1162065	1314283	1344421	1377501	1391876	1415339	1457309	1505362	1544077	1578641	1682609	1694883	1706517	1709412	1711230	1712052	1712613	1714008	1714835	1716328	1718249	1773705	1828675	1833581	1848065
XMTM2MTQxNDQxMg==	16	45	55	63	78	86	103	104	112	114	115	117	118	118	119	120	120	122	122	132	132	132	132	133	133	134	134	134	134	135
XMTM2MTMyNzg4NA==	798	2281	3322	3892	4372	5829	6758	7697	8410	9347	9960	10611	11383	12192	12906	13637	14075	14155	14178	14248	14305	14386	14463	14521	14562	14646	14701	14819	14888	14957
XMTM2MTU3NDA4OA==	152	355	449	598	772	909	953	964	964	967	973	987	989	993	993	994	995	996	1000	1000	1000	1000	1002	1002	1003	1003	1005	1006	1071	1072
XMTM2MTIzNDAwOA==	19	38	49	60	62	70	79	85	90	91	93	94	95	95	96	98	102	103	103	111	112	114	115	119	121	129	129	130	130	134
XMTM2MTUyNTk5Ng==	35	72	89	104	140	191	226	250	261	267	274	276	281	284	288	292	292	299	299	300	300	300	301	303	304	305	305	305	326	327
XMTM2MTQ4MTIyMA==	10	21	27	30	32	39	41	41	42	45	45	46	46	46	47	48	48	50	50	54	54	54	54	54	55	56	56	56	58	58
XMTM2MDkxNzA2NA==	36	62	75	99	110	127	174	254	290	324	336	346	366	395	407	417	429	447	448	477	492	510	514	520	521	526	528	543	566	580
XMTM2MDc1OTMzNg==	73	143	175	231	263	291	323	342	358	366	385	402	425	469	476	476	487	490	493	546	560	593	621	654	663	693	703	729	757	773
XMTM2MTMzNTQwMA==	882	1383	1603	2582	3131	3669	4051	4295	4449	4529	4587	4600	4685	4731	4761	4796	4825	4834	4842	4878	4900	4915	4920	4923	4925	4938	4970	4999	5043	5163
XMTM2MTU0ODA3Ng==	301	540	631	758	867	1039	1228	1489	1650	1785	1930	2116	2325	2403	2587	2741	2897	3084	3202	3509	3949	4416	5115	5790	6432	7697	8583	10346	11822	14538
XMTM2MTIzNjczNg==	1757	5056	10067	16022	20123	23605	26925	29433	30747	32361	35249	35963	39555	39888	40517	42440	43265	43837	43985	44909	45877	46385	47064	48174	48954	49152	49530	49627	49885	50165
XMTM2MTM0ODAyOA==	701	1401	2091	2471	2751	3248	3575	3973	4296	4640	4843	4972	5157	5383	5590	5807	6293	6624	6798	7033	7312	7664	7961	8258	8502	8708	8909	9188	9410	9648
XMTM2MTUxMTU1Ng==	5	11	20	23	33	43	54	74	80	88	98	102	104	105	105	106	106	111	121	133	137	143	152	155	158	167	170	174	175	177
XMTM2MTA5MDE2OA==	8	14	17	28	34	41	42	43	43	43	43	43	43	43	43	43	43	43	45	45	45	46	47	48	48	48	49	52	53	53
XMTM2MTA0MTY1Ng==	53	101	112	136	175	203	241	270	291	324	355	393	418	447	497	536	568	595	629	658	721	724	763	777	819	879	908	942	981	1011
XMTM2MTM5MDMyMA==	84	184	246	347	441	500	564	635	671	741	774	822	836	865	897	926	1019	1099	1125	1207	1243	1280	1334	1339	1367	1480	1514	1589	1625	1665
XMTM2MTEwNjEwMA==	104	191	267	363	382	418	443	469	478	490	490	501	510	519	519	519	521	523	524	531	532	533	534	534	535	538	541	541	542	545
XMTM2MTE0MTgxMg==	173	383	465	774	838	968	1119	1193	1279	1323	1426	1514	1570	1632	1681	1748	1831	1890	1946	2014	2066	2092	2151	2215	2270	2387	2437	2483	2549	2635
XMTM2MDcyOTYxNg==	49	76	195	341	454	554	644	795	911	1080	1087	1184	1433	1440	1586	1667	2090	3680	5691	7825	10220	13256	16762	18904	20433	23375	24094	30900	31278	34773
XMTM2MTMyMTMyMA==	449	867	971	1057	1428	1825	2168	2195	2198	2204	2263	2307	2361	2401	2436	2462	2488	2524	2560	2603	2631	2652	2684	2709	2734	2767	2773	2797	2826	2858
XMTM2MTM5ODU1Ng==	228	424	617	715	715	762	828	846	855	889	891	891	894	895	896	899	905	913	914	943	945	945	946	946	946	950	952	954	954	954
XMTM2MTQ5ODA4MA==	960	2960	4396	5762	5819	6423	7123	7741	8303	9009	9602	10213	10855	12094	13270	14044	14565	15157	15559	16103	16731	17200	17651	17961	18193	18639	18836	19460	20198	20886
XMTM2MTUyNjc0MA==	195	512	627	811	898	1040	1201	1356	1521	1664	1760	1880	2007	2083	2140	2189	2240	2282	2317	2339	2365	2396	2425	2459	2482	2514	2526	2563	2590	2616
XMTM2MTIwOTg2NA==	846	1722	2230	2692	2982	3450	3984	4493	5394	6408	6796	7391	7396	7449	7625	7931	7989	7995	7999	9625	9767	10051	10272	10303	10305	10489	10691	11000	11258	11431
XMTM2MDk4NTIwOA==	1373	2664	3269	3936	4125	4984	5746	6304	6679	7269	8016	9071	10086	10834	11268	11593	12251	13289	13882	14232	14709	15067	15480	15837	16217	16753	16913	17363	17596	17878
XMTM2MTIyMjU0OA==	1522	2770	3921	4597	4637	5189	5653	6161	6543	6840	7072	7345	7548	7703	7903	8074	8205	8320	8414	8536	8676	8800	8946	9042	9105	9219	9329	9467	9562	9692
XMTM2MDk4NDIyOA==	56	108	155	209	249	301	387	436	457	512	553	604	673	713	849	957	1077	1179	1280	1369	1524	1563	1633	1721	1791	1917	1935	2027	2064	2249
XMTM2MTYxMzQ2OA==	24	39	52	71	73	82	92	96	101	105	109	110	113	113	116	116	118	118	118	131	133	134	134	134	134	135	135	136	139	140
XMTM2MTMwMzAxNg==	2607	5534	6225	7301	7637	9180	10429	11305	11923	12987	13705	14390	15093	16040	16673	17454	18213	18967	19509	19939	20698	21330	22068	22818	23376	23564	23704	23899	24002	24102
XMTM2MTEzNDIwOA==	109	227	291	357	380	449	509	577	629	703	771	811	861	898	944	1003	1032	1089	1142	1192	1234	1291	1338	1381	1417	1460	1492	1541	1570	1625
XMTM2MDkyMDkxMg==	773	9848	12933	19602	23241	26649	32345	39009	44084	46129	46809	47602	48302	48913	49383	49826	50302	50584	50858	51084	51365	51720	52079	52318	52437	52668	52792	52942	53157	53307
XMTM2MTUzODExNg==	22	50	62	74	92	108	114	114	115	115	117	117	117	117	119	119	119	121	126	129	129	130	130	130	130	131	131	131	131	140
XMTM2MDgyOTczMg==	424	672	790	953	1091	1258	1720	2308	2676	3089	3329	3662	4101	4498	4778	5030	5215	5469	5708	5994	6259	6602	7010	7274	7454	7812	8002	8347	8589	8799
XMTI4NzI2MDE4OA==	131	259	331	446	567	619	706	782	834	859	934	1049	1137	1340	1417	1501	4887	168472	168920	169232	169487	169734	169936	170094	170217	170373	170558	170741	170934	171098
XMTI4NzU5MDc0NA==	1537	2483	3317	4108	5264	6287	7571	9158	11732	13168	14620	16558	18445	20519	22342	23886	25051	26452	27973	29462	31004	32391	33893	36460	38069	39799	41388	42842	44145	45196
XMTI4Nzg1NjA2MA==	6344	10029	13408	15584	18260	22711	26349	30528	34010	37862	39760	41350	42803	44303	45674	46946	48316	49877	51585	53407	55119	56515	57897	59609	61469	64456	67840	69976	71349	72502
XMTI4Nzk1NjgyMA==	11	22	30	39	41	41	43	43	44	46	48	53	54	55	56	58	60	60	62	62	62	62	62	63	63	63	63	64	64	65
XMTI4Nzk2MzEyMA==	15	24	34	45	54	59	66	68	77	85	88	89	89	89	94	94	94	94	94	94	94	97	99	100	100	101	101	101	101	101
XMTI4Nzk2ODc5Mg==	161	253	307	377	490	549	598	658	699	748	783	822	849	1014	1030	1049	1062	1095	1105	1123	1147	1169	1183	1189	1190	1191	1194	1203	1213	1230
XMTI4Nzk3Mzk0MA==	4443	5885	9455	14601	23223	28302	32550	35956	38813	41749	42977	44691	46285	47820	49243	50451	51451	52498	53552	54503	55417	56091	56317	56844	57520	58215	58891	59603	60310	60918
XMTI4Nzk5NDk4MA==	1704	3560	4828	5789	7108	8056	8919	9605	9718	9801	9956	10038	10113	10170	10243	10327	10396	10450	10509	10562	10617	10654	10690	10719	10763	10806	10870	10939	10999	11045
XMTI4Nzk5NTgzNg==	25	54	73	80	103	111	118	120	125	133	141	154	162	174	191	206	218	236	258	277	296	304	323	333	341	347	360	368	374	383
XMTI4Nzk5NzQ2NA==	4016	5809	6500	9416	12618	15535	16304	16544	16767	17017	17155	17225	17324	17447	17537	17617	17661	17731	17806	17895	17968	18096	18276	18392	18456	18538	18596	18656	18681	18791
XMTI4Nzk5OTgwMA==	344	2130	3197	3768	4968	6093	6675	7045	7275	7559	7889	8329	8749	10314	10822	11496	12419	13040	13399	13773	14143	14489	15088	15760	16403	17013	18967	19740	21372	21880
XMTI4Nzk5OTkyMA==	22	30	44	52	65	92	97	105	110	117	121	124	125	130	133	139	143	144	145	149	151	151	152	152	153	154	155	157	157	157
XMTI4NzkyOTEzMg==	13	192	829	1115	1517	1998	2244	2463	2598	2652	2704	2790	3180	3652	3855	4049	4428	4845	5075	5216	5324	5363	5383	5406	5427	5449	5481	5496	5507	5524
XMTI4ODA0MzM3Ng==	65	84	170	272	324	344	444	587	754	1041	1293	1556	1866	2306	2525	2682	2852	3015	3226	3477	3688	3910	4063	4212	4319	4419	4517	4580	4648	4720
XMTI4ODA1MjMwNA==	635	1145	1815	1927	2041	2359	2463	2539	2563	2585	2609	2626	2641	2658	2673	2695	2711	2739	2755	2771	2785	2801	2817	2836	2852	2864	2873	2884	2900	2910
XMTI4ODA1ODc2MA==	4170	7761	11320	12874	14560	17345	20316	22874	25719	28202	31034	33619	35048	37262	39296	40961	42172	43535	45375	46843	48541	49761	50694	51548	52290	52946	53441	54009	54537	55020
XMTI4ODA2OTAzMg==	5	8	11	16	18	19	20	21	22	24	27	29	30	31	35	42	47	51	52	53	57	62	66	72	77	80	85	94	103	104
XMTI4ODA2OTI2NA==	43	83	115	129	150	170	187	196	204	213	219	227	239	249	257	264	270	275	281	287	291	294	295	296	304	310	317	327	332	336
XMTI4ODA3Nzc1Mg==	1284	1771	2303	2908	3873	5846	8042	9738	10709	11398	11899	12295	12468	12665	12830	12948	13097	13217	13344	13465	13550	13665	13766	13880	14010	14096	14183	14277	14361	14435
XMTI4ODA4NDcyNA==	5	6	11	12	16	18	18	18	19	19	19	19	19	20	20	20	20	20	20	20	20	20	20	20	20	20	20	20	20	20
XMTI4ODA4NTk3Ng==	1589	2713	3789	4560	5416	5811	6326	6645	6840	7020	7234	7422	7564	7677	7812	7956	8578	9699	10593	11451	12362	12819	13042	13243	13378	13515	13671	13803	13927	14081
XMTI4ODA4NzI3Mg==	145	179	379	481	639	791	844	911	971	1083	1193	1296	1421	1553	1675	1758	1866	1981	2063	2139	2190	2237	2332	2403	2457	2515	2563	2607	2639	2711
XMTI4ODA4ODkyMA==	104	129	190	278	375	416	426	439	450	464	481	508	527	541	553	564	580	592	601	617	636	645	647	653	665	675	679	686	691	692
XMTI4ODA5MTI3Mg==	21	39	50	65	85	102	131	137	154	179	196	213	232	250	263	273	284	291	309	317	330	342	366	374	392	396	404	415	427	428
XMTI4ODA5MzM0NA==	619	1198	2011	3761	5505	5755	6844	7263	7548	7842	8125	8416	8717	9089	9389	9669	9874	10088	10304	10540	10773	10951	11133	11319	11518	11666	11804	11980	12156	12316
XMTI4ODAwNDIwNA==	45	80	105	137	170	227	257	264	267	269	272	277	1167	1169	1170	1170	1170	1170	1171	1172	1172	1172	1172	1175	1176	1177	1178	1178	1179	1180
XMTI4ODAwOTIzMg==	9	13	18	26	32	35	43	46	47	49	50	50	51	53	55	58	58	58	134	135	135	136	136	136	139	139	139	142	143	146
XMTI4ODAwOTcyMA==	14	23	34	37	50	56	58	58	58	60	62	65	68	69	70	70	71	72	73	73	73	73	74	74	74	74	74	74	74	75
XMTI4ODAxMjQxMg==	19	32	50	60	75	83	86	92	106	106	106	106	108	108	111	115	116	116	118	119	121	122	122	122	122	122	124	124	127	128
XMTI4ODAxNjE2MA==	24	36	53	59	74	86	94	98	105	114	121	132	138	148	164	188	206	267	286	309	323	344	362	372	380	388	402	415	429	444
XMTI4ODAyMTEwNA==	123	211	293	323	378	428	492	549	617	683	729	772	837	910	965	1028	1065	1116	1163	1226	1288	1345	1417	1482	1550	1652	1750	1820	1896	1976
XMTI4ODAyMzQyOA==	1	2	3	3	3	3	4	4	4	4	4	4	4	4	4	4	4	4	4	4	4	4	4	4	5	5	5	5	5	5
XMTI4ODAyNTU0OA==	28	41	73	94	125	141	153	160	164	177	186	193	197	202	207	223	265	288	317	323	338	345	356	371	377	380	383	383	387	391
XMTI4ODAzOTM4OA==	84487	174019	230180	264011	294695	319673	345872	358980	371005	380681	388297	393898	398721	404784	411864	419769	427375	432855	439940	448677	458948	468393	474297	480865	483816	487858	492451	495350	497908	501908
XMTI4ODE0MzE1Ng==	2198	3845	4726	4954	5789	7534	8475	10199	10994	13756	14366	16006	16314	16592	16966	17364	18792	19016	19190	19345	19496	19692	19855	20021	20157	20345	20500	20636	20740	20858
XMTI4ODE0NTQ1Ng==	73	82	172	225	294	331	379	417	525	564	588	684	707	742	768	799	829	863	896	930	952	1000	1212	1241	1274	1316	1364	1416	1449	1487
XMTI4ODE0ODc0OA==	220	437	692	960	1126	1597	1798	2219	2429	2594	2750	2870	3026	3546	3777	3984	4149	4331	4570	4827	5222	5478	5685	5843	5975	6141	6475	6745	6958	7180
XMTI4ODE0OTUzNg==	53	87	137	171	203	227	261	290	314	349	376	386	406	422	434	452	479	498	512	532	551	573	590	614	630	640	652	665	679	701
XMTI4ODE1NzMwMA==	33	48	64	73	81	106	128	224	399	425	446	469	485	507	519	525	533	537	543	547	551	553	555	557	557	561	566	567	568	568
XMTI4ODE1OTg0MA==	24	38	49	60	67	78	93	97	102	103	108	112	113	113	113	114	117	118	118	119	119	119	121	121	121	122	123	123	123	124
XMTI4ODE2MjY2OA==	1276	2424	3312	4355	5066	5175	5286	5379	5482	6120	6178	6211	6288	6370	6416	6454	6502	6540	6586	6629	6677	6717	6755	6781	6795	6823	6855	6876	6908	6941
XMTI4ODE2NDc3Mg==	82	145	199	216	301	307	315	324	326	333	336	341	343	345	347	351	351	352	355	356	361	369	376	377	379	381	382	383	388	392
XMTI4ODE2NzUxNg==	4	7	8	8	12	15	20	22	23	28	28	31	31	32	35	37	40	41	42	43	48	51	56	58	63	65	70	72	74	77
XMTI4ODE3MDYyNA==	293	503	725	965	1133	1249	1443	1534	1700	1879	2057	2207	2333	2464	2653	2773	3002	3191	3409	3516	3595	3750	3980	4171	4348	4529	4641	4688	4750	4798
XMTI4ODE3MzI4OA==	10	16	16	16	26	34	41	48	51	54	61	63	65	70	77	79	84	90	90	92	96	99	108	113	122	123	127	127	129	130
XMTI4ODE3MzY0OA==	30	51	87	118	136	136	136	136	136	136	136	136	136	136	136	136	136	136	136	136	136	136	136	136	136	136	136	136	136	136
XMTI4ODE4MDAwNA==	41	92	122	139	156	172	196	221	239	272	304	317	337	363	395	420	445	461	487	511	533	563	596	630	661	690	722	768	808	868
XMTI4ODE4Mjk4NA==	16	21	29	34	45	52	58	66	71	77	82	91	99	106	119	129	134	144	156	168	174	178	180	189	201	213	218	220	228	238
XMTI4ODE4NTQ2MA==	3348	13857	36555	49629	61004	72980	84971	95967	108319	116936	120871	122884	125674	128077	130291	132507	133742	136022	138264	140482	142552	143281	145044	146917	148954	151082	153009	153619	155099	156287
XMTI4ODE5MjM1Mg==	1903	2859	4013	4779	5976	7340	8781	10293	10886	12634	14041	15466	18255	19675	21183	22726	23950	25146	26403	27813	28251	29599	31058	32663	34052	35436	37072	37381	38739	39941
XMTI4ODE5NDYyMA==	79	184	258	304	349	472	530	578	633	767	808	837	869	898	935	997	1053	1091	1153	1199	1252	1346	1383	1413	1440	1476	1527	1575	1595	1634
XMTI4ODEwMTM3Ng==	4033	7527	16408	21941	25778	30707	33630	35577	37914	41203	44080	46566	48241	48897	50737	52441	55792	57551	58578	59358	59531	60586	61350	62166	62677	63184	63489	64022	64317	64603
XMTI4ODEwMjYzNg==	17	22	32	38	53	64	88	103	138	160	182	194	197	208	213	224	240	258	278	294	313	324	357	390	410	418	426	430	445	453
XMTI4ODExNTIwNA==	14396	31620	42188	49806	59172	69884	76436	80157	83618	84581	86095	87427	88616	89627	89680	90494	91179	91949	92640	93227	93913	94637	95364	95975	96031	96523	96612	97104	97611	98317
XMTI4ODEzMjQwOA==	240	405	635	755	866	953	1024	1099	1160	1231	1304	1335	1363	1398	1413	1444	1472	1493	1521	1563	1586	1606	1632	1671	1693	1705	1723	1742	1752	1769
XMTI4ODEzMzcwOA==	148	170	187	296	498	688	895	1202	1387	1621	1739	1794	1840	1881	1916	1961	1994	2044	2070	2117	2138	2269	2360	2390	2407	2430	2474	2508	2531	2559
XMTI4ODEzNjg0OA==	2657	3395	5618	6848	8092	9260	9363	10161	10822	11320	11758	12151	12556	12946	13238	13523	13775	13987	14179	14392	14616	14776	14928	15081	15221	15352	15492	15634	15753	15874
XMTI4ODEzOTUzNg==	1808	2753	3859	4448	5589	7030	8732	9596	9846	10100	10619	10939	10969	11081	11190	11230	11290	11390	11413	11522	11576	11665	11678	11752	11808	11841	11948	12034	12082	12141
XMTI4ODI0MjI4MA==	1126	1679	2294	2771	3260	3589	3993	4238	4485	4816	5044	5289	5485	5676	5931	6319	6711	7062	7491	8010	8436	8789	9044	9334	9681	10089	10580	10982	11373	11750
XMTI4ODI0MjUyOA==	23457	91824	115801	143783	171790	214121	240222	240255	240267	240274	240278	240284	240294	240303	240313	240317	240322	240327	240334	240344	240351	240354	240360	240363	240366	240371	240372	240386	240392	240398
XMTI4ODI0OTc5Mg==	5	8	17	23	32	38	39	45	53	56	64	65	69	71	77	79	83	88	88	91	99	104	106	110	115	120	123	123	131	136
XMTI4ODI1MTAwOA==	13	17	39	54	76	102	103	105	107	110	110	111	114	117	118	120	127	130	136	136	140	141	157	161	176	186	189	197	205	209
XMTI4ODI1MjM5Mg==	196	337	426	575	614	644	738	783	816	912	935	952	966	982	993	996	998	1001	1003	1003	1009	1010	1017	1030	1036	1048	1051	1053	1058	1061
XMTI4ODI2MDcwOA==	273	377	575	700	854	958	1067	1148	1213	1267	1335	1413	1471	1555	1645	1727	1793	1877	1960	2034	2124	2197	2276	2347	2428	2498	2566	2630	2706	2774
XMTI4ODI2MTkxMg==	690	882	1182	1452	2091	2698	3067	3319	3703	4112	4571	5010	5453	6010	6589	7217	7850	8452	9075	9708	10429	11007	11720	12521	13580	14412	14902	15407	15820	16284
XMTI4ODI2MjQ2MA==	7	8	14	20	30	34	36	38	38	38	38	39	39	40	41	41	41	41	41	41	41	41	41	41	41	41	41	41	41	41
XMTI4ODI2NTY4OA==	7	32611	64114	88907	113243	135650	161245	161252	161253	161256	161260	161262	161264	161267	161269	161271	161273	161275	161282	161286	161289	161291	161296	161300	161303	161310	161313	161315	161319	161323
XMTI4ODI2ODg4NA==	16	23	27	38	41	44	58	59	60	60	62	64	67	69	73	74	78	79	84	90	90	91	95	99	101	104	107	108	108	111
XMTI4ODI3NDE0OA==	237	317	499	619	739	828	927	1106	1439	1986	2272	2506	2677	2871	3127	3474	3907	4155	4401	4566	4735	4839	4978	5141	5264	5365	5444	5536	5643	5735
XMTI4ODI3OTkwOA==	41	53	78	97	98	127	164	188	199	216	246	272	304	329	359	382	409	431	446	481	501	526	555	581	600	655	689	764	811	852
XMTI4ODI4MjI3Mg==	1533	1916	2316	3176	4736	5961	7358	8526	9536	10634	11781	12817	13959	14145	15490	16944	18160	19448	20634	21796	23152	24384	25610	25905	26917	28006	29033	30022	31059	32058
XMTI4ODI4NDYzMg==	277	450	786	1260	1506	1666	1845	2011	2188	2358	2648	2849	2943	3044	3185	3284	3350	3568	3797	3923	4024	4097	4174	4269	4410	4496	4560	4629	4710	4782
XMTI4ODI4NjA1Mg==	209	339	488	567	669	780	896	902	982	1066	1193	1307	1411	1518	1627	1753	1883	2057	2265	2404	2565	2672	2809	2956	3095	3219	3357	3479	3603	3713
XMTI4ODI4ODY0MA==	82	255	444	622	825	1066	1299	1504	1702	1900	2118	2294	2501	2702	2851	2932	2997	3073	3146	3224	3315	3390	3479	3563	3664	3762	3842	3911	3966	4039
XMTI4ODI4ODgxNg==	327	642	863	1057	1355	1676	1977	2393	3159	4018	4788	5644	6621	7595	8758	10085	11574	13112	14872	16333	17691	18896	19930	19948	21005	22341	23492	24920	25985	27271
XMTI4ODI5MzAxMg==	60	147	211	259	317	385	459	470	519	599	675	742	897	1202	1505	1708	1896	2068	2278	2472	2650	2809	2956	3113	3276	3371	3467	3517	3591	3696
XMTI4ODI5Mzc2OA==	180	276	414	490	585	656	720	795	860	919	980	1044	1099	1181	1248	1303	1358	1462	1562	1656	1759	1870	2030	2160	2323	2443	2596	2709	2829	2940
XMTI4ODI5Mzc3Ng==	203	313	508	582	681	802	902	1040	1150	1269	1391	1516	1638	1788	1892	2008	2179	2448	2750	3000	3300	3618	3946	4358	4623	4904	5181	5479	5707	5948
XMTI4ODI5NzIwNA==	1198	1547	2306	3096	3853	4436	4987	5692	6209	6697	7241	7804	8322	9039	9824	10456	11100	11623	12001	12422	12813	13282	13800	14309	14780	15279	15655	16069	16509	16974
XMTI4ODI5OTA1Mg==	2385	4470	5774	7117	7928	8681	9612	10420	11212	11924	13727	14281	14930	15520	16139	16774	17362	18000	18658	19304	20047	20761	21483	22075	22603	23189	23763	24275	24711	25262
XMTI4ODIwNzYwOA==	1706	2910	4056	4583	5448	6000	6436	6891	7340	7829	8256	8582	8994	9423	9768	10086	10349	10632	10983	11276	11576	11844	12093	12356	12598	12823	13015	13164	13327	13494
XMTI4ODIwODQ0NA==	8	15	19	23	25	26	29	30	34	34	36	38	43	46	47	47	48	48	48	50	50	51	52	53	55	55	56	57	61	62
XMTI4ODIwOTExMg==	77	109	147	213	288	338	389	450	505	566	642	715	749	752	758	768	1225	1273	1310	1325	1355	1373	1383	1428	1446	1459	1461	1463	1464	1469
XMTI4ODIyNDI4MA==	11	19	28	32	40	48	55	74	83	92	96	97	99	141	148	154	164	166	184	187	191	193	198	202	207	209	214	246	249	251
XMTI4ODIyNTAwMA==	23	47	78	99	120	132	143	155	170	187	196	204	227	244	255	269	289	304	319	343	356	368	387	410	423	453	471	480	493	504
XMTI4ODIyNTI5Mg==	4	5	8	11	15	15	15	16	17	18	18	21	25	34	40	41	41	41	41	41	41	41	41	41	41	41	41	41	41	41
XMTI4ODIyNjcyOA==	48	130	191	268	344	354	357	358	364	365	365	370	372	373	378	378	380	380	380	380	381	382	383	383	384	387	389	396	398	399
XMTI4ODIzMDUxNg==	1	2	2	2	3	3	4	8	8	8	8	8	9	9	9	9	10	10	10	10	11	11	11	11	18	18	18	20	20	21
XMTI4ODM0MDI0OA==	77	156	219	246	275	290	290	294	296	296	297	297	300	301	301	302	302	303	304	305	305	306	306	306	306	306	306	308	308	310
XMTI4ODM0MDQ0MA==	137	204	284	392	444	478	521	548	569	590	597	604	609	617	640	656	668	686	702	729	738	748	761	768	784	790	794	801	804	809
XMTI4ODM0MjU4MA==	2534	5087	8386	11669	17049	19326	19526	20057	20415	20792	21160	21456	21739	22107	22453	22757	22989	23249	23496	23728	23919	24056	24219	24402	24616	24747	24860	24973	25111	25280
XMTI4ODM0MzM3Mg==	3236	5616	8815	10143	11688	13190	14972	17544	18522	19440	20830	23024	23636	24276	24885	25597	26456	27295	28885	29440	30141	30754	31345	32984	33460	33914	34344	34852	35284	35769
XMTI4ODM1NTI0MA==	120	172	237	300	348	388	442	475	516	561	588	610	644	690	725	751	777	829	959	972	997	1025	1059	1082	1112	1145	1186	1226	1253	1280
XMTI4ODM1NzAxNg==	5454	8951	12040	14047	16487	18121	19141	19961	22031	23664	24428	25127	25808	26509	27257	27961	28553	29269	30260	31234	32345	33644	35036	36447	38072	40316	43663	46542	49896	52651
XMTI4ODM2ODI1Mg==	23	26	36	45	57	73	89	95	113	126	146	163	173	183	188	200	228	247	262	283	303	316	326	351	370	394	410	425	433	446
XMTI4ODM3MDE0NA==	43	90	176	211	289	297	309	315	319	328	338	339	339	345	346	348	349	350	350	351	353	354	357	361	361	362	366	369	370	370
XMTI4ODM3OTYxMg==	15	27	33	47	62	69	77	82	89	96	101	105	109	118	127	141	149	161	206	257	280	296	312	317	335	342	351	354	355	362
XMTI4ODM4MDcwNA==	91	132	211	290	326	363	408	529	568	639	938	991	1038	1231	1270	1338	1679	1746	1810	1868	2150	2210	2269	2349	2423	2463	2515	2562	2612	2952
XMTI4ODM4MTA4NA==	2	2	2	5	8	10	11	11	11	11	11	12	12	12	12	12	12	12	14	14	14	14	14	15	15	15	15	15	15	15
XMTI4ODM4ODEyMA==	3	6	6	7	8	10	11	14	15	16	16	17	18	18	18	18	19	19	20	20	21	21	21	23	23	24	24	25	25	25
XMTI4ODM5MDg2MA==	0	0	0	0	0	0	0	0	0	0	0	0	0	0	0	0	0	0	0	1	1	1	1	2	2	2	2	2	2	2
XMTI4ODM5MTAzNg==	0	0	0	0	0	0	0	0	0	0	0	0	0	0	0	0	0	0	0	0	0	0	0	0	0	1	1	1	1	1
XMTI4ODM5MzM1Ng==	348	438	573	752	959	1163	1338	1374	1397	1417	1428	1441	1457	1464	1470	1473	1480	1483	1486	1487	1487	1492	1494	1497	1501	1501	1501	1502	1503	1506
XMTI4ODMwNTE2OA==	3361	7207	9716	11341	14088	15275	16453	17155	17228	17313	17369	17450	17503	17537	17561	17584	17608	17630	17651	17663	17690	17717	17739	17759	17772	17789	17809	17820	17822	17830
XMTI4ODMwOTE2NA==	1081	2126	3541	4510	5354	6681	7559	8226	8908	9481	10144	10721	11404	12095	12704	13213	13645	14165	14725	15229	15810	16331	16888	17419	17992	18793	20407	21751	23023	24136
XMTI4ODMxNDI2MA==	60	107	142	191	237	251	253	255	255	256	261	264	264	266	267	267	268	269	270	273	277	278	279	280	286	287	291	291	294	294
XMTI4ODMxNTA2OA==	651	1085	1292	1692	2131	2355	2595	2788	2910	3285	3838	4217	4332	4381	4415	4444	4543	4888	5202	5412	5561	5689	5733	5812	6014	6231	6440	6581	6661	6741
XMTI4ODMxNjExNg==	9	10	19	23	35	40	52	57	60	66	74	81	88	90	98	103	106	112	120	130	136	142	154	169	176	178	183	191	193	194
XMTI4ODMxNjg1Ng==	51	67	83	128	179	211	241	265	295	310	329	345	352	361	371	381	388	397	401	1446	1453	1467	1470	1477	1484	1491	1492	1493	1498	1505
XMTI4ODMxODI2OA==	11934	27420	48018	60255	80819	111926	131368	143551	158022	171967	187653	200644	217694	227741	240404	252487	261876	273411	282443	292904	307743	315880	324715	332786	341157	348428	361786	372164	380467	385232
XMTI4ODMyMDM1Ng==	4	4	8	13	15	18	20	21	22	22	22	24	25	28	31	33	38	40	44	44	48	48	58	61	65	74	76	82	85	91
XMTI4ODMyMTQ0MA==	20	44	87	126	136	150	157	159	160	161	167	169	171	178	184	192	193	193	194	196	197	198	198	198	198	198	199	199	199	199
XMTI4ODMyMjQyNA==	195	276	367	436	519	618	686	712	753	779	806	830	879	930	979	1002	1023	1047	1065	1095	1121	1145	1157	1172	1193	1203	1219	1233	1245	1253
XMTI4ODMyMzUwNA==	1279	1905	2529	3057	3792	4571	5465	5924	6281	6656	7016	7357	7711	8129	8469	8839	9244	9638	9972	10300	10687	11049	11377	11747	12104	12454	12813	13199	13580	13948
XMTI4ODMyNTUwOA==	726	1633	2523	2841	3646	3985	4743	5071	5491	5917	6205	7146	7474	7961	9320	9673	9895	10160	10446	11819	12122	12344	12568	12820	13038	13254	13667	13983	15370	15611
XMTI4ODMyNzA5Ng==	109	154	179	274	356	395	442	489	518	537	551	563	569	573	576	584	586	602	604	609	609	610	611	611	614	615	617	618	618	620
XMTI4ODMyNzc5Mg==	253	370	475	554	667	763	887	974	1052	1161	1286	1434	1588	1809	1992	2172	2408	2636	2842	3042	3234	3424	3646	3940	4188	4378	4627	4785	4964	5206
XMTI4ODMyOTg1Mg==	1312	2177	3117	3560	4544	4673	4840	4905	4961	5011	5051	5093	5134	5195	5223	5247	5268	5290	5311	5327	5345	5358	5368	5388	5408	5419	5441	5448	5455	5459
XMTI4ODMzMDQ3Mg==	1024	1696	2959	3947	5071	6508	8853	9826	10671	11431	12215	12787	13482	14207	14706	15128	15588	16013	16463	17984	18566	19023	19370	19706	19916	20085	20419	20699	20931	21113
XMTI4ODMzMzMyOA==	284	382	501	601	816	938	1028	1120	1202	1271	1337	1375	1383	1394	1403	1420	1433	1436	1445	1456	1467	1477	1485	1489	1495	1501	1508	1510	1515	1520
XMTI4ODQ0MDA5Mg==	101	213	313	367	388	449	519	579	647	718	775	849	901	965	1044	1130	1192	1259	1334	1432	1521	1622	1742	1842	1941	2037	2142	2225	2309	2460
XMTI4ODQ0MjQ4OA==	109	160	238	287	342	377	394	401	406	412	419	427	434	442	443	444	456	459	463	467	475	481	482	487	495	498	500	505	506	507
XMTI4ODQ0NDExNg==	155	165	290	489	532	573	757	788	845	879	1025	1042	1048	1053	1057	1063	1067	1069	1078	1089	1092	1094	1097	1099	1103	1107	1109	1110	1112	1114
XMTI4ODQ1MjUzMg==	74	176	233	269	376	404	418	438	451	472	494	505	512	517	536	601	613	630	635	649	653	661	670	673	683	685	686	690	693	695
XMTI4ODQ2MTg3Ng==	10	18	28	31	34	37	38	43	46	49	50	50	50	54	55	56	59	61	63	63	65	72	72	73	75	77	79	81	81	85
XMTI4ODQ2NDg2NA==	33	42	97	146	183	198	201	203	207	208	209	209	209	210	211	211	211	212	212	212	212	212	212	213	213	214	214	214	214	215
XMTI4ODQ2ODQwMA==	11	23	25	35	47	55	72	75	80	84	85	86	89	94	95	95	96	98	98	100	100	111	123	131	138	142	151	152	153	157
XMTI4ODQ3MzQyNA==	2047	4254	7314	8763	9952	10482	11093	11576	12193	13030	13623	14191	14735	15247	15769	16317	16751	17278	17882	18374	18835	19296	19836	20397	20935	21503	22093	22700	23270	23847
XMTI4ODQ3MzgyNA==	385	706	1006	1181	1445	1498	1534	1559	1583	1600	1609	1625	1645	1659	1668	1685	1699	1708	1741	1745	1758	1772	1789	1796	1801	1807	1815	1829	1834	1836
XMTI4ODQ4MDU3Ng==	10	11	22	30	46	48	58	72	79	87	97	104	109	111	113	120	120	122	122	124	127	131	133	140	141	142	144	149	157	161
XMTI4ODQ4MTIyNA==	1534	3125	5111	6863	8547	9921	11940	14268	16123	17541	18973	20063	21152	22808	24395	25458	26223	27015	27776	28565	29443	30231	31047	31958	32598	33145	33572	33903	34255	34546
XMTI4ODQ4Mjk2OA==	146	291	401	437	465	492	527	545	642	664	691	722	732	763	788	807	831	855	894	914	948	972	1003	1012	1050	1097	1143	1177	1204	1230
XMTI4ODQ4NTQyNA==	278	748	1432	1677	1936	2648	3158	3341	3688	3844	3877	3909	3951	3972	4006	4039	4100	4184	4245	4311	4393	4470	4544	4637	4750	4839	4941	5014	5055	5094
XMTI4ODQ4NTY4OA==	0	0	0	0	0	0	0	0	0	0	0	0	0	0	0	0	0	0	0	0	0	0	0	0	0	2	3	4	4	4
XMTI4ODQ5MDg0MA==	781	1661	2391	2748	3052	3267	3428	3630	3810	3940	4096	4199	4307	4408	4498	4631	4779	4916	5048	5225	5361	5487	5596	5712	5790	5864	5957	6014	6063	6112
XMTI4ODQ5MzY4OA==	17	23	31	43	52	53	61	64	64	64	64	64	65	66	73	79	81	85	86	87	92	92	93	97	99	100	102	104	107	109
XMTI4ODQ5Mzc2OA==	562	774	2036	3265	4204	4409	4602	6388	6714	6900	7041	7176	7298	7434	7541	7601	7679	7750	7798	7870	7946	8023	8112	8203	8266	8337	8421	8502	8592	8651
XMTI4ODQ5NDA4NA==	137	246	382	460	588	682	779	875	969	1055	1134	1186	1253	1347	1464	1576	1722	2009	2263	2505	2747	2952	3143	3305	3499	3677	3840	3979	4115	4235
XMTI4ODQ5NDE1Ng==	195	275	421	512	623	773	886	1001	1091	1171	1261	1328	1412	1497	1606	1711	1898	2284	2584	2857	3150	3412	3602	3806	4057	4239	4393	4563	4706	4853
XMTI4ODQ5NDQ1Mg==	161	260	379	469	577	701	804	916	1011	1085	1169	1258	1324	1457	1584	1685	1882	2155	2419	2676	2887	3193	3428	3657	3922	4112	4292	4424	4547	4669
XMTI4ODQ5NzU3Mg==	352	543	692	734	1068	1476	1537	1560	1564	1600	1814	1831	1839	1852	1864	1873	1884	1890	1899	1910	1932	1941	1952	1966	1974	1990	2001	2008	2011	2018
XMTI4ODQwNTU1Mg==	2864	5644	10538	14009	16771	17762	18335	18995	19430	19957	20592	21153	22178	22845	23212	23644	24503	25515	26694	27745	29778	30531	31430	33683	36603	39457	40757	41776	42913	44299
XMTI4ODQwNzA1Mg==	134	342	583	771	914	968	1145	1207	1264	1289	1531	1573	1611	1727	2089	2170	2210	2237	2255	2266	2281	2295	2301	2305	2321	2334	2358	2366	2660	2669
XMTI4ODQwODA2MA==	109	234	311	345	390	434	461	498	510	535	641	694	720	752	794	848	942	989	1026	1063	1114	1154	1201	1247	1275	1295	1325	1353	1376	1400
XMTI4ODQxMTQ2MA==	1	2	2	3	4	4	4	4	4	4	11	11	16	18	21	22	23	23	24	24	24	25	25	25	25	25	25	25	25	27
XMTI4ODQxMTcxMg==	2447	7868	10966	14016	18363	20616	22895	22943	22978	23006	23021	23035	23048	23064	23080	23094	23111	23124	23137	23150	23187	23209	23223	23231	23240	23249	23255	23267	23280	23296
XMTI4ODQxMjQ1Mg==	12	23	30	37	39	43	50	50	56	60	67	72	77	79	82	83	85	88	95	99	110	112	113	118	119	123	124	126	130	134
XMTI4ODQxMjc2NA==	61	130	206	234	269	286	293	306	314	326	336	355	367	370	378	388	409	412	417	421	430	437	443	449	460	462	465	471	474	477
XMTI4ODQxMzA4MA==	423	763	1082	1252	1411	1548	1678	1738	1783	1828	1869	1905	1948	1992	2022	2047	2082	2122	2141	2155	2186	2212	2240	2263	2283	2303	2326	2360	2397	2422
XMTI4ODQxNzMxNg==	1098	2450	3387	4043	4831	4966	5654	5802	5932	6713	6836	6938	7044	7141	7238	7302	8102	8189	8277	8352	8421	8510	8588	8647	8732	8823	8938	9039	9123	9219
XMTI4ODQxODI5Ng==	137	197	314	363	434	451	543	563	584	609	634	660	677	684	698	726	752	774	793	830	854	876	917	932	959	983	1008	1026	1046	1061
XMTI4ODQyMDIxMg==	193	395	649	755	915	999	1094	1158	1233	1277	1351	1441	1771	1869	2037	2585	2725	2888	3036	3934	4203	4393	4597	5727	5870	5997	6306	7243	7483	7676
XMTI4ODQyMDQwMA==	0	0	0	0	0	0	0	1	1	1	1	1	1	1	1	1	1	1	1	1	1	1	1	1	1	1	1	1	1	1
XMTI4ODQyMTA4NA==	61	104	140	152	175	212	273	413	498	581	646	794	853	937	1004	1043	1099	1154	1190	1263	1486	1528	1560	1592	1632	1664	1693	1726	1747	1767
XMTI4ODQyMTMwOA==	2	4	5	6	6	8	8	8	8	8	8	8	8	8	8	8	8	8	8	8	8	8	8	8	8	8	8	8	8	8
XMTI4ODQyMjU3Mg==	1064	1797	4536	7335	11260	13047	14156	14797	15159	15481	15658	15830	16001	16175	16295	16392	16506	16619	16721	16830	16939	17028	17090	17155	17196	17255	17303	17333	17357	17405
XMTI4ODQyNDY5Ng==	228297	452651	571469	642145	642602	735914	806193	893243	935193	983102	1034206	1034273	1034318	1034363	1057045	1057103	1057144	1057161	1072186	1072232	1072286	1072318	1072356	1072504	1072549	1072574	1072586	1134601	1134667	1134710
XMTI4ODQyOTU3Ng==	53	162	348	499	669	752	870	968	1039	1088	1178	1223	1286	1375	1448	1524	1627	1725	1802	1861	1996	2094	2162	2266	2357	2405	2447	2490	2532	2573
XMTI4ODQzMjIyNA==	4778	9744	19134	24659	32217	48988	59164	63511	66423	68355	69939	70910	71148	71630	72200	72635	73082	73520	73886	74223	74592	74849	75086	75298	75478	75672	75855	76020	76169	76317
XMTI4ODQzMzc5Mg==	133	212	343	413	488	528	550	568	586	603	619	624	632	650	661	666	670	678	680	684	689	696	702	707	710	715	737	753	768	772
XMTI4ODQzNjYyMA==	304	397	510	566	750	1018	1104	1217	1579	1821	1957	2070	2195	2301	2657	2755	2876	3105	3268	3423	3576	3644	4078	4120	4177	4209	4264	4304	4390	4441
XMTI4ODQzOTkyOA==	220	659	1068	1500	1932	2367	2778	2974	3109	3178	3240	3279	3329	3392	3458	3518	3573	3628	3686	3745	3810	3860	3894	3944	3959	3975	3988	4002	4015	4028
XMTI4ODU0MTMyNA==	2023	4865	7911	10135	11571	12020	12430	12837	13099	13312	13457	13596	13711	13806	13948	14049	14159	14241	14306	14354	14413	14463	14518	14578	14619	14677	14729	14776	14824	14867
XMTI4ODU0Njk1Mg==	513641	816714	1312817	1553455	1959858	2198684	2501968	2536993	2573447	2607468	2626723	2643305	2661340	2677228	2693545	2710159	2730164	2750284	2767273	2785838	2803864	2819386	2833507	2847614	2852723	2853575	2854293	2854953	2863341	2864045
XMTI4ODU0NzM1Ng==	27	48	51	66	74	92	108	118	127	140	148	154	161	176	192	198	207	220	225	232	241	252	258	275	291	298	306	318	330	342
XMTI4ODU0ODc3Mg==	60	109	152	173	229	236	250	259	269	273	275	279	283	283	289	292	295	295	297	297	297	297	297	297	297	298	298	298	298	298
XMTI4ODU0ODg0NA==	823	2223	3073	3963	4460	4803	5606	5969	6273	6520	6741	6914	7873	8028	8221	8373	8519	8661	8780	9773	9891	10019	10129	10236	10338	10450	11701	11816	11926	12000
XMTI4ODU1MTU5Ng==	677	1688	2749	3410	4882	5004	6902	6956	6999	7033	7061	7081	7109	7131	7152	7169	7206	7230	7249	7262	7278	7299	7328	7341	7358	7390	7427	7449	7472	7494
XMTI4ODU1MzQyMA==	2	2	4	6	6	8	8	9	9	9	9	9	9	10	10	10	10	10	10	10	11	11	11	12	12	13	13	13	13	14
XMTI4ODU1NDEzMg==	4	8	12	14	15	16	16	16	16	16	17	17	17	17	18	20	20	20	20	20	20	21	21	21	22	22	22	22	22	22
XMTI4ODU1NDkwNA==	54	74	109	130	167	186	204	240	310	359	386	399	417	428	443	462	487	502	521	546	575	586	606	618	636	642	659	674	683	701
XMTI4ODU1NzIwMA==	101	127	165	249	355	384	400	421	442	465	483	501	514	522	535	558	577	597	611	639	682	704	726	748	767	784	802	817	828	837
XMTI4ODU1NzQ0MA==	9295	15025	24974	33755	35952	36485	36921	37226	37463	37755	38006	38229	38393	38540	38691	38826	38952	39039	39115	39188	39244	39278	39327	39364	39395	39418	39446	39460	39489	39503
XMTI4ODU1ODU5Ng==	109446	219764	323109	422705	521901	522325	522372	523762	551006	551945	552639	553261	554153	555047	555746	556612	557412	558004	558328	558695	559039	559405	560209	560997	562410	562917	563668	577929	578009	592925
XMTI4ODU2MDM3Ng==	134	230	304	353	421	479	556	601	616	638	653	675	689	704	719	732	745	758	768	776	799	813	821	826	829	838	843	866	897	911
XMTI4ODU3MzY5Ng==	17	38	49	56	64	76	95	104	109	115	125	141	151	161	179	193	199	206	216	229	240	250	269	287	300	314	326	338	355	367
XMTI4ODU3NDAyOA==	5	11	15	18	19	19	26	31	32	34	34	35	39	39	41	41	42	44	48	49	52	53	54	54	57	59	70	71	71	77
XMTI4ODU3NzM1Ng==	3	8	9	12	14	16	19	23	25	29	33	34	36	38	39	40	41	41	43	43	44	45	51	55	59	60	62	62	62	63
XMTI4ODU3ODczMg==	434	715	1013	1212	1486	1673	1841	1964	2098	2216	2314	2412	2524	2604	2694	2780	2931	3079	3184	3250	3309	3368	3417	3452	3504	3585	3658	3709	3767	3807
XMTI4ODU4NDM2NA==	294	670	984	1153	1331	1538	1755	1899	2067	2229	2383	2517	2660	2825	2999	3160	3306	3437	3562	4073	4204	4329	4440	4518	4666	4756	4847	4940	5015	5087
XMTI4ODU4NTYyOA==	775	2227	3401	3861	4626	5421	7018	7546	7938	8214	8514	8814	9130	9412	9681	9884	10035	11247	11375	11505	11648	11789	11963	12175	12449	12724	13102	13381	13590	14620
XMTI4ODU4NzQyNA==	12447	27378	39172	47189	52305	57072	61522	64553	67293	68815	71654	74322	76917	79093	79209	80247	81242	82150	82932	83395	83954	84348	84709	85009	85256	85559	85976	86455	86924	87238
XMTI4ODU4ODI3Mg==	1779	3528	5690	6379	6886	7278	7635	7979	8267	8571	8870	9104	9294	9480	9625	9773	9902	10009	10152	10285	10393	10492	10624	10770	10847	10959	11106	11181	11254	11338
XMTI4ODU5Njk4OA==	374	510	802	1028	1152	1233	1337	1434	1533	1631	1720	1803	1903	2010	2070	2140	2201	2270	2331	2398	2476	2535	2578	2613	2642	2681	2704	2734	2763	2787
XMTI4ODU5ODY5Ng==	768	1244	1699	1974	2313	2511	2691	2846	2986	3164	3317	3450	3617	3767	3908	4034	4183	4516	4652	4758	4861	4961	5110	5211	5319	5433	5572	5684	5734	5792
XMTI4ODUwMjkxMg==	416	665	942	1086	1269	1483	1710	1958	2277	2741	3163	3546	3707	3870	3980	4091	4211	4293	4370	4448	4548	4621	4676	4763	4824	4887	4951	4991	5033	5069
XMTI4ODUwMzI0OA==	1051	2335	3662	4251	4778	4836	4901	5012	5098	5194	5303	5420	5528	5626	5712	5772	5834	5921	6016	6110	6220	6321	6428	6546	6679	6804	6931	7062	7203	7318
XMTI4ODUwNDMwOA==	1195	1922	2692	3135	3647	4348	5139	5560	5878	6214	6569	6938	7155	7401	7558	7710	7858	7960	8089	8211	8352	8442	8500	8588	8655	8734	8835	9090	9240	9293
XMTI4ODUwODQ5Mg==	3342	5994	9767	12838	15793	16503	17744	18572	19246	19826	20246	20595	20880	21139	21325	21519	21679	21723	21776	21851	21887	21937	21994	22039	22067	22111	22118	22146	22289	22437
XMTI4ODUwOTQ0MA==	1271	2086	2938	3472	4144	4782	5542	5913	6257	6572	6914	7258	7512	7833	8003	8140	8254	8347	8444	8539	8654	8739	8810	8877	8986	9065	9155	9217	9271	9312
XMTI4ODUwOTc2NA==	148	303	446	541	646	728	824	901	951	997	1040	1081	1117	1146	1176	1197	1221	1237	1271	1296	1324	1353	1378	1408	1446	1491	1537	1563	1595	1618
XMTI4ODUxMzA5Ng==	1519	3895	7549	9863	12003	13646	15535	16198	16689	16980	17182	17453	17734	17935	18093	18244	18370	18533	18707	18847	18970	19075	19192	19270	19353	19438	19505	19574	19633	19714
XMTI4ODUxODE4OA==	13	21	31	34	45	53	68	79	100	115	125	130	141	146	158	173	189	205	222	237	241	246	259	272	281	301	323	340	359	382
XMTI4ODUxODg1Mg==	42	59	72	110	118	146	149	149	150	153	155	161	163	167	169	172	177	180	203	205	207	210	212	212	214	217	219	221	223	225
XMTI4ODUxOTQxNg==	13	15	24	26	37	40	47	56	57	61	63	64	68	70	82	91	97	105	127	164	204	237	264	295	349	410	517	553	599	658
XMTI4ODUxOTYyMA==	1605	3468	6831	8966	11280	12633	14355	15817	17463	19100	20694	22015	23463	25382	27206	29382	31855	33922	36110	38693	42550	45360	47895	50479	53210	56251	59189	62755	65378	68191
XMTI4ODUyMTM0MA==	76	112	161	208	253	276	289	318	335	355	368	375	388	401	415	430	450	467	495	502	511	539	554	580	603	615	636	654	665	678
XMTI4ODUyNTM2MA==	2023	3372	4838	6106	7314	8590	9700	10245	10654	11052	11422	11716	12019	12272	12477	12652	12834	13007	13155	13335	13512	13668	13798	13936	14055	14184	14332	14443	14564	14698
XMTI4ODUyNjEzMg==	1143	3769	7175	9049	10295	11740	12701	13245	13761	14294	14825	15434	16206	16881	17362	17864	18520	19048	19605	20238	20817	21323	21770	22185	22603	23059	23784	24382	24861	25435
XMTI4ODUzMTA4MA==	559	803	1154	1387	1603	1858	2047	2229	2391	2529	2698	2839	3007	3179	3304	3395	3503	3606	3714	4093	4326	4504	4614	4726	4885	5001	5189	5319	5453	5540
XMTI4ODUzMjYyOA==	290	1327	2482	3429	4508	5315	6238	7064	7913	8768	9501	10215	10949	11760	12470	13232	13943	14581	15181	15834	16560	17143	17624	17903	18220	18525	18858	19068	19160	19328
XMTI4ODUzNDE0OA==	378	660	850	991	1230	1430	1597	1738	1853	1974	2138	2250	2415	2577	2664	2736	2831	2937	3028	3144	3220	3270	3289	3303	3320	3352	3408	3452	3485	3510
XMTI4ODUzNTA1Mg==	342	660	831	1048	1213	1581	1805	1959	2109	2223	2304	2370	2472	2560	2611	2647	2697	2722	2776	2824	2874	2898	2905	2910	2941	3002	3218	3341	3399	3446
XMTI4ODUzNjIyNA==	17	20	46	66	88	92	95	99	104	107	108	111	115	117	121	121	124	124	126	128	131	135	138	139	144	206	208	211	211	213
XMTI4ODUzNjkwOA==	31	64	87	103	143	166	187	217	231	240	251	262	270	278	290	303	316	334	344	359	372	377	401	410	416	424	429	444	455	457
XMTI4ODY0OTE3Ng==	81766	182373	374360	521039	690142	854024	894080	919564	932434	944566	957676	969500	984112	998482	1008333	1015805	1023808	1030917	1036510	1041594	1044402	1045306	1045918	1046320	1046676	1046993	1047290	1047557	1047783	1048010
XMTI4ODY1OTQ0OA==	529	1083	3141	4071	5888	7463	9469	10606	11744	12503	13160	13783	14172	14497	14759	14961	15155	15380	15590	15763	15929	16072	16233	16364	16485	16616	16766	16933	17018	17128
XMTI4ODY2NTIyMA==	209	383	521	657	777	799	811	823	831	842	859	867	869	877	886	899	907	923	942	949	958	962	966	967	970	973	976	984	993	1000
XMTI4ODY2Nzk4OA==	10	17	29	36	50	58	64	75	87	99	106	112	114	118	123	129	143	158	173	187	199	200	200	205	205	207	210	212	212	215
XMTI4ODY3NDkwOA==	187	275	426	491	598	637	655	674	691	703	713	717	726	734	743	754	765	770	772	776	783	789	792	796	803	815	823	828	835	840
XMTI4ODY3OTUxNg==	236	425	598	695	803	880	949	1028	1098	1257	1443	1603	1693	1801	1911	2024	2152	2300	2485	2711	3176	3604	3948	4282	4837	5254	5499	5680	5848	6010
XMTI4ODY4MDM1Ng==	232	452	625	748	895	998	1079	1169	1256	1386	1522	1642	1757	1845	1943	2033	2112	2205	2382	2635	2824	2930	3003	3085	3228	3335	3404	3469	3549	3646
XMTI4ODY4MTEyMA==	383	798	1156	1442	1799	2166	2515	2859	3189	3466	3837	4195	4501	4899	5303	5683	6037	6322	6703	7055	7398	7669	7987	8274	8559	8849	9171	9466	9786	10038
XMTI4ODY4MzMwNA==	3	19	27	31	41	55	59	66	83	85	90	109	113	115	117	133	139	142	147	156	172	176	178	179	186	189	199	202	207	218
XMTI4ODY4NTE1Mg==	5	6	6	6	11	16	21	23	23	24	26	27	28	31	32	35	35	35	35	35	36	36	37	38	38	38	38	38	39	39
XMTI4ODY4NzE4NA==	84	170	316	414	481	596	701	796	877	965	995	1024	1110	1184	1310	1441	1556	1683	1813	1889	1975	2063	2200	2333	2485	2635	2776	2922	3047	3164
XMTI4ODY4NzU2MA==	4	6	11	12	15	20	22	23	23	28	31	170	170	170	172	172	172	172	173	174	174	175	175	175	176	178	178	178	178	179
XMTI4ODY4ODczMg==	1259	5991	17766	23131	33082	39395	49437	55981	61023	63278	66939	70227	72102	74017	75698	76684	79095	81725	83709	84763	86674	88255	89757	91522	92945	93006	93977	94891	95843	96831
XMTI4ODY5NzA3Ng==	78	124	197	217	259	283	296	304	312	321	330	334	340	350	355	358	363	365	366	370	371	372	378	383	385	385	385	386	387	387
XMTI4ODY5OTkxMg==	28480	56985	81638	90718	99146	105378	111162	118574	124139	128758	132703	135624	138753	141984	145117	147771	150086	152151	153865	155720	157598	159252	160706	161984	163227	164590	165820	166952	168071	169095
XMTI4ODYwODEwNA==	33	87	105	127	156	191	225	264	314	383	418	440	469	523	566	607	668	749	758	796	841	893	908	915	923	923	930	934	935	941
XMTI4ODYxNzg0NA==	2970	5672	7308	7986	8687	9412	10452	11187	11902	12580	13253	13839	14464	14993	15525	16127	16754	17343	17837	18280	18749	19135	19504	19857	20199	20574	20891	21237	21514	21810
XMTI4ODYxNzkwOA==	13	16	25	28	35	38	46	56	69	83	94	105	117	125	141	153	173	178	189	207	230	246	274	304	318	327	336	351	361	377
XMTI4ODYyNDQ5Ng==	17	26	42	46	51	56	63	68	69	70	72	75	80	81	82	87	91	96	98	99	101	105	105	107	113	114	115	117	117	117
XMTI4ODYyNDkwOA==	11148	19919	24746	30392	34534	37403	40437	41594	43229	44794	46105	47146	47878	48296	48680	48777	49249	49729	50201	50615	50958	51271	51652	51940	52196	52405	52631	52843	53023	53182
XMTI4ODYyNzQ1Ng==	23	40	60	71	78	86	92	106	112	122	136	157	168	186	204	218	228	234	238	245	250	255	259	262	263	267	272	274	278	282
XMTI4ODc1MDY0MA==	17	25	30	31	47	57	63	63	63	65	65	67	68	74	78	79	81	82	90	91	92	93	94	94	94	95	95	96	96	96
XMTI4ODc1MTQyMA==	11	21	24	28	32	37	42	45	48	56	59	63	67	68	71	76	79	84	116	119	129	139	162	178	186	188	189	191	192	198
XMTI4ODc1NTI2OA==	2	3	5	5	5	7	8	8	8	8	8	9	9	9	9	9	10	10	10	10	10	10	11	11	11	11	11	11	11	11
XMTI4ODc2MzczNg==	48663	99060	126235	146582	165352	185808	199267	210616	216670	222057	229937	235269	240855	246475	250326	253604	257328	261982	265070	268363	270931	273125	274591	275969	277379	279582	280773	281943	283317	284434
XMTI4ODc2NjQzMg==	854	5808	12071	15879	19856	23427	26037	29142	29447	29821	30159	30401	30648	30867	31137	31369	31557	31808	32083	32323	32586	32887	33120	33360	33556	33742	33904	34063	34206	34351
XMTI4ODc2OTQwOA==	104131	338165	513298	600467	698564	765333	838384	902284	939932	966383	986677	1001948	1018538	1035022	1059682	1082872	1099830	1113588	1125034	1137506	1149120	1167648	1191281	1202427	1211113	1219111	1225671	1232162	1245669	1260353
XMTI4ODc3NTcxNg==	56544	123747	155235	179762	195545	252547	270788	278481	283710	287267	289943	292126	294979	295943	297802	298207	299920	300307	301676	302444	302666	303349	304089	304682	304885	305298	305845	306310	306515	306709
XMTI4ODc4OTY0MA==	18	27	53	67	81	90	99	131	140	148	150	156	159	162	168	173	179	181	184	186	189	194	197	200	206	206	212	215	221	227
XMTI4ODc5MjIyNA==	14	32	47	56	63	69	70	71	71	71	72	72	72	72	73	73	74	74	76	77	77	77	77	77	77	77	77	77	77	77
XMTI4ODc5NzE1Mg==	3	12	19	21	21	27	36	38	39	41	64	65	71	71	73	73	77	77	79	79	80	80	80	81	81	81	81	82	83	83
XMTI4ODc5OTMxNg==	5	7	14	18	24	26	26	28	28	28	29	29	29	29	29	29	29	29	30	30	30	31	31	31	31	32	35	36	38	38
XMTI4ODcwNTI2NA==	5900	13638	22343	28246	34382	39823	44612	47013	49715	51559	52668	53338	54002	54728	55402	55965	56594	57235	57828	58448	59173	59712	60303	60897	61491	62142	62873	63786	64534	65204
XMTI4ODcxMzE5Mg==	3	5	9	11	14	17	19	22	22	22	23	23	23	23	23	25	26	28	28	28	28	29	31	32	32	34	34	34	34	34
XMTI4ODcxNDkwOA==	2	4	5	5	6	7	8	8	8	8	8	8	8	8	8	8	8	8	10	11	11	11	12	12	12	12	12	12	12	12
XMTI4ODcxNjY1Mg==	4	7	10	12	14	14	15	15	16	16	16	17	17	17	18	18	18	18	18	18	19	19	20	20	20	20	22	22	22	22
XMTI4ODczNzM0MA==	3	7	10	12	15	20	22	28	33	36	41	43	47	49	51	59	64	69	74	76	79	81	84	88	90	92	97	100	102	104
XMTI4ODczNzYwNA==	60	137	192	220	257	279	330	338	355	361	372	390	399	410	419	428	437	449	454	456	464	468	479	486	488	496	503	508	514	515
XMTI4ODgwNTU4MA==	5	5	12	18	20	22	27	27	27	29	30	30	32	34	34	34	34	34	36	36	36	36	36	37	38	38	39	39	41	41
XMTI4ODgxMDkxMg==	19204	37953	55763	67091	77878	86904	93682	98096	101098	106874	112569	114866	117521	117922	121588	125659	129126	130463	131580	132454	134355	153603	175032	178972	181482	183509	185394	187358	188937	190274
XMTI4ODgzMjkzMg==	44751	84315	124245	144834	153156	161562	167165	185661	201994	216993	222942	226390	230456	233974	236521	241202	243338	245737	247882	250008	252027	256603	259221	261544	263367	266430	268237	269746	271301	272862
