XMTM2MTI2MTM4MA==	3	3	7	7	7	8	8	8	8	8	8	8	8	8	8	8	8	8	8	8	8	8	8	8	8	8	8	8	8	8
XMTM2MDg4MDAyMA==	126	170	292	310	320	320	323	328	330	336	345	346	357	358	359	364	364	367	367	407	420	422	422	423	425	430	430	437	440	442
XMTM2MDc2NTMwOA==	1	1	2	2	2	2	2	2	2	3	3	3	3	3	3	7	7	8	8	8	8	8	8	8	8	8	11	11	11	11
XMTM2MDk1MTAyNA==	11	13	26	33	33	33	34	36	37	37	38	38	38	38	38	38	38	38	39	42	42	42	42	43	44	45	47	49	49	49
XMTM2MDc5NTgzNg==	4	4	6	6	7	7	7	7	7	7	7	7	7	7	7	7	7	7	7	7	7	7	7	7	7	7	7	7	7	7
XMTM2MDk0NDg4OA==	4	6	11	12	12	13	13	14	14	14	14	14	15	15	15	15	15	15	17	18	18	20	20	20	20	25	25	25	25	30
XMTM2MTMxMTQ4NA==	10	13	19	19	19	19	19	19	19	19	19	19	20	21	21	21	21	21	21	21	21	21	21	21	21	21	21	21	21	21
XMTM2MDczNTcxNg==	23	24	35	37	37	37	37	38	38	38	39	39	39	39	39	39	40	41	41	42	42	42	42	42	42	42	42	42	42	42
XMTM2MDgxNzcxMg==	90	121	187	196	201	202	204	210	212	212	212	213	214	216	216	218	218	221	221	239	247	249	249	251	252	253	253	253	253	261
XMTM2MTcwMjI4NA==	727	1076	2424	2444	2455	2474	2486	2513	2518	2528	2532	2541	2541	2541	2549	2572	2572	2602	2619	2620	2621	2623	2625	2629	2632	2638	2639	2644	2646	2650
XMTM2MTI0ODk1Mg==	1348	1842	3190	3709	3743	3996	4106	4129	4150	4741	5187	5351	5381	5414	5421	5431	5431	5435	5435	5531	5559	5563	5569	5588	5590	5591	5612	5644	5663	5670
XMTM2MTUzNTc5Ng==	2	2	4	4	4	4	4	4	4	4	4	5	5	5	5	5	5	5	5	5	5	5	7	7	7	8	8	8	8	8
XMTM2MTI1Mjk3Mg==	2	2	3	3	3	3	3	4	4	4	4	4	4	4	4	4	4	4	4	4	4	4	4	4	4	4	4	4	4	4
XMTM2MTI3MzUzMg==	9	17	28	29	30	30	30	34	57	106	122	201	258	298	366	463	468	580	584	888	1164	1640	2217	2288	2340	2520	2671	2788	3079	3262
XMTM2MTE2OTA2OA==	11	14	28	28	28	28	28	28	28	28	28	28	28	28	28	28	28	29	29	29	29	29	29	29	29	31	31	31	31	32
XMTM2MTU3OTI0OA==	6	9	15	16	17	17	17	18	18	18	18	21	22	22	22	24	24	27	30	36	37	37	38	39	39	40	41	42	48	50
XMTM2MTM2NzU2NA==	2	2	5	5	5	5	5	5	5	5	5	5	5	5	5	5	5	5	5	5	5	5	5	5	5	5	5	5	5	5
XMTM2MTI5NjM3Mg==	152	250	385	419	422	425	428	429	430	432	432	432	432	432	433	433	434	434	434	440	441	442	443	443	443	443	444	444	444	444
XMTM2MTY3OTEyNA==	57	77	114	114	114	114	114	114	114	114	114	115	116	116	117	117	117	117	117	117	119	119	120	120	120	121	121	121	126	126
XMTM2MTI5NzQ2MA==	7861	10432	22145	22392	22467	22491	22730	23152	29900	30233	30518	30874	31317	31590	31974	32324	32681	32991	33345	33570	33888	34289	34715	43914	44159	44453	44717	45168	45560	45983
XMTM2MDc4MDY1Ng==	3	3	5	5	5	5	6	7	7	7	7	7	7	7	7	7	7	7	7	7	7	7	7	7	8	8	9	11	11	11
XMTM2MDkwNDQ1Ng==	1444	2803	4884	4923	4950	4999	5005	5012	5027	5042	5056	5083	5086	5088	5090	5092	5171	5176	5179	5189	5191	5193	5198	5205	5208	5214	5215	5216	5384	5388
XMTM2MTA4MjAwNA==	1	1	2	2	2	2	2	2	2	2	2	2	2	2	2	2	2	2	2	2	2	3	3	3	3	3	3	3	3	3
XMTM2MTEzMjUwMA==	23	35	52	54	54	55	58	58	58	58	59	59	59	60	60	60	60	60	61	62	62	62	63	63	63	63	63	64	64	64
XMTM2MTE1MTc4OA==	2	3	5	5	5	5	6	6	6	6	6	7	7	7	7	7	7	7	8	8	8	8	9	9	9	9	9	17	19	19
XMTM2MDgyMjgwNA==	4	5	8	8	8	8	8	8	8	8	8	8	9	9	9	9	9	9	9	9	10	10	10	12	14	14	15	16	17	17
XMTM2MTIzOTU2MA==	3	3	5	5	5	5	5	5	5	5	5	5	5	5	5	5	5	5	5	5	5	5	5	5	5	5	5	5	5	5
XMTM2MDgyMjU1Ng==	119	156	245	266	267	272	280	281	282	282	282	282	282	284	286	290	290	290	290	290	290	290	290	290	290	290	290	290	298	298
XMTM2MTE5NTkwNA==	3	3	5	5	5	5	5	5	5	5	5	5	5	5	5	5	5	5	5	5	8	8	8	8	8	8	8	8	9	9
XMTM2MDk4MzExNg==	26	32	61	83	85	85	85	85	86	90	90	92	92	92	92	93	94	94	95	109	109	111	111	112	112	112	112	112	114	117
XMTM2MTAwMzY2NA==	64	98	192	205	206	207	208	209	211	214	214	215	215	217	219	219	221	221	221	235	243	244	249	251	251	252	253	254	256	256
XMTM2MTMxNTEzMg==	4	5	8	8	9	9	9	9	9	9	11	12	13	13	14	15	17	20	20	20	21	21	21	22	22	22	22	23	24	24
XMTM2MDg5NTkwNA==	4	4	6	6	6	6	6	6	10	19	19	19	19	19	19	19	19	20	20	20	20	20	20	20	21	21	21	21	21	21
XMTM2MTE0NTUyOA==	8	10	15	15	15	15	15	15	15	15	15	15	16	16	16	16	16	16	16	16	16	16	16	16	16	16	16	16	16	16
XMTM2MDkyNzIyMA==	2	2	3	3	3	3	3	3	3	3	3	3	3	3	4	4	4	4	4	4	4	4	4	4	4	4	4	4	4	4
XMTM2MTIzODg0MA==	2	2	3	3	3	3	3	3	3	3	3	3	3	3	3	3	3	3	3	3	3	3	3	3	3	3	3	3	3	3
XMTM2MDg2NDA2OA==	6	10	15	16	16	16	16	17	17	17	17	17	17	17	17	17	17	17	17	17	17	17	17	17	18	18	18	18	18	18
XMTM2MDg3MTA0MA==	2	2	3	3	3	3	3	3	3	3	3	3	3	3	3	3	3	3	3	3	3	3	3	3	3	3	3	3	3	3
XMTM2MTE3NTMxNg==	238	306	562	628	642	644	648	649	653	656	977	1344	1450	1489	1510	1521	1528	1539	1540	1574	1586	1586	1596	1600	1603	1605	1607	1609	1612	1616
XMTM2MDkzNzcwOA==	26	40	67	67	68	70	71	76	79	79	80	80	80	80	81	83	84	86	86	87	87	87	87	87	87	87	87	87	87	87
XMTM2MTE3Njg2NA==	4	5	7	7	7	7	7	7	8	8	8	8	8	8	8	8	8	8	8	9	9	9	9	9	9	9	9	9	9	11
XMTM2MDg2NDg2MA==	13	14	38	40	41	41	41	41	41	41	41	41	41	41	41	41	41	41	41	41	41	41	41	41	41	41	42	42	42	42
XMTM2MTI5MzY5Ng==	4	4	7	7	7	7	9	9	11	11	11	11	11	11	11	12	12	12	12	12	12	12	12	12	12	12	12	12	12	12
XMTM2MTA2OTAxMg==	117	174	264	271	273	274	275	275	276	276	276	276	277	277	277	277	277	280	280	281	282	283	283	283	284	284	284	285	302	306
XMTM2MTQ4MzU1Ng==	3	3	5	5	5	5	5	5	5	6	6	6	6	6	6	6	6	6	7	8	8	8	8	8	8	8	8	8	8	8
XMTM2MTQyMTgyNA==	2	3	5	5	5	5	5	5	5	5	5	5	5	5	5	5	5	5	5	5	5	5	5	5	5	5	5	5	6	9
XMTM2MTEzMDQ0NA==	5	5	10	11	11	13	13	18	20	21	21	24	24	24	24	24	24	24	25	28	29	29	29	29	29	29	29	29	31	31
XMTM2MDkzODM3Mg==	17	24	47	48	48	50	52	52	55	56	58	59	59	60	61	61	67	67	68	80	85	86	87	88	90	90	90	90	90	92
XMTM2MDk5ODI0MA==	2	2	3	3	3	3	3	3	3	3	3	3	3	3	3	3	3	3	3	3	3	3	3	3	3	4	4	4	4	4
XMTM2MTIyMzAzMg==	2	2	3	3	3	3	3	3	4	4	4	4	4	4	4	4	4	4	4	4	4	4	4	4	4	4	4	4	4	4
XMTM2MDg4NDExMg==	2	2	3	3	3	3	3	3	3	3	3	3	3	3	3	3	3	3	3	3	3	3	3	3	3	4	4	4	4	4
XMTM2MDkyNzc0MA==	187	337	533	544	556	559	565	578	580	585	587	598	615	632	636	655	679	682	682	730	737	747	754	766	766	772	786	799	805	818
XMTM2MDg3ODU2OA==	7	9	14	14	14	14	14	14	14	14	14	14	14	14	14	16	16	16	16	16	16	16	16	16	16	16	16	16	16	16
XMTM2MTAwMjg5Ng==	2	2	3	3	3	3	3	3	3	3	3	3	4	4	5	5	5	6	6	6	6	6	6	6	6	6	6	6	6	6
XMTM2MDgzOTQwOA==	9	10	22	22	22	22	22	22	22	22	22	22	22	22	22	22	22	22	22	22	22	22	22	22	22	22	23	23	24	24
XMTM2MTM3NjgxMg==	166	273	435	541	549	552	553	554	555	555	564	566	567	567	567	568	568	568	568	573	574	575	577	577	578	579	579	579	579	580
XMTM2MDg1MzYwMA==	50	58	87	87	88	88	89	89	89	90	90	90	90	91	91	97	97	97	97	99	99	100	100	100	100	100	100	100	100	100
XMTM2MDk1MzgzNg==	26	31	56	57	58	58	71	74	75	75	75	75	75	76	76	76	76	76	76	76	77	77	77	77	77	77	77	77	78	132
XMTM2MDg3MDkyNA==	2	3	5	5	5	5	5	6	7	7	7	7	7	7	7	7	7	7	7	7	7	7	7	7	7	7	7	7	7	7
XMTM2MDg0NjI0OA==	1	1	2	2	2	2	2	2	2	2	2	2	2	2	2	2	2	2	2	2	2	2	2	2	2	2	2	2	2	2
XMTM2MDQ3ODgyMA==	223	333	514	574	580	582	584	597	601	610	625	625	625	626	628	632	634	642	642	670	674	677	679	681	682	693	700	721	732	737
XMTM2MTEwNTU3Mg==	74	136	231	234	234	235	236	237	237	237	237	237	238	238	238	238	238	243	243	243	244	244	244	245	245	246	247	247	250	250
XMTM2MTY1Nzk5Mg==	1	1	2	2	2	2	2	2	2	2	2	2	2	2	2	2	2	3	3	3	3	3	3	3	3	3	3	4	4	4
XMTM2MTM1MDA2NA==	95	152	285	317	317	318	318	319	321	327	328	329	331	331	337	1115	1928	2022	2093	2153	2184	2200	2272	2355	2433	2568	2615	2705	2761	2824
XMTM2MTIxOTA1Mg==	17	21	46	52	53	53	53	53	53	53	53	53	53	54	55	55	55	55	56	58	58	59	59	59	59	59	59	61	61	61
XMTM2MDkwNjIyOA==	3	3	7	7	7	7	7	7	7	7	7	7	7	7	7	7	7	7	7	7	7	7	7	7	7	7	7	7	7	7
XMTM2MTExNzk5Ng==	4	6	9	9	9	9	9	9	9	9	9	9	10	10	10	10	10	10	10	10	10	10	10	10	10	10	10	11	11	11
XMTM2MDgwNzYwOA==	11	14	22	23	24	24	24	24	24	24	24	24	24	25	25	25	25	25	25	27	27	27	28	28	28	29	29	29	29	29
XMTM2MTQ2Nzk0MA==	2	2	3	3	3	3	3	3	3	3	3	3	3	3	3	3	3	3	3	3	3	3	3	3	3	3	3	3	3	3
XMTM2MTExODU0OA==	5	6	9	9	9	9	9	9	9	9	9	9	9	9	9	9	9	9	9	9	9	9	9	9	9	9	9	10	10	10
XMTM2MTE0NjM4OA==	90	121	190	208	209	221	237	241	242	251	256	258	259	261	261	261	262	262	265	309	312	312	318	320	324	324	324	324	324	326
XMTM2MTYyMTQ3Mg==	2	3	5	5	5	5	5	5	5	5	5	6	6	6	6	7	7	7	7	7	7	7	7	8	8	8	8	8	8	8
XMTM2MTQwMDkxMg==	24	33	59	69	69	71	71	71	71	71	72	72	73	73	74	76	77	77	78	79	80	80	80	80	80	80	80	80	81	81
XMTM2MDc4MzkwOA==	3	3	5	5	5	5	5	6	6	6	6	6	6	6	6	6	6	6	6	6	8	8	8	8	8	8	8	8	8	8
XMTM1OTQwOTAxNg==	3	3	6	7	8	8	8	9	9	12	12	15	15	15	16	18	18	21	27	29	30	30	30	30	31	32	33	35	37	40
XMTM2MDUzMDE1Mg==	2	2	3	3	3	3	3	3	3	3	3	3	3	3	3	3	3	3	3	3	3	3	3	3	3	3	3	3	3	3
XMTM2MTYxNjkyNA==	3	4	6	6	6	6	6	6	6	6	6	6	6	7	7	7	7	8	8	8	8	8	8	8	8	10	10	10	10	10
XMTM2MDgzODI3Mg==	39	43	63	64	64	64	65	65	65	66	67	67	67	67	67	67	68	68	68	70	70	70	70	70	70	71	71	71	71	71
XMTM2MDc5NjQ4MA==	1232	1654	3273	3357	3458	3474	3486	3685	3700	3716	3728	3737	3740	3741	3741	3742	3742	3744	3745	3785	3790	3798	3802	3803	3808	3810	3816	3817	3827	3844
XMTM2MDcyMzQ3Ng==	1	1	2	2	2	2	2	2	2	2	2	2	2	2	2	2	2	2	2	2	2	2	2	2	2	2	2	2	2	2
XMTM2MDkxNDM1Ng==	2	2	3	3	3	3	3	3	3	3	3	3	3	3	3	3	3	3	3	3	3	3	3	3	3	3	3	3	3	4
XMTM2MDkyNzAxNg==	6	6	9	10	10	10	10	10	10	10	10	10	10	11	11	11	11	11	11	11	11	11	11	12	12	13	13	13	13	13
XMTM2MTAyMDkyMA==	9	12	24	24	24	24	24	24	25	25	25	25	25	25	26	26	26	26	26	26	26	26	26	30	30	32	32	32	32	32
XMTM2MTY5MDkyOA==	2	2	4	4	4	5	5	5	5	5	5	5	5	5	5	5	5	5	5	5	5	5	5	5	5	5	5	5	6	7
XMTM2MDg2Nzc5Mg==	107	139	211	214	215	217	219	219	219	220	220	220	221	221	223	223	223	224	224	224	224	224	224	226	226	226	226	226	227	227
XMTM2MDczMzcxMg==	12	19	28	29	30	30	30	30	30	30	30	30	30	30	30	30	30	30	30	30	30	30	30	30	30	30	30	30	30	30
XMTM2MTIxMjYxMg==	5	7	12	14	14	14	14	15	15	15	15	15	16	16	16	18	18	19	19	20	20	20	20	23	23	26	26	26	26	26
XMTM2MTE5NTM5Ng==	2	2	3	3	3	3	3	3	3	3	3	3	3	3	3	3	3	3	4	4	4	4	4	4	4	4	4	5	5	5
XMTM2MDkwNDQ5Mg==	1436	2115	3215	3245	3249	3265	3266	3271	3291	3319	3321	3322	3336	3337	3344	3345	3385	3387	3387	3388	3389	3391	3392	3393	3394	3394	3398	3491	3560	3562
XMTM2MDg3ODQ0OA==	2	2	6	6	6	6	6	6	6	6	6	6	8	8	9	10	10	10	11	15	16	17	17	17	17	18	19	19	19	19
XMTM2MDcyMjQyNA==	182	265	391	423	424	425	427	427	429	431	431	431	432	432	434	436	436	439	439	439	439	439	443	444	444	444	445	445	459	460
XMTM2MTE2NTg4NA==	8	11	18	19	19	19	19	19	19	19	19	19	20	20	20	20	20	21	21	21	22	22	22	22	22	24	24	24	24	24
XMTM2MDk0NzQ4MA==	1	1	2	2	2	2	2	2	2	2	2	2	2	2	2	2	2	2	2	2	2	2	2	2	2	2	2	2	2	2
XMTM2MTI0MTY2MA==	6	6	10	10	10	10	10	10	10	10	10	10	10	10	10	10	10	10	10	10	10	10	10	10	10	10	10	10	10	10
XMTM2MTI5MjM3Ng==	4	4	6	6	6	6	6	6	6	6	6	6	6	6	6	6	6	6	6	6	6	6	6	6	6	6	6	6	7	7
XMTM2MTExNjgwOA==	5	7	10	10	10	10	10	12	12	12	12	12	12	12	12	13	13	13	13	13	13	13	13	13	13	13	13	13	13	13
XMTM2MTIyNDE2NA==	2	3	5	5	5	5	6	6	8	9	10	10	10	11	11	11	12	12	12	13	13	13	13	14	14	14	14	15	15	15
XMTM1ODU1NTIwOA==	13	23	42	42	42	42	42	42	42	42	42	43	43	43	43	43	43	43	43	43	44	44	44	44	44	44	44	45	45	45
XMTM2MTA5MDU4NA==	13	14	30	34	37	38	38	38	38	39	40	41	41	45	45	45	45	46	46	46	48	49	49	1463	1468	1469	1469	1469	1480	1482
XMTM2MTAwMDU4MA==	113	191	285	292	301	303	305	309	317	323	325	326	326	331	332	347	347	349	351	353	354	355	377	382	382	401	402	403	404	404
XMTM2MTI3NDc0NA==	2	2	3	3	3	3	3	3	5	5	5	6	6	6	6	6	7	7	7	7	7	7	7	7	7	8	8	9	9	9
XMTM2MTAwNTcyMA==	4	6	9	9	9	10	10	10	10	10	10	11	11	11	11	12	12	12	12	12	12	13	13	14	14	14	14	14	14	17
XMTM2MTY0MjM5Mg==	53	75	130	137	137	158	166	170	170	171	171	171	171	172	173	173	174	175	175	175	175	175	175	175	175	175	175	175	175	175
XMTM2MTA0Mjk4MA==	5	5	7	7	7	7	7	7	7	7	7	7	9	9	10	11	11	11	11	14	14	14	14	14	15	17	17	17	17	17
XMTM2MDg4OTg4NA==	5	6	10	11	11	14	14	18	18	21	23	23	23	24	27	28	29	29	29	36	38	38	38	39	39	39	43	45	45	47
XMTM2MTA3ODM5Ng==	29	40	64	64	64	65	65	66	67	67	68	69	69	69	69	70	73	73	73	1763	1774	1774	1776	1783	1783	1786	1787	1787	1787	1789
XMTM2MDg5NTg3Mg==	1	1	2	2	2	2	2	2	2	2	2	2	2	2	2	2	2	2	2	2	2	2	2	2	2	2	2	2	2	2
XMTM2MDgyNDQ3Ng==	4	4	9	9	9	9	9	9	9	9	9	9	9	9	9	9	9	9	9	9	10	10	12	12	12	12	12	12	12	13
XMTM2MTUwNDg0NA==	20	24	36	36	36	36	36	36	36	36	36	36	37	37	37	37	37	37	37	37	37	37	37	37	37	37	37	37	39	39
XMTM2MTM4NTgyOA==	60	89	144	145	147	147	148	149	150	150	150	152	153	153	153	154	155	158	158	160	161	164	164	165	165	165	165	167	170	171
XMTM2MTQ4Mzg3Ng==	4	4	6	6	6	7	7	7	7	7	7	8	8	59	61	74	74	74	75	78	78	78	78	78	78	78	78	78	78	79
XMTM2MTAzOTgwNA==	255	341	572	726	726	739	793	815	820	838	848	870	884	888	895	901	905	912	921	951	959	969	987	995	1010	1026	1051	1060	1085	1100
XMTM2MDg4ODQwMA==	3	3	6	6	6	6	6	7	7	7	7	7	7	8	8	9	9	9	9	10	10	10	10	10	10	10	10	10	10	10
XMTM2MTUwNTEyOA==	5	6	13	13	14	14	14	17	17	17	17	17	17	17	17	17	17	17	17	17	17	17	17	17	17	17	17	17	17	17
XMTM2MTYwNDM0OA==	9	10	18	19	20	20	22	22	22	22	22	23	24	24	30	45	51	51	51	123	129	133	135	135	137	137	138	139	139	139
XMTM2MTYwODQyOA==	2	2	3	3	3	3	3	3	3	3	3	3	3	4	5	6	7	8	8	8	8	10	10	10	10	10	10	10	10	10
XMTM2MTIwNDgxMg==	3	4	6	6	6	6	6	6	7	7	8	9	10	11	12	13	13	13	13	17	17	17	17	18	18	20	20	20	20	20
XMTM2MDg3MzY5Ng==	1	1	2	2	2	2	2	2	2	2	2	2	2	2	2	2	2	2	61	100	106	106	107	108	109	110	111	111	111	112
XMTM2MDk3MzkyNA==	32	39	90	99	99	107	111	113	119	150	325	5349	5352	5353	7552	7555	7555	7555	7806	10189	10201	10325	10326	10326	10326	12302	12303	12303	12306	40224
XMTM2MTcyMDcxMg==	5	7	13	13	13	13	14	16	17	18	19	20	20	20	21	22	22	25	25	28	28	28	28	28	28	29	29	29	29	29
XMTM2MDg4NTU4NA==	1	1	2	2	2	2	2	2	2	2	2	2	2	2	2	2	2	2	2	2	2	2	2	2	2	2	2	2	2	2
XMTI4NzE4MTk2OA==	133	146	244	269	289	321	334	355	489	536	557	580	606	634	662	803	813	833	855	974	1016	1056	1097	1135	1153	1186	1225	1276	1315	1339
XMTI4Nzc3Nzc1Ng==	4	4	7	7	7	8	8	8	8	8	8	8	8	8	8	8	8	8	8	8	8	8	8	8	8	8	8	8	8	8
XMTI4NzcyNTE5Ng==	60	68	135	135	135	137	137	138	138	138	138	138	138	140	140	141	141	141	141	141	142	142	142	142	142	142	142	142	142	142
XMTI4NzcyNzkyOA==	2	2	5	6	6	7	7	7	8	8	8	8	8	8	8	8	8	8	8	10	10	10	10	10	10	10	10	10	10	10
XMTI4Nzk1NzcwMA==	8	9	13	13	13	13	13	13	13	13	13	15	21	22	22	22	22	22	23	23	23	23	23	23	23	23	23	23	23	23
XMTI4Nzk2ODM5Mg==	10	12	23	23	23	23	23	23	23	23	23	23	24	24	25	25	25	25	25	25	25	25	25	25	25	25	25	25	26	26
XMTI4Nzk3OTI4NA==	2447	2483	3953	3978	3996	4462	4489	4519	4547	4558	4568	4578	4590	4605	4617	4620	4630	5174	5194	5211	5234	5252	5262	5278	5289	5307	5322	5339	5355	5368
XMTI4Nzk5MjIzMg==	38	45	71	77	83	87	91	98	99	109	113	125	130	140	149	159	159	162	168	174	179	183	194	202	208	212	217	219	223	224
XMTI4NzkyODU0NA==	551	634	967	1036	1081	1121	1149	1203	1249	1503	1549	1592	1621	1649	1691	1735	1782	1829	1861	1896	1926	1962	1991	2024	2050	2087	2103	2136	2171	2203
XMTI4ODA0MTMyNA==	8	8	13	13	14	14	14	14	14	14	14	14	14	14	14	14	14	14	14	14	14	14	14	14	14	14	14	14	14	14
XMTI4ODA0MjcyOA==	6	8	16	16	16	16	16	18	18	19	19	19	19	19	21	21	23	23	23	24	24	24	24	25	25	25	25	25	25	25
XMTI4ODA0MzkzNg==	6	9	16	17	17	17	17	18	18	18	18	18	18	18	18	18	18	18	18	19	21	22	23	23	24	24	24	24	24	24
XMTI4ODA1NTYwMA==	6	6	9	9	9	9	9	9	9	10	10	10	11	11	11	11	11	11	11	11	11	11	11	11	11	11	12	12	12	12
XMTI4ODA2NjQwOA==	377	664	1027	1076	1110	1137	1190	1208	1219	1237	1252	1261	1272	1276	1287	1297	1308	1316	1329	1341	1349	1355	1362	1374	1381	1387	1388	1393	1401	1405
XMTI4ODA2OTQ4NA==	91	103	160	169	172	172	175	175	177	182	183	188	193	194	197	198	198	198	200	205	207	212	214	214	215	218	221	221	226	227
XMTI4ODA4MzQzMg==	3	3	7	7	7	7	8	8	8	8	8	8	8	8	8	8	8	8	8	8	8	8	8	8	8	8	8	8	9	9
XMTI4ODA4NDAwOA==	2	2	3	3	3	3	3	3	3	3	3	3	3	3	3	3	3	3	3	3	3	3	3	3	3	3	3	3	3	3
XMTI4ODA4NjU1Mg==	8	9	15	15	15	15	15	15	15	15	15	15	15	15	15	15	15	15	15	15	15	15	15	15	15	15	15	15	15	15
XMTI4ODA5MjcyMA==	5	7	10	10	10	10	10	10	10	10	11	13	13	13	13	13	13	13	13	13	13	13	13	13	13	13	13	13	14	14
XMTI4ODAwMDA5Ng==	17	19	38	39	39	40	40	41	41	43	43	44	45	45	45	45	45	45	47	50	50	50	50	54	54	55	56	56	57	57
XMTI4ODAwMjY4MA==	6	7	14	16	16	17	17	17	17	17	17	17	17	17	87	119	130	138	151	159	203	245	251	253	258	260	285	296	297	302
XMTI4ODAwODAxNg==	12	15	22	22	24	24	24	24	25	25	25	25	27	27	27	27	27	27	27	27	27	27	27	27	27	27	27	27	27	28
XMTI4ODAwODE0MA==	18	19	29	29	29	29	29	29	29	29	29	29	29	29	29	29	29	29	29	29	29	29	29	29	29	29	29	29	29	29
XMTI4ODAxNDA0MA==	11	17	25	25	25	26	26	26	26	26	26	26	26	27	28	28	29	29	29	30	30	30	30	30	30	30	30	30	30	30
XMTI4ODAxOTkwNA==	45	49	108	109	109	109	110	110	111	111	111	111	111	111	111	111	111	111	111	116	116	116	116	117	117	117	117	117	117	117
XMTI4ODAyMjg4MA==	16	23	38	41	44	46	50	54	56	62	64	66	70	73	78	81	85	91	96	102	106	112	120	123	145	152	156	161	169	178
XMTI4ODAyOTkxMg==	116	136	293	300	309	323	340	350	353	360	364	369	373	381	385	389	399	409	420	422	427	433	436	438	442	444	447	454	454	457
XMTI4ODAzMDI1Mg==	7	11	20	20	20	21	21	21	21	21	21	21	21	21	21	21	22	22	23	23	23	23	23	23	23	23	23	23	23	23
XMTI4ODAzMTkyNA==	5	6	10	10	11	12	12	12	12	12	12	12	12	12	12	12	12	12	12	12	12	12	12	12	12	12	12	12	12	12
XMTI4ODAzNzI3Mg==	6	8	13	13	14	14	14	14	14	15	15	15	15	15	15	15	15	15	15	15	15	15	15	15	16	16	16	16	16	16
XMTI4ODAzOTI2MA==	4	6	13	13	13	13	13	13	13	13	14	15	15	15	15	16	16	16	16	16	16	16	16	17	17	17	17	17	18	18
XMTI4ODE0MTU0MA==	1031	1063	1894	1903	1917	1932	1940	1948	1957	1959	1962	1971	1981	1989	1993	1997	2002	2003	2004	2008	2010	2010	2012	2015	2017	2019	2021	2023	2024	2030
XMTI4ODE0MzUxMg==	21	22	54	57	59	61	61	64	66	68	69	73	74	76	77	79	81	89	91	93	93	95	97	101	105	106	107	108	108	111
XMTI4ODE0NzMyNA==	10	14	25	27	28	29	31	31	34	37	39	40	40	40	42	43	44	44	46	47	47	47	50	52	53	53	53	53	53	53
XMTI4ODE1MTc3Ng==	3	4	8	8	9	9	9	11	12	12	15	17	20	20	22	23	24	25	25	25	25	27	27	27	28	30	31	31	32	32
XMTI4ODE1NTk3Ng==	31	33	61	65	66	66	66	66	66	67	67	67	67	67	68	68	68	68	68	68	68	68	69	69	69	70	70	70	70	70
XMTI4ODE1NzgyNA==	112	128	187	187	190	190	190	190	190	190	190	190	190	190	190	190	190	190	190	190	190	190	192	192	192	192	192	192	192	193
XMTI4ODE2Mjk1Ng==	1	1	3	3	3	3	3	3	3	3	3	3	3	3	3	3	3	3	3	3	3	3	3	3	3	3	3	3	3	3
XMTI4ODE2NDc0NA==	2	2	3	3	3	3	3	3	3	3	3	3	3	3	3	3	3	3	3	3	3	3	3	3	3	3	3	3	3	3
XMTI4ODE2NzE0OA==	9	10	19	19	21	21	21	21	21	22	22	22	22	22	22	23	24	24	24	24	24	24	24	24	24	25	26	26	26	26
XMTI4ODE2NzQwNA==	2	2	3	3	3	3	3	3	3	3	3	3	3	3	3	3	3	3	3	3	4	4	4	4	4	4	4	4	4	4
XMTI4ODE3MjI0OA==	73	89	152	153	165	166	167	167	168	168	169	169	170	172	172	172	172	172	174	174	174	174	175	175	175	175	175	176	177	178
XMTI4ODE3MzgzNg==	25	32	60	64	67	70	72	73	74	80	81	83	87	89	91	95	98	100	106	110	110	110	112	113	113	116	117	138	140	143
XMTI4ODE3NDY0NA==	12	13	22	22	23	23	23	23	24	24	24	24	24	24	25	25	25	25	25	26	26	26	26	26	26	26	26	26	26	26
XMTI4ODE3NjczMg==	108	126	267	289	303	318	339	352	380	391	411	419	427	452	461	470	474	479	492	499	502	509	529	552	585	602	624	655	674	674
XMTI4ODE3OTczNg==	17	21	35	38	41	43	45	51	51	52	54	56	58	59	60	61	62	63	63	64	65	67	69	69	70	72	73	73	74	79
XMTI4ODE4MzI3Ng==	4	4	7	8	8	9	9	11	11	14	14	17	18	19	21	21	23	25	25	25	25	26	29	31	32	33	35	37	40	40
XMTI4ODE4NDgyNA==	12	16	23	23	23	23	24	25	25	25	25	25	25	29	41	41	41	41	41	41	41	43	43	43	43	43	43	43	43	43
XMTI4ODE4NDk4OA==	3	4	6	6	6	6	6	6	6	6	6	6	6	6	6	6	6	6	9	21	21	21	21	21	21	21	21	22	22	22
XMTI4ODE4NzQ2NA==	3	3	7	7	7	7	7	7	7	7	7	7	7	7	7	7	7	7	7	7	7	7	7	7	7	7	7	7	7	7
XMTI4ODE5MzE2MA==	2	2	3	3	3	3	3	3	3	3	3	3	3	3	3	3	3	3	3	3	3	3	3	3	3	3	3	3	3	3
XMTI4ODE5NTk3Ng==	6	7	11	11	11	11	11	11	11	11	11	11	11	11	11	11	11	11	13	13	13	13	13	13	13	13	13	13	13	13
XMTI4ODEwNDE5Ng==	697	865	1606	1831	2084	2234	2337	2409	2496	2599	2780	2882	2958	3028	3099	3151	3199	3248	3311	3366	3411	3445	3495	3538	3581	3625	3665	3691	3736	3777
XMTI4ODEwOTU3Mg==	501	739	1317	1330	1494	1675	1676	1728	1729	1735	1739	1739	1746	1746	1746	1748	1758	1775	1792	1807	1814	1832	1846	1851	1866	1871	1875	1882	1896	1901
XMTI4ODEwOTUzMg==	30	53	83	84	85	86	86	86	86	86	86	86	86	86	86	86	86	86	86	86	86	86	86	86	86	86	86	87	87	87
XMTI4ODExMzczMg==	5	5	10	10	10	10	10	12	12	12	12	12	12	12	12	12	12	12	12	13	13	13	13	13	13	14	14	14	14	14
XMTI4ODExNzY5Mg==	159	200	313	363	374	379	381	390	390	391	394	396	399	400	404	405	406	406	406	406	406	406	409	409	410	412	413	415	417	417
XMTI4ODExODMyOA==	14	15	23	24	28	28	28	28	28	28	28	28	28	28	28	28	28	28	28	28	28	28	28	28	28	28	28	28	28	28
XMTI4ODEyMDk0MA==	7	9	14	15	16	16	16	16	16	16	18	18	18	18	18	20	21	21	22	22	22	22	22	22	22	22	22	22	22	22
XMTI4ODEyNzQ3Ng==	10	10	14	14	14	14	14	14	14	14	14	14	14	14	14	14	14	14	14	14	14	14	14	14	15	15	15	15	15	15
XMTI4ODEzMDA4MA==	4	4	6	6	6	6	6	6	6	6	6	6	6	6	6	6	6	6	6	6	6	6	6	6	6	6	6	6	6	6
XMTI4ODEzMjY1Ng==	24	37	61	62	63	63	65	68	68	68	68	68	68	70	70	70	70	70	70	70	70	70	70	70	70	70	70	70	70	70
XMTI4ODEzNjAxMg==	6	6	9	9	9	9	9	9	9	9	9	9	9	10	10	10	10	10	10	10	10	10	10	10	10	10	10	10	11	11
XMTI4ODI0Nzk3Ng==	31	37	92	92	94	97	105	112	123	168	195	197	198	201	204	205	206	207	207	207	207	207	208	209	209	209	213	214	214	214
XMTI4ODI1MDMyNA==	109	113	205	209	211	212	215	215	218	218	218	218	218	219	219	219	219	219	219	219	219	219	219	219	219	219	219	219	219	219
XMTI4ODI1Mjk2NA==	1	1	2	2	2	2	2	2	2	2	2	2	2	2	2	2	2	2	2	2	2	2	2	2	2	2	2	2	2	2
XMTI4ODI1Mjk5Mg==	1	1	2	2	2	2	2	2	2	2	2	2	2	2	2	2	2	2	2	2	2	2	2	2	2	2	2	2	2	2
XMTI4ODI1ODY5Ng==	6	6	10	10	10	10	10	10	10	10	10	10	10	10	10	10	10	10	10	10	10	10	10	10	10	10	10	10	10	10
XMTI4ODI1OTgyNA==	8	9	14	14	15	15	15	15	18	18	18	18	18	18	18	18	18	18	18	18	18	18	18	18	18	18	18	18	18	18
XMTI4ODI2Mjg2MA==	3	5	8	8	8	8	8	8	8	8	8	8	8	8	8	8	8	8	8	8	8	8	8	8	8	8	8	8	8	8
XMTI4ODI2MzM1Mg==	49	74	123	129	129	131	132	132	133	133	133	133	134	135	135	135	136	136	136	136	137	137	137	137	137	137	137	137	137	137
XMTI4ODI2NTc2NA==	274	298	774	823	870	900	927	939	952	1010	1019	1027	1036	1053	2943	2949	2959	2965	2973	2977	2981	2984	2992	2998	3003	3008	3013	3015	3020	3027
XMTI4ODI2Njc0MA==	2	2	3	3	3	3	3	3	3	3	3	3	3	3	4	5	5	5	5	5	6	6	6	6	7	7	7	7	8	8
XMTI4ODI3NDg0OA==	28	43	72	75	76	76	76	76	77	77	78	79	80	80	80	80	80	80	80	80	80	80	80	80	80	80	80	80	80	80
XMTI4ODI4MTA3Mg==	291	314	568	576	584	587	591	596	600	604	605	608	608	611	612	614	615	615	615	616	616	617	618	618	623	624	625	628	628	630
XMTI4ODI4ODEyOA==	358	376	578	582	584	587	589	590	591	592	593	593	593	593	593	594	594	594	595	595	595	596	596	596	596	596	596	596	596	596
XMTI4ODI4ODI1Mg==	21	36	65	66	66	66	67	67	67	67	67	67	68	68	68	68	68	68	68	69	69	69	69	69	69	69	69	69	69	69
XMTI4ODI5MTE0OA==	5	5	9	9	11	11	11	11	12	14	15	15	15	15	15	15	17	17	17	17	17	17	17	18	18	18	19	19	21	21
XMTI4ODI5MTU5Ng==	4	5	11	11	12	12	14	16	16	16	16	17	17	19	20	20	21	22	23	23	24	25	26	27	27	27	27	28	30	30
XMTI4ODI5NDcwMA==	37	40	76	88	91	94	94	94	95	95	97	97	99	99	99	102	102	103	103	103	104	104	106	106	106	107	107	107	107	107
XMTI4ODIwNzY0MA==	5	5	8	8	8	9	9	9	9	9	9	9	9	9	9	9	9	9	9	9	9	9	9	9	9	9	9	9	9	9
XMTI4ODIxNDc0NA==	5	6	9	9	9	9	9	9	9	10	10	10	10	10	10	10	10	10	10	10	10	10	10	10	10	10	10	10	10	10
XMTI4ODIyNTQ1Ng==	5	6	11	14	14	14	14	14	14	15	16	19	22	22	22	22	22	22	22	22	22	22	22	22	22	22	22	22	22	22
XMTI4ODIyNjA1Ng==	592	885	1415	1556	1654	1725	1773	1829	1863	1909	1943	1997	2025	2050	2063	2089	2119	2144	2156	2171	2179	2191	2196	2196	2207	2212	2217	2219	2230	2236
XMTI4ODIyNjcyMA==	7	7	12	12	12	14	17	19	19	19	19	19	21	22	24	25	25	26	27	28	28	28	29	34	35	35	35	35	35	35
XMTI4ODIyODY2MA==	4	7	11	11	11	11	11	11	11	11	11	11	11	11	11	11	11	11	11	11	11	11	11	11	11	11	11	11	11	11
XMTI4ODIzMzQ5Mg==	2	2	6	6	6	6	6	6	7	7	7	7	7	7	7	7	7	7	7	7	7	7	7	7	7	7	7	7	7	7
XMTI4ODIzNTU2MA==	4	4	6	6	6	6	6	6	6	6	6	6	6	6	6	6	6	6	6	6	6	6	6	6	6	6	6	6	6	6
XMTI4ODIzODIwNA==	5	6	9	9	9	9	9	9	9	9	10	10	10	10	10	10	10	10	10	10	10	10	10	10	10	10	10	10	10	10
XMTI4ODIzOTE3Mg==	4	5	7	7	7	7	7	7	7	7	7	7	7	7	7	7	7	7	7	7	7	7	7	7	7	7	8	8	8	8
XMTI4ODM0MjQ1Ng==	25	25	36	36	36	36	36	36	36	36	36	36	36	36	36	36	37	37	37	37	37	37	37	37	37	37	37	38	38	38
XMTI4ODM0Mzk4MA==	3	3	5	5	5	5	6	6	6	6	6	6	6	6	6	7	7	7	7	7	7	7	7	7	8	8	8	8	8	8
XMTI4ODM0NjE2MA==	6	7	12	12	12	12	13	13	13	13	13	13	13	13	13	13	13	13	13	13	13	13	13	13	13	13	13	13	13	13
XMTI4ODM0OTYyMA==	19	23	51	52	54	57	57	57	58	58	58	58	58	58	58	62	62	62	62	62	63	66	67	67	67	67	67	67	67	67
XMTI4ODM1MjAyMA==	2	2	4	4	4	4	4	4	4	4	4	4	4	4	4	4	4	4	4	4	4	4	4	4	4	4	4	4	4	4
XMTI4ODM1MzE2MA==	4	4	6	7	7	7	7	7	8	8	8	8	8	8	8	8	8	8	8	8	8	8	8	8	8	8	8	8	8	8
XMTI4ODM1NDkwNA==	3	3	5	5	5	5	5	5	5	6	6	6	6	7	7	7	7	7	7	7	7	7	7	7	7	7	7	7	7	7
XMTI4ODM1NjY4NA==	1	1	2	2	2	2	2	2	2	2	2	2	2	2	2	2	2	2	2	2	2	2	2	2	2	2	2	2	2	2
XMTI4ODM1Njk0MA==	15	19	34	36	37	37	38	39	41	43	43	43	45	45	46	48	51	52	53	53	54	54	55	55	58	58	58	62	63	64
XMTI4ODM2MjM0MA==	14	15	33	33	33	33	33	33	33	33	33	33	33	33	33	33	33	33	33	33	33	33	33	33	33	33	33	35	35	35
XMTI4ODM2MjcyOA==	12	13	23	23	25	26	27	27	27	27	27	27	27	27	27	28	28	28	28	28	28	28	28	28	30	30	30	32	32	32
XMTI4ODM2MzUwOA==	1	1	3	3	3	3	3	3	3	3	3	3	3	3	3	3	3	3	3	3	3	3	3	3	3	3	3	3	3	3
XMTI4ODM2MzY5Ng==	1	1	3	3	3	3	3	3	3	3	3	3	3	3	3	3	3	3	3	3	3	3	3	3	3	3	3	3	3	3
XMTI4ODM2NDI0MA==	6	6	11	11	11	11	11	11	11	11	12	16	16	16	16	16	16	16	16	16	16	16	16	16	16	16	16	16	16	16
XMTI4ODM2NDMyNA==	1	1	3	3	3	3	3	3	3	3	3	3	3	3	3	3	3	3	3	3	3	3	3	3	3	3	3	3	3	3
XMTI4ODM2NTQyOA==	4	4	6	7	7	7	7	7	7	7	7	8	8	8	8	8	8	8	8	9	9	9	9	9	9	9	10	10	10	10
XMTI4ODM2NzUwMA==	5	5	8	8	8	9	10	10	10	10	10	10	10	10	10	10	10	10	10	10	10	10	10	10	10	10	10	10	10	10
XMTI4ODM3MTMxMg==	9	11	17	18	18	18	19	19	19	19	20	20	20	20	20	20	20	20	20	20	20	20	20	20	20	20	20	20	20	20
XMTI4ODM3NDIwMA==	6	6	12	13	13	13	13	13	13	13	13	13	13	13	13	13	13	13	13	13	13	13	13	13	13	13	13	13	13	13
XMTI4ODM3ODQ1Ng==	16	22	33	35	36	36	36	37	37	37	39	39	39	39	39	40	40	40	40	40	40	40	41	42	42	42	42	42	42	42
XMTI4ODM4MDg0OA==	9	14	23	26	29	29	30	32	34	34	34	34	35	36	42	47	48	48	54	57	57	57	57	58	59	61	64	67	68	68
XMTI4ODM4NDEwMA==	5	5	8	8	9	9	9	9	9	9	9	9	9	9	9	9	9	9	9	9	9	9	9	9	9	9	9	9	9	9
XMTI4ODM4NTQwOA==	5	6	11	11	11	12	12	12	12	12	12	12	12	12	12	12	12	12	12	12	12	12	12	12	12	12	12	12	12	12
XMTI4ODM4NjQ2NA==	5	5	7	7	7	7	7	7	7	17	17	18	18	18	18	18	18	18	18	18	18	18	18	19	19	19	19	19	19	19
XMTI4ODM4NjYxNg==	59	68	117	127	142	150	158	166	175	193	201	208	216	222	225	235	240	246	256	261	265	277	282	285	289	293	297	304	310	311
XMTI4ODM5MzI0NA==	1	1	2	2	2	2	2	2	2	2	2	2	2	2	2	2	2	2	2	2	2	2	2	2	2	2	2	2	2	2
XMTI4ODM5Mzc1Mg==	283	291	469	471	473	475	475	476	477	477	478	479	479	479	479	480	480	480	481	481	481	482	483	484	484	484	484	484	484	484
XMTI4ODM5MzkyMA==	3	3	7	7	7	7	7	7	7	7	7	7	7	7	7	7	7	7	7	7	7	7	7	7	7	7	7	7	7	7
XMTI4ODM5NDk0OA==	10	12	27	30	32	33	33	34	34	34	35	36	36	36	36	36	36	36	36	36	42	42	43	43	46	46	46	46	46	47
XMTI4ODM5ODcwOA==	3	3	6	6	6	6	6	6	6	6	7	7	7	7	7	7	7	7	7	7	7	7	7	7	7	7	7	7	7	7
XMTI4ODMwMjA0NA==	2	2	3	3	3	3	3	3	3	3	3	3	3	3	3	3	3	3	3	3	3	4	4	4	4	4	4	4	4	4
XMTI4ODMwMjI3Mg==	1	1	2	2	2	2	2	2	2	2	2	2	2	4	4	4	4	4	4	4	4	4	4	4	4	4	4	4	4	4
XMTI4ODMxNTAwNA==	11	12	18	18	19	19	21	24	25	25	26	28	29	29	29	29	29	29	29	30	31	31	31	31	31	31	31	31	31	31
XMTI4ODMyODczMg==	5	5	12	13	13	13	13	13	13	13	13	13	13	13	13	13	13	13	13	13	13	13	13	13	13	13	13	13	13	13
XMTI4ODMzMDYxMg==	11	11	16	16	16	16	16	16	16	16	16	16	16	16	16	16	16	16	16	16	16	16	16	16	16	16	16	16	16	16
XMTI4ODMzMDg3Mg==	5	5	8	8	8	8	8	8	9	9	9	9	9	9	9	9	9	9	9	9	9	9	9	9	9	9	9	9	9	9
XMTI4ODMzNjM2OA==	189	196	354	357	362	363	363	364	365	365	367	371	374	374	376	377	377	377	377	379	381	515	523	523	524	524	524	525	525	527
XMTI4ODMzOTkzMg==	372	482	825	913	935	949	957	970	977	988	996	1006	1009	1017	1020	1025	1034	1040	1043	1047	1050	1053	1060	1062	1066	1070	1075	1083	1099	1105
XMTI4ODQ1MjE2OA==	27	38	63	68	71	72	74	75	75	76	78	79	80	81	82	82	82	82	82	82	83	83	83	85	86	87	87	87	88	88
XMTI4ODQ1MzYyMA==	10	11	17	21	21	21	21	21	21	21	22	22	24	26	26	26	26	26	26	29	29	29	29	29	29	29	29	29	29	29
XMTI4ODQ1NTEyOA==	26	28	44	44	44	44	44	44	45	45	45	45	46	46	46	48	48	49	49	49	49	51	51	51	51	51	51	51	51	51
XMTI4ODQ1ODU2MA==	34	44	67	68	71	71	71	71	72	72	73	73	73	73	74	75	77	77	77	77	77	77	77	77	78	78	78	78	78	78
XMTI4ODQ1OTUyOA==	14	16	37	38	38	38	38	38	38	38	39	39	41	41	41	41	41	41	41	41	41	41	41	41	41	41	41	41	41	41
XMTI4ODQ2MDkwOA==	5	5	8	8	8	8	8	8	8	8	14	14	14	15	17	21	23	24	24	26	26	28	29	31	33	36	38	43	45	47
XMTI4ODQ2NjM1Mg==	103	128	352	356	357	357	360	360	361	361	361	361	362	363	363	363	363	364	364	364	365	365	366	366	366	366	366	367	367	367
XMTI4ODQ3Nzc2MA==	314	341	511	518	524	536	543	548	552	556	563	566	568	573	580	582	585	588	594	595	597	602	603	604	607	612	612	620	623	625
XMTI4ODQ4MTY0OA==	10	11	19	19	20	21	23	109	109	110	111	111	111	111	111	116	116	119	119	119	123	123	123	125	125	125	125	125	125	125
XMTI4ODQ4NDg1Ng==	2	2	3	3	3	3	3	3	3	3	3	3	3	3	3	3	3	3	3	3	3	3	3	3	3	3	3	3	3	3
XMTI4ODQ4NTMxNg==	4	7	11	11	11	11	11	11	11	11	11	11	11	12	12	12	12	12	12	12	12	12	12	12	12	12	12	12	12	12
XMTI4ODQ4NTg4NA==	190	229	406	502	533	541	547	549	551	667	668	671	672	673	675	676	678	682	684	694	696	698	698	701	705	707	707	708	708	709
XMTI4ODQ4NzI2MA==	226	303	456	461	469	477	479	480	480	483	484	485	487	488	488	488	488	490	490	491	491	492	492	493	493	493	493	493	493	494
XMTI4ODQ4NzYwNA==	144	234	374	384	387	389	395	397	398	398	398	399	401	402	402	403	404	405	405	406	407	408	410	411	411	413	413	413	413	413
XMTI4ODQ4NzgyMA==	7	7	12	14	14	16	16	17	17	17	17	17	17	17	17	17	17	17	17	17	17	17	17	17	17	17	17	17	17	17
XMTI4ODQ5NzEzNg==	1	1	2	2	2	2	2	2	2	2	2	2	2	2	2	2	2	2	2	2	2	2	2	2	2	2	2	2	2	2
XMTI4ODQ5ODkwOA==	6	8	12	12	13	14	14	17	17	17	17	18	20	22	23	27	29	31	33	36	39	39	39	41	43	43	44	44	46	46
XMTI4ODQ5OTE2OA==	3	5	8	8	9	10	10	10	10	10	10	10	10	10	10	10	10	11	11	11	11	11	11	11	11	12	12	13	13	13
XMTI4ODQ5OTQwOA==	2	2	3	3	3	3	3	3	3	3	3	3	3	3	3	3	3	3	3	3	3	3	3	3	3	3	3	3	3	3
XMTI4ODQ5OTQzMg==	116	157	243	264	280	292	300	311	320	332	340	357	361	364	376	381	384	396	401	410	414	416	418	420	424	426	434	435	437	441
XMTI4ODQ5OTY2MA==	175	333	532	542	553	559	568	575	578	579	582	582	587	589	590	590	593	593	595	596	597	599	601	605	608	608	610	612	612	613
XMTI4ODQ5OTg4MA==	184	226	545	608	618	632	638	645	650	655	674	846	851	851	857	859	861	862	863	865	866	867	868	870	874	876	885	889	893	893
XMTI4ODQwODk2NA==	137	258	394	453	455	458	458	461	462	463	463	463	465	467	470	471	472	475	483	488	490	493	496	499	501	504	506	508	510	511
XMTI4ODQxMDc1Ng==	162	176	350	369	524	530	550	560	579	614	636	653	683	697	706	715	722	731	756	808	913	925	940	957	974	983	991	1010	1031	1043
XMTI4ODQxMjAyOA==	2	2	4	4	4	4	4	4	4	4	4	4	4	4	4	4	4	4	4	4	4	4	4	4	4	4	4	4	4	4
XMTI4ODQxMzYwNA==	2	2	4	4	4	5	5	5	5	5	5	5	5	5	5	5	5	5	5	5	5	5	5	5	5	5	5	5	5	5
XMTI4ODQxNzUxMg==	2	2	4	4	4	4	4	4	4	4	4	4	4	4	4	4	4	4	4	5	5	5	5	5	5	5	5	6	6	6
XMTI4ODQxNzkyMA==	3	5	8	8	8	8	8	8	8	8	8	8	8	8	8	8	8	8	8	8	8	8	8	8	8	8	8	8	8	8
XMTI4ODQxODMzNg==	5	5	8	8	8	8	8	8	8	8	8	8	8	8	8	12	12	12	12	12	12	12	12	13	13	13	13	13	13	13
XMTI4ODQyMjA3Ng==	1	1	3	3	3	3	3	3	3	3	3	3	3	3	3	3	3	3	3	3	3	3	3	3	3	3	3	3	3	3
XMTI4ODQyNTI4MA==	2	2	3	3	3	3	3	3	3	3	3	3	3	3	3	3	3	3	3	3	3	4	4	4	4	4	4	4	4	4
XMTI4ODQyODE0NA==	7	9	15	16	17	18	19	20	22	24	27	30	30	35	36	43	45	48	51	53	54	56	59	60	62	77	77	77	79	83
XMTI4ODQzMDEwMA==	62	67	168	173	178	181	185	186	188	190	191	191	191	192	192	192	200	202	202	203	203	204	205	206	206	209	210	210	210	212
XMTI4ODQzNDg1Mg==	11	12	21	21	21	22	22	22	22	22	22	22	22	22	22	22	22	22	22	22	22	22	22	22	22	22	22	22	22	22
XMTI4ODQzNjMzMg==	100	126	225	237	253	262	263	263	263	265	265	266	267	267	267	268	268	268	268	269	270	271	273	274	274	274	274	276	276	276
XMTI4ODQzNjQ2NA==	10	13	26	28	28	28	31	32	33	35	37	38	41	44	46	46	49	50	50	52	59	59	62	64	67	68	68	69	72	73
XMTI4ODU0Mzc3Mg==	10	12	18	18	21	21	21	21	21	22	22	22	22	23	23	24	26	26	26	26	26	26	26	26	26	26	26	26	26	26
XMTI4ODU0ODM5Mg==	22	23	56	56	56	56	56	56	56	56	56	56	56	56	56	56	56	56	56	56	56	56	56	56	56	56	56	56	56	58
XMTI4ODU2MTU0OA==	4	4	7	7	7	7	7	7	7	7	7	7	7	7	7	7	7	7	7	7	7	7	7	7	8	8	8	8	8	8
XMTI4ODU2MTUxMg==	3	4	8	8	8	8	8	8	8	8	8	8	8	8	8	8	8	9	9	9	9	9	9	9	9	9	9	9	9	9
XMTI4ODU2MjkyOA==	63	71	114	114	114	114	114	114	114	114	114	114	134	210	211	211	211	212	213	213	213	213	213	213	213	213	213	213	213	213
XMTI4ODU3ODk4OA==	2	3	5	5	5	6	7	7	7	7	7	7	7	9	9	9	9	9	9	9	10	10	10	10	10	10	10	10	10	10
XMTI4ODU4MjQ2OA==	195	257	416	431	438	444	467	471	479	481	487	487	487	489	490	491	491	491	492	493	494	494	494	513	516	520	525	526	530	534
XMTI4ODU4NTc2NA==	1	1	2	2	2	2	2	2	2	2	2	2	2	2	2	2	2	3	3	3	3	3	3	3	3	3	3	3	4	4
XMTI4ODU4OTg1Mg==	1	1	2	2	2	2	2	2	2	2	2	2	2	2	2	2	2	2	2	2	3	3	3	3	3	3	4	4	5	5
XMTI4ODU5MzAwOA==	2	2	3	3	3	3	3	3	3	3	3	3	3	3	3	3	3	3	3	3	4	4	4	5	5	5	5	5	5	5
XMTI4ODU5NzQ5Ng==	4	4	6	6	6	6	6	6	6	6	6	6	6	6	6	6	6	6	6	6	6	6	6	6	6	6	6	6	6	6
XMTI4ODUwMjQ0NA==	86	127	227	227	229	231	231	231	231	232	232	232	232	232	233	234	234	234	234	235	235	235	235	235	241	241	241	241	241	241
XMTI4ODUwMjcyMA==	115	140	225	233	237	237	237	237	237	238	238	238	238	238	238	238	238	238	238	238	238	239	239	239	239	239	239	239	239	239
XMTI4ODUwMzYyOA==	3	3	5	5	5	6	6	6	6	6	6	7	7	7	7	7	7	7	7	7	7	7	7	7	7	8	8	8	8	8
XMTI4ODUwMzcwOA==	3	4	8	8	8	8	8	8	8	8	8	8	8	8	8	8	8	8	8	8	8	8	8	8	8	8	8	8	8	8
XMTI4ODUwNzE0NA==	34	35	56	56	57	57	58	58	60	60	60	60	60	60	62	64	64	64	64	64	75	81	82	85	85	85	86	91	91	91
XMTI4ODUxODIzNg==	238	276	426	474	503	514	517	526	527	530	536	542	545	552	559	566	574	583	604	645	660	669	681	709	726	731	737	740	743	744
XMTI4ODUyMTcwOA==	2	2	5	5	5	5	5	5	5	5	5	5	5	5	5	5	5	5	5	5	5	5	5	5	5	5	5	5	5	5
XMTI4ODUyNTM3Mg==	9	10	20	21	23	23	23	23	23	23	23	23	23	23	23	23	23	23	23	23	23	23	23	23	23	23	23	23	23	23
XMTI4ODUyNzE0MA==	16	23	45	45	45	46	46	48	48	49	49	49	49	49	49	49	49	49	49	49	50	51	51	51	51	51	51	54	54	55
XMTI4ODUzMzIyOA==	68	85	129	129	131	131	131	131	131	131	131	131	146	229	230	230	230	231	232	232	232	232	232	232	232	232	232	232	232	232
XMTI4ODUzNDM3Ng==	14	17	27	27	27	27	27	27	27	27	27	27	27	27	27	27	27	27	27	27	27	27	27	27	27	27	27	27	27	27
XMTI4ODUzNTg4OA==	73	101	184	187	191	192	192	192	193	194	195	195	195	195	195	195	195	195	198	198	201	241	242	243	244	244	246	248	248	248
XMTI4ODUzNzUwOA==	3	3	5	5	5	5	5	5	5	5	5	5	5	5	5	5	5	5	5	7	7	7	7	7	7	7	7	7	7	7
XMTI4ODUzNzYwOA==	67	95	180	180	181	185	186	186	189	193	194	196	197	222	224	231	235	236	242	244	244	247	250	252	255	255	256	256	256	257
XMTI4ODUzNzk0NA==	4	5	8	10	10	10	10	10	10	10	10	10	10	10	10	10	10	10	10	12	12	12	12	12	12	12	12	12	12	12
XMTI4ODUzODExMg==	11	12	23	24	24	24	24	24	24	24	24	24	24	24	24	24	24	24	24	24	24	24	24	24	24	24	24	24	24	24
XMTI4ODY0MDcwNA==	11	14	21	21	22	23	23	23	23	23	26	26	26	26	26	26	26	26	26	26	26	26	26	26	26	26	26	26	26	26
XMTI4ODY0MTc3Ng==	5	6	10	10	11	11	11	12	12	12	12	13	13	15	15	15	15	15	15	15	15	15	15	15	15	18	18	18	18	18
XMTI4ODY1MTM2NA==	27	30	67	67	67	67	67	67	68	70	70	70	70	70	70	70	70	71	71	72	73	73	73	73	73	73	73	73	73	73
XMTI4ODY1NTg3Mg==	2	2	4	4	4	4	5	5	5	5	5	5	5	5	5	5	5	6	7	7	7	7	7	7	7	7	7	7	7	7
XMTI4ODY2MDIxNg==	408	686	1122	1194	1337	1393	1424	1458	1489	1529	1560	1604	1644	1659	1669	1706	1736	1790	1823	1852	1863	1889	1917	1973	2005	2030	2059	2085	2107	2128
XMTI4ODY5MTk0NA==	29	43	69	72	74	75	76	77	81	81	82	84	84	85	85	87	87	87	87	88	88	91	94	95	96	96	96	98	98	99
XMTI4ODY5NDg4MA==	8	9	13	13	14	14	14	14	14	14	14	14	14	14	14	14	14	14	14	14	14	14	14	14	14	14	14	14	14	14
XMTI4ODYwMTQ2OA==	7	7	13	13	13	13	13	13	13	13	13	13	13	13	13	13	13	14	15	15	15	15	15	15	15	15	15	15	16	17
XMTI4ODYwMzI5Mg==	32	39	90	91	95	97	100	103	105	106	106	107	107	109	109	111	113	114	118	120	121	122	122	122	124	124	125	127	129	129
XMTI4ODYwNzUzNg==	10	15	22	22	22	22	22	22	22	22	22	22	22	22	22	22	22	22	22	22	22	22	22	22	22	22	22	22	22	22
XMTI4ODYwODI2NA==	8	11	17	18	18	18	19	20	20	21	23	24	24	24	25	26	28	28	28	29	31	31	31	34	37	37	37	39	39	41
XMTI4ODYyNzEwNA==	7	12	18	18	18	18	18	18	18	18	18	18	18	18	18	18	18	18	18	18	18	18	18	18	18	18	18	18	18	18
XMTI4ODYyNzg4NA==	49	53	119	119	120	120	120	120	120	120	120	120	120	120	120	120	120	120	120	120	120	120	120	120	120	121	121	121	121	121
XMTI4ODYzMTA4MA==	2	2	3	3	3	3	3	3	3	3	3	3	3	3	3	3	3	3	3	3	3	3	3	3	3	3	3	3	3	3
XMTI4ODYzOTg4OA==	2	2	4	4	4	4	4	4	5	5	6	6	6	6	6	6	6	6	6	6	6	6	6	6	6	6	6	6	6	6
XMTI4ODc0NjgxMg==	5	7	10	10	10	10	10	10	10	11	11	11	11	11	11	11	11	12	14	14	14	14	14	14	14	14	14	14	14	14
XMTI4ODc1NjA1Mg==	33	46	69	69	69	69	71	73	78	78	78	78	78	78	78	78	78	79	79	79	79	81	81	81	81	82	82	82	82	82
XMTI4ODc2Mzc4MA==	50	80	138	138	138	138	138	138	141	141	141	141	141	141	141	141	141	141	141	141	141	141	141	141	141	141	141	141	141	141
XMTI4ODc4MzA4NA==	9	14	23	23	23	25	26	26	26	26	26	26	28	28	28	28	29	29	29	29	29	29	29	29	31	31	31	31	31	31
XMTI4ODc4ODUzMg==	18	22	57	59	60	60	61	61	62	63	63	63	63	64	64	64	64	65	68	70	70	70	70	70	71	73	73	75	75	75
XMTI4ODcwNDA1Mg==	19	23	41	41	45	46	47	49	51	51	52	53	55	57	60	60	63	67	70	71	74	75	76	77	78	79	87	91	94	98
XMTI4ODcyMjQ2NA==	4	4	6	6	6	6	6	6	7	7	7	7	7	7	8	8	8	8	8	8	8	8	8	8	8	8	8	8	8	8
XMTI4ODcyMzMyMA==	166	219	553	556	560	567	569	571	574	575	575	575	575	577	577	577	577	577	577	579	580	580	580	580	580	581	581	582	582	582
XMTI4ODcyOTExNg==	8	8	15	15	15	15	15	15	15	15	15	15	15	15	19	19	19	19	19	19	19	19	19	19	19	19	19	19	19	19
XMTI4ODczNDA1Ng==	10	11	18	19	19	19	19	19	20	20	20	20	20	20	20	20	20	20	20	20	21	21	21	21	21	21	22	22	22	22
XMTI4ODg2MjEyNA==	48	56	138	139	139	139	139	139	139	139	139	139	139	140	140	141	141	141	141	141	141	141	141	141	141	141	141	141	142	144
XMTI4ODg2NDI4OA==	11	17	27	28	28	28	28	28	28	28	28	28	28	28	28	28	28	28	28	28	28	28	28	28	28	28	28	28	28	28
XMTI4ODgxMDQwOA==	5	6	16	16	16	16	16	16	16	16	16	16	16	16	16	16	16	16	16	16	16	16	16	16	16	16	16	16	16	16
XMTI4ODgxMDg2NA==	2	2	3	3	3	3	3	3	3	3	3	3	3	3	3	3	3	3	3	3	3	3	3	3	3	3	3	3	3	3
XMTI4ODgxNTM0NA==	4	4	10	12	14	14	14	15	16	17	18	18	18	18	18	19	20	23	24	27	28	29	29	31	32	34	34	35	36	41
XMTI4ODgxODE4MA==	7	11	20	20	20	20	20	20	21	21	21	21	21	21	21	21	21	21	21	21	21	21	21	21	21	21	22	22	22	22
XMTI4ODgxOTA2OA==	8	9	14	14	16	17	17	17	19	19	19	19	19	21	22	22	22	22	26	26	26	27	29	29	29	29	29	29	29	29
XMTI4ODgyMDMyOA==	3	4	7	7	9	9	9	9	10	10	10	11	11	11	11	12	12	12	12	13	13	13	13	14	14	14	14	14	14	15
