XMTM2MDkzMDQ2OA==	38	12	0	124	38	18	16	14	5	22	14	15	3	1	1	2	0	11	11	46	7	9	24	11	13	16	7	14	2	10	0
XMTM2MTQzNzQ5Ng==	1196	574	118	81713	36	46	52	78	48	214	261	93	24	22	35	33	14	14	17	17	34	45	40	5264	63	4	209	5	195	2	0
XMTM2MTI2MTM4MA==	3	0	4	0	0	1	0	0	0	0	0	0	0	0	0	0	0	0	0	0	0	0	0	0	0	0	0	0	0	0	1
XMTM2MTEwNjA0MA==	106	42	53	1	4	1	2	0	2	1	0	2	0	0	0	1	0	5	0	1	0	0	0	0	0	0	1	0	1	0	0
XMTM2MDg1NjIwMA==	6	4	3	1	0	0	0	0	0	0	0	0	0	0	0	0	0	0	1	0	0	0	0	0	0	0	1	0	2	3	0
XMTM2MTE3MjQ2NA==	27	634	413	87	137	78	54	77	51	76	60	110	44	50	68	7	38	55	23	58	25	50	56	12	1	34	21	36	58	22	0
XMTM2MTIyNTY3Ng==	149	72	80	23	7	3	2	2	1	1	3	2	0	2	1	1	0	1	6	8	1	0	7	1	1	0	1	1	0	4	0
XMTM2MTIwNzA5Ng==	1	0	0	0	0	0	1	0	0	0	0	0	0	1	0	0	1	0	1	0	0	1	0	0	0	0	0	1	0	2	1
XMTM2MTM3MTI0OA==	1	0	0	0	0	1	0	0	0	0	0	0	0	0	0	0	0	0	0	0	0	0	0	0	0	0	0	0	0	0	0
XMTM2MTQ4MjI0OA==	25	7	9	3	0	0	0	0	0	0	0	0	0	0	0	0	0	0	1	0	0	0	0	0	0	0	0	0	0	0	0
XMTM2MTEyMjczMg==	524	170	22	381	6	3535	5526	4847	4266	3697	1903	1263	495	204	236	295	203	206	35	258	40	32	22	10	29	5	33	20	4	14	0
XMTM2MDg1NDUxMg==	137	71	54	12	2	0	3	0	1	0	0	1	1	2	0	0	0	1	1	2	1	1	1	0	0	0	0	0	1	0	0
XMTM2MDk0MTMyMA==	182	86	74	15	16	0	5	7	15	110	21	36	164	21	55	47	42	35	33	341	51	19	3	2	10	6	7	0	2	8	0
XMTM2MDk0NDY4MA==	23	8	8	7	0	2	4	4	4	2	1	1	1	0	0	1	0	0	1	11	0	3	1	1	1	0	0	6	2	0	1
XMTM2MTM1ODk1Ng==	63	40	22	1	4	2	2	8	7	9	11	12	1	3	4	10	2	1	4	48	7	4	18	7	2	14	16	12	5	6	0
XMTM2MTIzOTc0OA==	14	7	6	2	1	0	1	0	0	0	0	1	0	0	0	0	3	0	1	1	0	1	0	0	1	0	0	0	0	1	0
XMTM2MTI3OTI3Mg==	41	61	26	7	0	1	0	3	2	6	2	1	3	2	1	1	0	2	0	11	1	0	1	0	1	0	1	1	2	3	0
XMTM2MTA5OTk2NA==	17	4	77	6	5	2	3	1	1	0	0	0	0	0	0	0	1	1	0	0	0	0	1	0	0	0	0	0	0	0	0
XMTM2MTU4MzkwOA==	13	5	6	0	2	2	0	4	0	0	0	0	0	1	0	0	1	0	0	2	0	0	1	0	0	0	1	0	0	0	0
XMTM2MTMxMTQ4NA==	10	3	6	0	0	0	0	0	0	0	0	0	1	1	0	0	0	0	0	0	0	0	0	0	0	0	0	0	0	0	0
XMTM2MTAwMzU0NA==	3	1	1	0	0	0	0	0	0	0	0	0	0	0	0	0	0	0	0	0	0	0	0	0	0	0	0	1	0	0	1
XMTM2MTUzNjA4MA==	190	989	490	121	1486	127	3	6	13	0	4	2	2	0	1	4	4	14	0	0	1	0	0	6	1	0	1	1	55	4	0
XMTM2MDg5OTU2OA==	3441	7556	2821	2444	16	1	5	20	116	3	1	5	0	8	0	10	7	10	8	1	3	2	11	4	9	287	183	73	117	229	0
XMTM2MTEwODQ4NA==	13	2	2	0	17	1236	1572	1305	1203	846	394	343	251	146	140	121	81	140	266	234	66	14	3	7	0	0	113	5	31	22	1
XMTM2MDgxNzcxMg==	90	31	66	9	5	1	2	6	2	0	0	1	1	2	0	2	0	3	0	18	8	2	0	2	1	1	0	0	0	8	0
XMTM2MTcwMjI4NA==	727	349	1348	20	11	19	12	27	5	10	4	9	0	0	8	23	0	30	17	1	1	2	2	4	3	6	1	5	2	4	0
XMTM2MDk4NjYyOA==	174	54	572	67	2	2	3	0	1	1	0	0	0	1	1	0	5	8	4	1	0	2	0	1	2	0	0	0	14	3	0
XMTM2MTUxNTk2NA==	4	0	1	8	2	2	0	1	1	0	1	1	1	0	2	1	0	7	4	1	0	3	1	1	4	0	0	8	2	3	0
XMTM2MTMxNzI4NA==	7	4	3	0	0	0	0	0	0	0	0	0	1	0	0	0	0	0	0	0	0	0	0	0	0	1	0	1	0	1	1
XMTM2MTE5NTA0OA==	3	13	0	21	9	2	1	0	0	0	0	0	0	0	0	1	0	0	0	0	0	0	0	0	1	0	0	0	0	0	1
XMTM2MTExODY2NA==	3	2	0	0	103504	3263	1822	891	711	810	398	632	428	238	274	244	453	189	152	141	43	43	62	32	29	75	35	69	60	45	1
XMTM2MTE2OTA2OA==	11	3	14	0	0	0	0	0	0	0	0	0	0	0	0	0	0	1	0	0	0	0	0	0	0	2	0	0	0	1	0
XMTM2MTM2NzU2NA==	2	0	3	0	0	0	0	0	0	0	0	0	0	0	0	0	0	0	0	0	0	0	0	0	0	0	0	0	0	0	1
XMTM2MTY4NDY2NA==	7	3	2	0	0	0	0	1	1	0	1	0	0	0	0	0	0	0	1	0	0	0	0	0	0	1	0	0	0	0	1
XMTM2MTEzNTgwNA==	12	7	281	91	42	36	27	17	21	62	9	1	13	8	33	2	23	19	15	177	16	11	0	6	3	3	0	0	2	4	1
XMTM2MTQwMjYyMA==	4	1	1	0	0	0	0	1	0	0	0	1	1	0	2	2	1	0	1	4	0	0	0	1	0	1	0	0	1	1	1
XMTM2MDk4NjQxNg==	61	35	21	2	6	0	4	4	32	15	2	3	9	4	7	10	22	11	2	34	10	2	1	0	1	0	1	2	1	1	0
XMTM2MTY3OTEyNA==	57	20	37	0	0	0	0	0	0	0	0	1	1	0	1	0	0	0	0	0	2	0	1	0	0	1	0	0	5	0	0
XMTM2MTI5NzQ2MA==	7861	2571	11713	247	75	24	239	422	6748	333	285	356	443	273	384	350	357	310	354	225	318	401	426	9199	245	294	264	451	392	423	0
XMTM2MTUwMDIxMg==	11	5	3	0	0	0	1	0	0	0	1	0	0	0	0	2	0	0	1	0	0	0	0	0	0	0	1	0	0	0	0
XMTM2MDk4NzAwMA==	3	2	2	0	0	0	0	0	0	0	0	1	0	0	0	0	1	0	0	0	0	0	1	0	0	0	0	0	0	0	1
XMTM2MTY0MTgwMA==	22	46	25	3	1	0	3	0	0	1	0	0	0	0	1	0	0	0	1	2	0	0	0	0	0	1	0	0	0	0	0
XMTM2MTQwNzQ4MA==	1584	24072	20789	2516	990	687	1430	258	208	506	563	379	154	188	1108	251	206	160	200	201	266	698	550	191	96	117	26	69	88	2531	0
XMTM2MTU4MDMyNA==	7	2	3	0	0	0	0	0	0	0	0	0	0	0	0	0	0	0	0	0	0	1	0	0	0	0	0	0	0	0	0
XMTM2MDkyOTUyOA==	152	59	2	4	167	1120	158	52	21	6	1	1	0	3	0	2	3	0	0	18	0	0	2	1	0	2	0	0	1	0	0
XMTM2MTM0OTczNg==	7437	3892	2476	732	197	381	320	406	382	261	239	192	298	243	270	630	610	542	100	97	142	138	164	104	44	97	62	104	153	95	0
XMTM2MTExNjM2NA==	8	2	0	3	0	31	3	0	1	0	0	0	0	0	0	1	0	0	0	1	0	1	0	0	1	2	0	0	0	0	0
XMTM2MTYxNjU2OA==	352	831	217	45	45	0	3	84	43	56	34	9	0	11	54	9	1	47	11	21	33	50	22	5	2	0	1	8	16	49	0
XMTM2MDgzMTU3Ng==	2	1	1	0	0	0	0	0	0	0	0	0	0	0	0	0	0	0	0	0	0	0	0	0	1	0	1	0	0	0	1
XMTM2MDc2NzU0MA==	374	234	112	35	2	14	8	15	5	18	11	3	3	4	0	0	5	4	26	94	30	21	65	29	13	15	7	23	11	15	0
XMTM2MTIxNTAwNA==	25	9	75	48	6	7	4	6	4	2	2	0	2	0	2	0	2	2	0	7	1	1	2	1	5	1	4	16	16	7	0
XMTM2MTE2MDA4OA==	7	1	0	27	4	1	0	0	0	0	0	0	0	0	3	7	1	0	0	0	0	0	1	1	0	0	0	0	0	0	0
XMTM2MTQ3MDc0MA==	19	14	46	4	4	0	14	0	0	0	0	0	0	0	0	0	0	0	0	0	0	0	0	0	0	0	0	1	0	0	1
XMTM2MTE0ODY1Ng==	378	24385	302300	98150	71949	123	79	57	33	29	37	22	38	38	27	11	11	2	3	44	20	21	11	3	5	7	16	35	31	23	0
XMTM2MTAzNDQ3Ng==	166	113	61	14	13	0	2	21	24	33	7	10	7	0	3	1	12	3	2	104	16	4	14	0	10	3	6	6	11	6	0
XMTM2MTQwNDQwOA==	7	93	0	1	0	0	0	0	0	0	1	0	3	0	0	0	1	0	0	0	0	0	0	0	1	0	0	3	0	0	0
XMTM2MTM3NTM0OA==	367	192	119	49	3	8	74	92	41	218	166	261	426	39	145	131	133	155	171	370	205	559	396	139	76	133	137	221	450	351	0
XMTM2MTMxODY2NA==	18	10	7	1	0	0	0	0	0	0	0	0	0	0	0	2	0	0	0	0	0	0	0	0	0	0	0	1	1	0	0
XMTM2MTAxMDM3Ng==	6	10	6	0	0	1	0	0	0	0	0	0	2	0	1	0	1	0	1	5	0	1	0	2	0	0	0	1	0	0	0
XMTM2MTIzNTI2NA==	38	329	1	1	0	0	0	0	0	0	0	0	0	0	0	0	0	0	0	0	0	0	18	19	10	0	7	5	8	0	0
XMTM2MTYwMDMyMA==	560	3180	661	354	35	95	109	95	71	44	28	39	11	1	2	6	3	3	0	158	74	32	13	7	6	18	7	10	2	10	0
XMTM2MTEwMzY2NA==	1	0	0	1	0	0	0	0	0	0	0	0	0	0	0	0	0	0	0	0	0	0	0	0	0	0	0	0	0	0	1
XMTM2MTEyMjU1Ng==	7	2	0	1430	4	1	0	1	0	0	0	0	0	0	0	0	0	0	0	2	0	8	5	18	18	16	10	10	8	5	1
XMTM2MTYxMzc4NA==	171	1777	327	317	139	450	483	481	182	5	61	53	50	11	77	44	77	120	47	64	64	73	60	35	3	138	47	77	64	42	0
XMTM2MTMxOTcyMA==	143	91	61	9	0	1	0	0	0	1	1	0	0	0	1	0	3	0	1	0	0	0	0	0	0	2	0	20	10	0	0
XMTM2MTA3OTgwMA==	7	3	1503	3	1	127	1	34	59	65	19	41	41	88	63	19	46	51	82	61	67	83	31	34	15	70	51	69	98	75	0
XMTM2MTE0MjU2OA==	8	6	18	1	0	2	0	4	6	3	2	1	4	0	1	0	0	0	8	2	2	3	5	2	2	3	3	2	3	1	0
XMTM2MTAwNjQ3Mg==	149	56	63	527	18	1	9	11	6	6	5	1	0	0	0	7	8	1	0	13	0	4	0	2	1	1	0	3	5	2	0
XMTM2MTI2MzQ5Mg==	107	61	64	6	3	2	2	0	1	1	1	2	0	3	1	2	5	0	2	8	3	2	3	0	0	0	1	0	0	1	0
XMTM2MTA5Mzk4NA==	6	13	8	0	0	0	0	0	0	0	0	0	2	0	9	6	1	1	0	0	1	0	0	0	0	1329	14	5	1	2	0
XMTM2MTAwMzY2NA==	64	34	94	13	1	1	1	1	2	3	0	1	0	2	2	0	2	0	0	14	8	1	5	2	0	1	1	1	2	0	0
XMTM2MDg5NTcwOA==	3	2	0	7	1979	5493	3253	3070	4029	2598	2028	3055	3087	3375	2554	3052	2430	1474	1383	1044	1195	918	1097	784	491	1017	505	705	849	794	1
XMTM2MDg2Nzc4NA==	11	8	0	2	0	95	15	5	4	12	2	0	1	0	1	1	1	1	0	15	1	0	1	1	0	1	0	1	0	0	1
XMTM2MDkwMjc3Mg==	207	109	55	2	3	2	1	3	0	2	0	2	0	0	1	1	0	1	0	1	1	0	0	4	1	0	0	0	6	2	0
XMTM2MDg0MTc5Mg==	2	0	0	549	1676	735	312	143	51	42	21	26	18	13	26	1	19	12	6	23	10	14	8	2	3	7	7	15	10	7	0
XMTM2MDk0MDY1Ng==	3	0	0	1	0	1	14	0	0	0	1	1	0	0	1	0	0	0	0	0	0	0	0	0	0	0	2	0	0	0	0
XMTM2MTIyMTc1Mg==	1540	527067	185584	4808	17274	17903	9017	2788	11521	16021	3356	13	1005	729	12243	6907	1035	1016	918	1280	6660	3461	691	302	432	749	543	3206	31507	14796	0
XMTM2MTMyNDU3Ng==	65	38	19	4	3	1	0	0	1	0	2	0	1	0	2	6	0	4	0	10	2	2	14	5	0	3	0	2	3	2	0
XMTM2MTI3MTk0MA==	6	15	5	2	0	0	0	0	0	0	1	0	0	0	0	0	1	1	0	1	0	0	0	0	0	0	0	0	0	0	0
XMTM2MTI1ODc3Ng==	25	20	7	9	142	201	313	627	402	384	192	222	223	227	388	481	14633	17770	16857	19611	19949	34039	31033	6222	93	755	161	1353	2319	1623	1
XMTM2MDk5NDExNg==	2608	29165	326937	111673	72299	713	475	299	492	403	154	200	226	174	206	173	142	193	189	120	139	212	307	190	110	186	120	169	154	165	0
XMTM2MTU1NDQyOA==	107	628	172	70	1	11	7	20	11	16	6	1	2	11	1	0	1	2	1	41	2	2	0	0	1	2	0	1	0	0	0
XMTM2MTMzNzY4OA==	40	14	11	3	2	3	0	0	1	0	1	0	1	0	0	2	2	0	0	2	1	0	0	2	0	1	0	0	0	0	0
XMTM2MTA4MTAwNA==	18	12	79	11	4	1	1	2	0	1	0	0	0	1	1	0	4	0	1	3	1	1	0	4	0	0	0	0	1	0	0
XMTM2MTQ5ODk5Mg==	67	269	168	101	2	2	17	2	0	1	0	1	0	3	0	0	0	0	0	0	1	0	0	3	3	1	9	2	0	0	0
XMTM2MTI5MjA2MA==	492	362	159	17	27	27	3	5	5	0	10	10	4	2	4	6	13	7	34	9	9	2	5	1	1	5	1	8	1	1	0
XMTM2MTM0MDcwMA==	4	12	5	0	0	1	0	3	0	0	3	1	2	0	0	1	0	3	0	1	1	0	0	2	1	0	1	1	1	0	0
XMTM2MDg3NDMxMg==	1162	895	430	24	7	8	0	2	6	1	2	1	5	1	6	0	16	1	4	1	1	0	0	6	3	32	12	104	65	2	0
XMTM2MTMyNDQ1Mg==	5	3	2	0	0	0	1	1	0	0	0	0	0	1	0	0	0	0	0	0	0	0	0	0	0	1	0	0	0	0	1
XMTM2MTU4MjAyOA==	1948	2444	893	232	56	8	46	8	44	7	18	30	4	3	1	20	26	13	5	91	5	8	7	4	6	3	6	10	7	11	0
XMTM2MTY5MjYzNg==	2	1	1	0	0	0	0	0	0	0	0	0	0	0	0	0	0	0	0	0	0	0	0	0	0	0	0	0	1	0	1
XMTM2MTI4OTg5Ng==	2	0	3	0	0	0	2	0	0	1	0	1	0	1	0	0	1	1	3	1	2	0	0	1	0	1	0	1	2	0	1
XMTM2MTU0OTQ0OA==	8	16	2	0	0	54	2	0	0	0	1	0	1	0	0	0	0	0	0	1	0	1	0	0	0	2	0	0	4	1	1
XMTM2MDk5NDI4NA==	6	1	18	52	5	10	5	4	3	1	2	7	7	6	3	6	1	12	0	40	4	2	0	1	0	1	3	1	1	12	0
XMTM2MTYwMDAwOA==	2	2	3	0	0	0	0	1	0	0	1	1	0	0	0	0	3	0	0	2	0	1	0	0	0	0	0	0	0	0	1
XMTM2MTU4NjQ4MA==	1122	3813	875	682	135	725	876	1107	190	134	12	7	42	84	74	40	71	68	80	57	55	48	64	54	37	55	31	45	42	45	1
XMTM2MDczMjY5Ng==	30	16	11	0	3	5	4	2	1	1	0	1	0	0	1	3	0	1	0	0	0	1	0	0	0	1	0	2	2	1	0
XMTM2MTMwODE5Mg==	4	1	0	0	0	7	2	96	0	0	0	1	0	0	8	9	101	3	5	5	2	56275	29891	23672	56472	1	0	25496	1	1	1
XMTM2MTM3MjU5Ng==	2892	2445	654	458	6904	461	126	108	166	2	140	8	25	100	107	109	80	101	140	169	126	117	76	76	49	117	185	108	64	161	0
XMTM2MDc0NDQ3Mg==	978	570	131	117	7625	4823	106	48	31	65	58	56	79	68	62	53	58	51	10	63	14	10	11	13	6	0	15	6	17	7	0
XMTM2MDk5MDAyNA==	233	97	45	2067	1077	210	5487	9023	6729	3819	810	186	138	1580	2491	3404	1294	319	173	187	1209	2852	3212	1576	184	433	196	488	1651	1344	0
XMTM2MTI5OTAwMA==	89	8	14	3	2	0	780	310	56	15	0	1	6	1	3	4	7	8	1	29	1	0	2	2	12	2	0	2	2	3	0
XMTM2MDk1MTk4OA==	3	10	4	0	0	0	0	0	0	1	0	0	0	1	0	0	2	0	0	4	1	0	1	0	0	8	0	1	0	0	0
XMTM2MDg3ODIzNg==	863	460	257	26	54	5	44	70	32	24	10	17	6	20	15	0	21	10	1	2	2	0	4	2	1	0	5	16	65	15	0
XMTM2MTYzNDEzMg==	14	6	42	24	0	0	1	1	1	5	0	1	0	0	1	0	0	2	0	1	0	0	0	0	0	2	0	0	0	0	0
XMTM2MTUzMTEzMg==	6	27	7	4	0	2	6	9	15	3	0	2	2	0	3	8	0	0	3	7	5	3	2	1	1	2	2	0	4	10	1
XMTM2MTIwODE2MA==	6	2	2	0	0	1	0	0	0	0	0	0	0	0	0	0	1	0	0	0	0	0	5	0	0	0	0	0	0	0	1
XMTM2MTI4MzMwMA==	5	12	6	3	0	0	2	3	1	20	20	33	5	41	56	19	61	34	37	278	144	297	360	112	60	110	102	92	194	161	1
XMTM2MDkzMjY0MA==	29	11	309	149	92	45	63	33	38	92	80	54	72	48	58	46	47	89	66	52	106	48	83	74	76	111	30	100	64	78	0
XMTM2MTI0MjIzMg==	32	15	12	8	2	2	2	1	2	3	3	1	0	1	3	0	2	3	1	9	2	1	2	0	0	1	5	2	3	1	0
XMTM2MTcwNTA2OA==	6	1	2	2	0	0	10	4	1	0	0	0	0	1	0	0	0	0	0	1	0	0	0	1	0	0	0	0	0	0	0
XMTM2MTA1OTkzMg==	114	36	35	17	2	0	1	0	0	2	1	1	0	10	1	0	5	1	0	5	1	1	0	1	0	0	2	0	0	0	0
XMTM2MTUxNzA2MA==	2	2	0	3	0	0	0	0	0	0	1	2	0	1	2	83	7	0	0	3	2	0	0	0	0	0	1	0	0	0	1
XMTM2MTE3NTA0OA==	1	0	0	3	0	0	0	0	1	0	0	0	0	0	0	0	0	1	2	1	0	1	0	0	0	1	0	0	0	1	1
XMTM2MDgyMzAzNg==	26	10	9	1	0	4	0	0	3	3	1	0	1	0	1	0	1	1	0	9	3	1	1	0	0	0	1	0	2	0	0
XMTM2MTE2OTA1Ng==	1	0	0	1	0	0	0	0	0	0	0	0	0	0	0	0	0	0	0	0	3	0	0	2	0	0	0	0	0	0	1
XMTM2MTEwNDYwOA==	20	81	19	27	14	10	0	0	0	0	0	0	0	0	0	0	0	1	0	0	0	0	0	0	0	0	12	3	2	1	0
XMTM2MTE0MDA2OA==	99	45	12	249	62	33	19	10	10	7	9	0	1	1	2	2	4	2	2	28	1	5	1	4	1	1	0	7	1	3	0
XMTM2MDg4ODUxNg==	13	1	38	4	2	0	1	0	1	0	0	0	0	1	0	0	0	1	0	2	0	0	0	0	0	0	0	0	0	0	0
XMTM2MTQ1Mzc5Ng==	13	8	4	0	0	0	0	0	0	0	0	0	0	0	0	1	0	0	0	0	0	0	0	0	0	0	1	28	28	21	0
XMTM2MDk2NjM2MA==	502	17052	26	18	9	10	14	10	23	10	0	9	2	6	0	37	6	1	1	1	2	2	2	2	2	5	2428	476	1732	14	0
XMTM2MDg4MTM0OA==	4218	2530	1522	619	185	43	285	328	248	235	211	249	277	217	215	250	267	337	294	438	199	125	136	130	111	197	268	296	145	85	0
XMTM2MTMwMzA0MA==	4	2	1	0	0	6	19	1	1	0	34	0	29883	428	451	65	1	2	1	1	0	0	1	6	101013	120	611	3	159	0	0
XMTM2MDk5Mjg1Mg==	57	26	16	4	1	1	4	0	0	1	2	2	0	0	1	1	1	0	0	11	0	2	0	0	0	0	1	0	0	1	0
XMTM2MTE3NTU1Mg==	3	1	1	0	0	0	0	0	0	0	0	0	0	0	0	0	0	0	0	0	1	0	0	0	1	0	0	0	1	0	1
XMTM2MDk2NzM4NA==	285	12246	972	45	11	26	13	4	8	10	16	19	18	6	7	10	6	36	32	29	14	21	20	2	5	7	3	10	1	7	0
XMTM2MDgzOTQwOA==	9	1	12	0	0	0	0	0	0	0	0	0	0	0	0	0	0	0	0	0	0	0	0	0	0	0	1	0	1	0	0
XMTM2MTQ0MDM2MA==	2	1	6	0	0	0	0	0	0	0	0	0	0	0	0	0	0	0	0	0	0	0	0	0	1	0	0	9	0	0	0
XMTM2MTQ5OTU0NA==	39	162	111	24	3	0	10	3	57	4	1	0	1	0	20	10	18	2	1	2	0	0	0	0	0	0	0	0	0	0	0
XMTM2MTE1ODg0OA==	17	20	64	32	1	0	1	2	0	0	0	0	0	0	0	0	5	0	0	0	0	0	0	0	0	0	0	0	0	0	0
XMTM2MTI1NzUxMg==	14	6	0	23	1	1	0	3	1	1	0	0	1	0	1	1	1	0	0	7	1	1	0	1	1	0	0	1	2	1	1
XMTM2MTA2MjA0NA==	4	1	1	0	0	0	0	0	1	2	1	0	0	1	0	0	1	2	0	5	3	0	1	0	0	0	0	1	0	0	1
XMTM2MTA2MTY4NA==	33	12	9	4	0	1	0	2	1	2	1	3	1	1	1	1	0	0	0	10	0	4	2	1	0	0	2	2	0	2	0
XMTM2MTQyMTcwOA==	13	4	4	5	0	0	0	0	0	0	0	0	1	0	1	0	0	1	1	2	1	0	0	0	0	1	0	0	0	0	0
XMTM2MDk4MzMzMg==	66	21	5	86	7	1	0	1	0	1	0	0	3	1	0	1	1	0	0	6	0	0	0	0	0	0	0	1	0	0	0
XMTM2MDc0ODI3Mg==	89	47	32	16	6	1	2	1	5	9	4	0	4	0	1	0	4	2	0	21	0	0	1	2	0	1	6	2	1	1	0
XMTM2MTIyMjEwOA==	527	21996	4105	2149	41	6589	13196	2978	2168	954	574	543	350	253	295	301	293	302	107	195	164	173	176	104	60	139	106	139	100	107	0
XMTM2MTUyNzk2NA==	66	371	75	15	22	0	5	6	4	1	0	0	1	1	0	0	2	0	0	1	1	1	0	0	0	1	0	0	0	0	0
XMTM2MTI0MjE0OA==	1315	759	41	89	1948	5750	1480	307	46	65	173	126	215	143	128	97	39	68	59	69	99	212	337	183	27	105	105	91	142	48	0
XMTM2MTQzMTg4MA==	7957	10909	36797	51160	5348	3175	1046	2858	913	1046	864	1661	2201	1198	1302	1113	1889	4152	3629	1377	4649	2404	4430	4495	3408	5708	1675	5984	2372	4567	0
XMTM2MTM0ODE2NA==	8	5	3	2	0	0	0	0	0	0	0	0	0	0	0	0	0	0	0	0	0	0	0	0	0	0	0	0	1	0	0
XMTM2MTU0OTM4OA==	42	23	197	748	107	44	64	405	512	209	7	39	73	111	290	54	343	185	2	485	23	2	16	16	4	20	10	9	16	3	0
XMTM2MTY1Nzk5Mg==	1	0	1	0	0	0	0	0	0	0	0	0	0	0	0	0	0	1	0	0	0	0	0	0	0	0	0	1	0	0	1
XMTM2MDg0MDQxMg==	37	102	34	16	3	3	1	2	0	7	0	0	0	0	4	0	4	0	3	2	1	0	0	0	0	1	1	0	0	0	0
XMTM2MTMzMDExNg==	193	133	33	31	11	28823	55475	60411	58390	78943	57753	62434	61965	82111	70531	66407	75634	70118	5451	127985	73263	78616	63752	19669	5263	34315	874	123861	102374	326218	1
XMTM2MDk0MDIyMA==	89	30	47	16	5	1	5	1	0	3	2	0	4	4	1	0	3	1	0	21	3	1	2	110	21	18	1	6	6	6	0
XMTM2MTMxMDQyMA==	25	10	10	1	0	0	36	22	1	0	0	0	0	0	0	1	0	0	0	0	0	0	1	0	0	0	0	0	0	0	1
XMTM2MDkxNzU4NA==	42	18	14	4	2	0	6	3	10	6	2	0	0	4	0	2	2	1	0	9	1	1	0	1	0	3	0	1	1	1	0
XMTM2MDc0MDk3Ng==	73	41	21	3	4	2	2	1	1	3	2	0	0	0	0	0	1	0	1	11	1	1	5	2	4	4	1	0	1	1	0
XMTM2MTYzMTgyMA==	2698	10795	90920	19479	1132	121	74	46	62	71	147	63	36	38	39	1	26	31	20	60	88	51	16	3	4	33	6	6	423	19	0
XMTM2MTQzNzgwOA==	1489	712	116	310	15	37	2393	721	352	407	337	291	606	546	522	472	826	8	1	6	8	1	1	0	7	14	7	14	6	11	0
XMTM2MDgxMzE3Ng==	110	234	36	19	2	684	455	55	20	14	14	15	6	8	6	9	10	3	1	24	3	18	13	4	4	10	1	2	10	9	0
XMTM2MTYxMTA3Ng==	7	67	14	0	0	0	0	0	0	0	0	0	0	3	0	0	0	0	0	0	0	0	0	0	0	0	1	0	0	3	0
XMTM2MTQ3NzM1Mg==	159	41	1	1	0	171	16	0	0	0	0	1	0	0	0	0	0	1	0	0	2	1	0	4	1	1	1	1	5	1	0
XMTM2MDk5OTEwNA==	131	3374	2381	394	48	154	59	49	46	40	27	8	14	4	1	14	0	17	0	113	19	21	8	10	1	5	7	29	13	14	0
XMTM2MDk4NjgzNg==	1634	1634	821	799	8067	2400	380	190	128	189	166	130	177	178	143	138	98	51	45	34	36	38	14	13	17	26	25	34	27	17	0
XMTM2MTI3NjA5Ng==	4	9	15	4	0	0	0	0	0	0	0	0	0	0	0	0	0	0	0	0	0	0	0	0	0	0	0	0	0	0	0
XMTM2MDkwOTQ4NA==	33	17	10	5	2	0	1	1	0	0	0	1	0	0	0	0	2	0	0	2	0	0	0	0	0	1	0	0	0	0	0
XMTM2MTIxOTA1Mg==	17	4	25	6	1	0	0	0	0	0	0	0	0	1	1	0	0	0	1	2	0	1	0	0	0	0	0	2	0	0	0
XMTM2MTExNzk5Ng==	4	2	3	0	0	0	0	0	0	0	0	0	1	0	0	0	0	0	0	0	0	0	0	0	0	0	0	1	0	0	1
XMTM2MTExMzcwMA==	491	2654	422	583	59	358	387	517	438	193	58	57	55	43	114	56	21	54	26	80	41	56	32	5	7	9	14	49	23	51	0
XMTM2MDk1ODc0MA==	28	19	10	2	1	0	1	1	1	2	2	0	0	2	0	1	0	3	0	6	2	0	4	2	0	2	1	4	1	1	0
XMTM2MTM5NTM0MA==	123	56	7607	2977	130	474	551	257	223	97	37	77	65	98	128	160	279	534	144	63	22	166	208	49	13	81	69	106	277	230	0
XMTM2MDk4MzYyMA==	18	7	28	68	13	8	2	5	3	1	1	3	8	2	2	1	0	3	0	28	1	3	1	1	2	2	3	3	5	2	0
XMTM2MDg3MTE1Mg==	9	5	1	1	25	1	0	1	1	0	0	1	0	0	0	1	0	1	0	1	0	0	0	0	0	1	0	0	1	0	0
XMTM2MTQxNzU1Ng==	2615	4975	1755	86	42	117	145	59	38	138	29	14	22	34	27	7	24	31	30	30	41	15	10	29	13	18	28	16	36	423	0
XMTM2MTAxMzUxMg==	17	11	3	15	795	1991	1109	220	138	178	173	116	1	60	2	12	7	3	9	614	65	44	99	48	16	124	77	93	52	38	0
XMTM2MTQ0NjcwMA==	9	3	3	0	1	1	0	2	1	0	0	0	0	0	0	1	0	0	0	0	2	0	0	0	0	0	1	0	1	0	0
XMTM2MTIyOTYxMg==	19	17	1	18	1187	4643	1471	479	217	395	162	161	201	228	174	269	198	89	67	382	74	153	151	74	39	99	110	130	90	99	0
XMTM2MTI2MDkxMg==	100	1190	261	0	16	43	7	15	1	15	12	11	6	27	7	2	2	12	12	98	12	1	4	11	1	52	40	13	25	15	0
XMTM2MDkxMTA2OA==	1968	1254	66	133	9	4410	11730	5856	1098	1364	617	671	908	664	469	575	370	387	259	220	243	205	268	40	59	95	70	211	140	156	1
XMTM2MDkwMTY5Ng==	1049	476	373	246	39	170	92	26	16	2	9	2	8	39	22	18	2	9	44	16	22	10	2	3	1	3	1	1	2	73	0
XMTM2MTQ4MDkzNg==	3	1	1	0	0	0	0	0	0	0	0	1	0	0	0	0	0	0	0	0	0	0	0	0	0	1	0	0	0	0	1
XMTM2MTYxNTYyOA==	57	395	9	5	15	2	3	0	1	6	4	0	2	4	0	5	1	1	5	10	1	1	0	1	0	1	1	2	7	14	0
XMTM2MTUwMjQwNA==	6084	42272	10556	1081	663	316	937	111	268	371	668	1037	1039	579	246	121	168	122	88	136	114	120	150	118	61	135	116	118	112	103	0
XMTM2MTU5NDQ3Mg==	96	44271	7037	2	75	71	64	41	62	47	50	42	76	38	48	19	17	17	15	11	38	8	63	13	2156	563	27	106	868	371	0
XMTM2MTEwMjcxMg==	3	1	0	50	4	3	4	38	5	1	1	4	2	2	1	4	5	14	7	36	3	0	9	3	4	9	1	1	8	5	0
XMTM2MTQ3MTc5Ng==	25	256	15	0	0	0	0	0	0	0	0	0	0	0	0	2	1	0	2	0	1	0	0	0	0	0	0	0	0	0	0
XMTM2MTQ0NjcxNg==	47	27	16	3	4	2	0	2	1	2	4	0	1	0	0	1	0	1	0	18	2	1	0	1	0	0	0	1	0	4	0
XMTM1ODU0MjI2MA==	10	4	4	0	0	0	0	3	0	1	0	13	19	36	5	0	2	12	70	148	39	19	4	16	1	100	37	56	1	3	0
XMTM2MTUzNDg3Ng==	6	54	1	0	0	0	0	0	0	0	0	0	0	0	0	0	0	0	0	0	1	1	15	3	1	2	0	0	1	0	0
XMTM2MTYwOTMzMg==	368	879	310	187	11	126	131	163	57	48	11	40	11	23	40	5	18	27	17	56	29	24	26	13	14	3	13	13	13	14	0
XMTM2MTI3MDA1Ng==	3	1	1	1	0	0	0	0	0	0	0	0	0	0	0	0	0	0	0	0	0	0	0	0	0	0	0	0	0	0	1
XMTM2MTEzNzc1Mg==	7	6	341	95	70	40	33	23	19	87	13	0	22	7	39	1	28	24	18	247	19	14	0	9	5	0	0	1	3	5	1
XMTM2MTUwODg2MA==	172	971	342	178	136	154	89	77	46	65	17	47	46	12	15	24	51	16	12	3	11	11	15	14	44	18	12	16	4	9	0
XMTM2MTM2Mjg5Ng==	60	28	17	2	2	2	0	8	13	4	2	1	1	0	2	3	3	1	0	15	0	2	1	1	3	0	1	4	4	3	0
XMTM2MDk0NzEzNg==	502	371	656	10804	1877	836	408	24	25	13	12	1	16	1	22	2	1	3	68	4	8	5	2	1	3	1	2	11	19	55	0
XMTM2MDYxOTAyMA==	13	14	6	0	53	81	18	34	9	3	0	0	0	0	0	2	0	0	0	3	0	0	0	0	0	1	0	0	0	0	1
XMTM2MDk2NTMyNA==	5	1	0	1	0	0	8	4	2	0	0	0	0	1	0	0	0	0	0	0	0	0	0	0	1	0	0	0	0	0	1
XMTM2MDY5ODY4OA==	13	4	5	0	1	0	1	0	1	0	0	1	0	0	1	0	1	0	0	1	0	0	0	0	0	0	0	5	0	1	0
XMTM2MDc1MTkwOA==	7372	25711	13975	5006	285	2785	2841	3418	3308	1804	990	1947	1712	1466	1409	1028	646	253	121	170	265	961	819	185	222	512	195	1110	335	318	0
XMTM2MTIzNjM3Ng==	4	11	39	11	1	1	0	0	0	0	0	0	0	0	0	0	0	0	0	0	0	0	0	0	0	0	0	0	0	0	0
XMTM2MTQ2MDM2NA==	21	11	7	0	1	0	0	6	8	0	2	0	1	0	0	0	1	0	0	10	1	2	2	1	1	4	1	3	6	0	0
XMTM2MTIxNjY2OA==	4	2	3	41451	0	0	0	0	0	0	0	0	0	0	0	0	0	0	0	0	0	0	2	3434	0	0	803	0	12	2	0
XMTM2MTE0ODYwNA==	4	1	12	2	0	0	0	0	0	0	0	0	0	0	0	0	0	0	0	0	0	0	0	0	0	0	0	0	1	0	0
XMTM2MTQ4MTk0NA==	3720	6646	2118	873	128	102	301	299	69	937	236	146	140	149	59	57	40	65	103	53	41	52	69	34	55	42	34	180	479	175	0
XMTM2MTczNzc3Ng==	2	17	11	5	2	0	0	2	0	0	0	0	0	0	0	1	0	0	0	0	0	0	0	0	0	0	0	0	0	1	0
XMTM2MDk3MzA2OA==	230	122	78	51	3	2	29	10	26	7	10	1	2	5	2	3	1	3	2	31	3	0	7	1	0	9	5	4	0	5	0
XMTM2MTYxNjkyNA==	3	1	2	0	0	0	0	0	0	0	0	0	0	1	0	0	0	1	0	0	0	0	0	0	0	2	0	0	0	0	1
XMTM2MTQ5NDM0NA==	1358	2231	718	306	62	25	121	167	90	94	84	105	39	87	59	26	83	87	62	289	58	83	58	39	8	60	20	44	54	39	0
XMTM2MDcyMzQ3Ng==	1	0	1	0	0	0	0	0	0	0	0	0	0	0	0	0	0	0	0	0	0	0	0	0	0	0	0	0	0	0	0
XMTM2MTE4NjE2NA==	69	58	684	406	206	104	47	51	39	39	16	21	3	2	11	11	7	8	0	74	5	5	3	1	7	3	4	2	9	3	1
XMTM2MDgxNDcwNA==	97	36	24	14	0	146	404	89	34	22	12	31	5	2	71	32	267	9	40	69	18	73	80	24	19	35	26	72	82	52	0
XMTM2MTE4OTcxNg==	6	35	1	1	5	1	1	0	0	0	0	0	0	0	0	0	0	0	0	0	0	0	0	0	0	0	0	0	0	0	0
XMTM2MDk1NzM0MA==	5	19	3	8	0	5	1	2	3	5	1	1	3	0	2	2	1	3	0	14	5	0	0	0	0	7	1	1	0	1	0
XMTM2MDg5NDg5Ng==	31	11	0	263	11	6	0	460	24	16	1	2	0	0	1	0	0	1	3	19	16	7	3	2	1	0	1	0	1	1	0
XMTM2MDc3OTU5Mg==	45	10	0	1296	325	14	11	8	6	4	8	4	1	1	2	3	6	2	1	32	2	0	0	1	3	0	2	2	5	1	0
XMTM2MTAzMjQ2OA==	21	5	7	0	0	0	1	0	0	1	0	1	0	0	0	0	0	1	0	5	0	0	0	9	1	2	0	0	0	0	0
XMTM2MTE0OTk4NA==	3	50	5	0	0	0	0	0	1	0	0	0	4	1	0	2	2	0	0	0	1	1	0	0	0	0	0	0	10	0	0
XMTM2MTQ5MjE4MA==	3	1	1	0	0	0	1	1	1	0	0	0	0	1	0	0	0	0	0	1	0	0	0	0	0	0	0	0	1	0	1
XMTM2MDIyODA0OA==	8	2	0	0	35	7	7	3	18	0	1	1	2	0	0	0	0	2	1	13	8	0	2	1	0	0	0	0	1	3	1
XMTM2MTQ4Njg2OA==	252	1968	39	41	26	42	33	25	27	30	40	4	36	37	30	47	28	5	9	13	36	29	38	19	49	39	15	29	24	29	0
XMTM2MTM5MTI5Ng==	27	6	2	4	0	0	30	6	0	7	8	0	1	1	1	0	0	0	0	21	3	0	2	1	0	6	0	2	3	0	0
XMTM2MTMyMzU0OA==	4	1	0	732	324	52	39	39	12	50	1	6	10	0	0	6	7	12	0	150	12	2	19	21	3	26	10	17	31	5	1
XMTM2MDg4NzAwMA==	1	2	1	0	0	0	0	0	0	0	0	0	0	0	0	0	0	0	0	0	0	0	0	0	0	0	0	0	0	0	1
XMTM2MDc5OTc3Ng==	50	25	18	0	0	0	0	0	0	0	0	0	1	0	0	0	0	0	0	0	0	0	0	0	0	0	0	3	6	0	0
XMTM2MDcxMzYwNA==	67	24	1	2	0	31	155	127	67	70	5	8	15	2	6	19	38	23	14	67	7	1	6	3	2	25	5	4	5	3	1
XMTM2MTI2NTA3Mg==	19	17	2	0	14	34	93	185	129	43	84	43	59	0	49	128	118	324	309	632	537	1040	1325	389	128	243	273	241	367	295	1
XMTM2MDg2Nzc5Mg==	107	32	72	3	1	2	2	0	0	1	0	0	1	0	2	0	0	1	0	0	0	0	0	2	0	0	0	0	1	0	0
XMTM2MTI4MDMyMA==	3	1	1	0	0	0	0	0	0	0	0	0	0	0	0	0	0	0	0	0	0	0	0	0	0	0	0	1	0	0	1
XMTM2MDk1Njk0NA==	3	0	0	1	39	5	1	3	0	4	2	2	1	2	0	1	0	0	1	8	3	0	1	0	2	3	0	1	0	0	0
XMTM2MTY1Nzg2NA==	15	7	5	3	1	1	1	2	2	4	1	0	0	0	2	0	1	0	1	10	2	0	1	2	1	0	1	0	2	2	0
XMTM2MTEzNjYwMA==	8	5	295	95	68	42	28	24	34	85	2	6	22	9	25	7	28	20	15	248	11	18	4	4	2	7	2	0	2	0	1
XMTM2MDc2MTk3Ng==	11	5	5	0	0	0	0	0	0	0	0	0	0	0	0	0	0	0	0	0	0	0	0	0	0	0	0	0	3	1	0
XMTM2MTI3NDI0NA==	16	17	36	3	1	0	2	3	13	38	38	37	43	47	81	62	13	129	46	241	169	346	468	278	45	230	215	3	162	146	1
XMTM2MTA4NDE4MA==	35	9	15	0	0	0	0	0	0	1	0	0	1	0	0	0	1	0	1	0	0	0	0	0	0	0	0	0	1	0	0
XMTM2MTM4NDY5Mg==	583	206	245	72	17	11	13	7	3	3	1	4	3	1	0	0	1	22	4	9	0	1	1	4	0	0	0	6	2	4	0
XMTM2MDk0NjQ5Ng==	1190	523	360	140	2	86	108	159	77	33	34	44	393	1100	91	60	581	278	55	270	48	95	117	88	32	43	10	29	41	41	0
XMTM2MTI1MjIyMA==	24	9	9	1	1	0	6	4	7	2	3	0	2	0	1	9	3	3	0	7	1	0	0	0	11	25	0	11	6	0	0
XMTM2MTczMTYwMA==	5	4	12	6	0	0	0	1	2	0	0	0	0	1	0	2	0	0	0	2	0	0	0	0	0	0	1	0	0	0	0
XMTM2MTA5MDY4MA==	66	24	0	0	4	0	107	1	0	1	0	0	0	6	1	1	1	1	0	0	0	1	0	1	0	0	0	1	2	2	0
XMTM2MDk4NTc0MA==	34	8	10	1	0	1	0	0	0	0	0	0	0	0	0	0	0	0	0	0	0	0	0	0	0	0	0	2	2	0	0
XMTM2MTcwMTE0OA==	2	0	0	3	1	0	0	0	0	0	0	0	0	0	0	1	0	0	0	0	0	0	0	0	0	0	2	2	0	0	1
XMTM2MTIxMDAzNg==	1	0	0	1	0	0	0	0	0	0	0	0	0	0	1	0	1	0	0	0	0	0	0	0	0	0	0	0	0	0	1
XMTM2MTA2Mzk4MA==	77	49	281	41	14	51	10	5	17	3	1	1	1	0	14	10	11	8	0	13	1	0	0	0	2	11	0	1	0	0	0
XMTM2MTI2MDU3Mg==	17	13	3	2	36	51	150	216	221	103	57	87	82	94	111	144	706	1168	1160	796	2059	2837	2909	765	191	351	400	329	749	482	1
XMTM2MTExNjY2NA==	7	3	0	1	10	0	0	1	0	0	0	0	0	0	0	0	0	0	0	0	0	0	0	1	0	0	0	0	5	0	0
XMTM2MDgzODgzMg==	1513	482	32	223	2016	90	25	49	63	38	0	5	40	10	9	0	5	12	17	127	15	14	40	8	5	31	2	18	20	35	0
XMTM2MDgzNjQxMg==	153	251	78	0	0	0	0	0	0	0	0	0	0	0	0	0	1	0	1	0	0	2	2	0	1	2	0	1	18	3	0
XMTM2MTE5MjEzNg==	5	48	18	2	0	0	0	0	2	0	0	0	1	0	0	0	0	0	0	3	7	0	0	0	0	0	0	0	0	0	0
XMTM2MDc0OTk1Mg==	591	166	16	22	1437	1002	109	39	18	39	15	15	8	9	29	9	12	3	6	58	24	6	19	3	9	1	8	11	5	14	0
XMTM2MTU2ODcxMg==	867	969	626	307	27136	14639	133	185	4	291	99	54	72	4	91	41	65	64	99	74	17	57	30	32	16	11	369	17	5793	112	1
XMTM2MDczODM2MA==	529	442	184	9	12	14	2	2	1	5	5	4	1	5	2	2	2	18	1	4	0	5	3	2	1	1	2	2	34	6	0
XMTM2MTI5ODM0MA==	6	4	83	8	0	1	0	0	0	0	0	0	0	0	1	1	1	0	0	0	0	1	0	0	0	0	0	0	5	1	0
XMTM2MTQ5MzM4OA==	4421	3826	8814	11150	4410	3259	55227	287	258	167	288	275	265	397	165	29	334	225	238	282	1872	371	130	564	764	560	331	396	305	49	0
XMTM2MTUxMzc4OA==	2	1	1	0	0	0	0	0	0	0	0	0	0	0	0	0	0	0	0	0	0	1	0	0	0	0	0	0	0	0	1
XMTM2MTExNjgwOA==	5	2	3	0	0	0	0	2	0	0	0	0	0	0	0	1	0	0	0	0	0	0	0	0	0	0	0	0	0	0	1
XMTM2MDk1NDM2OA==	2	2	6	0	0	0	0	0	0	0	0	0	0	1	0	0	0	0	0	1	0	0	0	0	0	1	0	0	0	1	1
XMTM2MDgzOTE2OA==	4	1	10	1	1	0	1	0	0	0	0	0	1	0	0	0	0	0	0	1	3	3	1	1	0	3	0	5	0	0	0
XMTM2MTA3MzAyMA==	14	4	5	0	0	0	0	0	0	0	0	0	0	0	0	0	0	0	0	0	0	0	0	0	0	0	0	3	2	0	0
XMTM2MTUyMjYyOA==	10	3	1	0	14	97	7	2	0	1	1	0	0	0	0	0	0	1	0	2	1	1	0	0	0	1	0	0	0	0	0
XMTM2MDgzMzY5Mg==	8	119	2	0	0	0	1	0	0	0	0	0	0	0	0	0	0	0	0	1	0	0	0	0	0	1	29	0	0	0	0
XMTM1ODU1NTIwOA==	13	10	19	0	0	0	0	0	0	0	0	1	0	0	0	0	0	0	0	0	1	0	0	0	0	0	0	1	0	0	0
XMTM2MTM1NTcyNA==	4	75	18951	54	31	53	80	50	47	81	39	82	36	24	29	33	48	3280	37	7	63	3	488	107	58	1	8304	226	129	104	0
XMTM2MDk0MTM2NA==	60	36	38	0	4	2	0	1	3	2	0	1	0	0	1	0	1	1	0	7	0	0	2	0	1	3	1	2	0	0	0
XMTM2MTI4MDc4MA==	24	10	7	5	0	0	2	0	3	0	1	1	0	0	5	2	1	2	3	0	1	0	0	1	0	1	0	0	0	0	0
XMTM2MTM3MjUxNg==	71	33	7	7	0	13	355	360	325	329	115	146	149	137	112	111	71	86	116	85	105	96	106	31	8	33	87	91	148	91	1
XMTM2MTMwMTk5Ng==	7	1	3	0	2	0	20	2	0	0	1	0	0	1	0	1	0	0	0	37	15	1	0	0	1	0	0	0	0	0	1
XMTM2MTEzNzIyOA==	10	6	488	151	94	58	48	27	38	132	95	8	4	26	10	62	8	52	5	262	2	29	5	2	4	3	2	5	0	2	1
XMTM2MDk5Nzk3Mg==	6	2	6	4	7	5	35	49	4	43	25	9	5	0	35	35	36	65	54	188	97	3	93	14	4	0	19	23	25	33	0
XMTM2MTYwMDc2NA==	3	2	2	0	22	1	1	0	1	0	0	0	0	0	0	1	0	0	0	1	0	1	0	0	0	0	2	0	0	0	0
XMTM2MTEyODg5Ng==	9	3	3	0	0	0	0	1	0	0	0	0	0	1	0	1	0	1	0	1	1	0	0	2	23	3	1	1	1	3	0
XMTM2MTI4MjEwOA==	613	3366	766	886	443	936	511	194	324	616	587	327	85	2	17	1	13	21	4	23	23	3	16	7	5	9	6	1	13	33	0
XMTM2MTE2NDkxMg==	9	5	67	0	0	0	1	0	2	0	0	0	2	1	0	0	2	0	0	2	0	0	0	0	0	1	2	0	0	0	0
XMTM2MTMyODY0MA==	9	20026	1	1	1	0	0	0	0	0	0	1	1	0	0	0	0	0	0	0	0	0	0	1	0	0	100	4	3	0	0
XMTM2MDk2ODQ5Mg==	23	8	6	2	0	0	0	0	0	1	0	0	0	0	0	0	0	1	0	0	0	0	0	0	0	0	0	0	0	0	0
XMTM2MTIzOTk0OA==	78	26	32	1	0	0	0	0	0	0	0	0	1	0	0	0	0	0	0	0	1	0	2	0	1	0	0	0	10	0	0
XMTM2MDk3MDY5Mg==	11	5	4	2	1	0	0	3	3	0	2	1	0	3	1	1	1	1	0	6	2	7	3	1	1	1	0	0	0	1	0
XMTM2MTI4NDU4NA==	2	1	10	1	0	0	1	0	0	1	2	1	0	0	1	16	1	0	1	1	2	1	30	0	0	11	3	1	3	0	1
XMTM2MTIwNzkxMg==	8	14	4	0	1	0	0	0	1	1	0	0	1	1	2	0	2	1	0	3	0	1	0	0	0	0	4	1	0	0	0
XMTM2MTMwNzY0OA==	16	8	5	3	0	0	1	0	2	0	1	1	1	0	0	0	1	1	0	2	0	0	1	0	0	0	0	1	1	0	0
XMTM2MTYwMTI4OA==	149	901	107	94	23	67	117	106	3	1	1	1	0	3	2	1	7	31	1	2	2	7	2	0	2	3	4	58	5	13	0
XMTM2MTUzODcyOA==	7	26	46	3	1	0	1	0	0	0	0	0	1	0	0	0	0	0	0	1	0	0	0	0	0	0	0	0	0	0	0
XMTM2MTMzNDM3Mg==	23	13	8	0	0	0	1	0	0	0	0	0	0	1	0	0	2	0	1	0	1	0	1	0	0	0	0	0	1	0	0
XMTM2MDY4OTU4OA==	2	1	0	4	0	0	0	0	0	0	0	0	0	0	0	0	0	0	0	0	0	0	1	0	0	0	0	0	0	0	1
XMTM2MDc2NDE5Ng==	215	496	134	28	5	13	23	20	57	18	12	8	2	1	22	4	11	5	1	75	9	1	5	3	6	7	3	3	7	3	0
XMTM2MDc5MjExNg==	2983	1266	1021	508	80	116	111	377	724	777	987	1356	1078	774	713	784	870	751	617	595	531	629	1336	979	599	1055	576	1101	353	362	0
XMTM2MTU3OTc3Ng==	78	19	2	547	1659	553	402	185	99	65	82	33	53	21	10	27	22	5	6	97	9	19	0	14	2	6	0	28	14	13	0
XMTM2MDk0ODk5Mg==	14	5	4	0	1	3	0	1	1	0	0	0	2	1	0	0	0	1	4	7	1	0	1	0	0	1	1	1	1	0	0
XMTM2MTQ5MzE4MA==	4	4	13	0	0	1	0	0	0	0	0	0	0	0	0	1	0	0	0	0	0	0	1	0	0	0	0	0	0	0	0
XMTM2MTU1ODY3Mg==	8	36	17	3	1	0	2	0	0	0	1	3	3	0	0	1	4	0	0	2	0	0	2	0	0	4	1	0	0	0	0
XMTM2MTA3ODM5Ng==	29	11	24	0	0	1	0	1	1	0	1	1	0	0	0	1	3	0	0	1690	11	0	2	7	0	3	1	0	0	2	0
XMTM2MTYwMDM4OA==	3	3	7	1	1	182	184	29	32	6	6	3	4	2	1	3	1	3	0	47	2	4	2	0	1	2	1	1	1	8	1
XMTM2MTYzMDQ0MA==	29	37	112	41	4	0	0	1	3	2	1	3	5	0	11	3	13	9	3	8	0	0	1	0	0	2	1	0	0	0	0
XMTM2MDkzNTkzMg==	534	128	59	20	8	13	10545	43	8	76	82	12	1	15	26	18	29	2	8	3	21	23	1098	158	215	785	428	10	117	27	0
XMTM2MTIzNjMzMg==	6	3	2	0	2	0	0	0	0	0	0	0	0	0	0	1	0	0	0	1	0	0	1	0	1	0	0	0	1	0	0
XMTM2MTExODc2NA==	6	4	4	0	0	0	0	0	0	0	1	0	1	0	1	0	0	0	0	0	0	0	0	0	0	0	0	1	0	0	0
XMTM2MTQ3ODA4MA==	4	19	10	3	0	0	0	1	0	0	0	0	0	0	0	0	1	0	0	1	0	0	0	0	0	1	1	0	0	0	0
XMTM2MTA3OTAwOA==	11	1	4	7	22	2	2	0	0	1	0	0	0	1	0	1	0	1	0	1	0	0	2	4	1	1	0	0	3	0	0
XMTM2MDc3MTkwOA==	423	120	2986	16	1	3	6	5	2	0	1	1	0	2	0	0	5	9	4	1	0	0	2	0	0	0	2	0	1	0	0
XMTM2MTUwMjYzMg==	17	308	32	0	0	1	2	0	2	1	1	0	0	1	0	0	5	1	0	3	0	3	0	4	1	0	0	0	1	0	0
XMTM2MTQ2OTM5Ng==	141	56	10	3	6	3	616	289	104	59	62	57	55	11	7	17	11	17	1	7	4	0	0	1	4	0	1	1	4	1	0
XMTM2MTM3ODY2MA==	62	28	24	13	0	2	1	1	2	4	1	2	0	3	1	2	1	0	0	21	1	0	1	3	2	1	0	2	0	1	0
XMTM2MDcxOTcwOA==	83	28	32	3	2	2	1	1	0	1	3	0	1	2	2	2	0	3	0	1	0	0	1	0	0	5	0	1	1	2	0
XMTM2MTEzMTk1Mg==	34	22	13	3	0	2	5	4	5	2	3	1	1	1	0	0	1	0	1	5	1	0	1	0	0	1	0	2	5	0	0
XMTM2MDg1NjgyNA==	11	2	2	0	16	2	1	0	0	0	0	1	0	1	0	2	0	0	1	1	1	0	0	0	0	0	0	0	0	0	0
XMTM2MDc1MTU1Ng==	93	45	37	1	12	0	1	22	13	7	2	4	5	1	3	9	1	6	1	34	7	2	2	4	2	1	2	8	4	3	0
XMTM2MTUwNTEyOA==	5	1	7	0	1	0	0	3	0	0	0	0	0	0	0	0	0	0	0	0	0	0	0	0	0	0	0	0	0	0	0
XMTM2MDgzNDA3Mg==	91	198	57	1	1	0	4	2	5	0	3	0	2	1	0	0	0	1	1	9	1	0	0	0	0	0	0	2	0	0	0
XMTM2MTI3ODk4OA==	4	1	0	5	0	0	0	0	0	0	0	0	0	0	0	0	0	0	0	0	0	0	0	0	0	0	0	0	0	0	0
XMTM2MTAxNTQ3Ng==	34	2	7	0	1	0	37	1	7	1	0	0	1	0	0	0	1	0	2	0	0	0	0	1	0	0	0	0	0	0	0
XMTM2MDk3NzU0NA==	2188	45513	14551	855	1185	111	55	702	2677	830	1631	340	254	17	166	129	2258	425	174	73	2083	308	1876	165	23	24	29	114	887	1055	0
XMTM2MDcyMjgxNg==	575	212	164	15	19	16	21	12	5	1	0	0	2	5	1	1	4	11	12	8	13	6	0	4	0	0	3	2	1	0	0
XMTM2MTMxMDUyNA==	1	0	0	0	0	1	0	0	0	0	0	0	0	0	0	0	0	0	0	0	0	0	0	0	0	0	0	0	0	0	1
XMTM2MDg3MzY5Ng==	1	0	1	0	0	0	0	0	0	0	0	0	0	0	0	0	0	0	59	39	6	0	1	1	1	1	1	0	0	1	0
XMTM2MTE1NzgwMA==	4	1	1	0	0	0	0	0	0	0	0	0	0	0	0	0	0	1	0	0	0	0	0	0	0	0	1	0	0	0	1
XMTM2MTMzNDQwNA==	87	26	26	0	1	3	0	0	1	3	1	2	1	2	1	0	1	3	0	15	1	1	3	1	0	6	1	1	3	3	0
XMTM2MDg5NTU0NA==	1208	629	364	115	67	21	58	125	70	76	85	73	72	73	6	27	78	68	54	117	40	44	64	46	35	62	31	69	24	32	0
XMTM2MTM4NTk2MA==	3	27	6	3	1	0	0	0	0	0	0	1	0	0	0	0	0	0	0	0	0	0	0	0	0	1	0	0	0	0	0
XMTM2MTA1OTMzNg==	109	31	32	4	0	1	1	0	0	2	0	0	1	4	4	1	0	2	0	0	0	1	0	0	1	0	0	0	0	0	0
XMTM2MTQ2ODA5Ng==	608	289	10615	6375	20	5912	227	155	151	109	65	76	62	23	36	30	26	17	12	8	10	8	13	4	4	7	3	9	14	6	0
XMTM2MDg0OTQxNg==	20	128	4	3	2	0	1	1	0	1	0	0	0	0	1	2	0	0	1	1	0	2	0	0	0	0	2	0	1	0	0
XMTM2MDkyODI0OA==	11	2	26	3	8	6	4	7	4	2	0	1	0	0	3	2	0	0	0	12	0	2	1	1	1	5	2	0	1	9	1
XMTM2MTA5NjA3Mg==	2	0	7	0	0	1	0	0	0	0	0	0	0	0	0	0	0	0	0	0	0	0	0	0	0	0	0	0	1	0	1
XMTM2MTI0NTg3Ng==	41	13	20	6	2	0	0	4	3	4	1	1	1	1	1	0	1	0	0	10	1	0	0	0	1	4	0	1	1	0	0
XMTM2MDk3MzkyNA==	32	7	51	9	0	8	4	2	6	31	175	5024	3	1	2199	3	0	0	251	2383	12	124	1	0	0	1976	1	0	3	27918	0
XMTM2MDk5NzM4MA==	56	20	119	49	1	2	3	3	0	0	1	4	0	1	3	0	1	3	0	2	0	0	1	0	0	10	0	1	0	0	0
XMTM2MTMwNTU2MA==	2554	1932	796	35760	17794	2674	597	802	935	1183	2146	1252	3315	598	297	214	265	222	175	265	207	316	610	131	257	289	892	254	29	293	0
XMTM2MTQyMzA1Mg==	102	62	36	3	4	3	1	8	0	4	5	0	2	0	1	3	0	3	0	10	2	0	1	1	0	1	2	0	0	3	0
XMTM2MDg4NTU4NA==	1	0	1	0	0	0	0	0	0	0	0	0	0	0	0	0	0	0	0	0	0	0	0	0	0	0	0	0	0	0	1
XMTM2MTM3MDM4NA==	135	900	385	200	5	132	130	137	63	180	109	510	177	280	117	134	84	20	31	60	90	46	38	20	66	105	61	91	93	94	0
XMTM2MDk0MjQxMg==	5	3	441	313	55	18	14	8	8	4	8	1	0	8	7	117	19	12	1	25	6	0	1	4	1	4	5	7	0	4	0
XMTM2MTA2ODM5Ng==	8	4	89	10	1	0	1	0	2	1	1	0	0	0	0	0	1	0	0	1	0	0	0	0	0	1	1	2	0	0	0
XMTM2MTQyMTI0OA==	91	204	67	5	8	2	1	0	1	0	0	0	1	0	0	0	2	1	0	0	0	0	0	1	0	0	0	4	4	52	0
XMTM2MDkyMDYyOA==	38696	14493	4194	1544	96	138644	1019201	9472	8169	5448	2820	2776	2618	2119	1478	1543	1092	1009	967	889	866	713	808	510	311	628	373	701	599	493	0
XMTM2MDg0MzExNg==	3	0	126	119	1881	3	40	13	32	31	41	33	9	28	71	67	35	57	36	81	41	44	65	28	58	4	30	21	197	73	0
XMTM2MTI1MjIwMA==	12	3	30	1	7267	30295	56	2	1	0	2	0	2	0	7	40	3	0	0	1	0	1	1	103353	7	4	1039	8	1	1	0
XMTM2MDg5MDExMg==	2	0	0	0	0	3	17	0	1	0	0	2	1	0	3	2	2	1	0	3	0	0	0	0	0	0	0	2	1	0	1
XMTI4NDg5NzMzNg==	24	1546	6	2	7	3	1	0	3	6	245	1	0	1	6	1	1	0	0	0	2	1	2	1	2	0	1	0	3	0	0
XMTI4NzA2MDg5Ng==	1899	763	754	216	184	113	100	120	88	76	56	80	60	68	65	69	58	51	71	54	58	56	65	46	48	40	45	82	47	38	0
XMTI4NzQyMTczNg==	37	16	14	84	3	4	4	4	10	4	1	1	3	1	1	5	7	7	3	0	0	5	3	3	11	5	6	4	2	4	0
XMTI4NzUyOTE2OA==	9	1	43	0	0	1	0	0	0	0	0	0	0	0	1	17	0	0	0	0	1	2	1	0	0	0	0	0	0	0	0
XMTI4NzY1ODI1Mg==	722	254	234	131	18	10	16	10	3	11	7	8	6	4	2	7	3	3	1	171	3	1	3	4	4	2	3	3	4	5	0
XMTI4NzY3MzYxNg==	43	9	2932	0	0	0	0	0	0	0	3	0	0	0	0	0	0	0	0	0	0	0	0	0	0	0	0	0	0	0	0
XMTI4Nzc1ODM0OA==	20	3	180	1	0	1	0	0	0	0	2	1	1	0	0	1	0	0	0	0	1	1	0	0	0	1	0	0	0	3	0
XMTI4Nzc5ODgxMg==	1229	14073	17	8	10	5	16	1139	5	6	2	1	5	5	11	1	1	5	7	5	3	2	2	0	1	3	2	0	1	0	0
XMTI4NzcyNzkyOA==	2	0	3	1	0	1	0	0	1	0	0	0	0	0	0	0	0	0	0	2	0	0	0	0	0	0	0	0	0	0	0
XMTI4Nzg2MDg5Mg==	9	5	84	3	5	2	1	1	0	0	0	0	0	0	0	0	0	0	0	0	1	0	0	0	0	0	0	0	0	0	0
XMTI4Nzg2NTUyMA==	33	11	10	0	1	1	1	0	5	0	1	0	1	3	0	0	1	11	0	2	0	0	0	0	0	4	1	1	1	1	0
XMTI4NzgyOTUyOA==	12	3	1	1	8	4	27	3	0	0	0	0	1	0	0	0	0	0	0	0	0	0	0	0	0	0	0	0	0	0	0
XMTI4Nzk0Nzk0OA==	2	1	1	0	0	0	0	0	0	0	0	2	0	0	0	0	0	0	0	0	0	0	0	0	0	0	0	0	0	0	1
XMTI4Nzk1NjU0MA==	90	26	23	5	0	2	4	2	3	3	4	6	1	4	0	7	2	3	7	4	1	1	2	2	3	0	5	1	0	2	0
XMTI4Nzk1NzE2OA==	6	0	1	5	12	1	0	0	0	0	1	0	1	2	0	0	0	0	0	0	0	0	0	0	0	0	0	1	0	0	0
XMTI4Nzk3NzgzNg==	35	9	11	3	1	0	0	0	0	0	1	0	0	0	0	0	0	0	0	0	0	0	0	0	0	2	0	0	0	0	0
XMTI4Nzk4MDcyMA==	17	11	32	1	2	2	1	2	1	2	1	1	0	0	0	3	1	0	0	0	0	2	0	0	3	0	0	1	1	0	0
XMTI4Nzk5MDAwOA==	59	66	275	48	25	8	15	2	8	4	1	2	2	5	0	3	4	4	4	6	1	7	1	6	1	0	0	2	4	0	0
XMTI4Nzk5MjgwOA==	3894	1457	1197	520	464	240	256	191	182	166	147	130	109	126	121	90	74	103	96	93	158	148	196	159	86	90	82	127	93	81	0
XMTI4Nzk5NTg3Mg==	446	199	149	67	46	65	39	24	12	18	16	15	23	14	25	26	43	28	22	38	37	34	37	46	32	27	34	29	26	20	0
XMTI4Nzk5OTEzNg==	3	0	0	1	3	0	0	0	0	0	0	0	0	1	0	0	0	0	0	0	0	0	0	0	0	0	0	0	0	0	1
XMTI4NzkyMTk4OA==	16	0	2	41	1	0	6	1	2	0	1	1	0	0	0	0	0	0	1	0	1	0	0	0	0	0	0	0	0	0	0
XMTI4NzkzODI0OA==	18	4	0	1	275	0	1	0	1	8	1	0	0	0	0	1	0	0	0	0	0	0	2	0	0	1	0	0	0	0	0
XMTI4ODA0MjA1Mg==	13	2	202	744	34	17	18	15	13	10	3	5	5	6	5	4	3	3	1	4	4	1	0	1	1	0	4	0	0	2	0
XMTI4ODA0MjcyOA==	6	2	8	0	0	0	0	2	0	1	0	0	0	0	2	0	2	0	0	1	0	0	0	1	0	0	0	0	0	0	0
XMTI4ODA0NTMyNA==	4	2	7	0	1	1	0	1	0	0	0	0	0	0	0	0	0	0	0	0	0	0	0	0	0	0	1	0	0	0	0
XMTI4ODA0OTMyOA==	8	2	2	1	0	0	0	1	0	1	0	1	0	0	1	0	0	0	0	0	0	2	0	0	1	0	0	0	0	0	0
XMTI4ODA1MTAzNg==	1238	23859	67	66	65	61	39	53	44	48	24	23	28	40	40	47	38	21	42	33	18	24	24	26	20	38	27	17	28	12	0
XMTI4ODA1MTYxNg==	2	0	1	7	0	0	1	0	0	0	0	0	0	0	0	0	0	0	0	0	0	1	0	0	0	0	0	0	0	0	0
XMTI4ODA1MjIxMg==	15	9	1053	3	6	7	0	0	1	1	0	0	1	0	1	2	0	0	0	1	1	1	0	2	1	0	2	1	1	1	0
XMTI4ODA1OTU5Mg==	11	3	4	1	1	0	0	0	0	0	0	0	0	0	0	0	0	0	0	0	0	0	0	0	0	0	0	0	0	0	1
XMTI4ODA2MDQ0MA==	11	5	4	1	0	0	0	0	0	1	0	1	0	0	7	0	0	0	0	0	0	0	0	2	0	0	0	0	1	0	0
XMTI4ODA2NTEyNA==	36	4	9	129	1	2	0	2	0	2	0	1	0	3	1	0	0	0	0	0	3	0	0	2	0	0	0	1	1	2	0
XMTI4ODA2ODU2OA==	188	1385	47	29	35	27	32	18	21	15	26	236	35	24	32	18	9	9	10	12	17	16	16	16	19	14	12	2	5	7	0
XMTI4ODA3MjE5Mg==	8760	3252	3631	62	1026	1112	1364	1018	693	698	706	600	712	736	731	1002	1018	1112	1142	1239	2095	1601	1476	1235	879	871	1025	943	1002	1015	0
XMTI4ODA3Njc0OA==	76	27	41	9	5	3	3	1	3	4	0	3	0	0	2	1	4	3	1	3	0	1	1	3	2	1	0	1	1	0	0
XMTI4ODA3OTg5Mg==	15	2	99	0	0	0	0	0	0	0	0	0	1	0	0	0	0	0	0	0	0	1	0	0	0	0	0	0	0	0	0
XMTI4ODA4MzQzMg==	3	0	4	0	0	0	1	0	0	0	0	0	0	0	0	0	0	0	0	0	0	0	0	0	0	0	0	0	1	0	1
XMTI4ODA5MjI5Ng==	32	5	113	2	9	9	0	1	0	0	2	70	1	0	0	0	0	0	6	1	0	1	1	2	1	0	1	0	0	0	0
XMTI4ODA5MjQ4MA==	56	5	2	2	206	0	2	2	0	2	0	1	0	0	0	0	0	0	0	0	0	0	0	0	0	0	0	0	0	0	0
XMTI4ODA5MjcyMA==	5	2	3	0	0	0	0	0	0	0	1	2	0	0	0	0	0	0	0	0	0	0	0	0	0	0	0	0	1	0	1
XMTI4ODA5NTE3Ng==	6	2	2	15	0	0	0	0	1	0	0	0	0	0	0	0	1	1	0	0	0	0	1	0	0	0	0	0	1	0	0
XMTI4ODAxMDc4MA==	29	5	76	4	28	2	2	4	4	4	6	2	9	1	5	3	13	9	3	7	113	6	33	6	4	17	9	4	2	2	0
XMTI4ODAxMTIxMg==	1	0	0	0	0	1	0	0	0	0	0	0	0	0	0	0	0	0	0	0	0	0	0	0	0	0	0	0	0	0	0
XMTI4ODAxMzM5Ng==	13476	4813	608	483	3518	22668	3543	646	1684	283	633	6216	326	337	347	464	344	288	273	193	224	204	175	193	138	174	168	204	138	138	0
XMTI4ODAxOTkwNA==	45	4	59	1	0	0	1	0	1	0	0	0	0	0	0	0	0	0	0	5	0	0	0	1	0	0	0	0	0	0	0
XMTI4ODAyMjI0OA==	565	270	183	37	32	12	26	10	17	10	9	11	9	5	15	15	5	6	2	4	8	6	13	7	7	5	2	2	5	4	0
XMTI4ODAyNDc0NA==	50	2237	24	15	13	9	14	391	20	10	7	4	0	5	2	8	3	9	1	3	4	7	2	2	2	4	0	0	4	3	0
XMTI4ODAyODU2NA==	7	5	1	0	0	17	39	0	1	1	0	1	0	0	1	3	0	1	1	0	0	2	0	3	0	0	0	1	0	0	1
XMTI4ODAyOTU5Mg==	1	0	0	1	0	0	0	0	0	0	0	0	0	0	0	1	0	0	0	0	0	0	0	0	0	0	0	2	1	0	0
XMTI4ODAyOTg1Mg==	9664	2620	2659	221	1138	695	501	365	311	275	186	175	0	45	14	45	38	35	40	26	19	106	95	50	86	67	48	74	47	30	0
XMTI4ODAzMjM0NA==	19	0	0	5	168	2	0	0	5	0	0	0	2	1	0	0	0	0	0	0	3	0	0	0	0	0	4	0	0	0	0
XMTI4ODAzMjg2NA==	225	78	66	14	19	7	10	9	9	4	3	2	4	6	3	1	1	2	3	2	3	1	3	1	0	1	0	0	1	3	0
XMTI4ODAzMjkzMg==	1	0	0	0	1	0	0	0	0	0	0	0	0	0	0	0	0	0	0	0	0	0	0	0	0	0	0	0	0	0	0
XMTI4ODAzNTE0OA==	106	48	28	19	363	13	15	26	33	46	101	76	44	30	17	23	27	20	9	71	14	17	9	11	3	3	5	9	4	3	0
XMTI4ODAzNTQwOA==	129	48	319	10	7	18	7	4	8	2	1	6	6	1	2	5	3	1	3	4	3	2	8	7	75	8	6	18	5	1	0
XMTI4ODAzODc5Mg==	112	29	407	115	674	158	63	53	36	48	28	34	45	28	35	30	25	50	43	29	49	26	22	24	27	26	266	21	24	18	0
XMTI4ODAzOTc2MA==	446	14962	15	10	25	9	7	7	7	5	6	2	3	5	3	12	3	11	3	3	3	0	4	8	4	3	6	0	2	3	0
XMTI4ODE0NTk2OA==	27	7	7	0	3	2	0	0	0	5	0	2	3	8	20	7	1	0	1	1	1	0	0	1	3	1	2	0	0	1	0
XMTI4ODE0NjI4MA==	21	7	11	1	2	2	0	2	0	1	0	0	0	0	0	5	0	0	0	0	0	0	0	0	0	0	0	1	0	0	0
XMTI4ODE1MDYxNg==	35	16	12	6	4	2	3	5	6	3	12	4	4	3	3	4	9	11	9	5	8	7	8	14	1	2	3	3	5	7	0
XMTI4ODE1MTc3Ng==	3	1	4	0	1	0	0	2	1	0	3	2	3	0	2	1	1	1	0	0	0	2	0	0	1	2	1	0	1	0	0
XMTI4ODE1MzMzNg==	268	309	825	146	39	7	11	39	18	22	13	8	3	1	4	8	22	13	8	5	6	12	2	5	3	4	8	2	6	4	0
XMTI4ODE1NTg0NA==	1485	440	652	96	53	43	31	28	19	10	15	16	12	14	7	11	8	8	6	5	16	14	3	10	7	3	1	3	9	5	0
XMTI4ODE1NzY3Mg==	3	0	1	1	6	0	0	0	0	0	0	0	0	0	0	0	0	0	0	0	0	0	1	0	0	0	0	0	0	0	0
XMTI4ODE1OTM0MA==	8	1	281	9	14	3	3	3	0	0	0	1	0	0	1	0	0	1	3	1	1	4	0	0	0	0	3	0	0	0	0
XMTI4ODE2MDAzNg==	99	38	33	19	18	15	7	13	18	3	17	16	8	13	15	20	10	10	12	12	12	10	20	1	10	14	13	7	6	9	0
XMTI4ODE2MDQ5Mg==	39	498	2512	45	66	29	28	5	9	7	7	3	2	5	6	1	2	2	0	1	2	3	1	0	0	1	1	1	1	0	0
XMTI4ODE2NzA1Mg==	4	1	1	0	2	1	12	0	0	0	0	0	0	0	0	0	0	0	0	0	0	0	0	0	1	0	0	0	5	0	0
XMTI4ODE2Nzg0MA==	97	43	27	13	4	2	0	0	0	8	0	0	0	3	2	5	1	1	0	0	6	1	3	0	1	1	3	2	3	1	0
XMTI4ODE3MjI1Ng==	346	19	16	1	388	9	5	2	1	2	1	0	4	1	2	3	9	0	2	1	3	0	1	1	1	2	0	2	3	4	0
XMTI4ODE4NDk4OA==	3	1	2	0	0	0	0	0	0	0	0	0	0	0	0	0	0	0	3	12	0	0	0	0	0	0	0	1	0	0	1
XMTI4ODE4NjA0OA==	12	3	3	0	0	0	0	0	0	2	0	0	0	0	0	0	0	0	0	0	0	0	0	0	0	0	0	0	0	0	0
XMTI4ODE5MjQyNA==	818	355	232	74	63	21	17	14	11	7	10	3	1	7	7	6	4	5	7	2	2	1	4	0	2	7	2	2	3	3	0
XMTI4ODE5MjkwOA==	32	26	758	38	401	20	15	18	13	13	11	9	159	12	9	12	13	17	15	15	13	15	13	18	23	14	18	32	14	1	0
XMTI4ODEwOTg0MA==	661	4	4	2	2	2	696	54	1	0	0	1	1	3	0	0	0	3	0	3	4	0	1	0	0	0	0	0	0	0	0
XMTI4ODExMjAzNg==	101	187	83	59	0	3	0	0	86	1	69	1	1	2	0	4	15	8	6	2	1	6	2629	3	1	4	1	1	0	3	0
XMTI4ODExMzM2NA==	4	10	6	0	0	1	0	0	0	0	0	0	0	0	0	0	0	0	0	0	0	0	0	0	0	0	0	1	0	0	0
XMTI4ODExNzM1Mg==	49	10	323	7	2	0	1	0	1	0	0	1	1	0	0	1	2	1	0	0	0	0	0	0	0	0	0	0	0	0	0
XMTI4ODExNzc0NA==	4	0	0	3	9	0	0	0	0	0	0	1	0	0	0	0	0	0	0	0	0	0	0	0	0	0	0	0	0	0	0
XMTI4ODExODY1Mg==	3	0	0	0	3	1	0	0	0	0	0	1	0	0	0	0	0	0	0	0	0	2	0	0	0	6	0	0	0	0	1
XMTI4ODEyMDAzNg==	34	304	30	12	28	38	113	20	9	11	9	4	2	2	3	3	5	2	4	2	1	1	0	5	0	3	1	0	1	0	0
XMTI4ODEyMjM3Ng==	10	5	3	0	0	0	1	0	0	0	0	2	0	0	0	0	2	0	0	0	1	0	0	0	0	0	0	0	0	0	0
XMTI4ODEyMjc3Mg==	46	11	0	4	294	5	2	1	0	1	1	0	0	0	0	0	0	0	0	0	0	2	0	0	0	0	0	1	0	0	0
XMTI4ODEyNTcxMg==	30	1	219	0	1	0	0	1	1	3	0	0	0	0	1	0	0	0	0	0	0	0	0	0	0	0	0	0	0	0	0
XMTI4ODEyNzI3Mg==	3	1	0	0	0	0	3	0	0	0	0	0	0	0	0	1	0	3	0	0	0	0	0	0	0	0	0	0	0	0	1
XMTI4ODEzMjEyOA==	5	2	0	1	2	19	1	0	0	0	0	0	0	0	0	0	0	0	0	0	5	0	1	0	0	1	0	1	0	0	0
XMTI4ODEzNjU0MA==	26	14	12	2	1	1	0	0	0	1	1	1	1	3	0	1	1	1	0	0	0	0	1	0	0	0	0	0	0	0	0
XMTI4ODEzOTI4NA==	10	188	5	1	1	35	1	1	1	0	0	1	0	0	1	0	0	0	0	0	0	0	0	0	0	0	0	0	2	0	0
XMTI4ODEzOTUxNg==	1	0	0	1	0	0	0	0	0	0	0	0	0	0	0	0	0	0	0	0	0	0	0	0	0	0	0	0	0	0	0
XMTI4ODI0MzUxMg==	44	90	1317	131	47	37	23	32	26	19	17	7	15	9	6	13	10	10	15	13	17	26	17	12	20	15	12	12	5	7	0
XMTI4ODI0Mzg0NA==	2	0	0	0	5	3	0	0	0	0	0	0	0	0	0	0	0	0	0	0	0	0	0	0	0	0	0	0	0	0	1
XMTI4ODI1Mjk5Mg==	1	0	1	0	0	0	0	0	0	0	0	0	0	0	0	0	0	0	0	0	0	0	0	0	0	0	0	0	0	0	1
XMTI4ODI1MzU3Ng==	5	2	2	0	0	0	0	0	0	0	0	0	0	0	0	0	0	0	0	0	0	0	0	0	0	0	0	0	0	0	1
XMTI4ODI1NjIxMg==	103	201	66	14	14	5	6	2	3	2	1	0	1	0	0	0	3	0	1	2	1	0	0	1	0	0	3	0	0	3	0
XMTI4ODI1Njg3Mg==	4	0	1	0	4	0	0	0	0	0	0	0	0	0	0	0	0	1	0	0	0	0	0	0	0	0	0	0	0	0	1
XMTI4ODI1Njk2NA==	87	0	0	1	74	0	0	0	1	0	1	0	0	0	0	0	1	1	0	0	0	1	1	1	1	1	0	0	0	0	0
XMTI4ODI1Nzc5Mg==	49	12	622	79	30	367	14	514	9	7	8	11	282	10	242	17	7	11	266	7	6	3	6	11	7	11	10	5	12	5	0
XMTI4ODI1ODEyOA==	61	11	248	2	10	1	3	9	2	1	397	3	6	2	15	303	9	1	4	5	261	9	6	11	0	2	2	7	5	8	0
XMTI4ODI1ODM3Ng==	4	10	9	0	0	0	0	0	0	0	0	0	0	0	0	0	0	0	0	0	0	0	0	0	0	0	0	0	0	0	0
XMTI4ODI1OTYwNA==	20	0	0	2	36	0	0	0	2	0	1	0	4	0	0	1	0	0	0	0	0	0	0	0	0	0	0	0	0	0	0
XMTI4ODI2NTAwOA==	9	1	7	3	0	0	17	0	2	0	0	0	0	0	2	1	1	0	1	0	1	0	2	0	0	0	0	0	1	0	0
XMTI4ODI2NTQ2MA==	43	190	80	13	1	1	1	0	0	0	0	0	1	1	0	0	1	0	0	0	0	0	0	0	0	1	0	0	0	0	0
XMTI4ODI2NTU0NA==	6	0	0	0	6	0	0	0	0	0	1	0	0	0	0	0	0	1	0	0	0	0	0	0	0	0	0	0	0	0	0
XMTI4ODI2NTc5Mg==	19	0	0	0	0	2	3285	8	1954	8	694	6	2	4	11	2	0	0	1	1	1	3	0	0	68	16	3	1	7	9	0
XMTI4ODI2NzAyMA==	31	10	83	4	2	3	3	3	1	4	1	3	2	1	3	5	1	0	6	4	2	0	1	1	2	4	1	3	0	2	0
XMTI4ODI3NzU5Ng==	15	29	82	15	0	0	2	1	0	1	1	0	1	0	0	2	0	0	0	0	0	0	0	1	0	0	0	0	0	0	0
XMTI4ODI4MDQ0MA==	1	0	0	0	1	0	0	0	0	0	0	0	0	0	0	0	0	0	0	0	0	0	0	0	0	0	0	0	0	0	0
XMTI4ODI4Mzg4OA==	62	2	3	0	1	2	78	0	0	0	0	0	0	0	1	2	3	1	0	0	0	0	0	0	0	0	0	0	0	0	0
XMTI4ODI4NjMwOA==	42	8	9	5	253	8	424	15	109	4	6	99	8	8	9	7	9	8	6	6	5	203	7	5	8	6	12	8	2	8	1
XMTI4ODI4Njc1Ng==	4	0	1	0	1	6	0	1	0	0	0	0	0	0	0	0	1	0	0	1	0	0	1	0	1	0	0	0	0	2	0
XMTI4ODI4ODI1Mg==	21	15	29	1	0	0	1	0	0	0	0	0	1	0	0	0	0	0	0	1	0	0	0	0	0	0	0	0	0	0	0
XMTI4ODI5MTU5Ng==	4	1	6	0	1	0	2	2	0	0	0	1	0	2	1	0	1	1	1	0	1	1	1	1	0	0	0	1	2	0	0
XMTI4ODI5MTY4OA==	9	1	5	48	4	0	0	0	0	0	0	0	0	0	0	0	0	0	0	0	0	0	0	0	0	0	0	2	0	0	0
XMTI4ODI5MzM2OA==	37	16	325	3	25	21	14	62	172	59	129	196	83	102	108	39	49	36	25	26	47	49	33	31	25	11	35	65	33	28	0
XMTI4ODI5Mzc4NA==	44	1	4	1	4	2	101	18	35	7	2	5	1	6	5	1	0	1	1	1	0	1	1	2	1	5	0	1	3	0	0
XMTI4ODI5NjA0NA==	4	0	0	0	0	2	10	0	0	0	0	0	0	0	0	0	0	0	0	0	0	0	0	0	0	0	0	0	0	0	0
XMTI4ODI5NjYzNg==	53	1969	7	3	8	3	5	1	0	3	0	2	0	1	4	1	1	2	3	1	1	0	0	0	5	1	1	1	0	0	0
XMTI4ODI5OTA3Ng==	80	15	6	0	1	1	317	3	3	4	4	1	0	0	1	0	1	1	0	1	2	1	1	0	0	0	0	2	0	0	1
XMTI4ODIwMDU4NA==	8	2	8	2	2	1	347	0	0	2	2	0	0	2	0	1	0	0	0	0	0	0	0	1	0	0	0	0	0	0	0
XMTI4ODIwMjAyOA==	3	2	1	1	10	3	2	6	9	10	7	7	3	5	5	1	2	1	2	5	4	1	2	1	2	1	1	1	2	1	0
XMTI4ODIwMjg2OA==	61	15	6	138	6	1	0	1	1	0	2	3	2	0	2	0	0	1	0	1	0	1	2	0	0	1	0	1	0	0	0
XMTI4ODIxMjU1Mg==	43	9	13	120	9	15	13	8	9	4	4	2	3	50	3	2	2	3	5	2	0	2	3	3	5	5	8	12	19	9	0
XMTI4ODIxMzcxMg==	21	2	0	1	1	6	55	1	0	0	0	0	0	0	0	0	0	0	0	0	0	0	0	0	0	1	0	0	0	0	0
XMTI4ODIxNjUwNA==	2	0	0	0	2	0	0	0	0	0	0	0	0	0	0	0	0	0	0	0	0	0	0	0	0	0	0	0	0	0	1
XMTI4ODIxNzM0MA==	70	21	31	5	4	4	2	9	2	5	1	3	6	5	8	8	2	3	2	10	41	11	10	13	9	9	14	62	7	7	0
XMTI4ODIyMDUwNA==	24	14	9	1	0	5	1	0	3	0	1	7	6	0	9	3	1	1	4	6	0	0	0	0	0	1	0	0	0	0	0
XMTI4ODIzMjY2OA==	41	3	2	12	95	0	0	0	4	0	0	1	1	0	1	1	0	1	0	1	0	2	1	0	0	1	1	0	0	0	0
XMTI4ODIzMzg3Ng==	6	2	2	0	0	0	0	0	0	0	0	0	0	0	0	0	0	0	0	0	0	0	0	0	0	0	0	0	0	0	0
XMTI4ODIzNDYyOA==	49	122	489	101	16	9	16	13	5	6	5	4	0	1	0	1	1	1	0	1	1	1	4	1	0	0	0	0	0	0	0
XMTI4ODIzNzAzNg==	25	9	6	0	0	46	11	24	5	4	1	0	2	1	1	0	0	0	5	0	4	1	0	1	1	0	0	1	0	0	1
XMTI4ODIzNzY2OA==	481	1319	947	118	74	57	37	24	23	27	12	89	486	30	46	43	31	28	47	45	71	202	275	198	475	444	320	263	201	200	0
XMTI4ODIzOTQ0NA==	3821	1268	1195	681	370	262	231	146	120	178	177	138	194	224	133	147	120	137	135	122	157	120	88	77	101	102	96	90	55	89	0
XMTI4ODM0NTY2MA==	476	2864	277432	84246	15651	1837	400	149	44	28	28	32	51	50	42	3071	27	1712	29	26	14	15	48	7113	21	18	21	34	4215	9	0
XMTI4ODM0OTYyMA==	19	4	28	1	2	3	0	0	1	0	0	0	0	0	0	4	0	0	0	0	1	3	1	0	0	0	0	0	0	0	0
XMTI4ODM1Nzc3Ng==	1	0	0	3	0	1	0	0	0	0	0	0	4	0	0	0	0	0	0	0	0	0	2	0	0	0	1	0	0	0	1
XMTI4ODM2MjM0MA==	14	1	18	0	0	0	0	0	0	0	0	0	0	0	0	0	0	0	0	0	0	0	0	0	0	0	0	2	0	0	0
XMTI4ODM2MzUwOA==	1	0	2	0	0	0	0	0	0	0	0	0	0	0	0	0	0	0	0	0	0	0	0	0	0	0	0	0	0	0	0
XMTI4ODM2MzY5Ng==	1	0	2	0	0	0	0	0	0	0	0	0	0	0	0	0	0	0	0	0	0	0	0	0	0	0	0	0	0	0	0
XMTI4ODM2NDAyMA==	2	0	0	0	0	2	0	0	1	0	0	0	0	1	0	0	0	0	1	0	0	0	0	0	0	0	0	0	0	0	1
XMTI4ODM2NDMyNA==	1	0	2	0	0	0	0	0	0	0	0	0	0	0	0	0	0	0	0	0	0	0	0	0	0	0	0	0	0	0	0
XMTI4ODM2NTM1Ng==	39	7	90	4	4	1	1	5	0	0	0	1	0	0	1	0	0	1	0	1	0	1	0	0	0	0	0	0	0	0	0
XMTI4ODM3MDM4OA==	3	0	5	0	2	1	0	0	0	0	0	0	0	0	0	0	0	0	0	0	0	0	0	0	0	0	0	0	0	0	1
XMTI4ODM3MjcxNg==	26	23	144	7	8	2	0	0	0	3	4	3	5	9	0	3	2	1	3	4	2	1	0	0	0	1	1	0	1	71	0
XMTI4ODM3NDIwMA==	6	0	6	1	0	0	0	0	0	0	0	0	0	0	0	0	0	0	0	0	0	0	0	0	0	0	0	0	0	0	0
XMTI4ODM4MTY4MA==	7	2	16225	9	12	10	8	8	1019	6	23037	8	9	2	2	3	0	0	0	0	1	0	0	0	0	0	0	0	0	0	0
XMTI4ODM4NzA0OA==	34	332	9	1	0	2	0	1	1	1	0	3	3	1	2	2	0	0	22	21	13	7	2	2	1	2	1	0	1	0	0
XMTI4ODM4Nzc2OA==	0	1	0	0	0	0	0	0	0	0	1	0	0	0	0	0	0	0	0	0	0	0	0	0	0	0	0	0	0	0	0
XMTI4ODM4OTU5Mg==	0	0	0	0	1	0	0	0	0	0	0	0	0	0	0	0	0	0	0	0	0	0	0	0	0	0	0	0	0	0	1
XMTI4ODM5MDk5Mg==	107	53	2103	47	291	35	30	30	65	57	20	22	12	21	321	9	21	17	8	14	18	11	11	7	7	16	17	13	17	17	0
XMTI4ODM5MTQ5Ng==	350	3549	32164	12772	7133	4101	4251	3534	2770	2116	819	2230	798	1952	843	2234	520	393	1613	474	451	456	470	390	1505	296	364	332	273	1419	0
XMTI4ODM5MTc1Ng==	1106	64037	46569	6669	7450	4962	3495	2944	841	2327	1018	2469	862	2310	728	2246	519	1770	509	1614	696	401	1613	482	440	1603	469	439	1476	451	0
XMTI4ODM5MTg3Ng==	755	1061	22896	2862	2155	472	1870	310	201	1338	130	100	212	240	1763	207	193	153	155	1183	143	95	80	78	63	77	91	75	1414	51	0
XMTI4ODM5MTgzMg==	63	14	503	12772	17	10	16	11	2	1	6	15	4	6	6	2	1	8	1	4	4	3	2	3	5	4	3	8	5	3	0
XMTI4ODM5MzcwNA==	462	2030	410	82	90	73	146	173	629	253	289	909	341	1018	366	352	1218	307	374	1480	581	561	1721	591	589	1641	645	706	634	1782	0
XMTI4ODM5Mzk2MA==	62	6	10	12	961	8	15	8	16	15	11	143	9	5	3	11	10	20	10	4	3	10	10	11	9	23	13	14	22	16	0
XMTI4ODM5NDk0OA==	10	2	15	3	2	1	0	1	0	0	1	1	0	0	0	0	0	0	0	0	6	0	1	0	3	0	0	0	0	1	0
XMTI4ODM5NTcwNA==	23	2	416	13	1	1	1	0	3	0	1	0	1	0	2	0	1	1	1	1	0	1	2	0	85	0	0	0	1	0	0
XMTI4ODMwNDI3Mg==	6	2	2	0	0	0	0	0	2	0	0	0	0	0	0	0	0	0	0	0	0	0	0	0	0	0	0	0	0	0	1
XMTI4ODMwNTYwMA==	172	22	436	7	5	3	1	0	0	1	1	4	3	0	0	1	2	0	1	1	1	0	1	0	2	79	0	0	2	3	0
XMTI4ODMwNjY5Mg==	11	6	5	0	0	0	0	0	0	0	0	0	0	0	0	0	0	0	0	0	0	0	0	0	0	0	0	0	0	0	0
XMTI4ODMwNzI3Ng==	2	0	0	0	2	0	0	0	0	0	0	0	0	0	0	0	0	0	0	0	0	0	0	0	0	0	0	0	0	0	0
XMTI4ODMwNzg1Mg==	5837	4695	14453	2265	757	391	276	241	333	1185	159	144	113	66	93	84	66	69	68	61	53	38	54	63	61	59	64	50	47	38	0
XMTI4ODMwNzkzMg==	42	2	3	111	2	0	0	1	2	0	0	0	0	0	0	0	0	0	0	1	0	0	1	0	0	0	0	0	0	1	0
XMTI4ODMwODY0NA==	0	1	0	0	0	0	0	0	0	0	0	0	0	0	0	0	0	0	0	0	0	0	0	0	0	0	0	0	0	0	1
XMTI4ODMwOTMzNg==	26	9	11	4	2	1	0	0	3	0	1	0	0	1	0	2	0	3	3	1	1	0	0	0	0	1	0	0	0	0	0
XMTI4ODMwOTU4NA==	51	21	16	1	2	3	1	3	4	2	2	0	2	0	0	1	1	1	1	0	0	0	0	1	0	0	0	0	2	3	0
XMTI4ODMxMDkzNg==	6	0	6	0	0	1	13	0	0	0	1	0	0	0	1	0	0	1	0	0	0	2	0	0	0	0	0	0	0	0	0
XMTI4ODMxMjc4NA==	7	2	2	1	1	0	0	0	0	0	0	0	0	0	0	0	0	0	0	0	0	1	0	0	1	0	1	0	0	0	0
XMTI4ODMyODk1Ng==	2	0	30	1	1	3	0	1	0	0	0	0	0	0	0	0	0	0	0	0	0	0	0	0	0	0	0	0	0	0	0
XMTI4ODMzNTI3Mg==	6	3	61	91	28	8	3	4	3	8	65	19	465	758	409	89	68	41	45	60	43	44	34	44	40	34	22	14	15	13	0
XMTI4ODMzNTY4NA==	11	1	1	0	1	35	0	0	0	1	0	0	0	0	0	0	0	0	0	0	0	1	0	0	0	0	0	0	0	0	0
XMTI4ODQ0ODk4OA==	2076	3040	16700	35394	2826	5620	6464	4610	3847	1734	1963	1757	1701	321	126	1171	435	318	236	207	133	166	128	170	175	159	155	28	125	159	0
XMTI4ODQ1MDgzMg==	6	3	2	1	0	0	0	0	0	0	0	0	0	0	0	0	0	1	0	0	0	1	0	0	0	0	0	0	0	0	0
XMTI4ODQ1MjcyOA==	26	8	13	0	3	1	0	3	1	0	0	0	0	0	0	0	1	0	0	2	0	1	0	0	1	0	0	0	0	0	0
XMTI4ODQ1ODEzMg==	200	111	81	0	3	2	2	1	0	0	0	0	0	0	0	1	1	0	1	0	0	0	0	0	0	0	0	0	1	0	0
XMTI4ODQ2MTEyNA==	61	15	20	1	0	0	0	0	0	0	0	1	0	0	1	1	0	2	4	1	1	1	1	4	2	2	0	0	0	0	0
XMTI4ODQ2MTk0NA==	222	45	45	1116	19	10	3	2	2	4	5	3	1	6	5	2	1	2	3	3	2	3	3	1	1	2	0	5	2	0	0
XMTI4ODQ2MjMwNA==	6	0	0	15	0	0	0	0	0	0	0	0	0	0	0	0	0	0	0	0	0	0	0	0	0	0	0	0	0	0	1
XMTI4ODQ2Mjg4MA==	3772	1151	1474	150	126	70	57	36	33	19	25	28	8	12	13	5	13	2	15	2	10	12	5	6	3	4	3	3	4	19	0
XMTI4ODQ2NzA1Ng==	306	1045	1968	259	275	182	153	105	56	49	18	28	21	26	16	7	14	18	11	6	10	15	15	20	6	6	9	11	11	14	0
XMTI4ODQ2NzMwMA==	50	22	486	343	101	25	35	69	61	53	40	39	15	5	34	27	303	12	19	3	1	18	15	10	10	11	2	3	16	18	0
XMTI4ODQ2ODk4MA==	4	0	13	0	2	170	0	1	0	0	0	0	0	0	2	0	3	0	0	2	0	0	0	0	0	0	2	0	0	1	0
XMTI4ODQ3MDU2NA==	609	236	22	15	28	54	804	31	41	33	32	32	21	29	45	41	40	45	29	31	43	37	42	31	29	52	61	43	39	48	0
XMTI4ODQ3MDk5Mg==	1237	383	419	148	176	51	33	27	29	16	21	14	22	19	23	11	10	20	11	17	12	10	18	7	12	11	14	4	8	12	0
XMTI4ODQ3MzIwOA==	9	67	1	2	0	0	0	0	0	0	0	0	0	0	0	0	0	0	0	0	0	0	0	0	0	0	0	0	0	0	0
XMTI4ODQ3NjU4MA==	171	69	57	25	33	17	13	18	11	2	6	3	7	1	21	7	6	5	3	2	5	1	2	3	2	4	2	2	4	1	0
XMTI4ODQ3NjcxNg==	6	4	187	1	0	0	0	0	0	0	1	0	0	0	0	0	0	1	2	0	0	0	0	0	1	0	0	0	0	1	0
XMTI4ODQ3Nzc4MA==	13	2	0	1	16	0	0	0	0	1	0	0	0	0	0	0	0	0	0	0	0	0	0	0	0	0	0	0	0	0	0
XMTI4ODQ3ODExNg==	1283	624	469	142	167	63	67	78	91	89	64	35	22	15	15	24	18	38	19	22	22	33	28	18	16	39	20	20	8	22	0
XMTI4ODQ4MjI3Ng==	8	11	1	0	4	829	1	0	2	196	0	1	3	1	6	2	0	2	0	0	0	0	0	0	0	1	3	4	4	2	1
XMTI4ODQwMDYxMg==	1	0	0	0	0	0	1	0	0	0	0	0	0	0	0	0	0	0	0	0	0	0	0	0	0	0	0	0	0	0	1
XMTI4ODQwMzMyNA==	0	0	0	1	0	0	1	0	0	0	0	0	0	0	0	0	0	0	0	0	0	0	0	0	0	0	0	0	0	0	1
XMTI4ODQwNjQ0OA==	17	28	11	15	255	6	0	0	0	1	0	0	0	0	1	0	0	0	0	0	0	0	0	0	0	0	0	0	0	0	0
XMTI4ODQwODc3Ng==	26	1	1	41	4	8	4	0	0	0	0	0	0	1	0	0	0	0	1	0	0	0	0	0	0	0	0	0	0	0	0
XMTI4ODQwOTY0OA==	23	10	519	314	153	43	33	21	18	22	132	14	15	21	10	14	19	24	18	15	21	16	28	14	20	24	12	16	19	19	0
XMTI4ODQxMTEwNA==	269	104	109	35	24	28	12	15	23	6	7	12	12	14	8	5	4	13	1	10	8	4	5	5	7	4	7	9	6	7	0
XMTI4ODQxMjAyOA==	2	0	2	0	0	0	0	0	0	0	0	0	0	0	0	0	0	0	0	0	0	0	0	0	0	0	0	0	0	0	0
XMTI4ODQxNjc2MA==	110	28	31	9	4	7	3	1	1	4	0	0	0	2	4	0	0	0	0	1	1	0	2	0	6	0	0	1	4	0	0
XMTI4ODQxNzUxMg==	2	0	2	0	0	0	0	0	0	0	0	0	0	0	0	0	0	0	0	1	0	0	0	0	0	0	0	1	0	0	0
XMTI4ODQxOTE1Ng==	1	0	0	0	1	0	0	0	0	0	0	0	0	0	0	0	0	0	0	0	0	0	0	1	0	0	0	0	0	0	1
XMTI4ODQxOTM2MA==	1	0	0	0	1	0	0	0	0	0	0	0	0	0	0	1	0	0	0	0	1	0	0	0	0	0	0	0	1	0	1
XMTI4ODQxOTg5Mg==	4	1	1	0	0	0	0	0	0	0	0	0	4	0	0	0	0	0	2	2	0	0	0	0	0	0	0	0	0	0	1
XMTI4ODQyMDgwNA==	66	46	20	6	210	12	9	7	8	2	2	5	9	4	6	8	3	14	8	24	8	8	15	12	14	6	13	7	9	8	0
XMTI4ODQyMjA3Ng==	1	0	2	0	0	0	0	0	0	0	0	0	0	0	0	0	0	0	0	0	0	0	0	0	0	0	0	0	0	0	0
XMTI4ODQyNTk5Ng==	79	29	33	6	15	4	0	0	1	2	0	1	0	1	0	0	0	0	1	2	0	1	0	0	0	0	0	1	0	0	0
XMTI4ODQzMDEwMA==	62	5	101	5	5	3	4	1	2	2	1	0	0	1	0	0	8	2	0	1	0	1	1	1	0	3	1	0	0	2	0
XMTI4ODQzMTMwOA==	6	2	2	0	0	0	0	0	0	0	0	0	0	0	0	0	0	0	0	0	0	1	1	1	0	0	0	0	0	0	1
XMTI4ODQzMjI5Mg==	3	1	1	1	0	0	0	3	0	0	1	0	0	0	0	0	1	1	0	0	1	0	0	0	0	2	0	0	0	0	1
XMTI4ODU0MDA5Mg==	174	48	48	41	13	6	3	3	2	1	1	0	1	0	0	0	1	2	1	2	2	0	0	0	0	4	1	0	0	1	0
XMTI4ODU0NDA5Mg==	25	9	7	1	2	2	1	0	2	4	0	1	2	1	2	4	3	1	0	0	0	0	1	0	1	1	0	0	0	0	0
XMTI4ODU0NjM4NA==	231	5002	7041	1403	808	441	751	667	627	697	704	613	190	200	224	187	88	92	315	162	122	102	109	59	82	70	50	35	47	23	0
XMTI4ODU0ODI3Ng==	2	0	0	0	0	0	2	0	0	0	0	0	0	0	0	0	0	0	0	0	0	0	0	0	0	0	0	0	0	0	1
XMTI4ODU0ODM5Mg==	22	1	33	0	0	0	0	0	0	0	0	0	0	0	0	0	0	0	0	0	0	0	0	0	0	0	0	0	0	2	0
XMTI4ODU0ODk4MA==	113	3174	512	1133	581	71	871	115	91	912	77	83	85	64	163	92	97	1178	22	22	25	14	19	22	19	7	17	10	12	21	0
XMTI4ODU1NTQ3Ng==	5	0	0	0	2	8	0	1	0	0	0	0	0	0	0	0	0	0	0	0	0	0	0	0	0	1	0	0	0	0	0
XMTI4ODU1NjM4MA==	45	3	3	600	1	2	0	1	1	0	0	1	0	0	0	0	2	0	1	0	1	0	0	0	0	0	0	0	0	0	0
XMTI4ODU1NzU3Mg==	1	0	0	0	0	1	0	0	0	0	0	0	1	2	0	0	0	0	0	0	0	0	0	0	0	1	0	1	0	0	1
XMTI4ODU2MTUxMg==	3	1	4	0	0	0	0	0	0	0	0	0	0	0	0	0	0	1	0	0	0	0	0	0	0	0	0	0	0	0	1
XMTI4ODU2MjY4NA==	4	18	7	2	0	0	0	0	0	0	0	0	0	0	0	0	0	0	0	0	0	0	0	0	0	0	0	0	0	0	0
XMTI4ODU2NTQxNg==	19	703	10818	2449	85	48	50	36	38	28	21	23	21	24	17	19	15	23	17	21	16	15	16	20	12	14	10	12	10	6	0
XMTI4ODU2ODUyMA==	61	184	107	39	18	7	8	3	4	5	4	6	1	3	0	2	2	6	2	1	2	0	1	1	1	1	1	0	2	5	0
XMTI4ODU2OTg0NA==	109	303	133	39	12	6	2	6	6	12	1	2	2	4	6	0	3	1	1	4	3	0	1	0	0	1	3	2	0	0	0
XMTI4ODU3NzIxNg==	34	462	280	99	63	33	31	14	14	20	19	27	26	21	28	19	25	29	24	21	21	10	22	8	21	9	18	27	28	24	0
XMTI4ODU3ODY4MA==	149	79	8484	16	12	13	16	7	2	3	1	0	2	2	1	5	2	4	0	2	2	0	1	0	0	0	9	2	1	1	0
XMTI4ODU4MDI4OA==	2	0	0	0	0	2	0	0	0	0	0	0	0	0	0	0	0	0	0	0	0	0	0	0	0	0	0	0	0	0	0
XMTI4ODU4MzQwNA==	1	0	1	8	0	0	0	0	0	0	1	0	0	0	0	0	0	0	0	0	0	0	0	0	0	0	0	0	0	0	0
XMTI4ODU5MjYxNg==	3	1	1	0	0	0	0	0	0	0	0	0	0	0	0	0	0	0	0	0	0	0	0	0	0	0	0	0	0	0	1
XMTI4ODUwMjQ0NA==	86	41	100	0	2	2	0	0	0	1	0	0	0	0	1	1	0	0	0	1	0	0	0	0	6	0	0	0	0	0	0
XMTI4ODUwMzcwOA==	3	1	4	0	0	0	0	0	0	0	0	0	0	0	0	0	0	0	0	0	0	0	0	0	0	0	0	0	0	0	1
XMTI4ODUwNzI4NA==	179857	108407	82619	14096	10111	11027	9607	9111	9198	9736	5515	4266	3675	6274	2019	4190	5225	58	761	629	513	1882	340	1511	642	495	517	445	330	228	0
XMTI4ODUxMTAxNg==	7	0	0	0	99	0	0	0	0	0	0	1	0	3	1	0	0	0	0	1	0	1	0	0	1	2	0	2	7	0	0
XMTI4ODUxNTM4OA==	352	163	127	47	37	26	30	32	29	10	24	22	25	21	24	22	30	33	46	57	48	59	44	67	52	41	40	40	27	58	0
XMTI4ODUxODMwMA==	26	2	1	1	4	0	34	65	7	0	0	0	0	0	0	0	0	0	0	0	0	1	1	0	0	0	0	0	0	0	0
XMTI4ODUxOTIxNg==	2	5	18	117	2	1	0	0	6	1	1	0	0	1	0	0	0	0	0	0	0	1	0	0	0	0	0	0	0	0	0
XMTI4ODUxOTM3Mg==	1	0	0	0	0	0	1	9	1	0	0	0	0	0	0	0	0	0	1	0	0	0	0	0	0	0	0	0	0	0	0
XMTI4ODUyMDc4NA==	1	0	1	0	0	0	6	0	0	0	0	0	0	0	0	0	0	0	0	0	0	0	0	0	0	0	0	0	0	0	0
XMTI4ODUyMTcwOA==	2	0	3	0	0	0	0	0	0	0	0	0	0	0	0	0	0	0	0	0	0	0	0	0	0	0	0	0	0	0	0
XMTI4ODUyMTgzNg==	63	28	23	12	4	3	8	1	1	7	3	6	4	5	2	2	4	3	7	3	4	3	4	3	5	6	7	63	7	3	0
XMTI4ODUyMjU1Mg==	655	203	314	2269	4900	1272	404	482	881	1091	3015	713	469	361	296	285	264	307	306	257	191	172	108	92	99	177	186	225	198	179	0
XMTI4ODUyNTM3Mg==	9	1	10	1	2	0	0	0	0	0	0	0	0	0	0	0	0	0	0	0	0	0	0	0	0	0	0	0	0	0	0
XMTI4ODUyNzAzNg==	3	1	1	0	0	0	1	0	0	0	0	2	0	1	0	0	0	0	0	0	1	0	0	0	0	0	0	0	0	0	1
XMTI4ODUzMDgxNg==	2973	90875	6915	1872	405	411	1431	340	244	179	172	173	147	164	158	131	87	95	374	385	411	543	434	132	127	121	98	72	90	67	0
XMTI4ODUzMTU2OA==	206	77	73	28	20	25	21	13	15	15	16	22	18	15	6	12	15	14	8	7	9	9	21	11	5	6	7	6	12	9	0
XMTI4ODUzMjIyMA==	1	0	0	0	0	2	0	0	0	0	0	0	0	0	0	0	0	0	0	0	0	0	0	0	0	0	0	0	0	0	0
XMTI4ODUzNTg4OA==	73	28	83	3	4	1	0	0	1	1	1	0	0	0	0	0	0	0	3	0	3	40	1	1	1	0	2	2	0	0	0
XMTI4ODUzNzYwOA==	67	28	85	0	1	4	1	0	3	4	1	2	1	25	2	7	4	1	6	2	0	3	3	2	3	0	1	0	0	1	0
XMTI4ODUzODExMg==	11	1	11	1	0	0	0	0	0	0	0	0	0	0	0	0	0	0	0	0	0	0	0	0	0	0	0	0	0	0	0
XMTI4ODY0MzI1Mg==	1	0	0	0	0	1	0	0	0	0	0	0	0	0	0	0	0	0	0	0	0	0	0	0	0	1	0	0	0	0	0
XMTI4ODY0NDk4OA==	2353	1372	6294	798	763	440	294	218	196	124	135	143	143	104	123	113	58	110	166	143	178	175	169	192	127	138	117	100	86	84	0
XMTI4ODY0NjE3Ng==	582	22343	28266	3146	968	744	858	2098	673	695	1792	791	325	217	246	279	296	268	208	272	1238	198	212	182	152	154	186	206	250	270	0
XMTI4ODY0ODg4OA==	40	18	23	1	1	3	2	6	9	6	5	2	2	1	1	2	1	0	1	2	3	2	0	0	1	0	0	1	1	0	0
XMTI4ODY0OTc1Ng==	71	14	9	5	82	4	0	1	2	1	2	2	1	0	1	0	5	3	1	2	0	0	0	1	0	0	0	0	0	0	0
XMTI4ODY1MTM2NA==	27	3	37	0	0	0	0	0	1	2	0	0	0	0	0	0	0	1	0	1	1	0	0	0	0	0	0	0	0	0	0
XMTI4ODY1NTA2MA==	6	45	0	0	0	0	0	0	0	0	0	0	0	0	0	0	0	0	0	0	0	0	0	0	1	0	0	0	4	0	0
XMTI4ODY1NTU5Mg==	763	77	1410	2470	6238	2283	454	383	315	219	221	223	199	164	185	196	180	184	137	141	109	98	88	90	88	88	61	44	50	44	1
XMTI4ODY1NjE2NA==	1	0	0	0	0	0	1	7	0	0	0	0	0	0	0	0	0	0	0	0	1	0	1	0	0	0	0	0	0	0	0
XMTI4ODY3Mjg3Ng==	2	0	0	0	1	0	3	0	0	0	1	1	1	0	1	2	0	2	1	1	2	1	1	1	2	1	2	1	0	2	1
XMTI4ODY3NTI4MA==	3832	25612	1794	108	41	21	21	19	9	19	14	7	22	13	14	14	7	10	7	9	15	60	19	10	4	6	5	8	5	6	0
XMTI4ODY3NzgwMA==	3	0	0	9	3	21	0	0	0	0	1	0	1	0	0	0	0	0	0	0	0	0	0	0	0	0	0	0	0	0	0
XMTI4ODY4MzcyNA==	6	0	1	7	0	0	0	0	0	0	0	0	0	0	0	0	0	0	0	0	0	0	0	1	0	0	0	0	0	0	0
XMTI4ODY4NDE0OA==	9	0	15	5	1	2	0	0	0	0	0	1	0	0	0	0	0	0	0	0	0	0	0	0	0	0	0	0	0	0	0
XMTI4ODY4OTk3Mg==	2	0	4	0	0	1	1	0	0	0	0	0	0	0	0	0	0	0	0	0	0	0	0	0	0	0	1	0	0	0	1
XMTI4ODY5NzQ0OA==	3	2	1	0	0	0	0	0	0	0	0	0	0	0	0	0	0	0	0	0	0	0	0	0	0	0	0	0	0	0	1
XMTI4ODYwMTQ2OA==	7	0	6	0	0	0	0	0	0	0	0	0	0	0	0	0	0	1	1	0	0	0	0	0	0	0	0	0	1	1	0
XMTI4ODYwODQwOA==	1	0	0	0	0	0	1	0	0	0	0	0	0	0	0	0	0	0	0	0	0	0	0	0	0	0	0	0	0	0	0
XMTI4ODYwOTQ2MA==	7	2	2	1	0	1	0	2	0	0	2	8	0	2	0	0	0	0	0	0	0	0	0	0	0	0	0	0	0	0	1
XMTI4ODYxMDQwMA==	217	105	24	1503	12	40	4	2	0	0	1	0	1	0	0	0	0	0	0	0	1	0	0	0	0	0	0	0	0	0	0
XMTI4ODYxMTcyMA==	3	1	1	0	0	0	0	0	1	0	0	0	0	0	0	0	0	1	6	0	0	0	0	0	0	0	0	0	0	0	1
XMTI4ODYyMDcwNA==	2	0	2	0	5	0	1	0	0	0	0	0	0	0	0	0	0	0	0	0	0	0	1	0	0	0	0	0	0	0	1
XMTI4ODYyNzg4NA==	49	4	66	0	1	0	0	0	0	0	0	0	0	0	0	0	0	0	0	0	0	0	0	0	0	1	0	0	0	0	0
XMTI4ODYzOTM3Ng==	8	6	3	0	0	1	0	2	2	0	7	1	0	1	0	0	0	0	0	0	1	0	0	0	0	0	1	1	0	0	0
XMTI4ODc0NTY4OA==	1	1	2	0	0	0	0	0	0	0	0	0	0	0	0	0	0	0	0	0	0	0	0	0	0	0	0	0	0	0	0
XMTI4ODc0NTg1Ng==	149	1388	455	11	33	25	15	27	16	8	11	2	15	6	12	19	18	19	13	11	10	1	10	4	3	1	3	4	25	22	0
XMTI4ODc0OTUzNg==	6	3	2	0	0	2	0	0	1	0	1	0	0	2	3	0	0	0	0	1	4	1	0	0	0	2	0	2	1	1	1
XMTI4ODc1MjMxMg==	6	1	0	0	6	0	0	0	0	0	0	0	0	0	0	0	0	0	0	0	0	0	0	0	0	0	0	0	0	0	0
XMTI4ODc1MjU1Mg==	2	0	2	0	8	0	0	0	0	1	0	0	0	0	0	0	0	0	0	0	0	0	0	0	0	0	0	0	0	0	0
XMTI4ODc1MzI4NA==	358	3623	47	13	23	14	1	2	1	2	1	0	0	2	2	1	1	0	1	0	0	1	2	2	0	1	1	1	1	1	0
XMTI4ODc1NjA1Mg==	33	13	23	0	0	0	2	2	5	0	0	0	0	0	0	0	0	1	0	0	0	2	0	0	0	1	0	0	0	0	0
XMTI4ODc1ODI4MA==	25	39	91	3	0	0	1	1	0	0	0	0	1	0	0	2	0	0	1	0	1	0	0	1	0	0	0	0	0	0	0
XMTI4ODc1OTQ5Ng==	1	0	0	0	0	0	1	0	0	0	0	0	0	0	0	0	0	0	0	0	0	0	0	0	0	0	0	0	0	0	0
XMTI4ODc2NzQyOA==	4	1	2	1	13	2	0	0	0	0	0	0	0	0	0	0	0	0	0	0	0	0	0	0	0	0	0	0	0	0	0
XMTI4ODc2ODAwNA==	2	2	1	2	7	0	0	0	0	0	0	0	0	0	0	0	0	0	0	0	0	0	0	0	0	0	0	0	0	0	0
XMTI4ODc3Mzc3Mg==	2	0	0	2	0	0	0	0	0	0	0	0	0	0	0	0	0	0	0	0	0	0	0	0	0	0	0	0	0	0	1
XMTI4ODc3NDY4OA==	4	2	2	0	0	0	0	0	0	0	0	1	0	0	0	0	0	0	1	0	0	0	0	0	0	0	0	0	0	0	1
XMTI4ODc3NTIyMA==	4	1	10	0	0	0	2	0	0	0	0	0	0	0	0	0	0	0	0	1	0	0	0	0	0	1	0	0	0	0	1
XMTI4ODc4ODUzMg==	18	4	35	2	1	0	1	0	1	1	0	0	0	1	0	0	0	1	3	2	0	0	0	0	1	2	0	2	0	0	0
XMTI4ODc4OTk0NA==	31	97	35	18	313	3	6	6	8	4	7	5	80	14	6	6	7	5	2	2	3	6	3	5	2	0	3	6	4	3	0
XMTI4ODc5MDM3Mg==	19	9	6	0	4	0	2	0	0	0	0	1	0	0	0	0	0	0	0	1	0	0	0	0	0	0	0	0	0	0	0
XMTI4ODc5OTY5Mg==	2	1	1	0	0	0	0	0	0	0	0	0	0	20	22	24	36	46	69	74	47	57	35	11	24	11	18	7	19	25	1
XMTI4ODcwMDAyMA==	112	159	195757	65140	15466	9869	10289	9309	155858	3802	3139	1651	1709	738	2669	1961	927	1827	1691	1561	1493	1263	1217	117	901	778	799	774	673	690	0
XMTI4ODcwMzk1Mg==	51	12	7	181	3	3	3	3	1	5	0	3	2	0	3	5	0	0	1	0	0	0	0	0	0	1	0	0	0	0	0
XMTI4ODcwNDM1Mg==	1	0	0	0	1	0	0	0	0	1	0	0	0	0	0	0	0	1	0	1	0	0	0	0	0	0	0	0	0	0	1
XMTI4ODcwNzcxNg==	299	567	212	23	12	8	12	156	14	6	7	4	5	6	0	12	660	10	13	8	5	3	4	1	5	2	1	4	612	1	1
XMTI4ODcwNzg4MA==	4	0	2	2	3	23	18	0	0	0	0	0	0	1	2	0	0	0	2	1	0	0	0	1	2	1	0	0	0	0	0
XMTI4ODcxMzIyOA==	17	5	2	6	340	0	1	1	5	5	2	0	1	3	1	0	0	0	0	0	0	1	2	0	0	0	0	0	0	0	0
XMTI4ODcxMzYwOA==	1	0	1	0	2	0	0	0	0	0	0	0	0	0	0	0	0	1	0	0	0	0	0	0	0	0	0	0	0	0	1
XMTI4ODcxNTgxMg==	53	1324	16	8	7	9	4	1	3	1	7	5	1	0	0	2	2	3	1	0	2	5	1	5	3	0	0	2	0	0	0
XMTI4ODcxNjk3Ng==	5	8	138	1	1	0	0	0	0	0	0	0	0	0	0	0	0	0	0	1	0	0	0	0	0	0	1	0	0	0	0
XMTI4ODcyMjczMg==	3	0	0	0	0	0	3	0	0	2	0	0	1	0	0	0	1	0	2	3	31	9	0	0	0	0	0	0	0	0	0
XMTI4ODcyMzMyMA==	166	53	334	3	4	7	2	2	3	1	0	0	0	2	0	0	0	0	0	2	1	0	0	0	0	1	0	1	0	0	0
XMTI4ODcyNjAyMA==	4	15	8	5	1	0	0	0	0	2	4	1	0	2	0	1	1	3	0	1	0	3	0	1	2	2	0	1	1	0	0
XMTI4ODcyNzk1Ng==	2	0	0	0	0	2	0	0	0	0	0	0	0	0	1	0	0	0	0	0	0	0	0	0	0	1	1	0	0	0	1
XMTI4ODcyODI1Mg==	1627	785	495	6	68	20	30	25	22	17	4	5	18	7	7	6	11	6	7	5	15	11	9	10	17	6	5	11450	213	2321	0
XMTI4ODcyODIyMA==	21	4689	2204	2134	481	359	488	445	442	503	362	97	103	71	52	79	64	97	103	238	138	176	163	178	137	92	56	52	19	28	0
XMTI4ODczOTI0OA==	30	64	20	703	3	2	1	3	1	1	1	0	0	0	0	0	1	2	0	3	0	4	0	4	1	1	1	0	0	0	0
XMTI4ODczOTYyMA==	3	1	0	3	0	0	0	0	0	0	1	0	0	0	0	0	0	0	0	0	0	0	0	0	0	0	0	0	0	0	1
XMTI4ODg0NjgyNA==	112	363	145	32	34	11	13	8	5	8	5	6	8	7	1	6	4	16	13	18	23	29	18	17	13	19	19	116	8	18	1
XMTI4ODg1Nzc0MA==	2	1	0	0	0	1	3	0	0	0	0	1	0	0	0	0	1	1	1	0	0	1	0	0	2	0	0	0	0	0	1
XMTI4ODg2MjEyNA==	48	8	82	1	0	0	0	0	0	0	0	0	0	1	0	1	0	0	0	0	0	0	0	0	0	0	0	0	1	2	0
XMTI4ODg2NDQyMA==	20	15	14	2	6	300	0	0	0	1	0	4	0	2	0	1	0	1	0	0	0	0	0	0	0	0	0	0	0	0	0
XMTI4ODgxMDQwOA==	5	1	10	0	0	0	0	0	0	0	0	0	0	0	0	0	0	0	0	0	0	0	0	0	0	0	0	0	0	0	0
XMTI4ODgxNTM0NA==	4	0	6	2	2	0	0	1	1	1	1	0	0	0	0	1	1	3	1	3	1	1	0	2	1	2	0	1	1	5	0
XMTI4ODgxODEwOA==	34	23	13	0	1	3	2	1	0	1	1	2	0	0	0	2	1	2	0	1	1	1	0	1	0	1	0	0	2	1	0
XMTI4ODgyMTA1Mg==	7	1	200	5	7	0	0	2	0	0	1	0	0	1	0	0	0	0	0	0	0	2	0	1	1	0	1	0	0	0	0
XMTI4ODgyNDc1Mg==	4	5	24	5	4	2	1	0	2	0	0	3	0	0	5	2	0	0	0	1	53	1	0	1	0	1	0	1	0	0	0
XMTI4ODgyNTgyNA==	3	0	0	1	8	0	0	0	0	0	1	0	0	0	0	0	0	0	0	1	0	0	0	0	0	0	0	0	0	0	1
XMTI4ODgyOTY4OA==	35	24	93	0	0	2	1	0	0	0	0	0	0	4	1	0	1	0	0	0	0	2	0	0	1	0	0	0	0	0	0
XMTI4ODgzMzg3Ng==	7	0	0	1	8	0	0	0	2	1	0	0	1	1	1	1	0	0	3	0	0	0	1	0	0	1	2	0	0	0	0
