Log-Linear
0.3462903

Linear
1.234574

Multi-Linear
1.175979, 1.308160, 1.227412, 1.508363, 1.369082, 1.761802, 2.181996

PBML
1000000
1.177099, 1.297660, 1.190649, 1.574289, 1.383345, 1.701904, 1.952588
1100000
1.159775, 1.171434, 1.375740, 1.811068, 2.083094, 2.023532, 3.838278
0000000
1.357835, 1.421140, 1.010211, 1.411544, 1.276410, 1.917169, 3.392477
others
1.292994, 1.170078, 1.124354, 1.163465, 1.144220, 1.238313, 1.373610

PBML_BP_Training_GroundTruth
1000000
1.0619828, 1.5430088, 1.2872749, 1.5559185, 1.4671142, 1.7456027, 1.9014269, 0.3233667
1100000
1.1059002, 1.1171646, 1.6205519, 1.7902457, 2.0593192, 1.8977517, 3.5552852, 0.3220494
0000000
1.2263919, 1.4428514, 1.0429145, 1.2761985, 1.3206338, 1.6059167, 3.1130931, 0.4231566
others
1.1538779, 1.1166885, 1.0891439, 1.1365905, 1.1126439, 1.1391029, 1.2682472, 0.4521772

PBML_BP_Training_Prediction_RandomForest
1000000
1.1225705, 1.5754228, 1.2421943, 1.5604174, 1.4179005, 1.7023030, 1.9623489, 0.1078082
1100000
1.1530215, 1.1566002, 1.4682393, 1.7865449, 2.0840019, 2.0191836, 3.8054687, 0.0638316
0000000
1.33944777, 1.42718867, 1.02326935, 1.40297746, 1.28277957, 1.89293092, 3.35208892, 0.04881256
others
1.2613254, 1.1723473, 1.1220805, 1.1517004, 1.1278924, 1.2169956, 1.3494125, 0.0819816







