Log-Linear
0.3462903

Linear
1.234574

Multi-Linear
1.175979, 1.308160, 1.227412, 1.508363, 1.369082, 1.761802, 2.181996

PBML
1000000
1.177099, 1.297660, 1.190649, 1.574289, 1.383345, 1.701904, 1.952588
1100000
1.159775, 1.171434, 1.375740, 1.811068, 2.083094, 2.023532, 3.838278
0000000
1.357835, 1.421140, 1.010211, 1.411544, 1.276410, 1.917169, 3.392477
others
1.292994, 1.170078, 1.124354, 1.163465, 1.144220, 1.238313, 1.373610

PBML_BP_Training_GroundTruth
1000000
1.0619828, 1.5430088, 1.2872749, 1.5559185, 1.4671142, 1.7456027, 1.9014269, 0.3233667
1100000
1.1059002, 1.1171646, 1.6205519, 1.7902457, 2.0593192, 1.8977517, 3.5552852, 0.3220494
0000000
1.2263919, 1.4428514, 1.0429145, 1.2761985, 1.3206338, 1.6059167, 3.1130931, 0.4231566
others
1.1538779, 1.1166885, 1.0891439, 1.1365905, 1.1126439, 1.1391029, 1.2682472, 0.4521772

PBML_BP_Training_Prediction
1000000
1.13438099, 1.55954722, 1.20420501, 1.58365852, 1.38994276, 1.69189553, 1.92976552, 0.08791733
1100000
1.15495425, 1.15622111, 1.45801336, 1.80935336, 2.08933856, 2.00648379, 3.79328955, 0.06294833
0000000
1.35399293, 1.42208176, 1.01076799, 1.41198211, 1.27472628, 1.91220165, 3.38468268, 0.01860605
others
1.25892765, 1.17436627, 1.12278617, 1.15793144, 1.14516887, 1.23594350, 1.36781548, 0.08925755







