XMTM2MTYyNjQ3Ng==	25	36	13	12	0	20	48	24	25	41	13	7	34	13	11	12	14	5	1	51	18	21	17	3	4	10	13	10	14	10	0
XMTM2MTExMjM4NA==	22	21	24	6	2	4	7	12	3	9	7	1	1	4	1	2	1	3	11	18	2	0	1	2	1	1	2	2	2	1	1
XMTM2MTYwNzM2MA==	103	184	130	59	8	12	42	52	27	14	30	28	8	20	5	26	23	9	5	44	24	17	32	14	15	28	25	14	10	14	0
XMTM2MDc0NjMzNg==	135	89	44	36	3	31	38	49	37	32	25	32	19	17	39	19	30	35	7	64	31	42	1	32	13	12	8	45	35	28	0
XMTM2MDc1NTYyOA==	8	12	12	1	1	3	0	1	0	1	1	0	0	2	0	0	0	0	0	1	0	0	0	0	1	1	0	0	0	0	0
XMTM2MTQ1NjU1Mg==	24	36	18	45	55	81	43	87	70	41	27	58	54	56	78	72	35	39	56	105	81	92	99	50	46	80	73	70	75	59	0
XMTM2MDg1NDUwMA==	2	0	5	67	49	37	32	10	4	12	1	0	2	3	0	2	9	4	0	33	1	8	0	5	2	1	3	15	0	1	1
XMTM2MTA0NzI0OA==	234	609	463	212	13	107	126	90	14	4	5	8	0	1	1	2	0	1	3	31	1	1	2	2	0	2	1	0	0	1	0
XMTM2MTIyNDg5Ng==	56	17	48	45234	262993	241606	242724	294	7	90224	90348	70410	114352	47249	144	39	40181	50452	58471	35319	55088	107	89	45	89728	180257	84	182198	163	100	0
XMTM2MTcxMjk3Mg==	710	1045	463	519	85	359	337	303	289	240	156	195	235	262	170	266	193	153	157	168	168	116	211	167	143	190	153	143	150	135	0
XMTM2MTIzMDYyMA==	132	128	43	61	7	52	55	67	36	41	46	75	117	42	9	27	119	10	45	312	100	36	77	86	34	82	55	87	46	48	1
XMTM2MDgzNDcyNA==	32	22	8	21	5	17	15	15	4	22	9	46	2	2	5	2	16	0	2	122	19	33	23	1	14	33	12	31	39	25	1
XMTM2MTA5NDg2MA==	4421	4216	2753	2519	421	845	680	426	362	324	278	401	394	286	281	231	186	129	86	404	257	54	154	62	123	137	678	203	241	664	0
XMTM2MTI4NDY5Ng==	28	31	11	6	1	11	13	4	13	10	19	26	12	36	50	21	41	60	93	231	146	217	352	303	108	179	40	148	100	135	1
XMTM2MTQ3NDI4MA==	6	10	7	20	10	5	5	5	5	14	4	3	1	2	3	3	6	2	1	11	10	2	8	1	1	3	0	0	0	0	0
XMTM2MDgyODE4NA==	94	80	39	56	13	72	165	93	91	127	106	229	102	91	42	43	60	40	50	23	36	19	40	21	17	13	10	10	11	17	1
XMTM2MTEyMjczMg==	524	170	22	381	6	3535	5526	4847	4266	3697	1903	1263	495	204	236	295	203	206	35	258	40	32	22	10	29	5	33	20	4	14	1
XMTM2MTExOTcxNg==	86	67	100	670	363	397	416	572	418	675	348	821	396	434	345	140	445	1523	1939	2592	2399	3481	3653	1914	733	1748	2074	3900	3583	3429	0
XMTM2MTI5OTkyMA==	4	1	85	65	63	24	12	9	10	17	6	5	1	0	0	2	6	0	1	84	8	5	7	2	12	31	18	7	4	8	1
XMTM2MDkxNDI1Ng==	323	336	24	84	3	693	650	197	79	37	22	31	0	38	19	8	9	5	14	9	7	9	4	0	9	0	5	15	61	116	0
XMTM2MTI3NjU1Ng==	624	934	481	824	324	638	608	561	732	958	351	282	42	26	26	2	60	47	11	91	19	26	19	32	28	53	55	34	29	20	1
XMTM2MTE1MTQxNg==	72	78	63	25	3	3	1	10	1	5	2	0	2	1	1	0	1	3	0	12	2	2	1	2	2	0	1	0	1	2	0
XMTM2MTI0NjEyMA==	36	21	1	9	2	0	18	16	12	63	25	13	0	5	8	0	0	2	29	62	2	0	0	0	0	1	0	0	0	1	1
XMTM2MTQ4NTkyMA==	29	30	10	15	1	9	10	5	5	15	4	4	11	16	7	6	8	2	4	7	0	1	1	1	0	11	4	1	0	4	0
XMTM2MTUwMzczNg==	1038	671	378	350	12	205	342	226	163	39	95	30	74	35	63	47	9	27	65	41	38	42	24	29	31	4	12	227	81	78	0
XMTM2MTUyNzg2NA==	303	343	128	120	187	544	437	186	75	36	18	60	50	34	27	13	39	15	11	27	16	3	4	11	16	3	4	102	9	91	0
XMTM2MTI5ODg3Mg==	7	11	12	5	8	3	0	0	0	0	0	0	0	0	0	0	0	0	0	0	0	0	0	0	0	0	0	0	0	0	0
XMTM2MTYxOTcwMA==	4154	3136	1013	1038	25	824	1471	887	721	726	399	485	361	307	309	439	348	194	60	362	246	555	442	193	94	211	167	277	262	201	0
XMTM2MDkyMTU4MA==	198	165	130	49	3	48	25	25	21	15	11	25	7	26	3	11	18	5	0	127	15	1	2	13	1	10	10	5	17	8	1
XMTM2MTE2ODkxMg==	13	11	0	0	0	17	8	4	9	2	7	4	5	1	0	0	2	0	0	33	10	4	0	9	1	2	1	11	1	4	1
XMTM2MTY0OTUwNA==	707	624	236	493	458	703	132	67	318	574	695	764	1784	146	62	30	23	1	3	79	42	27	34	20	6	11	8	56	40	29	1
XMTM2MDk4MTE0OA==	817	543	261	347	249	453	434	375	411	615	914	1204	1633	1104	978	1077	840	880	751	713	822	1462	2125	1096	766	1230	817	1398	1226	1249	0
XMTM2MTE3MzEzMg==	12	15	0	11	10	3	8	11	5	14	1	0	0	0	1	1	1	2	0	20	2	3	1	2	1	0	3	0	1	2	1
XMTM2MTY5OTk5Ng==	1875	2988	1739	1568	972	1030	688	1087	803	799	624	534	590	506	764	1125	896	755	355	418	472	235	491	386	234	315	118	301	302	138	0
XMTM2MTU4MDEwNA==	213	240	100	94	143	103	108	79	149	97	85	99	88	58	82	93	54	55	15	98	149	399	256	124	154	2056	2012	2799	2374	2871	1
XMTM2MTM1OTQ4OA==	19623	34324	18874	31472	33147	95875	50565	27209	12553	19573	7206	11956	10971	18498	5720	4994	3552	10416	2027	3535	6417	3495	2532	3329	1536	1845	2309	3386	1891	25154	0
XMTM2MDkxMzU4NA==	5026	8604	3542	9478	5970	6623	4116	4208	3169	2365	3089	6047	4305	2797	2476	1844	1149	2888	2581	1346	1304	2086	1852	898	946	4012	1430	2460	1941	1850	0
XMTM2MDc0NDUwMA==	311	350	118	255	359	276	240	324	382	317	240	273	583	574	416	251	135	236	403	234	60	171	314	144	67	304	148	256	342	444	0
XMTM2MTA5NzM1Mg==	665	603	142	117	9	141	790	8	7	1	0	0	1	2	2	4	28	10	7	0	4	15	1	13	16	4	3	254	81	35	0
XMTM2MTIzOTkxNg==	32	25	6	10	1	3	9	11	7	5	3	2	0	4	0	1	1	3	0	28	0	2	5	0	2	0	3	0	1	2	1
XMTM2MDc4MjI0NA==	52	35	14	50	10	5	6	0	2	5	17	14	23	36	9	3	1	21	3	56	12	14	17	16	2	24	18	58	25	12	1
XMTM2MTQyOTQ2NA==	183	191	67	29	13	5	28	12	62	29	17	5	28	20	2	0	9	6	3	108	2	3	0	0	0	1	0	3	3	1	1
XMTM2MTMzNTAwOA==	773	473	432	440	44	191	196	295	248	88	94	61	125	146	225	98	62	40	21	29	17	62	54	25	15	30	12	39	66	43	0
XMTM2MTUzMTczMg==	48	36	8	14	3	6	28	25	8	9	7	5	3	3	4	9	5	0	1	62	13	13	1	11	2	9	12	15	13	18	1
XMTM2MDc2ODYwOA==	1	2	2	11	1	6	3	10	1	1	2	4	1	4	6	4	1	0	2	18	2	0	1	0	1	2	1	8	0	7	1
XMTM2MTY1OTk0OA==	15	17	16	9	0	5	0	1	0	1	1	4	0	0	0	1	0	0	0	7	0	1	0	0	0	0	0	1	0	0	0
XMTM2MTcxMzI3Ng==	1661	1442	1270	1779	1283	1819	2641	5199	3165	1006	919	741	1257	1903	2889	1933	1538	134	270	1108	761	694	1869	1051	486	838	1345	889	618	1459	0
XMTM2MTIyNjI2MA==	8	12	5	3	2	4	1	1	5	0	1	1	2	0	0	0	1	1	0	6	1	3	0	1	1	0	0	1	4	2	0
XMTM2MTI2NTU4OA==	86	62	28	22	3	36	20	10	3	1	3	12	2	4	0	1	11	4	12	45	11	12	18	4	16	7	7	5	11	14	0
XMTM2MTEwODQ4NA==	13	2	2	0	17	1236	1572	1305	1203	846	394	343	251	146	140	121	81	140	266	234	66	14	3	7	0	0	113	5	31	22	0
XMTM2MTMyOTQ4NA==	470	305	153	127	30	101	137	130	95	232	193	157	91	95	89	65	72	18	25	207	62	11	25	16	0	34	4	7	12	17	0
XMTM2MDc3OTY1Ng==	19	12	8	11	8	9	10	2	1	1	0	0	1	0	0	2	1	0	1	4	2	1	0	2	0	1	0	3	0	0	0
XMTM2MTAwNDY2OA==	25	12	1	10	16	5	9	7	12	6	3	3	2	1	11	9	3	3	1	21	2	3	1	0	3	4	3	7	5	8	1
XMTM2MTYwOTYwNA==	4	7	7	2	8	10	8	5	4	21	4	11	1	0	4	12	8	3	2	62	14	18	16	3	4	0	8	6	12	19	1
XMTM2MTYwMjI4MA==	5	5	6	5	3	3	6	8	3	4	2	1	0	3	5	8	4	3	0	9	3	1	0	2	0	0	0	2	2	2	0
XMTM2MTQzMDg1Mg==	15	49	10	14	23	9	22	40	21	14	3	3	5	4	15	0	3	1	7	26	21	8	1	1	0	2	3	4	2	16	0
XMTM2MTEyMjczNg==	2186	1907	878	878	58	441	419	373	279	184	161	246	601	711	388	237	223	278	172	154	174	212	161	149	103	146	89	181	111	90	0
XMTM2MTI2MzYyMA==	1615	1158	820	646	28	1192	1252	570	462	371	382	367	248	135	201	258	226	246	211	302	209	325	335	246	189	301	184	296	158	165	0
XMTM2MDk2MDM3Ng==	27950	22439	10134	9544	5984	12723	8447	10649	8515	5885	2790	5099	3145	3845	7183	9168	3774	4102	3793	3353	2148	6116	7755	3246	1244	6292	2047	6399	8017	6697	0
XMTM2MTIxODU1Ng==	16	6	1	14	3	2	2	4	3	3	2	3	3	2	0	2	0	1	0	29	9	4	7	9	1	12	8	11	5	6	1
XMTM2MTU1ODExMg==	289	314	123	156	133	191	208	270	215	215	167	268	432	486	606	569	568	766	597	585	587	672	831	802	824	1513	457	1489	895	857	0
XMTM2MDgzOTA1Mg==	30	24	12	10	0	0	12	13	3	5	3	3	0	1	1	0	9	0	1	22	2	0	0	5	1	1	1	7	3	0	1
XMTM2MTQ3MDg0MA==	107	86	26	38	1	21	29	22	21	22	15	18	6	2	4	35	6	22	15	80	21	32	39	10	19	42	40	35	12	18	0
XMTM2MTQxMzk1Ng==	4	9	1	8	8	8	0	4	3	3	1	0	1	0	1	1	1	1	0	15	3	2	1	0	0	2	2	3	4	2	1
XMTM2MTE2NzE2NA==	46	42	14	31	6	21	5	1	4	1	0	1	1	1	0	0	0	1	0	2	1	3	0	0	0	1	0	1	0	0	0
XMTM2MTU5Mjc1Mg==	28	18	3	11	3	8	14	4	5	0	0	0	1	0	0	2	1	0	1	2	0	1	2	0	1	1	0	0	0	1	0
XMTM2MTA0NzIyNA==	1140	1221	3163	2934	2787	2805	2695	2607	2556	3013	1837	2993	3706	2163	2393	2489	2471	2708	2539	2193	2986	2800	3181	2525	1882	3425	2295	3117	2065	2609	0
XMTM2MTQ4ODQxNg==	190	171	50	61	16	16	87	81	55	76	55	57	53	63	108	54	101	120	86	90	63	57	69	38	30	28	17	20	19	7	0
XMTM2MTMyMzM2OA==	13	20	4	14	1	4	8	6	2	0	0	2	0	1	0	1	0	0	1	3	0	2	1	1	0	0	0	0	1	0	0
XMTM2MTIwMTAzNg==	290	342	46	105	135	729	756	487	278	315	327	300	323	173	225	271	181	185	191	237	232	277	330	277	237	344	233	390	292	293	0
XMTM2MDgzODc1Ng==	21	20	11	13	2	4	12	12	2	9	6	0	0	4	2	0	1	1	7	29	3	2	11	0	1	13	10	16	9	6	1
XMTM2MTQ1ODA5Mg==	560	475	161	163	17	146	284	314	247	136	75	84	133	181	254	206	125	111	124	114	111	99	158	74	71	133	53	113	159	125	0
XMTM2MTYxMjgwMA==	35	71	80	69	24	50	40	34	15	10	4	0	1	0	1	4	1	2	1	32	8	4	11	6	2	141	29	49	27	6	1
XMTM2MTQ3NjcxMg==	911	896	288	441	56	331	269	211	175	301	233	166	236	269	168	192	322	281	190	306	211	146	171	199	157	392	121	380	132	131	0
XMTM2MDgxNjkzMg==	339	163	101	105	58	125	206	289	534	558	740	561	842	857	684	990	523	1325	835	2616	4035	6117	5941	2499	1925	3690	1799	3231	2650	2656	1
XMTM2MTM4MTQ5Ng==	547	485	203	219	12	0	150	142	59	91	52	68	60	50	66	70	32	61	35	40	29	40	53	27	25	44	31	57	41	38	0
XMTM2MTUxNDc2MA==	36	38	6	6	2	2	4	20	18	10	3	14	3	20	2	2	4	7	1	51	0	0	0	0	0	7	0	0	0	1	1
XMTM2MTU2NzExMg==	18	18	16	9	5	20	9	9	2	7	4	1	0	2	0	3	0	2	0	12	1	0	1	0	2	1	0	0	0	0	0
XMTM2MTQzNzYxNg==	50	16	11	6	1	8	23	33	29	25	20	48	33	27	30	11	44	14	0	47	10	37	21	3	2	23	34	38	43	44	0
XMTM2MDc0NDU3Mg==	961	479	90	94	807	798	70	46	31	18	27	62	66	119	75	18	47	47	98	568	90	38	19	24	17	18	3	51	40	10	1
XMTM2MDc4MzI3Ng==	27	14	1	25	33	28	4	3	2	6	5	0	1	1	1	3	1	0	0	33	2	3	0	0	0	1	0	2	0	6	1
XMTM2MDk4MzY0MA==	938	797	318	944	145	119	77	80	74	113	60	73	3	8	0	12	16	30	6	501	8	47	7	15	13	37	6	10	19	37	1
XMTM2MDk0NDMyOA==	12	13	6	3	0	2	3	1	1	1	1	2	0	0	0	1	0	0	4	4	1	0	0	0	0	2	2	0	0	0	0
XMTM2MTA2OTYzMg==	219	257	99	65	27	14	87	40	51	45	27	12	23	16	14	3	7	8	50	2	12	30	41	15	15	27	7	33	17	20	0
XMTM2MTQ1OTUwMA==	71	27	19	9	89	49	25	11	4	44	39	1	0	3	1	4	2	4	9	161	10	2	5	2	6	6	2	7	7	2	1
XMTM2MTMwMzMzNg==	221	629	1111	629	2043	2952	2497	1921	728	945	537	587	450	337	320	315	373	281	187	226	292	297	177	123	76	120	151	238	152	177	0
XMTM2MTQ5MDk5Mg==	1474	2038	1249	655	237	277	487	199	108	254	67	142	92	107	86	71	86	66	78	62	56	68	16	30	10	4	32	45	36	26	0
XMTM2MTQyMTc2MA==	19	17	32	31	32	35	35	68	53	29	14	23	27	37	56	56	47	31	14	25	33	71	96	47	3	7	24	2	46	8	0
XMTM2MDg1NzIyNA==	85	59	29	34	1	16	34	26	25	30	9	6	2	5	4	10	5	25	9	63	9	5	1	15	2	8	1	13	13	10	1
XMTM2MDc1NjUwMA==	17	20	7	8	1	5	11	2	3	10	4	3	0	2	0	1	0	1	5	19	1	2	2	2	0	0	2	2	2	6	1
XMTM2MTE5NzI0OA==	166	1485	1543	1374	616	504	316	319	194	143	124	197	3	19	7	95	18	11	159	780	80	53	56	34	30	43	8	34	30	22	0
XMTM2MTEyMjcxNg==	424	310	658	1023	882	1250	503	103	38	121	93	135	29	72	42	27	81	4	31	33	34	65	10	8	43	13	28	24	17	27	0
XMTM2MTUwMzU0OA==	189	240	71	114	4	65	86	181	88	35	30	53	79	38	30	44	42	7	0	50	4	46	43	6	11	9	13	41	25	79	0
XMTM2MDcxOTMzMg==	70	27	0	23	0	9	10	47	26	11	5	13	13	12	39	2476	880	326	118	117	103	83	76	41	26	78	26	77	71	72	1
XMTM2MTUzNzkyNA==	14	23	16	12	1	4	13	15	2	24	26	43	34	20	4	6	7	6	37	57	4	2	6	1	0	19	17	17	3	5	1
XMTM2MTI5MjY5Ng==	37	22	17	31	2	1	7	11	2	5	1	12	4	9	2	5	1	3	5	54	20	11	24	17	10	25	17	16	23	15	1
XMTM2MTMzNjA4OA==	1676	1777	2743	2088	360	2865	441	391	248	323	563	329	210	233	185	595	325	176	222	250	131	138	110	394	116	109	4	253	56	201	0
XMTM2MDc4MDIyMA==	13	2	2	0	2	1	4	13	6	0	2	2	0	3	0	3	11	0	3	6	2	1	1	2	2	0	0	1	1	1	1
XMTM2MTQxODU4MA==	63	40	19	7	8	31	32	30	29	28	28	21	3	35	33	21	16	5	16	39	11	9	17	19	2	8	8	25	8	11	0
XMTM2MTMwMDgyNA==	428	464	222	1174	1434	587	517	449	284	369	169	109	190	116	159	161	187	109	95	86	124	137	147	95	68	127	89	129	150	94	0
XMTM2MDc0NTI1Ng==	95	67	119	170	98	108	105	161	118	71	101	101	143	127	170	95	314	1605	1811	1778	2288	2691	5361	440	1612	2694	772	3992	2820	5630	1
XMTM2MTM3NDczNg==	27	16	0	37	0	8	0	18	11	0	0	1	0	0	0	1	2	0	0	1	0	0	0	0	0	0	0	0	1	1	0
XMTM2MTU0MTUwNA==	80	83	30	56	10	43	50	26	38	26	23	19	3	0	0	2	0	2	20	99	12	14	19	2	2	11	22	37	46	19	1
XMTM2MTI4MTc4OA==	68	41	38	47	0	13	13	2	1	0	0	0	0	1	0	0	0	0	0	1	0	0	1	0	0	0	0	0	0	0	0
XMTM2MDY3MDY0MA==	36	19	7	3	0	2	27	14	4	13	24	28	11	32	1	4	25	14	13	75	11	18	21	38	20	13	17	16	33	25	1
XMTM2MDYwNTU3Mg==	2	4	11	7	3	5	3	1	0	1	1	1	2	1	0	1	0	1	5	3	1	1	0	3	0	1	1	3	4	2	0
XMTM2MTAwOTc4MA==	50	37	25	13	5	6	6	5	5	5	0	1	0	2	0	0	0	1	0	6	0	0	0	0	1	0	1	2	1	0	0
XMTM2MDk2MTU1Mg==	22	9	1	4	5	6	9	9	3	2	0	0	6	0	1	4	3	1	2	15	15	6	8	2	0	2	6	1	1	1	1
XMTM2MTM2MTU2MA==	33	19	32	38	29	31	14	0	0	0	0	1	1	0	0	1	1	0	0	0	2	1	1	0	3	1	1	2	3	1	0
XMTM2MTM5MDk4OA==	11	6	42	24	23	8	6	5	3	12	1	0	0	1	3	0	5	4	0	10	0	5	1	0	3	0	1	0	3	3	0
XMTM1ODkwNDgyMA==	20	15	4	13	0	10	7	4	11	4	3	5	4	5	2	4	0	0	3	41	3	9	6	6	0	1	8	4	11	17	1
XMTM2MDgzNTY1Mg==	314	202	61	67	10	36	109	118	59	108	86	76	71	57	66	82	71	87	54	181	64	26	39	50	46	63	112	86	82	70	0
XMTM2MDg1MzI4OA==	87	108	29	54	5	7	31	35	48	44	7	2	2	1	1	1	0	5	2	6	6	5	3	6	1	0	1	5	3	2	0
XMTM2MDY0MjIyNA==	123	115	32	16	3	25	46	49	27	37	12	43	20	13	33	19	4	3	1	72	3	0	8	10	5	3	5	5	2	79	0
XMTM2MTUwNTM2MA==	2049	2116	540	437	63	0	406	996	494	335	128	154	149	221	307	340	86	104	39	126	82	268	299	78	46	79	57	89	112	124	0
XMTM2MDg5NTcwOA==	3	2	0	7	1979	5493	3253	3070	4029	2598	2028	3055	3087	3375	2554	3052	2430	1474	1383	1044	1195	918	1097	784	491	1017	505	705	849	794	0
XMTM2MDkwNTUwOA==	2544	2533	2800	322	11	3	108	76	53	37	30	88	27	8	24	25	1	7	0	101	16	2	11	3	5	8	1	5	12	7	0
XMTM2MTU1Mzk0MA==	3961	3442	1011	6569	3192	1255	808	1079	642	379	364	359	421	414	366	354	231	337	214	217	215	231	374	144	135	196	107	153	128	137	0
XMTM2MTI0ODU4NA==	263	222	161	124	51	106	108	113	69	135	123	129	112	200	128	127	136	145	95	145	151	101	178	79	34	243	55	260	102	92	0
XMTM2MDg0NDQyMA==	5	1	2	0	0	1	3	7	7	6	5	4	3	1	2	2	0	0	1	20	0	1	1	1	6	3	0	1	1	0	1
XMTM2MTQ0NjM2MA==	42	19	8	9	3	7	15	17	26	9	18	1	0	1	1	4	4	5	44	2	4	0	5	2	1	1	4	9	12	11	1
XMTM2MTU4NTQ2MA==	31	34	27	37	22	13	14	11	8	4	1	0	0	1	1	1	2	0	0	3	0	1	0	0	0	1	0	0	0	0	0
XMTM2MTQzNDkxMg==	2	1	1	1	0	1	0	2	0	0	0	0	1	0	2	1	0	2	0	1	0	0	0	1	1	0	1	2	1	2	0
XMTM2MTIzNzAyMA==	7146	6018	3599	5380	404	2474	2759	3385	2083	5608	2405	4113	4783	7296	11459	24390	23049	25355	14917	37739	47958	77795	107204	55307	27865	48789	43022	54024	43539	51902	1
XMTM2MDg2OTY1Mg==	32	13	8	11	8	34	16	22	7	30	0	3	0	5	4	1	1	10	2	67	12	15	7	1	4	4	1	0	6	3	1
XMTM2MTI3Nzc4NA==	181	90	70	88	29	38	62	58	6	1	3	14	3	11	2	2	1	6	21	6	13	11	10	18	14	12	13	9	4	55	0
XMTM2MDk4Mzg1Mg==	1511	1211	615	853	1458	1016	980	1171	736	912	591	297	252	140	133	106	113	150	82	193	176	77	76	45	88	159	62	125	95	84	0
XMTM2MDg0MTUzMg==	14	8	4	1	1	1	11	8	3	2	1	2	0	3	0	1	0	0	6	17	2	0	0	3	2	6	2	1	1	0	1
XMTM2MTQ4MjM4MA==	25	19	8	23	1	1	1	0	0	0	1	0	0	0	0	0	0	1	0	1	0	0	0	0	1	0	0	0	0	2	0
XMTM2MTI1MzUyOA==	6	5	1	0	3	1	2	1	0	0	0	0	1	0	1	0	1	0	0	1	0	0	0	0	0	0	0	0	0	0	0
XMTM2MTE2NTk5Mg==	7	2	4	4	0	0	3	2	0	0	0	0	0	0	0	1	0	0	0	0	0	0	0	0	0	0	0	0	0	0	0
XMTM2MDgzODc1Mg==	20	10	8	11	4	6	8	5	3	8	2	2	0	1	2	0	6	1	8	18	1	2	1	5	1	0	5	8	3	10	1
XMTM2MDc4MDI5Mg==	36	31	7	9	12	45	38	33	17	22	14	19	0	2	8	0	0	1	0	35	1	20	16	9	3	6	5	9	10	4	0
XMTM2MDg5NDQ3Mg==	6681	7062	744	357	440	139	2236	3510	2218	1753	907	1367	1708	1763	2630	3140	1878	1682	3109	2841	1295	2093	498	796	851	1241	3628	4601	1854	2290	0
XMTM2MTIyMTg4OA==	3	5	9	7	4	7	0	7	11	1	0	8	0	1	1	2	1	0	1	7	2	4	2	1	1	0	0	5	5	6	0
XMTM2MTE3MjM4MA==	520	2841	2273	1182	1588	1022	507	3275	1433	714	367	357	490	227	228	242	124	181	144	149	170	131	323	112	86	70	80	88	67	99	0
XMTM2MTMzMjM1Ng==	269	277	63	78	150	89	80	63	56	45	42	36	35	67	41	28	14	4	12	90	232	26	4	2	1	9	5	13	24	7	1
XMTM2MTU3NjI0OA==	90	77	30	48	13	35	42	34	18	14	12	7	8	2	5	1	1	1	0	63	7	10	11	7	6	3	4	9	21	6	1
XMTM2MDkxNTIyNA==	3797	4154	3368	2442	1896	2518	3930	3877	1866	891	628	947	116	686	1068	559	411	346	118	319	457	973	973	339	172	225	134	345	390	387	0
XMTM2MTcxMjYyNA==	468	572	321	423	201	236	169	187	132	123	78	89	114	107	121	112	97	124	126	112	107	53	76	88	95	122	105	114	116	60	0
XMTM2MTMxMTk0MA==	406	498	279	158	25	58	57	54	49	71	55	48	24	7	29	23	22	14	46	197	71	58	85	72	72	145	25	58	44	36	0
XMTM2MTE0MjA1Ng==	67	93	87	36	55	65	88	61	1	0	1	20	44	45	31	28	23	25	17	22	12	23	35	40	13	46	36	39	35	62	0
XMTM2MTMzMTI3Mg==	80	39	7	20	36	38	27	30	58	31	23	29	81	47	19	29	20	20	22	32	56	51	111	1	42	99	85	26	34	113	0
XMTM2MTI5MTc4MA==	76	38	48	32	3	13	20	14	13	8	14	14	6	12	3	10	4	1	4	47	15	19	14	13	2	16	6	12	14	15	0
XMTM2MTEzNTIwMA==	30	22	10	4	0	12	10	19	16	18	16	14	6	11	19	13	16	0	1	22	3	1	2	0	3	1	2	0	1	4	0
XMTM2MTI4OTE2MA==	27	16	1	0	2	32	11	2	22	0	0	0	1	1	2	7	2	0	0	4	1	0	0	0	1	2	0	1	0	0	0
XMTM2MDgzMzA4MA==	77	42	9	44	110	132	121	8	4	2	4	16	166	18	23	2	225	3	0	37	67	3	1	0	0	7	5	7	1	1	0
XMTM2MTExMTAyNA==	43	28	9	6	0	17	9	16	9	14	9	4	2	5	8	8	6	5	0	8	3	7	1	1	2	1	1	0	3	7	0
XMTM2MTA0NDYyOA==	51	30	3	4	8	33	13	21	23	23	10	25	20	15	4	9	3	1	2	68	16	12	22	6	6	30	19	24	9	20	0
XMTM2MTExNzUxNg==	1426	1440	688	506	13	22	161	142	93	112	65	80	102	28	2	2	7	63	82	388	57	59	64	58	47	65	32	63	33	34	0
XMTM2MTEyMDM5Mg==	535	542	241	254	15	178	140	133	87	139	77	102	76	87	67	40	5	12	16	195	53	50	61	38	8	70	33	68	49	44	0
XMTM2MTM0OTk3Mg==	186	103	89	115	76	164	56	15	9	27	18	18	24	18	3	2	0	3	13	103	11	4	7	5	2	14	3	1	6	3	0
XMTM2MTE0NTA2NA==	68	90	60	50	42	55	72	29	23	20	1	0	2	1	1	15	2	14	2	47	2	2	1	3	2	2	4	4	5	2	0
XMTM2MDgyMjEzMg==	5508	4470	2280	5362	6465	6460	9226	12714	10188	11276	6692	9190	8689	6297	4814	6305	4037	3952	2941	3510	3267	5201	4688	2888	1849	2691	1020	1890	1560	1914	0
XMTM2MTE4Nzk5Ng==	50	36	23	18	6	10	17	14	13	7	6	3	3	7	11	3	0	12	2	26	4	1	1	2	0	1	2	2	4	3	0
XMTM2MTUyMzA0OA==	272	211	120	57	78	139	121	123	109	62	49	117	161	81	85	54	107	73	55	59	81	143	136	115	89	115	93	180	127	177	0
XMTM2MDgxNDg1Ng==	24	30	10	3	10	13	6	8	7	2	0	0	1	0	0	0	0	1	20	2	9	1	1	1	1	3	0	0	2	1	0
XMTM2MTU3MjY0MA==	135	129	72	56	8	12	37	33	24	55	24	6	19	5	10	4	36	22	27	131	43	46	42	11	10	22	27	38	75	31	0
XMTM2MTA0NzA2OA==	1545	1866	889	879	14	638	1160	1024	682	495	283	441	324	392	433	522	256	300	225	313	266	283	242	109	129	388	384	499	480	389	0
XMTM2MTQwNzExNg==	8	8	0	3	0	4	1	3	6	4	7	4	2	0	1	1	4	1	1	27	3	5	7	0	0	1	1	0	2	4	1
XMTM2MTQwNzM5Mg==	76	49	22	14	3	4	17	26	24	15	3	12	9	3	0	8	5	2	2	49	13	6	14	4	4	2	1	12	6	4	0
XMTM2MTQyNjY4OA==	237	170	59	103	3	50	53	73	64	53	64	40	80	80	120	107	132	102	82	81	111	88	115	104	86	204	46	220	116	86	0
XMTM2MTQ3NTcyOA==	182	243	34	52	1	36	42	81	76	5	27	34	36	33	54	31	4	4	1	58	39	21	31	2	1	1	18	18	17	59	0
XMTM2MTE1MzA5Ng==	30	22	12	9	2	10	4	7	1	3	6	6	1	0	5	3	3	4	2	14	10	6	22	2	1	18	19	13	12	8	0
XMTM2MDk0MDgwMA==	12	4	6	5	6	0	6	0	0	0	1	4	1	1	1	2	0	0	0	8	0	3	0	0	0	1	0	0	2	0	0
XMTM2MDkwNzYyOA==	5	5	0	0	1	4	1	0	0	0	0	0	0	1	0	1	0	0	1	0	0	0	0	0	1	0	0	0	0	0	0
XMTM2MTA2ODg5Ng==	505	339	106	169	35	62	88	259	141	67	51	41	40	69	109	84	101	102	43	54	72	104	147	252	175	270	118	245	145	158	0
XMTM2MTU3NjQ0MA==	3	3	0	4	2	1	0	0	1	0	0	0	1	0	0	3	1	1	0	1	0	0	0	0	0	0	0	0	0	0	1
XMTM2MTM4ODY0NA==	16	17	9	10	13	9	6	21	10	4	5	1	1	0	1	2	1	3	0	16	3	1	1	1	1	1	2	1	0	6	0
XMTM2MDk2MDkzNg==	2	1	1	1	1	0	1	0	0	0	0	0	0	0	1	2	2	0	0	0	0	0	1	0	0	1	1	0	1	0	1
XMTM2MDkxNDE4NA==	1739	779	426	1123	311	978	226	56	4	72	28	38	27	14	1	30	24	13	5	0	2	0	7	10	15	496	85	7	21	76	0
XMTM2MDkxODg2NA==	924	467	54	77	9	456	659	949	621	219	365	210	297	399	556	347	144	169	157	197	173	318	343	17	29	227	127	253	322	299	0
XMTM2MTU1ODU4OA==	20	17	6	7	0	16	8	2	0	3	2	1	0	0	1	0	0	0	1	2	0	0	0	1	0	0	0	0	6	3	0
XMTM2MTE0NzI2OA==	345	170	39	102	12	121	172	170	145	298	277	286	469	243	555	548	315	309	352	317	219	323	423	254	261	277	207	226	193	231	0
XMTM2MTU3MjE1Mg==	74	30	30	23	9	26	27	45	20	26	12	26	30	10	5	5	5	4	1	30	4	5	7	1	2	0	3	4	5	2	0
XMTM2MDg5MTY2NA==	25	19	9	9	10	12	13	9	10	17	2	12	1	5	2	5	0	1	8	51	6	4	5	0	2	2	3	2	0	2	1
XMTM2MTA3Mjk5Mg==	36	58	43	135	169	207	101	89	101	125	99	68	151	249	2340	1090	319	196	84	112	101	142	256	198	107	296	81	164	109	92	0
XMTM2MTU3NzUwMA==	136	78	36	12	111	51	8	4	5	1	0	0	0	1	0	0	0	0	0	4	0	2	0	1	0	1	0	0	0	0	0
XMTM2MTE3MDk4MA==	5	18	38	16	45	17	6	22	8	2	4	5	10	0	1	0	3	0	5	44	14	2	3	10	4	10	2	41	14	24	0
XMTM2MTAwOTc2OA==	180	114	51	380	222	292	211	161	113	108	137	93	109	94	111	153	66	98	76	125	80	34	40	53	40	66	50	68	86	94	0
XMTM2MTEzMDQ0NA==	5	0	5	1	0	2	0	5	2	1	0	3	0	0	0	0	0	0	1	3	1	0	0	0	0	0	0	0	2	0	0
XMTM2MDkyMDEwMA==	8	4	5	5	4	0	1	1	0	0	1	0	0	0	0	0	1	0	0	0	1	0	2	0	0	0	0	0	1	1	0
XMTM2MTE4ODM0MA==	84	66	38	23	4	24	12	15	7	7	7	4	1	2	0	1	1	0	0	28	2	5	1	2	0	3	1	2	2	8	0
XMTM2MTM4MzE2OA==	18	102	44	142	83	162	105	61	131	37	1	1	0	1	0	1	0	1	0	4	1	2	0	1	0	0	0	1	0	0	0
XMTM2MTIwMDM0NA==	14	9	6	4	1	7	6	1	2	5	3	2	0	1	1	3	0	2	0	23	0	2	1	4	0	1	4	2	1	1	0
XMTM2MDk1NzY0NA==	22	24	26	15	7	7	1	1	0	0	1	0	0	1	0	2	0	2	0	2	1	0	2	0	0	1	0	0	1	0	0
XMTM2MTEzNTAwNA==	9	6	0	17	19	9	0	0	0	0	0	0	1	1	0	0	0	2	0	3	1	0	0	0	2	22	1	221	36	15	0
XMTM2MTI5NTM3Mg==	64	85	11	519	510	333	630	820	592	226	189	179	399	361	727	388	1579	1373	228	115	271	340	443	295	174	319	58	453	623	727	1
XMTM2MTEzNDg2OA==	2054	1477	684	836	642	1324	1364	663	501	500	415	403	387	520	1108	690	620	625	524	454	503	773	725	525	373	668	375	739	403	409	0
XMTM2MTU3NDUwNA==	41	16	20	34	11	11	9	7	4	4	4	4	0	0	1	0	1	0	2	13	0	0	1	1	0	1	1	3	11	3	0
XMTM2MDkwMjQ3Ng==	11	5	0	9	10	13	6	1	3	8	4	0	1	1	0	1	13	0	1	20	3	0	2	1	0	1	0	7	2	1	1
XMTM2MTU0MTQ2MA==	6	8	1	7	1	1	9	7	10	12	3	9	1	3	1	0	10	3	2	4	4	5	16	4	1	3	3	8	0	2	0
XMTM2MDQyMDcyOA==	3483	1992	1116	3540	516	1210	1112	917	714	662	466	618	475	600	485	447	379	363	390	311	346	536	536	333	208	438	264	607	565	529	0
XMTM2MTU0NDUxNg==	12	6	8	5	2	8	5	1	0	1	0	0	0	1	1	1	1	0	0	6	2	0	0	0	2	0	0	1	0	1	0
XMTM2MDgwNTk3Mg==	586	648	298	159	60	93	161	194	153	132	114	172	238	155	132	179	92	128	94	97	84	87	127	105	77	132	125	168	77	69	0
XMTM2MTE4MTM4MA==	469	392	164	93	30	60	81	77	57	96	42	47	40	44	6	56	19	57	59	190	51	36	65	75	27	50	38	25	51	30	0
XMTM2MDc0MTY2NA==	12325	15337	9060	6608	183	3955	4575	4915	2487	4573	1378	1385	1569	1109	1045	1049	940	915	921	852	837	785	1053	607	415	766	731	961	631	700	0
XMTM2MTUwNjIwMA==	1523	1399	2412	994	547	196	558	718	157	308	388	407	279	119	66	161	122	125	56	53	53	64	49	30	23	34	15	31	39	26	0
XMTM2MTEwMDk3Ng==	3815	1778	1045	987	33	840	1706	1395	1308	1625	500	1287	2357	1866	1697	1548	1089	1741	1074	1583	1066	1509	2192	1458	1472	2354	669	1976	1689	1928	0
XMTM2MTA2Nzg0MA==	138	160	66	36	5	24	26	34	23	28	13	10	9	8	22	17	0	10	1	74	14	28	27	7	7	15	12	30	17	14	0
XMTM2MDkzOTkwOA==	72	40	825	1630	1014	1152	831	888	918	724	535	853	1002	620	343	485	260	368	9	195	211	8	104	21	184	78	132	47	13	138	0
XMTM2MTA3OTE1Ng==	35	17	4	18	2	5	17	7	13	12	12	5	1	0	1	14	2	0	0	59	16	6	4	13	1	6	15	21	24	10	1
XMTM2MTE4MjA0OA==	15	5	1	5	23	6	7	6	11	7	2	1	3	2	1	6	0	2	0	23	2	4	2	0	4	2	2	4	0	0	1
XMTM2MDk5ODcwMA==	6	6	6	8	2	2	1	1	1	0	0	0	0	1	1	0	0	1	0	2	0	0	1	2	1	0	1	0	2	2	0
XMTM2MTM1MTM4MA==	929	1304	393	490	86	301	212	204	121	121	130	69	113	72	103	71	73	66	80	85	81	106	93	54	45	75	58	71	67	114	0
XMTM2MTE1NzQ2MA==	897	510	545	541	397	579	291	128	100	118	74	150	26	118	73	98	96	10	35	382	89	61	81	21	17	92	22	19	29	15	0
XMTM2MTQxNDMzMg==	15375	14195	7930	4922	875	2441	2510	2112	2123	1809	1243	1868	1461	1268	1203	1130	1014	997	932	903	734	882	1123	646	446	635	598	738	492	529	0
XMTM2MTM5NDQwNA==	304	156	48	95	10	78	108	100	28	6	4	7	1	3	2	0	1	3	0	11	1	1	2	0	0	1	2	1	2	0	0
XMTM2MTU0MDUyOA==	106	85	59	1	18	1	22	35	17	16	24	9	2	3	2	3	0	7	3	59	11	5	9	8	0	7	3	4	5	3	0
XMTM2MTA2MDkwOA==	30	28	11	10	4	2	10	4	1	3	1	1	0	1	0	0	3	1	0	6	0	2	1	1	0	0	0	1	1	0	0
XMTM2MTM3NjgxMg==	166	107	162	106	8	3	1	1	1	0	9	2	1	0	0	1	0	0	0	5	1	1	2	0	1	1	0	0	0	1	0
XMTM2MTE2NDQyOA==	45	30	25	94	94	81	18	17	34	61	45	72	45	1	55	43	104	2	8	124	1	0	2	2	0	5	3	2	0	0	0
XMTM2MTE0NTM1Ng==	528	446	75	85	74	284	442	155	122	80	42	54	74	101	109	185	124	106	69	85	147	294	325	125	136	161	62	168	195	161	0
XMTM2MTY1OTY0OA==	4059	4628	2219	1947	41	16	615	380	317	260	248	290	250	270	230	241	169	187	123	113	267	142	81	74	94	7	67	66	61	102	0
XMTM2MDgzMDE1Mg==	52	38	17	2	52	17	22	3	2	4	2	6	3	3	4	17	2	1	0	20	1	1	1	0	1	0	1	0	0	0	0
XMTM2MDg0Mjc2OA==	15	10	7	5	1	6	4	4	1	6	5	1	0	1	1	1	0	2	0	19	5	0	1	3	0	2	1	4	0	7	1
XMTM2MDg4MzMyOA==	2182	819	171	280	6	1157	1039	1099	156	106	6	3	90	115	45	41	97	189	45	11	53	5	30	2	14	136	33	26	14	37	0
XMTM2MTA1MzI5Ng==	6	1	3	4	1	5	2	1	0	1	3	1	2	0	1	1	0	0	3	8	1	7	3	4	0	4	7	8	2	2	0
XMTM2MTMyNjA5Mg==	3	2	5	2	1	1	5	1	1	1	0	1	0	0	0	1	0	0	1	0	0	0	0	0	0	1	0	5	0	0	0
XMTM2MDg3MDkyNA==	2	1	2	0	0	0	0	1	1	0	0	0	0	0	0	0	0	0	0	0	0	0	0	0	0	0	0	0	0	0	0
XMTM2MTA1ODU5Ng==	1828	2006	1910	1286	155	855	1221	924	586	602	496	478	474	419	498	419	403	492	416	477	471	325	347	319	277	371	254	389	245	317	0
XMTM2MTIwNTg4MA==	886	749	639	808	269	352	329	204	169	155	143	85	97	128	134	90	118	132	78	110	87	73	88	54	75	116	28	100	54	76	0
XMTM2MTMxMzcxNg==	10	11	4	3	6	10	8	10	8	8	14	2	1	0	4	1	0	2	0	58	8	12	17	5	1	5	0	3	4	2	1
XMTM2MTIwNjY5Ng==	1717	3132	889	819	357	621	638	2701	1183	813	80	626	413	535	898	753	162	116	68	128	659	1460	869	156	63	224	143	155	504	372	0
XMTM2MTE5NTk1Mg==	15	7	5	3	2	4	4	4	2	0	0	0	0	0	0	0	0	1	1	1	1	0	0	0	0	0	1	0	1	0	0
XMTM2MTU3MDg4MA==	45	50	14	21	0	22	6	3	3	5	2	0	0	1	4	2	3	1	1	21	8	2	0	0	5	2	1	1	3	4	0
XMTM2MDg4ODA2OA==	58	15	47	40	34	13	14	9	14	16	5	1	2	3	3	7	4	1	7	53	5	0	4	4	1	1	5	5	4	0	0
XMTM2MTIwNDI3Mg==	314	287	69	29	37	0	39	160	60	45	31	6	10	1	54	34	21	31	0	133	26	7	9	5	6	19	2	10	28	2	0
XMTM2MDk5MjMxNg==	16	12	0	5	5	6	5	6	2	2	8	4	4	10	4	2	0	1	1	27	3	2	1	1	1	3	0	5	0	5	1
XMTM2MTA0OTk0OA==	600	387	125	170	23	96	226	404	565	351	332	248	826	522	778	549	450	377	399	1112	1061	2072	2872	1138	1096	1302	528	909	1143	1207	0
XMTM2MDk3Mjg3Mg==	6	5	2	1	6	3	4	1	1	0	1	1	1	0	0	1	1	1	0	6	0	1	0	0	2	2	0	1	9	4	1
XMTM2MTEyMzU4NA==	2655	1816	3535	1641	924	1358	1780	394	182	680	542	52471	508	532	212	155	90	100	50860	96	56	106	122	77	46	110	66	111	56	69	0
XMTM2MTUyNTU0OA==	9	12	2	5	5	1	4	7	3	5	5	2	0	0	5	1	2	21	4	1	4	5	0	2	1	1	1	2	0	6	0
XMTM2MTMwNDMyOA==	42	58	56	39	10	29	77	91	18	28	17	24	5	51	64	5	8	30	25	191	26	17	9	10	5	16	8	227	62	26	1
XMTM2MTA2MTcwOA==	33	14	18	53	123	130	136	13	5	2	0	3	0	4	0	1	4	1	0	23	2	0	0	1	0	1	1	0	1	2	0
XMTM2MTI1ODA1Mg==	2709	2911	2021	1144	59	919	1018	1285	2499	3374	2223	5943	5740	4806	6978	10780	8249	8277	9258	8386	6654	7282	7970	6272	4209	6934	6299	4745	6793	4469	0
XMTM2MDkyODk2OA==	78	38	10	39	7	3	16	34	25	25	18	7	12	35	42	11	18	1	18	36	13	24	14	3	4	27	24	17	44	64	0
XMTM2MTMzMDExNg==	193	133	33	31	11	28823	55475	60411	58390	78943	57753	62434	61965	82111	70531	66407	75634	70118	5451	127985	73263	78616	63752	19669	5263	34315	874	123861	102374	326218	0
XMTM2MTQ5ODU5Mg==	118	261	320	356	253	167	342	323	321	190	115	314	278	339	480	619	303	305	375	217	378	474	786	406	404	724	589	1036	705	681	0
XMTM2MTMxNDM0NA==	4	2	3	1	0	0	1	2	0	0	0	0	0	0	0	0	0	0	0	0	0	1	0	0	0	0	0	3	0	0	0
XMTM2MTM0MjU2NA==	8	7	1	1	0	2	3	2	3	0	1	1	0	1	0	3	2	0	1	3	1	0	0	1	0	0	0	0	1	3	0
XMTM2MTUxNzU0NA==	6	2	2	1	4	0	2	3	1	0	0	0	0	0	0	0	1	0	0	1	0	0	2	0	1	0	0	0	0	0	0
XMTM2MTE0NTcyOA==	36	26	10	5	0	18	22	10	6	8	8	1	0	2	2	19	21	5	0	26	2	7	13	2	0	0	3	2	18	8	0
XMTM2MDg2MzUyMA==	2	1	0	2	0	2	0	0	0	0	0	0	0	0	0	0	1	0	0	0	0	0	0	0	0	0	0	0	0	0	1
XMTM2MTQ1MjQ1Ng==	74	77	106	49	4	9	9	8	83	31	8	4	5	25	25	61	64	24	6	109	10	41	64	37	50	32	11	6	8	2	0
XMTM2MTU4MDQ5Ng==	18	15	12	6	4	5	2	12	2	3	4	3	1	0	0	7	1	0	1	0	0	5	1	0	0	0	1	0	0	0	0
XMTM2MTQzNzU0OA==	10	39	19	27	8	28	1	15	4	10	39	13	23	10	32	64	9	20	13	15	25	9	18	30	42	67	14	36	43	32	0
XMTM2MTQyOTYzMg==	256	171	16	11	194	85	35	14	23	15	6	0	3	0	0	1	1	6	0	47	1	3	2	4	0	3	1	2	1	2	0
XMTM2MDg3OTY4OA==	5	2	2	3	2	1	1	0	6	0	1	0	0	0	0	1	0	1	0	2	0	0	0	3	1	2	0	0	1	0	0
XMTM2MDk2MDE5Ng==	398	547	301	313	27	82	135	163	149	136	83	135	147	66	93	31	47	50	18	35	41	32	53	26	6	35	35	51	40	33	0
XMTM2MTIwODc4NA==	13	10	9	1	0	0	1	6	2	4	1	4	3	6	0	2	5	0	10	24	18	6	13	3	2	3	2	52	107	78	1
XMTM2MTM5NjM0NA==	338	123	80	139	67	150	106	63	72	130	6	4	5	0	1	10	1	4	1	30	4	3	1	2	1	2	1	10	5	1	0
XMTM2MDkwMzI5Ng==	1434	707	506	364	53	261	359	337	462	1137	288	253	168	213	263	306	292	265	147	176	130	78	201	134	115	195	106	180	103	79	0
XMTM2MTE0NzExMg==	654	294	168	288	124	219	348	306	333	298	387	163	352	349	517	448	544	359	384	362	298	286	365	271	266	286	220	386	293	297	0
XMTM2MTIyNDU5Ng==	162	1099	1502	1915	1127	1471	1653	1419	1428	1486	1360	1195	1360	1475	728	138	725	505	553	261	310	413	438	445	300	613	468	745	511	518	0
XMTM2MTAxMzMxNg==	25	12	10	20	15	10	19	9	17	28	11	11	25	17	14	11	19	14	2	43	20	16	21	18	15	31	27	36	44	16	0
XMTM2MDkzMTEyMA==	752	1006	346	510	1536	721	238	241	106	38	45	38	55	58	86	58	31	44	31	27	18	51	81	31	32	34	12	36	36	48	0
XMTM2MDk2OTIxNg==	8	4	1	5	2	5	0	0	4	0	2	2	1	1	0	0	1	1	0	6	0	0	0	0	2	0	0	3	1	1	1
XMTM2MDkzNDEzMg==	73	86	22	34	14	24	30	22	25	21	15	1	4	2	1	0	1	1	10	89	6	12	0	11	0	4	2	5	9	5	0
XMTM2MTExMTc3Mg==	46	50	34	23	17	22	35	24	16	19	12	17	1	2	6	1	5	11	6	124	12	18	3	25	12	40	16	19	10	9	0
XMTM2MTA5NDIxMg==	30	18	12	14	3	10	13	12	8	7	12	8	2	1	0	3	0	5	25	47	20	15	20	3	14	8	10	23	16	18	1
XMTM2MDc0OTQ5Mg==	31	27	19	7	7	5	9	11	3	4	4	10	10	8	2	4	1	3	13	8	0	8	0	6	0	4	3	5	8	53	0
XMTM2MTQxNTY0OA==	739	2233	1526	2613	1223	1403	1210	692	423	478	327	500	467	595	423	467	198	226	255	304	260	205	328	249	173	221	170	198	207	195	0
XMTM2MTQzODU4MA==	44	34	25	18	9	15	17	23	28	16	13	9	3	3	10	1	10	6	4	45	4	6	2	11	0	15	4	7	7	21	0
XMTM2MDg4MTAyOA==	2790	2805	2942	4477	1447	2795	2405	2539	2220	2249	1374	2378	2313	3132	2300	2062	2294	1710	1495	1287	1318	1576	1975	1028	757	1443	803	1496	1120	1130	0
XMTM2MTYyMjQxMg==	109	113	64	37	6	18	43	40	14	19	25	7	22	14	2	2	4	0	7	48	14	9	21	3	2	13	12	12	12	9	0
XMTM2MTU5NzYzNg==	1	2	1	1	0	1	0	1	0	0	0	0	1	0	0	0	0	0	1	0	2	0	0	1	0	3	0	0	1	2	1
XMTM2MDg1MDkxMg==	8	9	8	1	5	6	1	2	1	0	0	0	0	1	4	0	0	1	0	6	0	1	4	0	2	0	0	0	0	0	0
XMTM2MTM4NDc4OA==	21	40	73	56	7	6	4	5	12	10	9	0	0	1	0	1	4	1	1	35	4	1	3	2	2	5	2	5	2	4	0
XMTM2MTA2NTU4OA==	13	7	6	3	5	9	7	1	1	3	1	1	0	0	2	1	1	1	2	8	0	3	1	3	0	0	1	4	6	8	0
XMTM2MTcyODIyNA==	21	25	9	1	2	1	1	12	15	4	2	4	2	1	0	0	0	0	12	9	1	0	0	0	1	1	1	1	3	0	0
XMTM2MDk0MTAwNA==	14	9	5	2	5	6	6	5	5	4	0	2	0	2	7	1	0	2	1	14	6	1	1	1	0	0	7	12	3	6	0
XMTM2MTIzMjQ0MA==	9	2	7	4	2	0	2	2	0	1	0	1	0	1	0	0	1	0	0	0	0	1	0	0	1	0	0	0	0	1	0
XMTM2MTQ1MDI3Ng==	81	71	36	30	1	14	29	21	19	27	20	23	7	2	0	19	17	26	22	120	29	29	47	25	11	56	11	41	26	23	1
XMTM2MTEzMTgwMA==	408	269	80	126	33	170	159	71	83	120	61	49	87	51	14	37	37	62	37	94	42	47	52	31	27	30	9	34	10	15	0
XMTM2MTYzNTQ1Mg==	170	1931	1359	887	3314	2157	1506	1121	977	416	247	423	265	399	417	242	259	221	163	212	171	192	165	118	102	168	123	123	91	132	0
XMTM2MDg5OTAyMA==	240	85	32	42	1	39	130	108	47	52	11	44	74	43	95	7	4	39	4	304	74	73	23	46	22	6	56	151	88	87	0
XMTM2MDg3ODUwNA==	355	374	265	130	59	85	53	50	32	43	31	42	44	47	29	27	49	57	46	79	48	12	38	19	19	31	2	9	3	1	0
XMTM2MTE5MDczMg==	318	210	177	202	4	34	50	111	81	37	28	48	65	29	40	28	23	29	20	155	70	27	35	71	17	38	11	29	41	48	0
XMTM2MDg3MTM4OA==	31	21	35	16	4	0	3	6	7	1	1	0	0	0	2	0	2	0	7	0	3	2	0	0	0	3	0	1	1	23	0
XMTM2MTQzNDI3Ng==	18	24	9	34	11	17	25	22	23	21	6	18	2	1	3	2	1	2	27	18	2	3	8	1	3	2	6	3	16	5	0
XMTM2MTQ0ODQ5Ng==	192	81	33	267	165	180	76	2	4	2	0	0	1	0	0	1	1	0	0	22	1	2	1	1	0	10	3	4	2	1	0
XMTM2MTMzMDYyNA==	25	77	53	39	14	14	5	11	7	6	0	3	0	2	1	1	2	2	2	15	3	1	1	0	0	0	1	0	0	0	0
XMTM2MTA3MjM1Mg==	53	38	11	29	5	6	4	16	8	11	2	15	6	3	1	1	0	2	1	19	4	9	0	0	2	0	4	13	6	9	0
XMTM2MTU2MjQ1Mg==	17	6	11	11	30	11	18	6	7	4	0	0	4	6	4	9	36	30	1	38	2	1	0	2	1	1	3	3	2	3	1
XMTM2MTM3MDM3Ng==	7	1	4	6	5	1	1	1	2	0	0	0	1	1	0	0	0	1	1	2	1	0	0	0	1	1	0	1	1	3	0
XMTM2MTczNjUwNA==	3	3	1	3	1	0	1	5	1	4	0	4	1	0	0	2	2	5	2	20	8	0	2	2	4	3	4	0	1	8	1
XMTM2MTEzNjcyNA==	6	4	0	1	0	4	3	1	0	0	0	0	0	0	0	2	1	0	0	0	0	0	0	0	0	0	0	0	0	0	0
XMTM2MTYxMzM5Mg==	33	30	11	13	0	1	12	15	22	15	2	1	4	0	0	1	0	0	1	19	3	0	1	0	1	0	0	1	1	0	1
XMTM2MTA3ODIyOA==	444	389	75	34	9	12	61	448	241	175	155	106	108	62	40	58	34	53	28	61	65	15	1	3	1	0	0	2	2	4	0
XMTM2MTI4ODc2NA==	176	136	47	46	13	34	64	60	21	49	58	40	19	23	12	18	26	24	29	41	15	20	35	8	8	4	9	16	12	15	0
XMTM2MTI4NjcwNA==	5196	2949	2436	3545	4031	5916	9526	13452	11713	8819	7143	11398	9906	10661	10123	7353	5827	8392	7587	11945	18026	26125	25076	14275	9138	18309	10710	20009	16263	22510	0
XMTM2MDk5MDE2MA==	5	2	0	2	2	0	3	8	4	7	2	1	1	0	3	0	4	1	6	7	0	0	0	1	1	3	2	1	0	11	1
XMTM2MDkzMjkyMA==	137	115	54	26	5	5	22	67	51	20	4	21	33	18	25	17	1	2	2	37	13	11	14	3	11	17	17	18	18	11	0
XMTM2MTA3Mjk5Ng==	334	211	101	123	65	155	111	188	97	73	69	100	149	161	1147	541	326	167	134	124	84	110	118	73	53	86	49	71	66	87	0
XMTM2MTA2NzkxNg==	2810	3669	1943	1100	106	776	859	711	296	404	288	330	368	576	600	562	349	140	51	84	83	53	81	47	61	61	33	68	85	69	0
XMTM2MTIzMTc1Ng==	29	93	45	33	25	112	21	29	31	26	44	20	34	21	12	29	15	2	1	87	20	7	13	21	2	26	12	18	18	17	0
XMTM2MTU3MTE0OA==	14	123	88	170	86	246	152	116	60	125	13	2	3	0	1	3	0	2	0	22	5	0	1	1	1	1	1	1	2	0	0
XMTM2MDk3NzkwNA==	22	17	5	19	2	8	14	9	14	20	13	2	2	2	0	3	6	4	9	84	0	12	1	5	1	3	3	7	1	2	1
XMTM2MTAwNjEyNA==	47	57	54	97	71	118	88	126	131	151	100	142	191	162	170	176	186	168	192	149	225	190	225	154	174	310	194	294	166	175	0
XMTM2MTE5MDkwMA==	84	73	63	86	47	55	16	6	13	53	26	8	1	1	5	5	26	7	20	58	4	0	0	2	3	3	0	4	2	1	0
XMTM2MTE4MTA3Mg==	68	58	7	18	1	15	10	22	11	13	29	14	2	8	2	1	1	5	0	113	2	2	6	13	0	7	16	11	5	8	1
XMTM2MDk4MzcxNg==	22	11	13	1	3	2	10	15	3	3	6	7	2	7	1	0	0	3	13	27	0	4	2	3	2	8	6	12	7	7	0
XMTM2MDk4NjY5Mg==	1617	1654	903	574	264	538	698	618	629	668	263	964	101	643	22	12	176	296	71	3536	458	701	7	541	42	35	465	530	612	508	0
XMTM2MTIxMDEyMA==	130	69	40	40	18	40	45	31	22	32	39	36	5	7	20	4	19	1	11	194	42	14	5	14	17	5	7	38	19	27	0
XMTM2MTU5MjY5Ng==	15	11	10	1	1	0	2	5	2	2	1	0	0	1	0	0	2	0	0	5	2	0	2	0	0	4	0	2	0	1	0
XMTM2MTI2NzUwNA==	22	12	4	1	7	52	63	134	112	76	33	54	52	62	83	84	117	192	246	266	222	871	826	241	81	301	143	221	351	208	1
XMTM2MTY3MDg5Ng==	156	63	40	44	44	135	36	30	20	40	48	37	25	34	2	31	11	11	12	129	15	12	21	20	11	47	16	44	11	10	0
XMTM2MTU0NTM0MA==	195	351	336	280	648	1098	963	836	706	741	508	735	1072	1635	846	590	575	757	542	433	366	491	525	380	352	659	288	484	438	393	0
XMTM2MTM3ODYxMg==	414	377	113	97	15	27	588	110	30	44	56	40	41	44	18	11	3	10	4	44	19	38	14	7	2	14	5	10	14	7	0
XMTM2MTQ0NzIwMA==	12	14	6	3	0	4	3	8	2	1	2	0	2	3	7	4	9	4	0	6	0	1	1	0	0	0	1	2	0	1	0
XMTM2MTI3Njk0NA==	5738	8409	2819	1681	153	3773	4283	2494	1547	3311	1617	1660	1126	1686	1012	677	436	364	294	304	688	448	243	294	254	371	196	319	250	225	0
XMTM2MTAyNzgxNg==	8	5	17	0	11	32	28	17	12	6	2	6	0	3	0	1	0	3	1	31	2	9	4	153	25	37	17	6	15	71	0
XMTM2MDc0OTE5Mg==	106	42	11	206	183	34	27	61	23	16	6	17	16	2	21	25	6	14	0	59	10	12	10	11	4	2	12	7	15	21	0
XMTM2MTIzODYzMg==	462	2244	1668	96	201	11	2526	1413	22	15	8	14	17	19	28	3	20	9	30	56	41	16	3	4	6	13	4	14	11	10	0
XMTM2MTI2MTI3Ng==	63	43	21	14	0	12	18	33	29	39	19	28	14	6	6	5	4	5	33	219	45	45	0	37	14	14	1	57	20	38	1
XMTM2MDcyNzEzNg==	187	164	177	242	5	56	109	156	218	412	282	427	450	527	539	578	564	697	527	522	501	495	1359	982	588	1163	452	891	577	588	0
XMTM2MTQwODU2OA==	3	2	0	0	0	1	2	0	2	0	0	0	0	0	0	1	0	0	0	0	0	0	0	0	0	0	0	0	0	0	0
XMTM2MTU3MDU1Mg==	397	398	122	113	288	1208	1578	879	364	169	168	310	263	147	235	147	209	99	69	87	213	60	38	49	59	64	92	99	31	539	0
XMTM2MTI4ODEyMA==	791	386	145	170	19	68	666	1020	946	620	1259	789	906	1513	3155	2921	1942	2300	2374	2412	2948	10874	6201	1777	1562	1904	1345	2851	3455	2653	0
XMTM2MTE1MjAyNA==	76	56	83	57	2	22	2	3	5	6	2	3	1	3	5	7	8	4	1	21	1	1	3	2	0	1	1	4	0	0	0
XMTM2MDkxNjQwOA==	16	9	1	6	4	10	5	1	2	3	1	2	1	0	0	0	0	0	1	17	4	2	3	1	0	4	2	4	0	1	0
XMTM2MTM0NTE1Ng==	28	22	5	4	1	4	19	11	7	17	1	3	1	0	2	5	1	1	0	15	1	2	1	2	2	0	0	1	1	1	0
XMTM1ODIzNjMxMg==	17	11	5	4	0	2	8	3	6	1	1	3	0	0	1	1	1	1	0	16	3	0	3	0	0	1	2	2	4	1	0
XMTM2MTcwNzYzNg==	1420	1012	561	2591	1295	1655	2492	4807	3533	1004	777	1303	1255	1319	2128	2087	535	649	493	331	622	2528	1777	547	1113	169	67	658	2593	1592	0
XMTM2MTYzODk4MA==	13	9	0	3	1	0	4	7	3	5	1	0	3	0	1	1	1	1	4	13	2	1	4	0	1	1	2	1	0	5	1
XMTM2MTQzMTQxMg==	2	2	0	0	2	0	0	0	1	0	0	0	0	0	0	0	0	0	1	0	0	0	0	0	0	0	0	0	0	0	1
XMTM2MTIxMTE4OA==	969	1028	555	570	66	415	635	900	423	281	123	285	220	492	537	413	153	138	35	157	123	188	222	52	121	46	186	37	174	709	0
XMTM2MTQ2NzU2MA==	21	24	6	1	2	0	6	9	9	4	0	4	4	1	1	1	0	0	1	21	1	1	1	0	1	2	1	0	2	3	1
XMTM2MDkwMTM5Mg==	112	175	82	92	14	78	104	81	82	89	59	94	19	16	8	4	21	19	86	577	342	205	107	91	297	302	94	124	86	73	0
XMTM2MTQzNjMwMA==	100	92	137	111	0	0	0	0	0	0	0	1	0	0	0	0	1	0	0	0	0	0	0	0	1	4	5	7	7	0	0
XMTM2MDk4OTgwOA==	376	360	218	190	46	217	125	52	49	51	28	25	33	17	38	17	21	17	4	103	20	17	15	0	2	7	10	8	7	36	0
XMTM2MDcxMzYwNA==	67	24	1	2	0	31	155	127	67	70	5	8	15	2	6	19	38	23	14	67	7	1	6	3	2	25	5	4	5	3	0
XMTM2MDk2MDYwMA==	2754	2562	605	474	41	496	415	696	337	222	343	212	251	526	579	414	297	322	191	227	227	517	406	148	142	365	187	588	287	344	0
XMTM2MTAzNjI4MA==	61	60	25	14	2	10	8	8	10	4	1	1	0	0	1	2	2	0	0	6	0	0	0	1	0	0	0	1	0	0	0
XMTM2MTMyMDU2NA==	4	1	0	4	2	1	0	0	1	0	0	1	0	0	0	0	0	0	1	1	4	2	0	0	0	0	0	0	0	0	1
XMTM2MTIyOTIyMA==	24	34	50	7	16	0	3	12	6	18	6	1	1	3	0	10	5	18	7	22	0	0	3	1	3	5	2	7	4	1	0
XMTM2MTA1NjUxMg==	13161	11000	6650	6532	684	3744	2801	2316	1657	2103	2134	1763	1959	2476	1668	977	1277	1471	982	918	1170	866	987	780	603	1108	398	1260	535	594	0
XMTM2MTQzOTkwNA==	44	30	12	60	95	9	36	35	7	7	7	1	1	3	0	2	1	1	0	34	0	1	2	2	3	3	4	47	29	10	0
XMTM2MTQxMzY0NA==	564	523	81	93	7	3	159	225	264	71	20	93	41	72	249	232	88	42	53	11	68	109	107	71	2	120	16	140	175	188	0
XMTM2MTU5NzY5Ng==	124	139	62	37	6	23	47	45	46	45	29	40	6	24	0	24	2	5	1	194	32	58	21	32	12	3	48	94	89	77	0
XMTM2MTU1MjgzMg==	1562	1530	559	452	48	413	951	411	332	386	266	440	744	485	698	365	665	206	37	397	1005	752	470	379	789	154	72	1123	138	344	0
XMTM2MTE3MzU3Mg==	35	11	12	30	43	11	14	4	7	8	19	11	6	3	2	5	1	0	2	58	5	1	2	3	0	0	3	0	5	2	1
XMTM2MDU2OTU4NA==	236	179	53	94	2	59	55	59	79	39	62	67	46	85	38	79	102	56	54	72	63	75	93	58	40	94	14	72	44	37	0
XMTM2MTUwMTEwNA==	1913	7902	26597	6585	10720	5197	12400	2867	8109	5099	1091	4708	11430	8338	13837	23593	751	277	371	341	159	133	135	160	264	16	95	299	12156	2904	0
XMTM2MTczNzk0NA==	12	10	1	4	0	6	5	2	1	2	2	2	0	0	2	0	0	2	0	9	1	1	0	0	3	3	1	0	1	0	1
XMTM2MTE1MDUyNA==	2289	2411	1218	803	73	1210	978	646	595	649	520	437	612	758	675	708	1008	873	611	664	478	586	892	711	606	786	244	359	227	263	0
XMTM2MTIxODQxMg==	68	56	31	53	58	73	104	141	4	2	2	0	7	7	4	5	2	14	13	1	2	0	2	8	1	8	1	14	10	68	0
XMTM2MTQ2ODg0OA==	9	21	6	0	2	3	2	8	25	1	1	0	2	2	0	3	1	5	10	1	2	2	13	2	4	0	3	1	0	0	1
XMTM2MTQ3Nzg3Mg==	97	53	47	113	66	24	35	10	14	25	17	6	13	10	20	1	7	12	4	50	5	18	23	12	6	9	7	13	5	21	0
XMTM2MTE1NTQ5Mg==	112	109	70	77	36	46	23	17	10	18	23	14	9	10	5	2	6	2	0	43	3	3	2	3	1	1	3	4	2	3	0
XMTM2MTEwODAwNA==	19	14	6	17	9	21	18	25	12	15	9	14	28	14	14	6	9	1	0	27	10	4	0	8	5	1	2	6	20	37	0
XMTM2MDc2MzI4OA==	4	3	1	0	1	1	0	2	3	0	0	1	1	0	2	0	0	1	0	0	1	2	0	0	0	0	0	1	0	4	0
XMTM2MTY0MTI2NA==	138	195	68	70	5	8	33	68	107	90	10	6	24	9	2	7	1	0	1	17	1	0	2	0	1	2	1	0	2	2	0
XMTM2MDk5MTIxMg==	2718	2496	557	378	16	115	598	871	743	500	361	345	334	301	399	339	208	275	227	200	205	349	381	161	146	89	41	85	72	125	0
XMTM2MDg4MzYwOA==	30111	29400	15127	10224	279	220	2140	2817	2051	2240	2109	1771	3258	2842	2381	1832	1859	2171	1958	2255	3888	3627	207	1302	3488	462	622	2833	1082	968	0
XMTM2MDkwMDM2NA==	3961	3550	1106	1037	96	659	1004	1843	1267	727	746	427	273	20	6	88	221	663	335	440	15	18	20	8	4	69	142	152	245	253	0
XMTM2MTYwOTgyNA==	269	256	141	114	16	98	86	92	103	94	127	68	95	99	68	88	52	54	70	46	158	123	3	76	54	190	145	63	38	86	0
XMTM2MDk2Nzc1Ng==	17	4	14	22	6	10	0	7	0	0	0	0	0	0	0	0	0	0	1	0	0	0	0	0	0	0	0	0	0	0	0
XMTM2MTI0MzM2NA==	2380	1998	1223	1050	297	924	599	551	622	406	328	262	324	435	34	231	301	304	263	543	255	287	213	230	126	345	162	306	166	154	0
XMTM2MDkzODU4MA==	31	20	15	12	0	10	6	8	3	21	2	7	2	0	2	4	5	26	11	32	10	2	2	5	4	11	5	12	4	1	1
XMTM2MDkxOTM3Ng==	30	22	3	8	5	13	5	4	8	0	0	3	0	0	1	2	0	0	0	6	2	3	2	0	0	12	1	3	0	0	0
XMTM2MTI2MjczNg==	28	25	20	5	1	3	6	8	5	3	0	0	0	1	0	1	0	0	2	4	1	0	3	1	0	0	1	0	1	1	0
XMTM2MTExMjc0MA==	1624	1618	712	525	31	445	418	339	230	394	294	272	360	421	313	43	179	90	18	929	154	16	59	111	37	61	41	2	196	124	0
XMTM2MTM5NTk3Mg==	146	197	95	151	65	134	298	172	132	181	186	191	276	217	189	61	155	229	169	215	351	207	333	283	224	416	60	324	261	161	0
XMTM2MDc3MTgyOA==	4	3	2	2	3	2	0	0	0	0	0	1	0	1	0	1	5	0	0	0	1	0	0	0	0	1	0	0	0	0	0
XMTM2MTUyMDAzNg==	127	195	103	134	305	422	292	95	30	17	79	112	12	10	5	6	5	0	33	4	6	4	1	5	1	4	0	6	6	29	0
XMTM2MTI2MDU3Mg==	17	13	3	2	36	51	150	216	221	103	57	87	82	94	111	144	706	1168	1160	796	2059	2837	2909	765	191	351	400	329	749	482	1
XMTM2MDkzMzUyNA==	23	10	15	13	6	7	15	5	12	18	4	18	7	0	8	2	4	32	15	45	38	19	20	13	12	30	7	31	21	24	0
XMTM2MTY0MDUyNA==	211	278	130	135	2115	1991	2013	2214	2092	1679	1263	1736	1733	1552	1620	1102	544	135	207	82	129	213	427	71	113	114	114	37	83	113	0
XMTM2MDg0Mjk1Ng==	17	6	6	5	5	4	4	3	3	4	1	4	0	2	2	1	0	4	4	9	3	0	0	4	1	1	0	2	1	0	0
XMTM2MTQ2NDU0NA==	485	340	118	103	13	1	165	254	148	127	61	106	78	101	127	199	111	88	36	106	70	105	90	40	37	56	30	60	99	112	0
XMTM2MTEzNjQxMg==	19	16	2	9	6	7	2	8	7	2	1	2	2	0	4	0	7	1	0	5	1	2	1	1	1	0	2	1	1	0	0
XMTM2MTU2NjcwOA==	329	178	47	60	33	41	174	111	68	43	54	74	16	60	66	7	4	35	22	116	24	36	45	1	10	2	10	63	31	30	0
XMTM2MDk4MDg4NA==	1139	866	444	491	53	390	347	244	151	229	196	185	282	275	348	218	190	223	164	195	117	138	144	127	83	134	69	152	90	87	0
XMTM2MTU4NDgzMg==	33	19	27	98	101	67	2	11	0	5	4	1	0	3	0	3	2	1	2	17	1	0	1	1	3	3	5	4	3	1	0
XMTM2MDk5NzU4OA==	1383	2197	2080	1554	125	549	361	282	265	318	211	174	174	124	109	192	240	174	159	107	112	107	166	551	225	191	158	129	137	109	0
XMTM2MDM5NDYwNA==	254	162	79	99	16	113	73	95	72	55	37	63	68	61	58	30	63	41	29	48	50	46	43	49	39	64	28	117	48	41	0
XMTM2MTM1MzU0NA==	206	206	75	20	17	2	25	19	63	14	0	2	4	0	1	4	8	7	3	24	0	2	1	0	1	1	0	2	2	1	0
XMTM2MTUxNjcxNg==	110	96	30	20	12	29	38	45	42	30	21	63	77	49	53	68	35	9	14	91	26	29	42	31	37	43	45	30	41	21	0
XMTM2MDc1ODgzMg==	13	6	6	2	1	4	9	10	8	7	4	7	7	1	6	1	22	8	2	0	0	3	1	0	1	0	6	1	14	0	1
XMTM2MTMwMDg2MA==	145	119	58	63	2	34	23	17	8	26	13	9	12	11	2	1	0	2	1	20	6	7	11	6	1	19	6	14	4	5	0
XMTM2MDk5Nzk0NA==	854	682	463	467	223	355	227	180	149	152	67	52	87	125	87	128	95	97	80	92	77	117	117	120	85	111	45	108	81	66	0
XMTM2MDg4MjM3Ng==	10	6	9	2	0	2	5	4	4	0	0	4	3	0	1	0	1	0	2	23	2	3	5	0	0	6	7	3	5	16	1
XMTM2MDk1ODMyOA==	88	56	20	16	0	22	20	18	27	30	18	28	6	11	4	0	0	1	19	88	10	11	5	2	6	10	3	1	28	9	0
XMTM2MDkzNTQ2OA==	37	26	41	72	7	19	13	14	9	19	18	0	1	5	2	5	5	17	8	49	4	7	12	3	16	11	8	8	4	2	0
XMTM2MDk4Mzc1Ng==	55	39	16	10	2	12	13	19	17	13	11	16	7	6	12	11	6	7	3	22	12	7	7	6	9	17	9	18	7	6	0
XMTM2MTUzNTYyMA==	25	14	3	4	0	8	5	18	9	21	11	3	5	2	2	0	8	0	13	42	3	2	2	2	1	4	3	8	2	0	1
XMTM2MTQ3OTI5Mg==	183	232	214	120	36	48	48	34	16	16	13	15	16	3	4	7	0	1	3	49	6	11	13	18	12	1	7	3	7	20	0
XMTM2MTYxNDU4MA==	110	136	52	45	2	24	27	15	16	45	24	4	1	0	1	3	12	1	6	63	4	5	17	2	0	16	8	36	4	9	0
XMTM2MTEwNzk0MA==	12	8	4	8	1	2	0	5	3	4	1	0	1	1	2	2	1	1	3	2	1	4	1	1	1	3	3	2	3	2	0
XMTM2MTA5MjQ2MA==	51	52	18	26	4	24	14	38	17	28	16	23	33	5	23	28	26	3	2	73	17	26	49	6	7	15	26	44	35	27	0
XMTM2MTIyNDE2NA==	2	1	2	0	0	0	1	0	2	1	1	0	0	1	0	0	1	0	0	1	0	0	0	1	0	0	0	1	0	0	0
XMTM2MTUxNTgyOA==	103	94	39	12	12	9	20	37	21	41	22	10	18	18	2	11	5	5	18	38	13	19	23	10	7	11	11	16	25	10	0
XMTM2MTU5MTg5Mg==	29	17	12	5	0	8	7	17	7	9	3	0	3	2	0	5	1	19	2	8	3	1	5	0	2	5	1	0	1	3	0
XMTM2MDk4OTQ4MA==	81	89	31	29	16	36	57	31	19	15	22	13	2	5	2	1	5	1	3	85	20	12	11	2	6	3	0	12	23	10	0
XMTM2MTA2OTQ0MA==	147	94	77	54	42	102	136	25	12	11	21	10	11	1	4	0	9	2	0	81	45	52	59	23	42	164	121	132	104	112	0
XMTM2MTQ4NTkyOA==	34	51	22	28	88	60	41	25	19	23	11	8	23	13	11	7	1	12	20	31	4	1	0	4	0	0	1	2	4	19	0
XMTM2MDk5MDQ2OA==	713	444	260	304	35	172	133	136	113	98	87	113	105	87	95	101	124	57	56	172	115	42	45	61	47	307	120	73	56	39	0
XMTM2MTIzNTA1Ng==	705	793	459	340	18	196	238	185	200	225	85	326	309	218	258	324	249	334	175	183	189	246	201	130	138	247	89	85	88	68	0
XMTM2MTM3MjUxNg==	71	33	7	7	0	13	355	360	325	329	115	146	149	137	112	111	71	86	116	85	105	96	106	31	8	33	87	91	148	91	0
XMTM2MTMxMTE0MA==	28	23	7	10	3	5	9	20	10	8	7	3	11	17	4	6	3	2	6	36	9	5	2	4	10	53	77	52	53	35	1
XMTM2MTE4MjMwNA==	2732	4116	4569	3081	666	6689	944	379	25	45	325	112	139	107	98	85	95	46	34	86	71	65	28	30	35	31	69	51	43	347	0
XMTM2MTQ1NjQ4OA==	6959	9270	6648	5162	1022	2358	1141	1613	850	1005	409	173	192	158	269	184	145	174	121	267	239	225	410	327	316	376	178	353	297	304	0
XMTM2MTU3ODM0NA==	309	314	363	966	398	501	511	521	384	322	217	66	78	62	59	27	47	71	24	73	0	2	2	0	3	10	0	0	2	1	0
XMTM2MTQwNjAyOA==	5774	7291	4040	1924	753	3024	4922	6436	3072	282	1031	246	892	2726	3255	2006	970	1195	792	616	1117	2395	1866	568	359	767	383	949	1079	800	0
XMTM2MTEwOTY4NA==	680	1121	244	480	49	342	334	305	194	251	252	343	336	344	226	202	200	161	124	187	128	161	197	317	7	245	89	222	181	141	0
XMTM2MDY3ODU2NA==	8	19	9	7	0	2	2	6	9	15	4	3	0	1	0	2	0	10	1	1	0	3	0	0	1	8	2	0	0	2	1
XMTM2MDg3MTk3Ng==	22	11	6	4	6	6	6	6	9	7	0	1	1	0	1	3	2	0	4	22	0	0	1	1	7	4	2	5	7	8	0
XMTM2MTA0OTU1Ng==	36	23	18	7	4	2	0	8	25	58	83	1	1	0	0	4	4	2	0	0	0	1	0	0	2	6	10	0	109	14	0
XMTM2MTU3MDQxNg==	29	43	29	23	95	160	153	76	25	30	10	30	23	16	30	0	20	0	3	0	0	1	0	1	1	0	1	1	30	1	0
XMTM2MTQzOTU4OA==	15	14	4	7	0	5	5	1	6	6	1	0	0	5	0	1	1	3	7	7	1	9	9	0	0	3	2	12	8	9	0
XMTM2MTY0MjM5Mg==	53	22	55	7	0	21	8	4	0	1	0	0	0	1	1	0	1	1	0	0	0	0	0	0	0	0	0	0	0	0	0
XMTM2MDkwMTk3Ng==	74	45	17	20	4	12	23	26	24	16	0	1	1	1	0	0	2	0	1	12	5	0	0	0	0	1	0	5	2	1	0
XMTM2MTM0NzkwMA==	5916	5143	1927	2245	650	2868	2454	452	237	34	170	271	245	199	179	153	188	157	146	166	120	221	268	133	92	174	121	185	208	186	0
XMTM2MTAzMTA5Mg==	7	4	6	1	3	0	1	3	0	0	0	0	0	1	0	0	0	3	0	0	1	1	1	1	0	1	1	0	0	0	0
XMTM2MTMzMjIxNg==	0	0	0	0	0	0	0	0	0	0	0	0	0	0	0	0	0	0	0	0	0	0	0	0	0	1	0	0	1	0	0
XMTM2MDk0NDQxMg==	91	102	96	127	105	181	230	191	147	435	627	741	1132	1561	1038	693	254	234	194	131	158	146	164	83	89	95	61	102	119	95	0
XMTM2MTA5MjkwNA==	27	15	11	8	1	3	15	7	9	14	10	4	11	4	7	1	1	1	2	61	17	15	17	8	4	18	24	46	14	6	1
XMTM2MTA4NDIwNA==	87	99	14	39	1	68	60	150	104	88	45	53	118	115	230	178	59	84	72	80	102	257	262	104	67	150	31	124	347	257	0
XMTM2MDk2MDA0NA==	2718	2512	2628	1865	918	1773	2174	1722	1558	1789	1574	1612	3466	1750	1752	1983	1699	1813	1613	2041	2079	1872	1982	1303	1232	2276	1772	2635	1498	1337	0
XMTM2MTUxMzkzMg==	1049	1450	716	629	29	222	330	288	209	320	157	225	155	114	133	124	102	125	67	87	80	83	89	96	34	70	81	58	53	56	0
XMTM2MTU5NTk5Ng==	7	22	21	6	6	15	13	17	10	10	4	11	19	3	4	6	2	1	6	66	15	0	14	8	1	1	15	4	19	17	1
XMTM2MTA4MTExMg==	5	1	2	2	4	2	1	0	0	0	0	0	0	0	0	0	0	0	0	0	0	0	0	0	0	1	0	0	0	0	0
XMTM2MDc4NDQzMg==	251	178	77	67	7	20	91	149	155	101	109	124	134	154	157	190	116	119	43	118	88	113	132	58	55	71	69	109	88	113	0
XMTM2MDk2MjkyMA==	12	3	0	0	4	12	2	4	0	0	3	9	4	3	19	18	2	4	0	14	2	1	0	3	1	0	0	1	4	1	1
XMTM2MTAwMDg3Ng==	31	18	39	56	48	10	10	20	3	7	14	5	1	1	1	0	2	3	0	51	4	1	2	2	2	3	0	2	1	2	0
XMTM2MDc0MTMwMA==	217	133	58	26	34	79	58	95	72	33	26	57	72	47	36	38	29	27	5	37	31	45	72	7	18	59	35	62	103	79	0
XMTM2MTM3NjkwNA==	13	10	1	5	5	7	4	2	5	5	2	0	1	0	0	3	2	2	0	6	0	0	1	1	1	1	1	0	0	0	0
XMTM2MDk2NzAxNg==	522	333	147	139	6	124	172	188	184	167	168	129	235	284	260	177	199	272	264	194	394	1377	955	612	206	276	145	295	347	252	0
XMTM2MTQxMzg0MA==	15	34	9	17	6	10	26	27	7	8	2	3	0	1	0	0	0	0	2	24	2	0	1	0	0	1	2	2	0	1	0
XMTM2MTExMzAzNg==	719	542	374	1272	1619	1362	1060	1160	1052	1501	1032	618	550	352	366	263	236	302	186	183	167	219	202	162	145	239	63	176	115	72	0
XMTM2MTY3NTU1Mg==	521	491	335	124	29	19	28	66	74	60	48	51	45	40	49	2	3	33	1	128	37	13	10	10	10	15	6	10	15	26	0
XMTM2MTIyMTMzMg==	345	300	76	78	1	25	65	91	90	70	88	64	85	104	151	90	87	77	49	64	48	58	66	69	38	58	22	77	154	412	0
XMTM2MTA2NDE1Ng==	470	206	362	369	435	537	456	584	402	550	466	543	752	429	324	407	375	625	253	656	479	393	360	260	293	401	316	561	357	545	0
XMTM2MTExNzI2OA==	9	11	5	1	6	3	4	4	2	6	1	1	1	1	1	1	0	2	0	10	1	0	1	0	0	2	1	0	0	3	1
XMTM2MTM5NTM2MA==	72	51	27	19	24	44	31	29	30	34	15	29	13	20	39	48	34	14	26	14	22	32	34	22	5	10	1	26	17	21	0
XMTM2MTA2MDIwMA==	3130	4678	2714	2108	988	1795	1028	8331	3356	2005	1033	900	848	707	773	536	581	686	531	444	567	501	670	372	268	242	205	337	269	297	0
XMTM2MTE3MjYyOA==	217	231	99	54	8	26	24	137	98	83	27	41	44	44	10	37	50	25	20	36	40	30	30	20	17	53	14	38	45	55	0
XMTM2MTA1NzA3Mg==	9	6	1	1	0	0	3	9	2	0	0	1	0	1	0	0	0	1	0	0	1	1	0	0	0	0	0	0	1	0	0
XMTM2MTQwOTkyNA==	20	60	25	22	47	24	18	22	18	6	11	37	16	6	37	34	1	10	20	119	37	34	26	4	0	13	15	21	52	26	0
XMTM2MTA5OTQxNg==	51	24	3	27	16	17	14	19	14	25	10	13	4	2	3	3	4	3	0	145	22	7	32	4	22	2	5	33	27	10	0
XMTM2MTUxMzQ4MA==	629	1312	705	590	97	422	365	358	300	255	150	240	174	147	145	149	118	140	80	147	70	74	110	85	43	74	68	63	46	56	0
XMTM2MTIxMzY4OA==	106	91	37	43	5	38	45	31	35	29	27	4	11	12	4	36	37	0	3	138	3	4	8	3	10	3	1	35	16	23	0
XMTM2MTI2NTI2OA==	1056	513	164	275	105	451	780	104	34	3	9	21	22	18	19	3	81	10	11	16	8	9	24	8	20	96	202	78	47	91	0
XMTM2MTQ0NzUxMg==	14	7	2	9	0	0	10	10	3	2	1	2	1	0	6	1	1	3	0	9	1	1	1	2	0	0	6	10	2	0	0
XMTM2MTU1MTc2MA==	406	431	247	253	82	267	273	73	55	48	12	33	25	34	26	19	33	31	29	84	29	38	25	13	17	35	15	25	20	13	0
XMTM2MTI0MjgwOA==	112	73	46	263	599	1076	1004	1017	238	91	2	26	45	73	30	21	37	32	16	16	74	30	22	23	4	8	5	50	21	10	0
XMTM2MTIzMzY2OA==	2178	2884	6043	6348	6305	4080	461	437	111	129	90	92	108	57	65	124	141	92	89	84	70	86	114	92	119	94	39	53	46	74	0
XMTM2MTcwODcxMg==	16749	22892	9349	9121	4995	11831	8270	9968	6032	2747	1362	2448	1098	3342	6700	6155	2177	2272	1611	2310	599	3077	2350	536	439	1231	418	957	1296	1444	0
XMTM2MTUwNzg4MA==	203	371	126	84	5	63	64	75	143	123	132	166	196	210	236	46	124	216	73	2	322	19	88	11	51	121	43	175	142	112	0
XMTM2MDk1NTcxMg==	19	14	3	4	10	2	9	3	3	1	1	1	4	2	1	4	1	2	0	18	7	5	3	3	1	0	1	1	1	1	1
XMTM2MTU2NTc1Ng==	8	8	17	13	18	0	1	1	1	1	1	1	0	0	0	1	2	0	2	2	0	0	0	0	0	2	1	0	0	0	0
XMTM2MTMzNDIzMg==	16	24	9	8	9	9	9	5	4	3	0	0	0	0	5	1	4	1	0	0	0	0	0	0	0	0	0	0	0	0	0
XMTM2MDkwNzI0NA==	5292	2152	8306	19042	18059	21700	19789	18973	19232	12224	285	166	162	274	335	210	307	237	234	179	170	163	185	173	99	215	144	197	161	154	0
XMTM2MTM2MDE0MA==	21	31	15	11	7	1	7	5	1	4	2	8	0	0	1	6	0	4	0	24	2	1	2	1	0	3	10	9	7	10	0
XMTM2MTU2ODMyOA==	1393	1705	757	1236	807	838	1586	710	145	41	11	47	49	43	64	55	38	50	29	36	34	34	59	9	17	34	7	21	25	15	0
XMTM2MDkyODY2MA==	167	189	60	50	24	51	66	88	58	101	52	46	83	45	100	105	74	92	42	74	85	76	96	55	32	46	74	84	74	90	0
XMTM2MTIxNDk0OA==	1724	1076	422	898	765	1779	1651	34	46	15	29	19	12	31	0	25	3	44	76	58	29	30	55	15	59	26	35	63	866	350	0
XMTM2MTIzMzM5Ng==	111	125	55	79	28	85	76	75	54	89	60	78	6	16	8	1	2	18	30	497	67	5	61	34	31	17	31	34	40	39	0
XMTM2MTI4NDg1Ng==	8759	18527	12424	9143	2094	9922	16307	8732	4930	2975	1459	3562	692	1251	2510	1729	222	310	689	2267	343	163	402	640	419	829	99	679	260	5163	0
XMTM2MTI4OTQ4MA==	27	17	17	12	2	13	19	11	6	10	3	3	6	4	4	0	2	5	1	52	10	9	21	10	10	61	23	55	40	77	1
XMTM2MTIwMzI3Ng==	155290	357437	223883	347113	4304	74038	152218	30138	33080	14375	23463	41970	48053	38715	34564	103968	12274	11634	2895	1818	822	561	1395	827	1493	1921	55456	54970	4906	14484	0
XMTM2MDg3NDMwNA==	91	72	46	29	1	8	17	12	25	6	20	11	1	0	6	3	3	4	2	79	3	12	7	4	3	51	17	15	27	4	0
XMTM2MTQ3OTQ2NA==	235	127	93	112	8	42	71	46	38	68	48	19	20	2	3	41	14	24	5	236	23	9	9	1	10	15	7	16	51	27	0
XMTM2MDYzNzU4OA==	7	6	2	1	3	1	0	2	1	0	0	3	1	0	0	1	2	0	0	3	0	2	0	2	0	2	1	9	6	12	0
XMTM2MDgxNzU1Mg==	2108	1142	1001	1041	368	869	659	1151	771	729	657	740	986	112	424	527	764	196	96	790	182	227	130	201	317	195	74	466	308	367	0
XMTM2MTQxNDQxMg==	16	29	10	8	15	8	17	1	8	2	1	2	1	0	1	1	0	2	0	10	0	0	0	1	0	1	0	0	0	1	0
XMTM2MTEzMzMzNg==	67	57	34	21	1	147	80	73	50	100	40	47	58	2	23	46	29	20	2	210	57	110	67	33	34	102	33	38	42	36	0
XMTM2MTU3NjY2OA==	60	66	21	22	7	17	37	15	4	4	4	4	4	14	3	7	3	0	0	21	4	6	7	1	2	1	0	4	1	1	0
XMTM2MTMyNzg4NA==	798	1483	1041	570	480	1457	929	939	713	937	613	651	772	809	714	731	438	80	23	70	57	81	77	58	41	84	55	118	69	69	0
XMTM2MDkyMDU4MA==	678	432	201	341	24	243	447	334	314	282	15	10	12	0	2	19	24	35	1	103	36	65	7	26	18	3	13	28	33	30	0
XMTM2MDk0Njg4OA==	3	2	4	0	0	1	3	0	0	0	0	0	0	0	0	0	0	0	0	0	0	0	0	0	0	0	0	0	0	0	0
XMTM2MTU3NDA4OA==	152	203	94	149	174	137	44	11	0	3	6	14	2	4	0	1	1	1	4	0	0	0	2	0	1	0	2	1	65	1	0
XMTM2MTIzNDAwOA==	19	19	11	11	2	8	9	6	5	1	2	1	1	0	1	2	4	1	0	8	1	2	1	4	2	8	0	1	0	4	1
XMTM2MTM0MzA0OA==	8	6	2	4	4	1	2	1	4	1	0	1	0	1	1	0	0	1	0	0	0	0	1	2	0	0	0	1	0	0	1
XMTM2MTE3Nzc3Ng==	107	95	13	53	1	31	45	76	26	26	21	28	26	8	57	29	78	25	55	31	12	48	37	9	5	26	5	34	35	34	0
XMTM2MTIxNDExNg==	18	8	23	20	0	0	0	1	1	0	0	0	0	0	1	0	0	0	1	1	1	0	0	0	0	0	0	0	0	0	0
XMTM2MDc1OTMzNg==	73	70	32	56	32	28	32	19	16	8	19	17	23	44	7	0	11	3	3	53	14	33	28	33	9	30	10	26	28	16	0
XMTM2MTQ5MjU1Mg==	477	467	70	67	12	40	141	214	125	117	73	69	70	78	58	35	48	39	22	47	47	66	65	29	11	13	17	36	39	42	0
XMTM2MTIxNzQ1Mg==	567	421	161	171	12	58	164	252	131	104	67	75	95	97	174	166	112	102	64	112	127	129	157	79	46	117	74	115	122	200	0
XMTM2MTU3OTcyNA==	4	5	1	8	7	4	12	12	10	4	0	0	2	2	1	0	3	1	3	8	6	1	0	2	2	4	1	11	0	3	1
XMTM2MTMzNTQwMA==	882	501	220	979	549	538	382	244	154	80	58	13	85	46	30	35	29	9	8	36	22	15	5	3	2	13	32	29	44	120	0
XMTM2MTU0ODA3Ng==	301	239	91	127	109	172	189	261	161	135	145	186	209	78	184	154	156	187	118	307	440	467	699	675	642	1265	886	1763	1476	2716	0
XMTM2MTM0ODAyOA==	701	700	690	380	280	497	327	398	323	344	203	129	185	226	207	217	486	331	174	235	279	352	297	297	244	206	201	279	222	238	0
XMTM2MTA0MTY1Ng==	53	48	11	24	39	28	38	29	21	33	31	38	25	29	50	39	32	27	34	29	63	3	39	14	42	60	29	34	39	30	1
XMTM2MTMwNzQwMA==	10	4	3	3	2	0	2	4	5	2	0	1	0	0	2	0	2	1	1	11	3	3	1	0	0	0	1	2	1	9	0
XMTM2MDk4NTIwNA==	677	441	195	224	25	111	166	152	115	160	107	90	127	90	107	39	86	69	64	50	77	72	132	138	44	93	28	74	56	53	0
XMTM2MDg0MjI1Ng==	118	95	41	34	1	19	22	11	23	20	8	3	4	4	4	28	7	41	8	5	2	6	50	17	10	4	5	3	8	4	0
XMTM2MTM5MDMyMA==	84	100	62	101	94	59	64	71	36	70	33	48	14	29	32	29	93	80	26	82	36	37	54	5	28	113	34	75	36	40	0
XMTM2MTEwNjEwMA==	104	87	76	96	19	36	25	26	9	12	0	11	9	9	0	0	2	2	1	7	1	1	1	0	1	3	3	0	1	3	0
XMTM2MDcyOTYxNg==	49	27	119	146	113	100	90	151	116	169	7	97	249	7	146	81	423	1590	2011	2134	2395	3036	3506	2142	1529	2942	719	6806	378	3495	0
XMTM2MTEzOTQzNg==	18	8	6	6	3	0	3	11	6	7	0	2	9	0	6	0	0	4	2	30	12	5	11	8	4	7	3	7	7	1	0
XMTM2MTExNzM2OA==	12	5	2	4	0	1	1	2	13	5	0	2	3	0	7	11	6	2	1	27	0	1	2	2	1	0	0	0	1	0	0
XMTM2MTE2OTU0MA==	18	15	5	3	0	0	9	5	4	1	3	4	3	1	0	0	0	0	1	25	4	4	4	0	0	1	0	0	1	3	1
XMTM2MTM5ODU1Ng==	228	196	193	98	0	47	66	18	9	34	2	0	3	1	1	3	6	8	1	29	2	0	1	0	0	4	2	2	0	0	0
XMTM2MDg0MTIzMg==	107	203	370	144	74	84	74	416	131	59	13	55	64	81	108	104	45	54	47	49	74	67	82	38	34	66	20	36	70	30	0
XMTM2MTA5NzE4OA==	33	20	16	16	1	0	7	6	1	2	2	2	7	1	3	10	15	0	0	22	5	1	2	0	0	4	0	8	0	2	1
XMTM2MTUzMzU4NA==	1157	4880	2442	2293	1770	2287	2056	1765	1006	1582	1149	961	1297	880	808	821	737	679	449	565	526	602	645	447	371	636	339	683	404	620	0
XMTM2MTYyMzg2MA==	508	1853	495	708	366	784	886	643	432	61	85	71	66	175	110	131	130	150	153	126	142	144	141	136	104	199	87	186	104	139	0
XMTM2MTQ1OTQ2MA==	30	9	4	9	0	4	14	19	2	10	0	1	0	0	2	0	2	3	0	21	4	1	1	1	0	1	0	2	2	2	0
XMTM2MTU3OTkwMA==	63	47	45	29	0	10	13	6	5	8	7	1	3	1	1	1	0	2	14	24	6	1	1	0	1	0	2	1	0	1	0
XMTM2MTYzOTUyMA==	267	348	131	212	3	59	73	80	60	58	29	39	22	29	32	18	18	19	4	55	10	16	21	15	4	1	28	19	15	16	0
XMTM2MTUxNjExNg==	54	52	19	5	1	24	12	21	14	1	2	0	6	0	0	1	1	0	2	15	4	0	0	2	3	0	0	0	1	0	0
XMTM2MDk5NDgxMg==	4	3	3	2	0	0	2	3	0	0	0	0	1	1	0	4	2	3	0	9	0	0	1	2	0	1	5	2	0	0	1
XMTM2MDkwMDI4MA==	60	25	7	11	5	22	19	23	30	21	13	1	6	19	2	10	32	0	5	37	0	5	7	11	20	4	9	8	11	7	0
XMTM2MDk4NDIyOA==	56	52	47	54	40	52	86	49	21	55	41	51	69	40	136	108	120	102	101	89	155	39	70	88	70	126	18	92	37	185	0
XMTM2MTEzMzYzNg==	10	5	12	6	0	1	3	7	3	3	0	2	2	0	0	2	0	1	0	10	3	2	1	1	1	4	0	4	2	2	0
XMTM2MTA4Nzg2OA==	23	6	6	8	5	33	9	5	10	6	20	22	6	1	5	5	9	14	1	38	5	4	4	5	2	2	13	16	7	10	0
XMTM2MDk5NDc4MA==	14	6	6	5	0	4	3	4	2	9	6	2	1	2	1	1	1	3	1	27	7	4	3	2	2	2	0	9	4	2	0
XMTM2MTMwMzAxNg==	2607	2927	691	1076	336	1543	1249	876	618	1064	718	685	703	947	633	781	759	754	542	430	759	632	738	750	558	188	140	195	103	100	0
XMTM2MTIzNDkxMg==	125	55	28	30	0	23	38	52	41	23	23	15	10	17	3	19	25	12	13	79	15	4	18	15	20	21	21	13	8	9	0
XMTM2MTYwOTY2NA==	486	909	1088	949	2420	3075	241	237	27	119	180	282	212	191	171	179	367	248	163	142	52070	1326	1326	564	165	233	156	300	270	394	0
XMTM2MTAyMDM2OA==	1193	804	1412	5426	4103	1071	811	718	839	709	379	375	405	61	292	102	294	287	327	1630	1323	306	311	233	185	1571	1309	864	667	546	0
XMTM2MTI5Nzg5Ng==	38	76	51	31	3	17	12	24	4	11	10	2	2	0	11	2	11	4	0	51	4	2	3	2	0	4	2	3	3	2	0
XMTM2MTQzNTgxMg==	49	41	35	19	4	14	9	9	7	2	1	4	1	0	0	0	1	1	0	15	1	3	1	0	0	2	0	0	2	2	0
XMTM2MDgwNTE1Mg==	1610	706	148	60	80	21	1208	2538	2597	1219	682	187	277	191	133	80	86	43	43	49	58	48	56	50	37	41	28	56	178	421	0
XMTI4NzI2MDE4OA==	131	128	72	115	121	52	87	76	52	25	75	115	88	203	77	84	3386	163585	448	312	255	247	202	158	123	156	185	183	193	164	0
XMTI4NzU5MDc0NA==	1537	946	834	791	1156	1023	1284	1587	2574	1436	1452	1938	1887	2074	1823	1544	1165	1401	1521	1489	1542	1387	1502	2567	1609	1730	1589	1454	1303	1051	0
XMTI4NzY2MjI2NA==	2	2	2	0	0	0	1	1	0	0	0	0	0	0	1	1	1	0	0	3	0	1	0	0	0	0	0	1	0	2	1
XMTI4NzY2NDM3Mg==	9	1	0	3	8	8	1	3	3	3	1	1	1	1	0	2	0	1	1	1	0	1	0	0	0	0	0	1	0	0	0
XMTI4Nzc3MzA4OA==	892	402	293	215	216	207	178	196	158	198	323	193	168	184	175	158	154	166	191	182	181	206	131	189	183	149	168	156	127	183	0
XMTI4Nzc3NTg4NA==	2521	2420	2206	554	285	179	154	137	67	103	78	54	62	88	71	50	75	76	53	57	73	50	38	12	29	32	31	56	39	36	0
XMTI4Nzg1NjA2MA==	6344	3685	3379	2176	2676	4451	3638	4179	3482	3852	1898	1590	1453	1500	1371	1272	1370	1561	1708	1822	1712	1396	1382	1712	1860	2987	3384	2136	1373	1153	0
XMTI4Nzk0MTE5Mg==	54	21	57	5	23	10	24	25	15	12	12	5	16	12	8	14	112	13	6	5	6	6	6	11	2	14	11	4	4	8	0
XMTI4Nzk2ODc5Mg==	161	92	54	70	113	59	49	60	41	49	35	39	27	165	16	19	13	33	10	18	24	22	14	6	1	1	3	9	10	17	0
XMTI4Nzk3NDU2NA==	30	38	17	17	17	11	3	13	9	6	8	2	4	13	7	8	7	10	10	5	14	11	8	9	13	12	11	6	8	42	1
XMTI4Nzk4NTI2NA==	658	216	138	93	376	399	209	140	147	64	82	80	60	37	43	45	40	15	9	25	12	18	11	19	17	8	4	13	1	8	0
XMTI4Nzk5MTg5Ng==	120	41	99	40	37	39	27	110	27	22	29	24	20	13	26	37	22	25	23	24	17	30	33	25	26	22	11	9	27	15	0
XMTI4Nzk5NDEyNA==	103	57	53	6	23	28	32	50	29	24	9	8	10	8	5	9	4	7	7	4	4	11	14	4	5	6	3	11	8	4	0
XMTI4Nzk5Njk4NA==	9882	6426	6062	3534	3130	1646	1297	906	240	585	732	595	690	587	697	700	503	427	433	348	351	349	330	320	319	303	350	246	245	260	0
XMTI4Nzk5OTc4MA==	157	27	46	118	269	715	760	541	555	468	455	477	383	314	303	286	507	1000	756	519	497	441	457	566	590	519	505	444	372	410	0
XMTI4Nzk5OTkyMA==	22	8	14	8	13	27	5	8	5	7	4	3	1	5	3	6	4	1	1	4	2	0	1	0	1	1	1	2	0	0	0
XMTI4NzkyOTEzMg==	13	179	637	286	402	481	246	219	135	54	52	86	390	472	203	194	379	417	230	141	108	39	20	23	21	22	32	15	11	17	0
XMTI4ODA0NTA2OA==	32	11	13	12	11	16	14	9	12	13	11	7	7	4	15	22	49	31	31	14	7	7	16	5	5	1	4	0	6	4	0
XMTI4ODA1MTE5Ng==	448	133	157	102	176	216	235	191	178	183	137	123	130	141	154	159	184	142	139	98	126	130	137	120	116	92	110	54	47	52	0
XMTI4ODA1MjMwNA==	635	510	670	112	114	318	104	76	24	22	24	17	15	17	15	22	16	28	16	16	14	16	16	19	16	12	9	11	16	10	0
XMTI4ODA1NDg4NA==	624	206	180	108	143	244	201	112	101	137	129	113	100	110	103	122	157	97	82	104	121	110	158	205	162	175	181	154	155	114	0
XMTI4ODA1NjM5Mg==	192	164	79	47	41	24	24	23	10	6	8	3	4	6	7	3	3	3	2	1	2	2	1	3	3	1	0	4	1	1	0
XMTI4ODA1ODQwNA==	6	1	3	0	1	3	5	2	2	2	0	0	1	1	0	0	1	0	0	0	1	2	2	0	1	0	1	0	0	2	0
XMTI4ODA1ODk0MA==	506	172	157	104	124	130	120	98	109	125	117	77	79	105	86	110	135	97	80	117	127	82	116	116	117	117	92	118	104	84	0
XMTI4ODA2OTAzMg==	5	3	3	5	2	1	1	1	1	2	3	2	1	1	4	7	5	4	1	1	4	5	4	6	5	3	5	9	9	1	0
XMTI4ODA2OTI2NA==	43	40	32	14	21	20	17	9	8	9	6	8	12	10	8	7	6	5	6	6	4	3	1	1	8	6	7	10	5	4	0
XMTI4ODA3MTUyOA==	440	1108	1135	750	227	135	152	125	94	105	108	92	92	127	101	138	177	159	107	119	194	136	154	147	138	131	149	166	162	162	0
XMTI4ODA3MjQ5Ng==	454	170	169	112	95	102	147	123	126	91	90	52	71	51	73	96	64	61	55	56	62	67	54	65	39	49	90	58	38	39	0
XMTI4ODA3Nzc1Mg==	1284	487	532	605	965	1973	2196	1696	971	689	501	396	173	197	165	118	149	120	127	121	85	115	101	114	130	86	87	94	84	74	0
XMTI4ODA3NzkxNg==	38	7	24	4	16	5	8	8	11	8	7	12	15	4	33	9	3	13	7	15	9	18	7	7	4	11	18	2	9	4	0
XMTI4ODA3OTI2MA==	4	0	4	1	3	6	2	6	4	13	1	0	1	1	0	3	5	1	0	0	4	0	0	4	2	2	0	2	2	5	0
XMTI4ODA4NzI3Mg==	145	34	200	102	158	152	53	67	60	112	110	103	125	132	122	83	108	115	82	76	51	47	95	71	54	58	48	44	32	72	0
XMTI4ODA4ODQyNA==	5000	1231	1635	1499	1641	3180	1965	1660	1346	1258	1054	1116	1706	1827	160	713	346	521	706	1240	1136	659	536	549	443	433	808	560	417	355	0
XMTI4ODA4ODkyMA==	104	25	61	88	97	41	10	13	11	14	17	27	19	14	12	11	16	12	9	16	19	9	2	6	12	10	4	7	5	1	0
XMTI4ODA5MDA4OA==	535	171	141	274	127	381	75	91	72	57	88	85	56	22	47	4440	2307	3542	548	1307	1481	4819	2339	0	9113	1534	18124	20720	2247	6634	0
XMTI4ODA5MTI3Mg==	21	18	11	15	20	17	29	6	17	25	17	17	19	18	13	10	11	7	18	8	13	12	24	8	18	4	8	11	12	1	0
XMTI4ODA5MzM0NA==	619	579	813	1750	1744	250	1089	419	285	294	283	291	301	372	300	280	205	214	216	236	233	178	182	186	199	148	138	176	176	160	0
XMTI4ODA5NTI0MA==	12	4	8	2	6	4	4	3	3	4	3	0	1	7	1	0	3	0	2	3	0	1	2	1	2	4	1	5	0	0	0
XMTI4ODA5NjQyNA==	3	1	3	0	0	3	0	0	1	0	0	0	3	1	1	1	1	0	0	0	0	0	0	0	0	0	0	0	0	0	0
XMTI4ODAwOTEyMA==	2	2	2	0	0	1	0	0	0	0	0	0	0	0	0	0	0	0	1	0	1	0	0	0	0	0	0	0	0	0	1
XMTI4ODAxMjQxMg==	19	13	18	10	15	8	3	6	14	0	0	0	2	0	3	4	1	0	2	1	2	1	0	0	0	0	2	0	3	1	1
XMTI4ODAxNDU4MA==	20	3	2	4	5	9	5	18	10	6	2	5	14	15	21	41	48	27	22	11	7	26	24	10	8	36	35	32	35	43	0
XMTI4ODAxNTEyNA==	89	212	213	67	32	20	7	8	4	9	7	7	8	0	2	5	4	9	8	9	3	0	2	1	0	0	1	5	0	0	0
XMTI4ODAxNjE2MA==	24	12	17	6	15	12	8	4	7	9	7	11	6	10	16	24	18	61	19	23	14	21	18	10	8	8	14	13	14	15	0
XMTI4ODAyMTEwNA==	123	88	82	30	55	50	64	57	68	66	46	43	65	73	55	63	37	51	47	63	62	57	72	65	68	102	98	70	76	80	0
XMTI4ODAyMjk1Mg==	119	78	58	28	38	29	23	20	48	45	47	21	17	73	59	88	126	80	52	50	41	38	45	763	602	193	114	72	56	74	0
XMTI4ODAyNTU0OA==	28	13	32	21	31	16	12	7	4	13	9	7	4	5	5	16	42	23	29	6	15	7	11	15	6	3	3	0	4	4	0
XMTI4ODAyNTYwNA==	9	7	3	3	1	3	3	0	0	1	1	0	0	0	2	0	2	0	1	0	0	0	0	2	2	0	4	6	3	2	0
XMTI4ODAyNzY3Mg==	196	92	81	42	57	49	43	32	41	40	41	47	37	40	32	41	50	37	48	40	22	36	32	34	41	24	30	20	19	21	0
XMTI4ODAzMDY0NA==	16	2	0	4	6	5	8	4	6	2	5	4	8	2	8	7	4	5	3	5	6	1	0	3	2	1	0	0	4	2	1
XMTI4ODAzMTkzNg==	6558	3766	3173	1572	1444	1038	989	750	689	498	400	382	366	298	334	329	222	197	167	148	158	178	138	169	125	151	128	133	118	103	0
XMTI4ODAzNDkwNA==	2	0	1	0	0	2	1	0	1	0	0	0	0	0	0	0	0	0	0	0	0	0	0	0	0	0	0	1	0	0	1
XMTI4ODAzNjU0NA==	26	10	6	5	5	8	4	9	10	11	9	7	7	12	9	7	4	3	2	7	4	14	4	5	3	8	8	3	4	8	0
XMTI4ODAzOTQzNg==	2109	1072	920	536	683	677	1033	729	548	477	421	370	320	718	539	454	394	330	338	331	533	426	367	320	282	211	234	456	375	288	0
XMTI4ODE0MjQ3Mg==	519	139	206	141	215	176	163	183	140	156	165	293	299	216	288	428	386	494	378	293	301	323	474	476	406	289	256	287	259	357	0
XMTI4ODE0NzMyNA==	10	4	11	2	1	1	2	0	3	3	2	1	0	0	2	1	1	0	2	1	0	0	3	2	1	0	0	0	0	0	0
XMTI4ODE0OTU2NA==	20	7	8	2	11	2	2	7	2	0	2	2	4	7	6	8	6	8	1	11	7	4	0	4	6	2	12	3	5	0	1
XMTI4ODE0OTUzNg==	53	34	50	34	32	24	34	29	24	35	27	10	20	16	12	18	27	19	14	20	19	22	17	24	16	10	12	13	14	22	0
XMTI4ODE1MjA2MA==	15	6	12	2	6	3	1	3	1	4	2	2	0	0	1	2	0	0	0	0	0	0	0	0	1	0	1	0	0	0	0
XMTI4ODE1MjgxNg==	30	2	8	8	12	9	10	13	6	2	9	5	11	4	8	12	6	6	16	14	9	16	5	5	3	20	8	3	11	9	0
XMTI4ODE1NDAyNA==	15	3	8	3	5	1	14	8	1	6	2	0	9	5	7	12	14	1	12	8	7	6	4	1	7	6	1	11	8	8	0
XMTI4ODE1NTkxNg==	65543	140821	107743	40377	58972	37367	39695	791	710	653	722	623	682	751	827	793	656	421	333	312	762	690	733	549	607	556	608	621	190	448	0
XMTI4ODE1NzUwMA==	35	11	13	17	14	6	9	12	12	13	4	6	1	5	3	4	12	7	11	8	3	9	11	10	9	9	8	8	3	5	0
XMTI4ODE1OTg0MA==	24	14	11	11	7	11	15	4	5	1	5	4	1	0	0	1	3	1	0	1	0	0	2	0	0	1	1	0	0	1	0
XMTI4ODE2MjY2OA==	1276	1148	888	1043	711	109	111	93	103	638	58	33	77	82	46	38	48	38	46	43	48	40	38	26	14	28	32	21	32	33	0
XMTI4ODE2NTM4NA==	39	37	24	13	8	3	4	1	0	3	1	1	0	0	4	1	2	4	1	1	0	0	0	0	0	0	0	0	1	0	0
XMTI4ODE3MDYyNA==	293	210	222	240	168	116	194	91	166	179	178	150	126	131	189	120	229	189	218	107	79	155	230	191	177	181	112	47	62	48	0
XMTI4ODE3MTAwNA==	68	11	91	16	59	3	0	79	31	7	6	0	1	4	2	1	1	0	2	0	0	0	0	1	1	0	1	0	5	1	1
XMTI4ODE3MzI4OA==	10	6	0	0	10	8	7	7	3	3	7	2	2	5	7	2	5	6	0	2	4	3	9	5	9	1	4	0	2	1	0
XMTI4ODE3NTEwOA==	1857	794	920	647	780	97	157	196	197	79	89	72	68	58	71	55	72	44	70	57	41	31	24	25	22	32	39	29	35	27	0
XMTI4ODE3NjEwNA==	165	32	99	118	14	11	7	77	14	11	4	3	2	1	1	10	0	5	47	50	12	49	40	29	52	2	4	5	8	8	0
XMTI4ODE3OTg4NA==	246	122	196	102	58	43	31	13	17	18	27	42	23	22	16	16	8	7	11	16	10	4	7	5	3	1	0	2	0	2	0
XMTI4ODE4MTIzNg==	67	11	39	18	32	16	25	46	14	19	21	14	29	75	18	19	11	31	19	14	23	91	12	7	3	10	6	2	2	3	0
XMTI4ODE4Mjk4NA==	16	5	8	5	11	7	6	8	5	6	5	9	8	7	13	10	5	10	12	12	6	4	2	9	12	12	5	2	8	10	0
XMTI4ODE4OTE5Ng==	1089	136	357	353	459	372	423	330	286	252	258	236	230	81	27	386	307	204	283	362	369	552	502	622	579	528	635	644	516	470	0
XMTI4ODE5NDA3Mg==	7	4	1	2	2	5	1	0	4	5	0	1	0	0	2	1	0	2	0	2	2	1	1	3	0	2	0	1	1	0	0
XMTI4ODE5NDUwNA==	852	211	311	389	458	283	245	193	276	204	169	148	141	54	17	157	159	122	214	273	278	250	233	296	299	280	311	311	321	275	0
XMTI4ODE5NDYyMA==	79	105	74	46	45	123	58	48	55	134	41	29	32	29	37	62	56	38	62	46	53	94	37	30	27	36	51	48	20	39	0
XMTI4ODE5OTg4NA==	15164	11091	10709	4336	4224	3596	3831	3268	2678	2281	2303	1959	1652	1741	1810	1585	1156	1165	1315	1373	1304	1229	1277	1196	1076	1161	1049	1149	1049	966	0
XMTI4ODEwMTM3Ng==	4033	3494	8881	5533	3837	4929	2923	1947	2337	3289	2877	2486	1675	656	1840	1704	3351	1759	1027	780	173	1055	764	816	511	507	305	533	295	286	0
XMTI4ODEwNDE5Ng==	697	168	741	225	253	150	103	72	87	103	181	102	76	70	71	52	48	49	63	55	45	34	50	43	43	44	40	26	45	41	0
XMTI4ODEwNTEyNA==	492	146	170	129	176	158	97	82	99	85	72	77	64	86	83	74	78	74	52	66	37	32	43	29	31	34	31	44	40	31	0
XMTI4ODEwNTI0MA==	7720	5538	3197	3903	2202	945	1026	790	658	180	414	207	556	392	382	553	585	548	407	369	388	287	244	196	202	177	182	156	185	146	0
XMTI4ODEwNTg2OA==	11507	6369	3789	2468	3006	1652	2750	2053	976	1237	673	802	1778	2081	569	910	472	350	282	333	361	287	309	341	321	305	329	58	175	95	0
XMTI4ODExMTQwNA==	7456	1486	4422	3593	1956	2941	3376	1565	2766	2375	2378	3184	3827	3474	2274	3156	2417	2346	1842	1451	2268	1770	2636	2677	1092	2800	2369	1974	1867	1737	0
XMTI4ODExMTkyOA==	22	1	17	10	17	2	0	0	0	1	1	0	5	4	3	2	0	1	2	1	0	2	1	3	5	1	2	1	2	2	0
XMTI4ODExMzc0OA==	4	1	4	1	1	0	5	0	0	0	0	0	0	0	0	0	0	0	0	0	0	0	0	0	0	0	0	0	0	0	0
XMTI4ODExNDQ3Mg==	19	9	26	4	3	6	10	4	4	2	5	4	1	0	7	2	1	1	0	1	3	0	9	0	1	0	1	3	0	0	0
XMTI4ODExNDkxNg==	164	374	160	88	77	86	67	71	40	23	27	16	2	6	7	4	5	6	3	9	2	12	9	12	8	7	5	6	6	6	0
XMTI4ODExNTIwNA==	14396	17224	10568	7618	9366	10712	6552	3721	3461	963	1514	1332	1189	1011	53	814	685	770	691	587	686	724	727	611	56	492	89	492	507	706	0
XMTI4ODEyMTI4NA==	49	8	17	10	10	14	19	12	17	16	10	8	13	9	4	3	11	15	6	6	5	12	8	7	15	12	13	3	14	13	0
XMTI4ODEyMzI4NA==	397	120	191	85	81	67	219	28	28	24	24	16	11	18	5	12	5	11	13	7	7	5	11	5	2	1	5	3	5	5	0
XMTI4ODEyNTc5Ng==	142	104	80	29	24	38	25	40	43	15	15	19	19	21	23	26	19	14	16	13	11	15	14	25	16	7	20	24	15	11	0
XMTI4ODEzMDMzMg==	96	8	17	10	29	52	51	101	71	2	13	37	18	17	15	27	16	20	9	21	13	16	9	20	27	13	16	9	9	12	0
XMTI4ODEzMTE0OA==	100	97	34	30	31	25	14	5	2	1	0	0	0	1	0	0	0	0	0	1	0	1	0	0	0	0	0	0	0	0	0
XMTI4ODEzMTQ1Ng==	31650	21677	59827	43609	26622	1954	2902	2208	428	2065	2356	2915	1814	2386	1510	1847	2879	3023	1350	1350	75	1176	1102	1624	1575	1130	989	1492	112	1405	0
XMTI4ODEzMTYzNg==	358	537	322	29	191	37	25	42	435	192	96	93	90	51	17	58	54	355	33	36	41	30	26	34	28	23	33	24	9	384	0
XMTI4ODEzMjc2NA==	28	8	7	22	21	0	0	0	0	0	0	0	0	0	0	0	0	0	0	0	1	0	1	0	0	0	0	0	0	0	0
XMTI4ODEzNjg0OA==	2657	738	2223	1230	1244	1168	103	798	661	498	438	393	405	390	292	285	252	212	192	213	224	160	152	153	140	131	140	142	119	121	0
XMTI4ODEzNzEyNA==	7221	3343	2850	2428	2198	1338	2219	1403	1167	1210	118	911	989	1005	753	661	551	542	431	48	310	143	224	322	315	300	265	339	256	267	0
XMTI4ODI0MDk4NA==	130	59	41	52	79	41	34	54	67	84	71	81	141	140	112	165	219	205	104	95	110	108	101	107	94	78	67	77	82	78	0
XMTI4ODI0MTI0MA==	45	84	16	20	84	8	10	18	15	10	17	71	11	11	13	7	19	17	18	12	15	28	26	22	16	15	18	24	106	49	0
XMTI4ODI0MjI4MA==	1126	553	615	477	489	329	404	245	247	331	228	245	196	191	255	388	392	351	429	519	426	353	255	290	347	408	491	402	391	377	0
XMTI4ODI0NTM2NA==	17	1	9	6	10	3	9	5	5	3	3	2	0	5	3	6	11	5	10	8	18	7	13	7	7	7	7	11	8	8	0
XMTI4ODI0OTUyMA==	9	20	16	17	5	1	0	0	0	0	1	0	0	0	0	0	0	0	0	0	0	0	0	0	0	0	0	0	0	0	0
XMTI4ODI1MDUzMg==	656	280	308	195	220	151	142	59	126	144	204	186	226	279	250	241	225	279	216	141	106	50	77	17	94	67	62	85	81	129	0
XMTI4ODI1NDI2NA==	43	30	24	15	17	7	9	12	11	10	5	1	1	2	1	3	1	1	0	15	3	3	4	6	3	3	3	0	3	1	0
XMTI4ODI2MTkxMg==	690	192	300	270	639	607	369	252	384	409	459	439	443	557	579	628	633	602	623	633	721	578	713	801	1059	832	490	505	413	464	0
XMTI4ODI2NDI3Ng==	10	12	87	63	45	62	4	6	0	0	0	0	0	0	0	0	0	0	0	0	1	0	0	0	0	0	0	0	0	0	0
XMTI4ODI2NDk2MA==	1	1	0	0	0	0	1	1	0	0	0	0	0	0	0	0	0	0	1	0	0	0	0	0	0	0	0	0	0	0	1
XMTI4ODI2NTc0OA==	881	323	250	433	532	349	283	199	204	172	250	280	244	171	104	126	91	105	97	116	90	68	78	88	72	87	101	112	85	70	0
XMTI4ODI2ODg4NA==	16	7	4	11	3	3	14	1	1	0	2	2	3	2	4	1	4	1	5	6	0	1	4	4	2	3	3	1	0	3	0
XMTI4ODI3NTE4OA==	298	161	205	65	51	49	31	29	35	38	25	22	19	20	17	11	23	11	11	14	147	16	13	15	17	17	15	12	14	2	0
XMTI4ODI4MDkwOA==	1635	988	748	571	397	283	256	272	305	264	260	206	209	160	155	181	191	160	138	143	163	149	178	168	142	160	153	121	72	80	0
XMTI4ODI4MjI3Mg==	1533	383	400	860	1560	1225	1397	1168	1010	1098	1147	1036	1142	186	1345	1454	1216	1288	1186	1162	1356	1232	1226	295	1012	1089	1027	989	1037	999	0
XMTI4ODI4MjcyOA==	25	10	1	11	8	16	15	8	8	15	23	26	13	26	19	18	14	10	17	17	19	12	22	23	22	14	18	16	13	9	1
XMTI4ODI4NDYzMg==	277	173	336	474	246	160	179	166	177	170	290	201	94	101	141	99	66	218	229	126	101	73	77	95	141	86	64	69	81	72	0
XMTI4ODI4NjA1Mg==	209	130	149	79	102	111	116	6	80	84	127	114	104	107	109	126	130	174	208	139	161	107	137	147	139	124	138	122	124	110	0
XMTI4ODI4ODgxNg==	327	315	221	194	298	321	301	416	766	859	770	856	977	974	1163	1327	1489	1538	1760	1461	1358	1205	1034	18	1057	1336	1151	1428	1065	1286	0
XMTI4ODI5MTc0MA==	12	3	0	0	1	1	11	18	11	6	9	8	2	3	4	7	15	2	4	20	9	6	2	3	0	3	3	2	1	1	1
XMTI4ODI5MzAxMg==	60	87	64	48	58	68	74	11	49	80	76	67	155	305	303	203	188	172	210	194	178	159	147	157	163	95	96	50	74	105	0
XMTI4ODI5Mzc2OA==	180	96	138	76	95	71	64	75	65	59	61	64	55	82	67	55	55	104	100	94	103	111	160	130	163	120	153	113	120	111	0
XMTI4ODI5NTIxNg==	9	1	5	0	0	6	4	2	2	5	2	4	1	2	3	2	1	8	4	4	4	1	3	2	6	2	5	1	1	3	1
XMTI4ODI5NjM2MA==	2131	625	734	901	1195	658	845	806	702	623	735	582	526	316	385	375	214	266	296	323	258	202	246	317	342	366	332	285	286	275	0
XMTI4ODI5OTA1Mg==	2385	2085	1304	1343	811	753	931	808	792	712	1803	554	649	590	619	635	588	638	658	646	743	714	722	592	528	586	574	512	436	551	0
XMTI4ODIwMDk1Mg==	71	32	35	19	24	18	15	11	12	13	10	12	9	13	14	15	12	11	5	11	10	11	10	4	10	5	6	4	9	1	0
XMTI4ODIwMjAyOA==	3	2	1	1	10	3	2	6	9	10	7	7	3	5	5	1	2	1	2	5	4	1	2	1	2	1	1	1	2	1	0
XMTI4ODIwODQ0OA==	4569	5879	5217	1600	808	378	338	513	428	185	221	179	215	156	143	208	160	114	129	189	132	168	200	235	354	334	318	389	340	455	0
XMTI4ODIwOTExMg==	77	32	38	66	75	50	51	61	55	61	76	73	34	3	6	10	457	48	37	15	30	18	10	45	18	13	2	2	1	5	0
XMTI4ODIyMDE2MA==	34	13	18	10	9	7	10	5	6	11	10	5	5	1	0	2	3	6	8	2	2	3	6	6	8	5	6	5	3	6	0
XMTI4ODIyMjEyOA==	11	3	3	2	8	4	4	6	0	2	2	0	1	1	1	1	9	2	1	0	1	0	0	9	6	3	2	0	0	0	0
XMTI4ODIyNDI4MA==	11	8	9	4	8	8	7	19	9	9	4	1	2	42	7	6	10	2	18	3	4	2	5	4	5	2	5	32	3	2	0
XMTI4ODIyNTAwMA==	23	24	31	21	21	12	11	12	15	17	9	8	23	17	11	14	20	15	15	24	13	12	19	23	13	30	18	9	13	11	0
XMTI4ODIyNjA1Ng==	592	293	530	141	98	71	48	56	34	46	34	54	28	25	13	26	30	25	12	15	8	12	5	0	11	5	5	2	11	6	0
XMTI4ODIyNjcyOA==	48	82	61	77	76	10	3	1	6	1	0	5	2	1	5	0	2	0	0	0	1	1	1	0	1	3	2	7	2	1	0
XMTI4ODIyNjgwNA==	119	207	111	19	33	79	26	28	22	17	15	20	5	14	33	266	13	5	5	11	23	15	11	11	6	2	10	2	171	15	0
XMTI4ODIyNzcwMA==	1	0	1	0	0	0	1	1	0	0	2	1	0	0	1	0	6	0	0	1	3	0	0	2	0	0	0	0	0	0	1
XMTI4ODIzMDk2NA==	2	0	1	2	2	0	0	0	0	0	0	1	0	0	0	0	0	0	0	0	0	0	0	0	0	0	0	0	0	0	1
XMTI4ODIzMjQ2NA==	13	0	1	22	17	7	11	12	18	5	5	6	1	0	2	2	1	1	0	1	1	2	2	0	2	3	0	0	0	0	1
XMTI4ODIzNzcwNA==	13	2	0	4	5	9	6	1	5	9	0	0	1	0	0	2	1	0	2	5	13	1	2	0	4	0	0	0	1	0	1
XMTI4ODM0MjU4MA==	2534	2553	3299	3283	5380	2277	200	531	358	377	368	296	283	368	346	304	232	260	247	232	191	137	163	183	214	131	113	113	138	169	0
XMTI4ODM0NDQ2NA==	226	26	143	20	77	28	15	133	18	6	12	6	11	141	12	9	9	10	4	9	110	6	17	12	2	1	0	2	2	0	0
XMTI4ODM0NjM2OA==	15	6	5	4	6	2	8	6	1	4	1	1	5	4	3	4	3	0	4	2	6	3	3	3	1	1	5	1	0	0	0
XMTI4ODM1MzU4NA==	6	1	5	8	2	0	1	3	1	0	0	0	0	0	2	3	0	0	0	0	0	0	1	0	1	0	0	0	0	0	0
XMTI4ODM1NTI0MA==	120	52	65	63	48	40	54	33	41	45	27	22	34	46	35	26	26	52	130	13	25	28	34	23	30	33	41	40	27	27	0
XMTI4ODM2NDU0OA==	39	22	7	178	83	18	103	123	17	14	16	10	9	4	5	71	3	4	2	2	5	2	1	3	1	1	0	11	6	6	0
XMTI4ODM2NDg4NA==	539	130	208	154	188	177	116	101	77	98	75	47	44	28	18	20	39	42	58	50	25	14	14	20	12	5	16	16	10	5	0
XMTI4ODM2ODYyOA==	1252	2494	3129	1225	1033	843	944	2033	1915	851	586	101	92	88	71	57	43	43	31	32	30	39	29	39	86	63	70	38	24	28	0
XMTI4ODM2ODgxNg==	16	6	21	37	57	7	47	42	33	20	31	23	24	38	20	23	47	25	57	38	28	30	35	31	29	19	28	3	21	9	0
XMTI4ODM2ODk5Mg==	14	0	6	5	8	3	6	1	1	0	0	0	1	0	0	0	0	0	1	0	0	0	0	0	0	0	0	0	0	0	0
XMTI4ODM2OTE4OA==	28	5	14	11	7	13	8	8	1	0	1	5	1	3	1	3	1	1	0	3	2	1	0	0	1	3	0	0	0	0	0
XMTI4ODM3MTI4NA==	179	120	72	48	70	46	27	40	10	13	12	10	14	13	11	12	21	10	10	15	7	12	6	1	6	7	8	4	15	8	0
XMTI4ODM3NzU0MA==	4	4	8	10	4	0	1	3	3	1	8	1	1	1	0	0	1	0	0	0	0	0	1	0	0	1	1	0	1	0	0
XMTI4ODM4MDg0OA==	9	5	9	3	3	0	1	2	2	0	0	0	1	1	6	5	1	0	6	3	0	0	0	1	1	2	3	3	1	0	0
XMTI4ODM4MTA3Ng==	18	8	9	8	4	7	5	2	16	9	3	3	1	9	4	4	8	8	2	6	7	7	3	4	7	7	5	4	1	8	0
XMTI4ODM4NDA4MA==	749	1985	602	384	547	503	469	372	349	252	138	1159	1978	2017	934	169	114	115	1542	1103	2261	1056	237	200	131	127	101	86	90	91	0
XMTI4ODM4NTAyOA==	160	100	74	30	37	43	24	30	130	24	26	24	17	20	14	25	27	118	25	16	23	22	17	17	8	12	14	15	10	19	0
XMTI4ODM4ODEyMA==	3	3	0	1	1	2	1	3	1	1	0	1	1	0	0	0	1	0	1	0	1	0	0	2	0	1	0	1	0	0	1
XMTI4ODM5MTAzNg==	0	0	0	0	0	0	0	0	0	0	0	0	0	0	0	0	0	0	0	0	0	0	0	0	0	1	0	0	0	0	0
XMTI4ODM5MTI1Ng==	56	15	53	34	29	4	3	1	2	0	0	0	0	1	0	1	0	0	0	0	2	0	0	0	0	0	0	0	0	0	0
XMTI4ODM5MTY3Mg==	136	50	42	36	28	42	25	25	26	17	21	20	12	11	5	8	7	14	6	11	6	10	7	8	11	14	18	4	2	4	0
XMTI4ODM5MTc0MA==	216	163	84	49	60	106	44	19	33	32	44	31	124	22	27	29	28	27	27	24	24	46	53	51	50	22	47	48	27	43	0
XMTI4ODM5MjAwNA==	76	56	32	28	50	5	1	3	2	2	0	0	0	1	0	1	0	0	0	0	1	1	0	0	0	0	1	2	1	4	0
XMTI4ODM5MjI0MA==	204	59	320	428	516	34	21	10	5	1	0	6	3	5	5	12	4	4	5	2	1	2	4	2	2	5	2	2	0	0	0
XMTI4ODM5MjU2MA==	315	103	152	182	214	29	43	4	3	4	3	3	6	3	6	2	3	5	7	0	6	1	5	5	1	2	2	2	4	1	0
XMTI4ODM5MzM1Ng==	348	90	135	179	207	204	175	36	23	20	11	13	16	7	6	3	7	3	3	1	0	5	2	3	4	0	0	1	1	3	0
XMTI4ODMwMDkxNg==	924	752	1251	2954	2651	287	262	153	87	2339	2506	1724	589	183	17	4	2	3	1	5	4	6	8	1	97	302	201	169	114	21	0
XMTI4ODMwMzk0OA==	6	1	3	4	0	4	0	0	3	5	0	0	0	0	1	1	0	0	0	0	0	0	2	0	0	0	0	0	0	0	1
XMTI4ODMwNDU2OA==	21	11	6	5	3	4	4	2	8	13	10	9	8	14	14	19	30	36	22	14	19	26	35	32	37	36	30	32	46	44	0
XMTI4ODMwNjM5Ng==	35	5	26	7	11	8	7	5	8	3	3	2	1	2	3	2	1	0	1	4	2	0	1	4	9	10	5	0	3	5	0
XMTI4ODMwOTE2NA==	1081	1045	1415	969	844	1327	878	667	682	573	663	577	683	691	609	509	432	520	560	504	581	521	557	531	573	801	1614	1344	1272	1113	0
XMTI4ODMxMDEzNg==	174	48	109	66	39	97	6	3	4	1	0	1	0	1	1	2	2	0	0	1	3	1	1	0	0	2	5	1	0	0	0
XMTI4ODMxMDM1Ng==	6	5	3	1	0	2	2	0	1	0	0	1	2	0	0	0	0	1	0	1	0	1	0	0	2	1	2	1	0	0	0
XMTI4ODMxNTEwNA==	74	28	29	40	24	10	7	10	3	15	6	12	5	1	3	1	3	31	7	3	3	1	0	9	1	5	2	4	2	1	0
XMTI4ODMxNTk0MA==	294	110	102	79	63	91	78	46	40	36	51	39	36	46	34	73	47	56	59	66	64	68	59	65	67	54	52	245	41	57	0
XMTI4ODMxNjI1Mg==	10	1	6	3	4	6	2	0	1	0	1	1	4	5	7	3	1	2	1	0	1	4	0	1	2	1	1	3	4	2	0
XMTI4ODMxNjg1Ng==	51	16	16	45	51	32	30	24	30	15	19	16	7	9	10	10	7	9	4	1045	7	14	3	7	7	7	1	1	5	7	1
XMTI4ODMxODI2OA==	11934	15486	20598	12237	20564	31107	19442	12183	14471	13945	15686	12991	17050	10047	12663	12083	9389	11535	9032	10461	14839	8137	8835	8071	8371	7271	13358	10378	8303	4765	0
XMTI4ODMyMTQ0MA==	20	24	43	39	10	14	7	2	1	1	6	2	2	7	6	8	1	0	1	2	1	1	0	0	0	0	1	0	0	0	0
XMTI4ODMyMjQyNA==	195	81	91	69	83	99	68	26	41	26	27	24	49	51	49	23	21	24	18	30	26	24	12	15	21	10	16	14	12	8	0
XMTI4ODMyMjgwMA==	5858	4646	2988	1769	1452	826	808	606	568	586	599	600	430	408	424	537	519	539	650	766	496	571	464	424	339	373	340	371	286	298	0
XMTI4ODMyMzUwNA==	1279	626	624	528	735	779	894	459	357	375	360	341	354	418	340	370	405	394	334	328	387	362	328	370	357	350	359	386	381	368	0
XMTI4ODMyNTUwOA==	726	907	890	318	805	339	758	328	420	426	288	941	328	487	1359	353	222	265	286	1373	303	222	224	252	218	216	413	316	1387	241	0
XMTI4ODMyNzc5Mg==	253	117	105	79	113	96	124	87	78	109	125	148	154	221	183	180	236	228	206	200	192	190	222	294	248	190	249	158	179	242	0
XMTI4ODMyOTg1Mg==	1312	865	940	443	984	129	167	65	56	50	40	42	41	61	28	24	21	22	21	16	18	13	10	20	20	11	22	7	7	4	0
XMTI4ODMzMDQ3Mg==	1024	672	1263	988	1124	1437	2345	973	845	760	784	572	695	725	499	422	460	425	450	1521	582	457	347	336	210	169	334	280	232	182	0
XMTI4ODMzMDUyMA==	8	4	60	13422	13140	10829	16750	12992	23731	12760	23095	18090	13411	2331	895	1763	586	2114	541	2035	1385	1352	1410	391	1856	397	1971	1302	1361	87	0
XMTI4ODMzMjI2MA==	5	10	10	13	6	0	1	0	2	1	0	0	2	0	15	55	1	4	0	0	0	1	0	0	0	0	0	0	1	0	0
XMTI4ODMzMzMyOA==	284	98	119	100	215	122	90	92	82	69	66	38	8	11	9	17	13	3	9	11	11	10	8	4	6	6	7	2	5	5	0
XMTI4ODMzNDYzNg==	2410	1094	1527	686	549	276	359	279	457	361	300	270	186	204	188	210	155	167	165	124	168	165	166	197	216	194	131	158	129	160	0
XMTI4ODMzNzkxMg==	548	185	211	160	169	149	131	117	95	141	100	88	103	107	97	106	141	143	145	119	117	133	173	163	146	139	147	172	282	257	0
XMTI4ODQ0MDA5Mg==	101	112	100	54	21	61	70	60	68	71	57	74	52	64	79	86	62	67	75	98	89	101	120	100	99	96	105	83	84	151	0
XMTI4ODQ0MDM3Mg==	757	371	123	445	133	376	138	50	7	12	6	2	9	7	9	12	7	4	0	9	9	2	2	3	4	5	3	2	3	4	0
XMTI4ODQ0MjQ4OA==	109	51	78	49	55	35	17	7	5	6	7	8	7	8	1	1	12	3	4	4	8	6	1	5	8	3	2	5	1	1	0
XMTI4ODQ0Mzc5Mg==	368	547	167	111	126	155	209	228	119	147	135	93	146	156	86	174	178	106	138	145	156	186	102	118	72	107	102	135	70	79	0
XMTI4ODQ0NDExNg==	155	10	125	199	43	41	184	31	57	34	146	17	6	5	4	6	4	2	9	11	3	2	3	2	4	4	2	1	2	2	0
XMTI4ODQ0NjUyNA==	11	2	5	2	1	1	5	11	4	0	3	1	2	2	0	2	2	5	5	0	2	16	11	2	4	3	8	1	3	3	1
XMTI4ODQ1MjUzMg==	74	102	57	36	107	28	14	20	13	21	22	11	7	5	19	65	12	17	5	14	4	8	9	3	10	2	1	4	3	2	0
XMTI4ODQ1MzU3Mg==	399	192	105	81	120	87	84	101	56	76	55	47	47	35	43	46	74	58	33	31	33	25	31	49	33	34	40	39	19	33	0
XMTI4ODQ1NDc2MA==	32	15	13	12	14	3	4	11	7	1	2	1	2	3	1	0	1	0	3	1	2	2	0	2	0	0	2	0	2	0	0
XMTI4ODQ2NTI5Ng==	25	1	21	4	1	7	19	10	2	0	4	1	0	1	2	7	1	1	7	6	3	0	0	1	1	1	1	2	5	6	0
XMTI4ODQ2NzE0OA==	21	20	9	8	2	4	1	0	1	7	0	0	0	0	0	3	3	0	1	0	0	0	0	0	0	0	1	0	1	0	0
XMTI4ODQ2Nzc5Ng==	173	128	98	244	36	23	18	9	12	28	22	30	16	10	16	23	20	5	0	1	0	0	0	5	0	1	1	0	0	0	0
XMTI4ODQ2ODI3Mg==	73	43	34	10	15	6	11	10	40	3	0	2	1	0	0	0	1	0	0	2	0	0	0	0	2	1	0	0	0	0	0
XMTI4ODQ2ODQwMA==	11	12	2	10	12	8	17	3	5	4	1	1	3	5	1	0	1	2	0	2	0	11	12	8	7	4	9	1	1	4	1
XMTI4ODQ2ODc4NA==	147	104	51	43	52	61	45	48	80	80	59	65	70	80	82	73	56	56	65	49	58	52	145	111	132	118	152	190	204	210	0
XMTI4ODQ3MzQyNA==	2047	2207	3060	1449	1189	530	611	483	617	837	593	568	544	512	522	548	434	527	604	492	461	461	540	561	538	568	590	607	570	577	0
XMTI4ODQ3Mzc5Ng==	223	150	287	243	364	931	1186	1108	1416	1897	2132	2921	3026	3350	6045	7846	6017	5744	3737	5872	4232	4403	3247	3315	7570	10373	8373	5099	5288	3645	0
XMTI4ODQ3NzI0OA==	125	8	16	29	29	92	15	64	13	2	5	4	1	2	3	6	0	2	1	3	0	1	2	3	1	2	3	1	0	2	0
XMTI4ODQ3ODQwMA==	10	9	4	1	4	2	3	0	1	0	0	0	0	0	0	0	0	0	0	1	1	1	0	1	4	1	1	4	2	0	0
XMTI4ODQ4MDU3Ng==	10	1	11	8	16	2	10	14	7	8	10	7	5	2	2	7	0	2	0	2	3	4	2	7	1	1	2	5	8	4	0
XMTI4ODQ4MTIyNA==	1534	1591	1986	1752	1684	1374	2019	2328	1855	1418	1432	1090	1089	1656	1587	1063	765	792	761	789	878	788	816	911	640	547	427	331	352	291	0
XMTI4ODQ4MjA5Ng==	17	6	7	7	8	7	1	1	6	3	6	6	2	4	5	6	3	2	7	4	4	4	2	5	1	2	0	3	0	3	0
XMTI4ODQ4Mjk2OA==	146	145	110	36	28	27	35	18	97	22	27	31	10	31	25	19	24	24	39	20	34	24	31	9	38	47	46	34	27	26	0
XMTI4ODQ4NTE5Ng==	116	57	41	13	44	24	34	25	21	20	9	23	16	10	13	13	18	33	22	17	17	3	9	32	12	5	6	9	4	5	0
XMTI4ODQ4NTQyNA==	278	470	684	245	259	712	510	183	347	156	33	32	42	21	34	33	61	84	61	66	82	77	74	93	113	89	102	73	41	39	0
XMTI4ODQ4NTc0NA==	174	483	321	168	139	93	97	60	62	48	37	22	14	20	17	39	44	39	15	20	7	10	7	13	9	2	12	22	14	5	0
XMTI4ODQ5MzY4OA==	17	6	8	12	9	1	8	3	0	0	0	0	1	1	7	6	2	4	1	1	5	0	1	4	2	1	2	2	3	2	0
XMTI4ODQ5Mzc2OA==	562	212	1262	1229	939	205	193	1786	326	186	141	135	122	136	107	60	78	71	48	72	76	77	89	91	63	71	84	81	90	59	0
XMTI4ODQ5NDE1Ng==	195	80	146	91	111	150	113	115	90	80	90	67	84	85	109	105	187	386	300	273	293	262	190	204	251	182	154	170	143	147	0
XMTI4ODQ5NjI4MA==	972	394	421	250	232	165	135	176	539	452	507	433	428	554	449	507	395	249	219	460	484	472	515	499	463	461	422	379	366	360	0
XMTI4ODQ5NzU3Mg==	352	191	149	42	334	408	61	23	4	36	214	17	8	13	12	9	11	6	9	11	22	9	11	14	8	16	11	7	3	7	0
XMTI4ODQwNzA1Mg==	134	208	241	188	143	54	177	62	57	25	242	42	38	116	362	81	40	27	18	11	15	14	6	4	16	13	24	8	294	9	0
XMTI4ODQxMDc1Ng==	162	14	174	19	155	6	20	10	19	35	22	17	30	14	9	9	7	9	25	52	105	12	15	17	17	9	8	19	21	12	0
XMTI4ODQxMTQ2MA==	1	1	0	1	1	0	0	0	0	0	7	0	5	2	3	1	1	0	1	0	0	1	0	0	0	0	0	0	0	2	1
XMTI4ODQxMTg4OA==	23	16	12	6	0	10	6	3	5	5	6	2	9	9	8	7	4	2	14	6	16	9	7	6	10	3	9	3	3	2	0
XMTI4ODQxMjQ1Mg==	12	11	7	7	2	4	7	0	6	4	7	5	5	2	3	1	2	3	7	4	11	2	1	5	1	4	1	2	4	4	0
XMTI4ODQxMjc2NA==	61	69	76	28	35	17	7	13	8	12	10	19	12	3	8	10	21	3	5	4	9	7	6	6	11	2	3	6	3	3	0
XMTI4ODQxNDc0NA==	6	20	15	17	28	0	0	0	0	0	0	0	0	0	0	0	0	1	0	0	0	0	0	0	0	0	0	0	0	0	0
XMTI4ODQxNzU4MA==	5578	2369	4935	1972	2100	1299	1086	765	620	596	540	466	366	337	298	303	247	253	202	206	216	219	150	137	141	134	144	99	134	90	0
XMTI4ODQxODI5Ng==	137	60	117	49	71	17	92	20	21	25	25	26	17	7	14	28	26	22	19	37	24	22	41	15	27	24	25	18	20	15	0
XMTI4ODQxODM2MA==	1	1	0	1	1	0	2	2	1	0	0	0	0	0	0	0	0	0	2	2	2	0	0	1	1	0	0	0	0	0	1
XMTI4ODQyMTA4NA==	61	43	36	12	23	37	61	140	85	83	65	148	59	84	67	39	56	55	36	73	223	42	32	32	40	32	29	33	21	20	0
XMTI4ODQyNTgxMg==	27	29	23	9	1	5	5	5	2	1	2	2	3	6	3	3	2	1	6	0	2	2	1	3	1	1	4	1	1	0	0
XMTI4ODQyODE0NA==	7	2	6	1	1	1	1	1	2	2	3	3	0	5	1	7	2	3	3	2	1	2	3	1	2	15	0	0	2	4	0
XMTI4ODQyOTU3Ng==	53	109	186	151	170	83	118	98	71	49	90	45	63	89	73	76	103	98	77	59	135	98	68	104	91	48	42	43	42	41	0
XMTI4ODQzMjE0MA==	910	555	2028	951	683	660	1005	1508	1087	537	508	424	431	472	578	596	797	705	517	479	479	490	522	487	677	530	551	567	427	479	0
XMTI4ODQzMzMwMA==	4	1	2	2	1	0	2	1	0	0	0	2	1	0	0	0	1	0	1	0	0	2	0	1	0	0	0	1	1	2	0
XMTI4ODQzMzc5Mg==	133	79	131	70	75	40	22	18	18	17	16	5	8	18	11	5	4	8	2	4	5	7	6	5	3	5	22	16	15	4	0
XMTI4ODQzNjMwNA==	1439	1360	1154	168	115	63	81	53	37	55	21	36	35	35	19	24	22	37	29	18	21	7	16	12	10	14	17	9	17	13	0
XMTI4ODQzNjYyMA==	304	93	113	56	184	268	86	113	362	242	136	113	125	106	356	98	121	229	163	155	153	68	434	42	57	32	55	40	86	51	0
XMTI4ODU0NDE5Ng==	18325	16585	8956	4927	4870	1738	2396	1375	967	924	794	525	889	743	234	214	239	230	208	171	248	226	165	127	215	238	168	159	176	130	0
XMTI4ODU0NjE4OA==	27	16	18	3	6	11	2	5	6	18	7	6	5	3	10	10	10	8	11	9	3	10	5	6	15	7	4	6	3	6	0
XMTI4ODU0NjI3Ng==	19	9	15	12	3	3	3	3	8	7	3	1	2	3	4	8	3	4	4	2	1	2	3	2	5	5	1	4	5	2	0
XMTI4ODU0Njk1Mg==	513641	303073	496103	240638	406403	238826	303284	35025	36454	34021	19255	16582	18035	15888	16317	16614	20005	20120	16989	18565	18026	15522	14121	14107	5109	852	718	660	8388	704	0
XMTI4ODU0NzM1Ng==	27	21	3	15	8	18	16	10	9	13	8	6	7	15	16	6	9	13	5	7	9	11	6	17	16	7	8	12	12	12	0
XMTI4ODU0ODg0NA==	823	1400	850	890	497	343	803	363	304	247	221	173	959	155	193	152	146	142	119	993	118	128	110	107	102	112	1251	115	110	74	0
XMTI4ODU0OTM2OA==	2273	1236	1128	753	597	399	408	305	274	194	228	224	245	198	210	207	240	216	251	269	436	514	559	546	749	936	976	1172	1231	1383	0
XMTI4ODU1MTU5Ng==	677	1011	1061	661	1472	122	1898	54	43	34	28	20	28	22	21	17	37	24	19	13	16	21	29	13	17	32	37	22	23	22	0
XMTI4ODU1MzQyMA==	2	0	2	2	0	2	0	1	0	0	0	0	0	1	0	0	0	0	0	0	1	0	0	1	0	1	0	0	0	1	0
XMTI4ODU1NDEzMg==	4	4	4	2	1	1	0	0	0	0	1	0	0	0	1	2	0	0	0	0	0	1	0	0	1	0	0	0	0	0	0
XMTI4ODU1NDkwNA==	54	20	35	21	37	19	18	36	70	49	27	13	18	11	15	19	25	15	19	25	29	11	20	12	18	6	17	15	9	18	0
XMTI4ODU1NjE3Ng==	991	555	352	212	274	237	268	230	158	172	139	109	133	112	88	83	78	88	83	122	100	73	71	84	73	57	49	47	82	97	0
XMTI4ODU1NzIwMA==	101	26	38	84	106	29	16	21	21	23	18	18	13	8	13	23	19	20	14	28	43	22	22	22	19	17	18	15	11	9	0
XMTI4ODU1NzQ0MA==	9295	5730	9949	8781	2197	533	436	305	237	292	251	223	164	147	151	135	126	87	76	73	56	34	49	37	31	23	28	14	29	14	0
XMTI4ODU1ODU5Ng==	109446	110318	103345	99596	99196	424	47	1390	27244	939	694	622	892	894	699	866	800	592	324	367	344	366	804	788	1413	507	751	14261	80	14916	0
XMTI4ODU2NTIyOA==	1631	1154	932	294	421	246	221	179	139	111	144	85	100	67	75	98	70	75	54	58	57	55	43	42	36	41	20	36	32	26	0
XMTI4ODU3MTE0OA==	124	352	377	94	48	56	66	111	92	51	58	98	95	109	80	82	86	73	50	65	69	66	75	93	72	124	118	126	8	95	0
XMTI4ODU3MTg2OA==	202	232	223	30	22	2	0	6	0	1	2	0	2	0	0	0	0	2	0	3	2	0	1	0	1	0	0	0	0	0	0
XMTI4ODU3MzY5Ng==	17	21	11	7	8	12	19	9	5	6	10	16	10	10	18	14	6	7	10	13	11	10	19	18	13	14	12	12	17	12	0
XMTI4ODU3NDAyOA==	5	6	4	3	1	0	7	5	1	2	0	1	4	0	2	0	1	2	4	1	3	1	1	0	3	2	11	1	0	6	0
XMTI4ODU3NzAwOA==	7	3	4	3	3	2	2	1	2	0	0	1	0	0	3	0	2	0	1	1	0	1	0	0	0	0	0	1	2	1	0
XMTI4ODU3ODczMg==	434	281	298	199	274	187	168	123	134	118	98	98	112	80	90	86	151	148	105	66	59	59	49	35	52	81	73	51	58	40	0
XMTI4ODU3ODk4OA==	2	1	2	0	0	1	1	0	0	0	0	0	0	2	0	0	0	0	0	0	1	0	0	0	0	0	0	0	0	0	1
XMTI4ODU4MTM4MA==	21	10	6	5	4	7	2	7	6	8	3	3	2	1	1	8	2	4	0	1	0	1	1	0	1	0	1	0	0	0	0
XMTI4ODU4NDY0NA==	21	12	11	4	10	3	4	3	5	3	0	3	0	2	1	1	1	2	2	1	2	1	1	0	1	1	3	0	0	1	0
XMTI4ODU4NTYyOA==	775	1452	1174	460	765	795	1597	528	392	276	300	300	316	282	269	203	151	1212	128	130	143	141	174	212	274	275	378	279	209	1030	0
XMTI4ODU4NzQyNA==	12447	14931	11794	8017	5116	4767	4450	3031	2740	1522	2839	2668	2595	2176	116	1038	995	908	782	463	559	394	361	300	247	303	417	479	469	314	0
XMTI4ODUwMTc5Mg==	4	2	8	3	4	3	1	0	0	0	1	1	2	3	1	1	1	2	1	1	2	3	1	3	3	1	1	3	1	1	0
XMTI4ODUwMzA5Mg==	18	7	6	6	7	10	1	2	12	6	7	3	8	5	3	1	5	2	2	5	2	2	7	0	5	1	1	5	0	4	0
XMTI4ODUwMzQwOA==	3	0	2	0	5	0	2	5	0	0	0	0	0	1	0	0	1	1	0	1	0	0	0	0	0	0	1	0	1	1	0
XMTI4ODUxMTQzNg==	932058	1128622	594155	271282	288747	188899	173494	161632	55679	41549	33533	25452	28178	24503	31909	27949	20324	15115	12913	12944	11979	18612	25671	12849	9364	8077	7943	8766	13939	14740	0
XMTI4ODUxMjIwOA==	18	12	13	3	2	4	22	4	9	5	9	7	6	8	4	6	5	2	7	2	6	4	6	9	5	8	1	1	6	4	1
XMTI4ODUxODE4OA==	13	8	10	3	11	8	15	11	21	15	10	5	11	5	12	15	16	16	17	15	4	5	13	13	9	20	22	17	19	23	0
XMTI4ODUxODg1Mg==	42	17	13	38	8	28	3	0	1	3	2	6	2	4	2	3	5	3	23	2	2	3	2	0	2	3	2	2	2	2	0
XMTI4ODUxOTQxNg==	13	2	9	2	11	3	7	9	1	4	2	1	4	2	12	9	6	8	22	37	40	33	27	31	54	61	107	36	46	59	0
XMTI4ODUxOTYyMA==	1605	1863	3363	2135	2314	1353	1722	1462	1646	1637	1594	1321	1448	1919	1824	2176	2473	2067	2188	2583	3857	2810	2535	2584	2731	3041	2938	3566	2623	2813	0
XMTI4ODUyMTI3Mg==	146	82	28	19	38	65	11	23	29	10	326	9	212	459	327	301	165	18	39	30	27	14	11	10	10	6	9	5	2	5	0
XMTI4ODUyNjExMg==	6322	2957	1961	826	1038	9369	9608	3772	403	362	288	237	280	281	300	262	261	248	117	144	159	107	109	103	99	100	141	95	88	88	0
XMTI4ODUyNjEzMg==	1143	2626	3406	1874	1246	1445	961	544	516	533	531	609	772	675	481	502	656	528	557	633	579	506	447	415	418	456	725	598	479	574	0
XMTI4ODUyODM1Ng==	9	42	67	14	19	28	14	19	13	25	9	2	9	15	20	20	12	11	14	12	5	9	8	2	3	0	7	3	7	11	1
XMTI4ODUyOTQyMA==	300	294	1577	2455	1420	576	1202	324	238	167	95	68	59	58	70	35	60	61	33	51	42	29	7	12	18	19	22	12	16	18	0
XMTI4ODUzMzc3Mg==	12	8	6	2	6	2	1	1	0	0	0	0	0	0	0	0	0	1	2	1	1	0	0	0	0	1	2	0	3	3	0
XMTI4ODUzNDE0OA==	378	282	190	141	239	200	167	141	115	121	164	112	165	162	87	72	95	106	91	116	76	50	19	14	17	32	56	44	33	25	0
XMTI4ODUzNTQwMA==	36	10	22	13	17	18	6	14	6	25	20	11	3	10	16	14	19	6	6	16	22	0	11	4	7	13	6	17	9	14	1
XMTI4ODUzNTQzNg==	19	9	5	5	6	4	6	3	4	7	3	5	2	2	2	5	6	0	4	4	1	1	3	1	3	7	3	2	4	0	0
XMTI4ODUzNjYwOA==	78	137	96	21	30	19	29	25	24	31	22	30	12	17	20	28	27	34	22	16	11	16	12	5	10	10	11	17	16	25	0
XMTI4ODY0MTgzNg==	94	58	60	20	11	13	28	17	9	10	10	6	8	6	13	3	5	7	11	12	15	3	4	9	6	16	5	11	5	5	0
XMTI4ODY0NDI5Mg==	4	4	4	0	0	1	1	0	0	0	0	0	0	0	1	0	0	0	0	0	0	0	0	0	0	0	0	0	0	0	0
XMTI4ODY0NTE0NA==	97	100	42	7	14	11	23	111	10	3	4	1	3	0	2	3	1	5	4	4	4	3	3	5	2	1	1	2	1	1	0
XMTI4ODY0NjYyMA==	10	3	4	2	3	1	4	7	4	11	11	1	5	3	1	2	4	7	2	7	2	18	7	3	5	4	1	1	1	4	0
XMTI4ODY0ODAwOA==	78	102	96	16	11	8	0	0	3	2	0	5	2	5	3	1	3	1	3	5	7	4	5	0	4	3	3	3	5	2	0
XMTI4ODY0OTE3Ng==	81766	100607	191987	146679	169103	163882	40056	25484	12870	12132	13110	11824	14612	14370	9851	7472	8003	7109	5593	5084	2808	904	612	402	356	317	297	267	226	227	0
XMTI4ODY0OTk4MA==	8	3	3	3	1	2	4	2	0	1	0	0	1	0	1	1	0	1	0	0	0	0	0	0	1	0	0	0	3	0	0
XMTI4ODY1MzUxMg==	16	11	8	4	8	1	3	2	3	2	6	4	4	9	3	1	1	6	1	3	4	1	2	4	1	5	2	5	4	3	0
XMTI4ODY2MDIxNg==	408	278	436	72	143	56	31	34	31	40	31	44	40	15	10	37	30	54	33	29	11	26	28	56	32	25	29	26	22	21	0
XMTI4ODY2NTIyMA==	209	174	138	136	120	22	12	12	8	11	17	8	2	8	9	13	8	16	19	7	9	4	4	1	3	3	3	8	9	7	0
XMTI4ODY2Nzk4OA==	10	7	12	7	14	8	6	11	12	12	7	6	2	4	5	6	14	15	15	14	12	1	0	5	0	2	3	2	0	3	0
XMTI4ODY3MzQ0NA==	796	275	290	172	233	468	111	49	36	19	29	13	13	16	13	14	34	46	19	14	7	8	17	24	12	10	2	10	5	9	0
XMTI4ODY3MzY4OA==	74	168	24	17	28	72	33	14	94	9	5	7	6	5	7	7	8	4	8	13	12	10	6	9	14	8	11	9	8	8	0
XMTI4ODY3OTUxNg==	236	189	173	97	108	77	69	79	70	159	186	160	90	108	110	113	128	148	185	226	465	428	344	334	555	417	245	181	168	162	0
XMTI4ODY4MTEyMA==	383	415	358	286	357	367	349	344	330	277	371	358	306	398	404	380	354	285	381	352	343	271	318	287	285	290	322	295	320	252	0
XMTI4ODY4NTE1Mg==	5	1	0	0	5	5	5	2	0	1	2	1	1	3	1	3	0	0	0	0	1	0	1	1	0	0	0	0	1	0	1
XMTI4ODY4NzU2MA==	4	2	5	1	3	5	2	1	0	5	3	139	0	0	2	0	0	0	1	1	0	1	0	0	1	2	0	0	0	1	0
XMTI4ODY4NzcyNA==	500	410	192	46	27	17	300	14	8	9	7	291	8	11	8	1	4	2	11	3	4	4	5	2	0	0	0	3	2	0	0
XMTI4ODY5MTY0OA==	1933	17874	4229	5184	8154	6926	10101	7367	4732	4368	7206	4225	3704	3764	4305	4395	3317	5572	8885	9178	9577	11455	12310	9780	6341	5940	5680	5807	5843	5836	0
XMTI4ODYwNzU3Ng==	7	11	16	4	4	2	3	3	7	2	0	0	0	0	0	1	1	15	1	1	0	1	1	1	5	5	1	1	1	0	0
XMTI4ODYxNzg0NA==	2970	2702	1636	678	701	725	1040	735	715	678	673	586	625	529	532	602	627	589	494	443	469	386	369	353	342	375	317	346	277	296	0
XMTI4ODYyMzQwOA==	5	0	239	102	70	159	103	59	73	26	20	12	11	2	6	12	6	10	2	17	5	7	15	5	0	2	2	2	0	3	1
XMTI4ODYyNDkwOA==	11148	8771	4827	5646	4142	2869	3034	1157	1635	1565	1311	1041	732	418	384	97	472	480	472	414	343	313	381	288	256	209	226	212	180	159	0
XMTI4ODYyNzQ1Ng==	23	17	20	11	7	8	6	14	6	10	14	21	11	18	18	14	10	6	4	7	5	5	4	3	1	4	5	2	4	4	0
XMTI4ODYyOTQ2OA==	40	12	17	27	6	7	7	24	9	5	2	3	1	0	8	6	3	3	1	1	0	0	0	1	2	2	1	0	3	2	0
XMTI4ODYzMzc2NA==	42	20	20	17	10	3	6	7	3	1	2	0	1	1	0	2	0	1	0	1	1	0	0	0	0	1	0	3	0	0	0
XMTI4ODYzOTY5Ng==	60	76	232	534	857	492	256	891	178	854	170	772	101	179	111	99	129	83	694	65	60	64	48	65	59	40	52	39	35	55	0
XMTI4ODc0MjkwMA==	41	33	48	20	17	3	5	3	5	9	2	7	3	1	3	3	2	7	8	0	1	4	3	1	5	5	3	5	5	3	0
XMTI4ODc0NDk2OA==	18	21	25	4	2	5	4	1	2	1	5	0	2	0	0	0	0	0	1	0	1	0	1	2	0	5	0	4	0	2	0
XMTI4ODc0NTA0NA==	108	58	24	96	5	17	10	10	5	9	5	4	8	4	11	5	6	5	6	1	0	1	2	0	1	0	2	0	6	73	0
XMTI4ODc0Njc4NA==	3	1	3	0	3	5	0	3	0	0	0	0	0	0	0	0	0	0	0	0	0	0	0	0	0	0	0	0	0	0	1
XMTI4ODc0NzMyOA==	767	481	428	226	213	131	117	84	105	83	142	67	81	70	65	78	75	81	40	52	36	47	38	19	20	25	17	27	30	26	0
XMTI4ODc2MDkxMg==	40	16	21	16	13	8	11	8	6	4	3	1	2	5	1	0	1	8	5	1	1	7	6	6	3	3	3	4	2	3	0
XMTI4ODc2NjQzMg==	854	4954	6263	3808	3977	3571	2610	3105	305	374	338	242	247	219	270	232	188	251	275	240	263	301	233	240	196	186	162	159	143	145	0
XMTI4ODc2OTQwOA==	104131	234034	175133	87169	98097	66769	73051	63900	37648	26451	20294	15271	16590	16484	24660	23190	16958	13758	11446	12472	11614	18528	23633	11146	8686	7998	6560	6491	13507	14684	0
XMTI4ODc3NTcxNg==	56544	67203	31488	24527	15783	57002	18241	7693	5229	3557	2676	2183	2853	964	1859	405	1713	387	1369	768	222	683	740	593	203	413	547	465	205	194	0
XMTI4ODc4MzI4MA==	12	10	3	4	3	2	3	0	0	0	0	0	0	0	0	0	0	0	1	1	0	1	0	0	0	1	0	0	0	0	0
XMTI4ODc4OTA3Mg==	10	12	6	4	3	2	2	2	1	2	7	4	16	3	0	2	2	0	1	3	0	0	0	0	0	0	0	3	1	0	0
XMTI4ODc4OTY0NA==	2	1	1	5	3	7	5	3	2	7	25	4	7	2	11	7	4	0	2	3	3	7	1	10	3	2	4	5	2	3	0
XMTI4ODc4OTYwMA==	9	1	6	14	3	8	4	1	1	2	3	1	2	2	0	1	2	1	1	2	3	0	0	1	2	3	3	0	0	0	0
XMTI4ODc4OTYzNg==	5	9	1	3	4	1	3	5	2	0	10	5	5	1	3	6	4	2	2	5	7	3	1	0	7	4	1	3	2	2	1
XMTI4ODc5NDAwNA==	8	2	5	0	2	4	2	2	0	0	1	1	0	1	1	3	1	1	1	0	2	0	1	0	0	0	1	1	0	0	0
XMTI4ODc5NzE1Mg==	3	9	7	2	0	6	9	2	1	2	23	1	6	0	2	0	4	0	2	0	1	0	0	1	0	0	0	1	1	0	0
XMTI4ODc5ODExMg==	1978	2076	1111	737	586	366	383	408	311	272	233	163	210	207	171	155	141	118	140	153	207	232	358	364	228	170	158	103	161	195	0
XMTI4ODc5OTMxNg==	5	2	7	4	6	2	0	2	0	0	1	0	0	0	0	0	0	0	1	0	0	1	0	0	0	1	3	1	2	0	0
XMTI4ODcwMDk5Ng==	38	21	17	15	8	6	6	5	6	4	0	1	0	2	1	1	1	1	3	0	0	1	0	0	0	0	1	1	0	1	0
XMTI4ODcwNTI2NA==	5900	7738	8705	5903	6136	5441	4789	2401	2702	1844	1109	670	664	726	674	563	629	641	593	620	725	539	591	594	594	651	731	913	748	670	0
XMTI4ODcwODAwMA==	1016	2074	1175	599	872	506	499	628	746	707	522	543	1438	832	407	460	469	491	435	520	812	677	530	491	727	907	819	811	771	679	0
XMTI4ODcxMjg3Mg==	169	132	98	50	53	39	15	19	22	11	12	20	15	15	10	14	6	12	7	4	6	9	4	9	11	5	10	4	7	7	0
XMTI4ODcxNDkwOA==	2	2	1	0	1	1	1	0	0	0	0	0	0	0	0	0	0	0	2	1	0	0	1	0	0	0	0	0	0	0	1
XMTI4ODcxNzg0OA==	10733	10829	4215	1290	2302	821	661	938	1648	406	302	233	255	251	268	270	227	206	206	1232	183	200	155	142	181	134	135	155	96	75	0
XMTI4ODcyNDA3Ng==	185	243	96	50	35	23	20	54	26	10	13	23	10	9	11	13	6	6	7	9	4	3	10	19	22	6	6	5	8	3	0
XMTI4ODczNjAyMA==	32	33	13	11	2	9	2	7	2	6	2	6	8	4	1	6	3	4	3	4	2	4	3	3	5	6	4	2	3	5	0
XMTI4ODczNzM0MA==	3	4	3	2	3	5	2	6	5	3	5	2	4	2	2	8	5	5	5	2	3	2	3	4	2	2	5	3	2	2	1
XMTI4ODczNzYwNA==	60	77	55	28	37	22	51	8	17	6	11	18	9	11	9	9	9	12	5	2	8	4	11	7	2	8	7	5	6	1	0
XMTI4ODg0MDAzMg==	396	2863	1601	1290	1552	705	643	680	853	676	689	573	488	1578	557	347	272	276	422	415	450	405	399	381	281	225	272	300	282	211	0
XMTI4ODg0NDY4NA==	33	29	16	2	4	9	11	9	7	7	10	3	3	13	7	8	15	12	15	11	10	15	9	12	8	9	8	5	5	8	1
XMTI4ODg1NDE0NA==	65	67	355	854	549	111	366	79	426	42	56	70	439	32	27	28	14	11	31	52	24	14	13	11	14	16	12	7	11	12	0
XMTI4ODg2NDcyMA==	18	27	12	6	5	6	6	3	1	1	4	1	1	1	1	1	1	3	0	1	1	2	0	5	1	0	0	0	0	1	0
XMTI4ODg2NTUzNg==	58	75	37	23	5	9	18	19	10	9	126	14	6	8	4	3	1	1	0	0	0	0	6	2	0	0	0	4	2	4	0
XMTI4ODgwNTU4MA==	5	0	7	6	2	2	5	0	0	2	1	0	2	2	0	0	0	0	2	0	0	0	0	1	1	0	1	0	2	0	0
XMTI4ODgxMDk4NA==	48	4	30	16	12	3	16	5	12	4	6	3	5	6	7	1	6	4	8	6	5	1	10	2	3	2	0	0	0	0	0
XMTI4ODgxODkxNg==	46	79	55	29	23	6	13	13	14	8	2	0	0	0	0	0	0	0	0	0	0	0	0	0	0	0	0	0	0	0	0
XMTI4ODgyMDMyOA==	3	1	3	0	2	0	0	0	1	0	0	1	0	0	0	1	0	0	0	1	0	0	0	1	0	0	0	0	0	1	0
XMTI4ODgyNzI2MA==	5	1	2	6	0	1	2	0	2	1	0	1	0	1	1	2	1	1	2	0	0	0	4	1	0	1	1	0	0	1	0
XMTI4ODgzMjkzMg==	44751	39564	39930	20589	8322	8406	5603	18496	16333	14999	5949	3448	4066	3518	2547	4681	2136	2399	2145	2126	2019	4576	2618	2323	1823	3063	1807	1509	1555	1561	0
XMTI4ODgzMzAxMg==	127	100	23	12	3	50	8	82	4	0	0	6	2	3	2	0	3	5	1	3	1	2	1	6	2	2	0	4	1	0	0
XMTI4ODgzNzU5Mg==	353	377	38	26	47	29	19	27	270	254	24	30	29	29	28	33	39	26	27	27	25	19	26	37	45	37	30	41	28	41	0
