Log-Linear
0.3987659

Linear
1.234574

Multi-Linear
1.192619, 1.404424, 1.422458, 1.856434, 1.823245

PBML
1000000
1.177099, 1.297660, 1.190649, 1.574289, 1.383345, 1.701904, 1.952588
1100000
1.159775, 1.171434, 1.375740, 1.811068, 2.083094, 2.023532, 3.838278
0000000
1.357835, 1.421140, 1.010211, 1.411544, 1.276410, 1.917169, 3.392477
others
1.292994, 1.170078, 1.124354, 1.163465, 1.144220, 1.238313, 1.373610

PBML_BP_Training_GroundTruth
1000000
1.0619828, 1.5430088, 1.2872749, 1.5559185, 1.4671142, 1.7456027, 1.9014269, 0.3233667
1100000
1.1059002, 1.1171646, 1.6205519, 1.7902457, 2.0593192, 1.8977517, 3.5552852, 0.3220494
0000000
1.2263919, 1.4428514, 1.0429145, 1.2761985, 1.3206338, 1.6059167, 3.1130931, 0.4231566
others
1.1538779, 1.1166885, 1.0891439, 1.1365905, 1.1126439, 1.1391029, 1.2682472, 0.4521772

PBML_BP_Training_Prediction_RandomForest
1000000
1.1301007, 1.5409335, 1.5690920, 1.8873637, 1.8307890, 0.1241583
1100000
1.1893794, 1.0957593, 2.1983001, 3.0690530, 2.7895433, 0.1893394
0000000
1.2806906, 1.3801710, 1.3254097, 2.1192022, 1.8692287, 0.1221856
others
1.0523614, 1.1636994, 1.1647428, 1.1745687, 1.3134671, 0.1271018







