Log-Linear
0.1754121

Linear
1.234574

Multi-Linear
1.1074318, 1.0596469, 0.9554091, 1.0423158, 0.9813886, 1.0383019, 1.1261123, 1.2802896, 1.2374939, 1.2916497, 1.4479350, 1.3891905, 1.4882137, 1.2512510, 1.6054174, 1.3498581, 1.5320838, 1.6432892, 2.0865102

PBML
1000000
1.177099, 1.297660, 1.190649, 1.574289, 1.383345, 1.701904, 1.952588
1100000
1.159775, 1.171434, 1.375740, 1.811068, 2.083094, 2.023532, 3.838278
0000000
1.357835, 1.421140, 1.010211, 1.411544, 1.276410, 1.917169, 3.392477
others
1.292994, 1.170078, 1.124354, 1.163465, 1.144220, 1.238313, 1.373610

PBML_BP_Training_GroundTruth
1000000
1.0619828, 1.5430088, 1.2872749, 1.5559185, 1.4671142, 1.7456027, 1.9014269, 0.3233667
1100000
1.1059002, 1.1171646, 1.6205519, 1.7902457, 2.0593192, 1.8977517, 3.5552852, 0.3220494
0000000
1.2263919, 1.4428514, 1.0429145, 1.2761985, 1.3206338, 1.6059167, 3.1130931, 0.4231566
others
1.1538779, 1.1166885, 1.0891439, 1.1365905, 1.1126439, 1.1391029, 1.2682472, 0.4521772

PBML_BP_Training_Prediction_RandomForest
1000000
1.0696966, 0.8358338, 1.0144198, 1.1008965, 0.9201948, 1.0075392, 1.2884395, 1.3200676, 1.2949258, 1.2828456, 1.4865761, 1.4474952, 1.3242854, 1.3418531, 1.6624728, 1.5127810, 1.4345830, 1.5406219, 1.8395500, 0.2317853
1100000
1.0660346, 1.0942425, 0.5795372, 0.9760551, 0.9432817, 0.9677689, 1.3037056, 1.2997798, 1.5314602, 1.6007795, 1.5913338, 1.7125893, 1.6493051, 1.6061876, 1.6665856, 1.5721286, 1.4310024, 1.9940313, 1.8974331, 0.1723718
0000000
1.0234688, 1.0861618, 1.0171019, 0.6138777, 0.9015723, 1.1760859, 1.0860980, 1.4598781, 1.2856276, 1.6017751, 1.7069592, 1.7264366, 1.8614652, 1.6405797, 1.5213729, 1.6366255, 1.7354751, 1.8330375, 2.1259259, 0.2240159
others
1.0005444, 1.1063675, 1.0577151, 1.1021348, 1.0666543, 1.1184196, 1.1420435, 1.2394530, 1.2123603, 1.2170798, 1.3462471, 1.2721367, 1.3697653, 1.1665810, 1.4419923, 1.3480272, 1.5549073, 1.5786088, 1.9835660, 0.2378619







