Log-Linear
0.3462903

Linear
1.234574

Multi-Linear
1.175979, 1.308160, 1.227412, 1.508363, 1.369082, 1.761802, 2.181996

PBML
1000000
1.177099, 1.297660, 1.190649, 1.574289, 1.383345, 1.701904, 1.952588
1100000
1.159775, 1.171434, 1.375740, 1.811068, 2.083094, 2.023532, 3.838278
0000000
1.357835, 1.421140, 1.010211, 1.411544, 1.276410, 1.917169, 3.392477
1110000
1.3036099, 1.1794771, 0.9822319, 1.2310219, 0.7703616, 4.8851593, 4.0956121
others
1.061051, 1.137640, 1.164725, 1.198820, 1.202803, 1.271988, 1.426286