Log-Linear-MLE: 0.3452315
Linear-LRS: 1.236304
Multi-Linear-LRS: 1.180141 1.290875 1.236982 1.533545 1.369576 1.767452 2.133439

----------------------------------------------------------------------------------------------------
with i and no intercept
0000000
1.8710562, 0.7292189, 1.4115649, 1.2689845, 1.5307522, 0.7547255, 5.7702485
1.7614136, 0.7850340, 1.5547683, 1.1535014, 1.3793718, 0.8130685, 5.4033738, 0.2575609
1.7507877, 0.7885185, 1.5802827, 1.1328696, 1.3629325, 0.8130727, 5.4268258, 0.2430426, 1.2266701
2.16961245, 0.08946878, 1.65246444, 1.19958584, 0.97762418, 0.26737922, 6.95238911, -1.20983841, 3.14012018, -0.14696968, 1.69638779, 0.81775329, 1.27895007, -4.36759440
0100000
1.7260303, 1.0113645, 1.0631047, 1.8750424, 0.7510338, 3.4531069, 2.4238536
1.5193861, 0.9575424, 1.0533085, 2.2046819, 0.7254957, 3.4022394, 2.0214843, 0.4183901
1.5193900, 0.9558768, 1.0536993, 2.2139826, 0.7382476, 3.4138136, 2.0116178, 0.4047228, 0.4133979
1.6151018, 0.9832243, 1.0459892, 1.8917865, 0.4528121, 2.9415528, 2.3342308, -0.1000309, 0.2540251, 0.9310223, 3.0357306, 2.6703050, 1.0988935, -0.9702572
1000000
1.165725, 1.246080, 1.268853, 1.830004, 1.503788, 1.970634, 3.043560
1.057131, 1.383293, 1.340171, 1.776463, 1.652662, 1.954112, 2.799800, 0.330536
1.0500594, 1.4320842, 1.3415727, 1.7814291, 1.6620398, 1.9735765, 2.8098801, 0.2642447, 0.6936268
1.05571313, 1.44115896, 1.31599297, 1.65143458, 1.59488202, 1.87127787, 2.89653419, 0.33562175, 0.02931116, 0.51418154, 0.79889651, 0.67660315, 0.64597410, 0.07490420
1010000
1.248046, 1.041718, 0.970693, 2.397707, 2.101312, 1.510596, 4.089463
0.9158504, 1.3290235, 1.1209561, 1.5431008, 2.7434331, 1.3978658, 2.5385364, 0.3780278
0.8587573, 1.3984583, 1.1443644, 1.8473396, 2.9097714, 1.4518243, 2.7395714, 0.2341117, 0.9327927
0.9128640, 1.2390323, 1.1083235, 1.8926415, 2.5115712, 0.8716050, 6.6905723, 0.3446650, -0.1568057, 0.5897414, -0.7199097, 1.6649710, 1.7890285, -4.7079366
1100000
1.211600, 1.092533, 1.204722, 2.423859, 2.362118, 1.973938, 3.828769
1.1565211, 1.0175316, 1.4262594, 2.2382570, 2.5459688, 2.0686217, 3.4963375, 0.3323833
1.15636491, 1.01746573, 1.42678712, 2.23928134, 2.54740085, 2.06971526, 3.49757359, 0.33133045, 0.01313545
1.1677518, 1.0204268, 1.4445000, 2.1712955, 2.4278582, 1.8371449, 3.4127033, 0.2757639, 0.3365404, 0.2860151, 0.5574621, 0.9327317, 1.3185340, 0.6510481
others
1.221962, 1.466071, 1.107178, 1.195812, 1.175891, 1.413031, 1.431739
0.9234874, 1.3241801, 1.1098779, 1.1782202, 1.1850964, 1.2139418, 1.3704516, 0.5497892
0.9397577, , 1.3175548, , 1.1060454, , 1.1753779, , 1.1795415, , 1.2099109, , 1.3601354, , 0.5727515, -0.2098142
0.9972825, 1.3554087, 1.1079926, 1.1348593, 1.1580822, 1.2597280, 1.2199951, 0.2957532, 0.2267084, 0.5071388, 0.8832313, 0.6499500, 0.4220974, 1.3271604
