XMTM2MTEyMzg4OA==	386	229	0.165433971382
XMTM2MTUzMTc3Mg==	76672	143824	0.767086464712
XMTM2MTI3MDU0MA==	8819929	4490219	0.24098357295
XMTM2MDgzNDcyNA==	597	242	0.353596570233
XMTM2MDk5NzQwMA==	119402	38313	0.461212093708
XMTM2MTMzMTk3Ng==	1597	947	0.165659703993
XMTM2MTUyNzg2NA==	2912	4208	0.198073904118
XMTM2MTIwODcyOA==	5764	4594	0.0412025200327
XMTM2MDk4MTE0OA==	26790	5727	0.618151643553
XMTM2MTY5OTk5Ng==	23108	16059	0.0930529837556
XMTM2MDkxMzU4NA==	100402	67777	0.10558842521
XMTM2MTY3Mjc0MA==	54	40	0.0672153635117
XMTM2MTY1OTk0OA==	79	79	0.0
XMTM2MDc3OTY1Ng==	99	140	0.171513110907
XMTM2MDc4MjkyMA==	1576	463	0.498744250689
XMTM2MTYwMjI4MA==	95	67	0.0868698060942
XMTM2MDgwNTY0OA==	349	399	0.0205252830437
XMTM2MTQxMzk1Ng==	88	53	0.158186983471
XMTM2MTQ4NjYxMg==	35	50	0.183673469388
XMTM2MTAwNjAyMA==	120	190	0.340277777778
XMTM2MTE3NDQ4NA==	511	447	0.015686214437
XMTM2MTYxMjgwMA==	757	703	0.00508857008737
XMTM2MTcwOTAzMg==	55	70	0.0743801652893
XMTM2MDg0MTc2MA==	8200	3728	0.297423914337
XMTM2MTE2MDUzNg==	2505	912	0.404404603966
XMTM2MTQyODc2NA==	699	325	0.286278579045
XMTM2MTQyMTc2MA==	1018	394	0.375728054161
XMTM2MTEyMjcxNg==	6128	8134	0.10715793703
XMTM2MTA1MDU2OA==	21	30	0.183673469388
XMTM2MTMzNjA4OA==	17512	16249	0.00520157906209
XMTM2MTQyMzg3Ng==	4978	2200	0.311425878526
XMTM2MTM5Njk5Ng==	140	113	0.037193877551
XMTM2MTM2MTU2MA==	215	307	0.183104380746
XMTM2MTU4MDYyOA==	139	151	0.00745303038145
XMTM2MTI0ODU4NA==	3987	1772	0.308641975309
XMTM2MTY1MzI1Mg==	125	135	0.0064
XMTM2MTczMjMwNA==	281	502	0.618545864414
XMTM2MDk4Mzg1Mg==	13507	13670	0.000145632199607
XMTM2MDgzMDIzMg==	44831	21373	0.273794746789
XMTM2MTYyMDgwMA==	117	127	0.00730513551026
XMTM2MTIyMTg4OA==	101	52	0.235369081463
XMTM2MTMzMjM1Ng==	1862	1834	0.000226129232857
XMTM2MDkxNTIyNA==	38332	49345	0.0825445338866
XMTM2MTE0MjA1Ng==	1150	974	0.0234223062382
XMTM2MDgzMzA4MA==	1135	1277	0.0156525451687
XMTM2MTEyMDM5Mg==	3415	2958	0.0179081607498
XMTM2MTE0NTA2NA==	621	834	0.117645686014
XMTM2MTUyMzA0OA==	3389	1773	0.227373357697
XMTM2MTIxMDQ3Ng==	4399	2218	0.24581218499
XMTM2MTI3NjM1Ng==	2785283	1625022	0.173529266918
XMTM2MTM4ODY0NA==	162	145	0.0110120408474
XMTM2MTcyMTE2MA==	54804	34876	0.132221753912
XMTM2MTU1ODU4OA==	96	122	0.0733506944444
XMTM2MTAwODYyOA==	15295	13006	0.0223971429918
XMTM2MTM4MDkwMA==	7744	3216	0.341886653917
XMTM2MDgzODM2NA==	189	211	0.0135494527029
XMTM2MTM4MzE2OA==	899	1318	0.217224428082
XMTM2MTEzNDg2OA==	21284	16142	0.0583656926856
XMTM2MDkwMjQ3Ng==	124	105	0.0234781477627
XMTM2MDQyMDcyOA==	24158	21164	0.015359661268
XMTM2MTEyNDI2OA==	16453	17269	0.00245974520195
XMTM2MDgzMTY5Ng==	3086	5198	0.468377456949
XMTM2MTUwMTQ1Ng==	5457	5662	0.00141123654578
XMTM2MDk5ODcwMA==	47	44	0.00407424173834
XMTM2MDc5ODU1Ng==	19207	8809	0.293076201054
XMTM2MTE0NTM1Ng==	5014	4221	0.0250136872441
XMTM2MTMwMTgyMA==	72	88	0.0493827160494
XMTM2MDgzMDE1Mg==	272	354	0.0908845155709
XMTM2MDgxNjY1Mg==	5125	5627	0.00959444140393
XMTM2MDkyNTQ4MA==	1258	425	0.438458728999
XMTM2MTE4MjA5Ng==	17369	18174	0.00214803884277
XMTM2MTA1ODU5Ng==	19260	16790	0.0164467973374
XMTM2MTMxMzcxNg==	217	109	0.24770116163
XMTM2MTQzODI0NA==	951	956	2.76426054372e-05
XMTM2MDg4ODA2OA==	375	421	0.0150471111111
XMTM2MTEyMzU4NA==	121350	28882	0.580635208933
XMTM2MTMwNDMyOA==	1274	784	0.147928994083
XMTM2MTI1ODA1Mg==	150206	17880	0.7760966475
XMTM2MTQ5ODU5Mg==	12179	3658	0.4895058312
XMTM2MTUxMDIyOA==	65601	11045	0.691614551299
XMTM2MDc1MzUwOA==	40884	55044	0.119955384592
XMTM2MDgzNjkwOA==	285	394	0.146272699292
XMTM2MTQxMzMyOA==	61956	54893	0.0129960588806
XMTM2MTAzNjUxMg==	16068	6667	0.342313840716
XMTM2MTQxNTY0OA==	18508	17800	0.00146334771489
XMTM2MTQzODU4MA==	410	321	0.0471207614515
XMTM2MDczNzI3Mg==	34235	1508	0.913843292551
XMTM2MTA2NTU4OA==	98	93	0.00260308204915
XMTM2MTYwNTA0NA==	17972	1385	0.85181026521
XMTM2MTcwMjM2OA==	67185	30823	0.292921252156
XMTM2MTQ0ODQ5Ng==	1052	1538	0.213422920673
XMTM2MTczNjUwNA==	90	24	0.537777777778
XMTM2MTI4NjcwNA==	338359	81288	0.577232411122
XMTM2MTIwODUwNA==	67418	28119	0.339790528923
XMTM2MDk3NzkwNA==	290	189	0.1212960761
XMTM2MTE5MDkwMA==	672	597	0.0124561543367
XMTM2MTUzODgzMg==	99	122	0.0539740842771
XMTM2MTQ5MDA5Mg==	1860	1916	0.000906463174934
XMTM2MTY2NDA5Ng==	291	347	0.0370331006956
XMTM2MTI0ODAxMg==	18562	26189	0.168833240472
XMTM2MDg0OTk3Mg==	57049	27193	0.273884321509
XMTM2MTUxMTg5Ng==	143	126	0.0141327204264
XMTM2MTAzNjY5Mg==	648	691	0.00440338744094
XMTM2MTcwNzYzNg==	42913	26421	0.147696056237
XMTM2MTI0MzQ4MA==	5996	2645	0.3123385626
XMTM2MTIxMTE4OA==	10253	7903	0.0525331943914
XMTM2MDkwMTM5Mg==	3533	1376	0.372746020318
XMTM2MDk2MjI5Mg==	776	1153	0.2360256802
XMTM2MTQyNTA2OA==	829	675	0.0345090004816
XMTM2MTE3MzU3Mg==	303	306	9.80296049407e-05
XMTM2MTE1MDUyNA==	22890	15134	0.114811136362
XMTM2MTQ3Nzg3Mg==	743	713	0.00163029006483
XMTM2MTEwODAwNA==	371	200	0.212443966551
XMTM2MTYwOTgyNA==	2972	1593	0.215293502026
XMTM2MTQ2NDgzNg==	1352	1099	0.0350177033367
XMTM2MTUxMzU0OA==	155	106	0.0999375650364
XMTM2MDc3MTgyOA==	26	26	0.0
XMTM2MDgwMzI0NA==	15332	10750	0.0893125621899
XMTM2MTIyMzM5Ng==	344	163	0.276847282315
XMTM2MTIzNTQ2OA==	381269	137279	0.40952560761
XMTM2MDk5NzU4OA==	12663	11777	0.00489546815722
XMTM2MDk5Nzk0NA==	5589	5118	0.00710188433745
XMTM2MTQ3OTI5Mg==	1156	1326	0.0216262975779
XMTM2MTQxMjY2NA==	2828	1484	0.225860209783
XMTM2MTA2OTQ0MA==	1693	1393	0.0313999237331
XMTM2MTQ1NjQ4OA==	41145	45349	0.0104397784284
XMTM2MTE4NzQyOA==	75	92	0.0513777777778
XMTM2MTE3MjY3Ng==	143	93	0.122255367011
XMTM2MTM0NzkwMA==	25508	36537	0.186947411751
XMTM2MDk0NDQxMg==	9422	2302	0.571049541891
XMTM2MTA4NDIwNA==	3445	770	0.602933091226
XMTM2MTU5NTk5Ng==	343	184	0.214884954398
XMTM2MDk2NjMwNA==	16684	19256	0.023765205069
XMTM2MDkyMDk4MA==	28370	30760	0.0070970379952
XMTM2MTA2NDE1Ng==	13166	5480	0.34079487789
XMTM2MTExNzI2OA==	77	76	0.000168662506325
XMTM2MTA2MDIwMA==	40900	28228	0.0959939168226
XMTM2MTQwOTkyNA==	781	382	0.26100193291
XMTM2MTU1MTc2MA==	2691	3538	0.0990693754496
XMTM2MTIzMzY2OA==	30705	37241	0.0453112333485
XMTM2MTcwODcxMg==	143776	133789	0.00482499986942
XMTM2MDkwNzI0NA==	148819	218238	0.217590506249
XMTM2MDgzMzQ1Mg==	38955	18891	0.265282511781
XMTM2MTIzMzM5Ng==	1852	1126	0.153670773293
XMTM2MTI4NDg1Ng==	117501	159352	0.126861123658
XMTM2MTUzNjMxMg==	16446	15751	0.00178586669186
XMTM2MTIwMzI3Ng==	1848065	2192883	0.0348133144485
XMTM2MTMyNzg4NA==	14957	11738	0.0463183378365
XMTM2MTIzNDAwOA==	134	136	0.000222766763199
XMTM2MTQ4MTIyMA==	58	58	0.0
XMTM2MDc1OTMzNg==	773	537	0.0932105387354
XMTM2MTU0ODA3Ng==	14538	2617	0.672381950871
XMTM2MTM0ODAyOA==	9648	5860	0.154150646711
XMTM2MTA5MDE2OA==	53	55	0.00142399430402
XMTM2MTM5MDMyMA==	1665	962	0.178271604938
XMTM2MTE0MTgxMg==	2635	1960	0.0656215231395
XMTM2MTMyMTMyMA==	2858	4067	0.178948537272
XMTM2MTQ5ODA4MA==	20886	11442	0.204456729481
XMTM2MTIwOTg2NA==	11431	8141	0.0828368062417
XMTM2MTIyMjU0OA==	9692	9255	0.00203299384135
XMTM2MTYxMzQ2OA==	140	160	0.0204081632653
XMTM2MTEzNDIwOA==	1625	873	0.214155360947
XMTM2MTUzODExNg==	140	163	0.0269897959184
XMTI4NzI2MDE4OA==	171098	1426	0.983400652616
XMTI4Nzg1NjA2MA==	72502	48827	0.106630145414
XMTI4Nzk2MzEyMA==	101	116	0.0220566611117
XMTI4Nzk3Mzk0MA==	60918	59321	0.000687256030158
XMTI4Nzk5NTgzNg==	383	180	0.280927676922
XMTI4Nzk5OTgwMA==	21880	10052	0.292232152108
XMTI4NzkyOTEzMg==	5524	3769	0.100936188659
XMTI4ODA1MjMwNA==	2910	3678	0.0696524604102
XMTI4ODA2OTAzMg==	104	30	0.506286982249
XMTI4ODA3Nzc1Mg==	14435	20951	0.203764524248
XMTI4ODA4NTk3Ng==	14081	10525	0.0637758870136
XMTI4ODA4ODkyMA==	692	618	0.0114353971065
XMTI4ODA5MzM0NA==	12316	13298	0.00635745968905
XMTI4ODAwOTIzMg==	146	102	0.0908237943329
XMTI4ODAxMjQxMg==	128	149	0.0269165039062
XMTI4ODAyMTEwNA==	1976	911	0.290486086069
XMTI4ODAyNTU0OA==	391	292	0.0641086858406
XMTI4ODE0MzE1Ng==	20858	16522	0.0432148709885
XMTI4ODE0ODc0OA==	7180	2963	0.344951719028
XMTI4ODE1NzMwMA==	568	288	0.243007339814
XMTI4ODE2MjY2OA==	6941	7384	0.00407345913332
XMTI4ODE2NzUxNg==	77	46	0.162084668578
XMTI4ODE3MzI4OA==	130	80	0.147928994083
XMTI4ODE4MDAwNA==	868	345	0.36304789866
XMTI4ODE4NTQ2MA==	156287	155142	5.36741609077e-05
XMTI4ODE5NDYyMA==	1634	866	0.220911505658
XMTI4ODEwMjYzNg==	453	216	0.273716065085
XMTI4ODEzMjQwOA==	1769	1657	0.00400848607751
XMTI4ODEzNjg0OA==	15874	13344	0.0254020221516
XMTI4ODI0MjI4MA==	11750	7046	0.160272456315
XMTI4ODI0OTc5Mg==	136	55	0.354725346021
XMTI4ODI1MjM5Mg==	1061	1351	0.0747076762359
XMTI4ODI2MTkxMg==	16284	5506	0.438080751143
XMTI4ODI2NTY4OA==	161323	293878	0.675149031181
XMTI4ODI3NDE0OA==	5735	1675	0.501170180502
XMTI4ODI4MjI3Mg==	32058	15296	0.27338760696
XMTI4ODI4NjA1Mg==	3713	1652	0.308110206538
XMTI4ODI4ODgxNg==	27271	3691	0.74762785653
XMTI4ODI5Mzc2OA==	2940	1230	0.338296543107
XMTI4ODI5NzIwNA==	16974	8963	0.222743514506
XMTI4ODIwNzYwOA==	13494	10338	0.0547006613878
XMTI4ODIwOTExMg==	1469	810	0.201245991007
XMTI4ODIyNTAwMA==	504	230	0.295556185437
XMTI4ODIyNjcyOA==	399	460	0.0233729687628
XMTI4ODM0MDI0OA==	310	379	0.0495421436004
XMTI4ODM0MjU4MA==	25280	25651	0.00021537420135
XMTI4ODM1NTI0MA==	1280	925	0.0769195556641
XMTI4ODM2ODI1Mg==	446	185	0.342461139375
XMTI4ODM3OTYxMg==	362	151	0.339740850401
XMTI4ODM4MTA4NA==	15	22	0.217777777778
XMTI4ODM5MDg2MA==	2	1	0.25
XMTI4ODM5MzM1Ng==	1506	2494	0.43039175745
XMTI4ODMwOTE2NA==	24136	13044	0.211197672366
XMTI4ODMxNTA2OA==	6741	4345	0.126335374812
XMTI4ODMxNjg1Ng==	1505	496	0.449478924074
XMTI4ODMyMDM1Ng==	91	41	0.301895906292
XMTI4ODMyMjQyNA==	1253	1190	0.00252801098592
XMTI4ODMyNTUwOA==	15611	9239	0.166605788684
XMTI4ODMyNzc5Mg==	5206	1696	0.454575374701
XMTI4ODMzMDQ3Mg==	21113	20864	0.000139090926106
XMTI4ODQ0MDA5Mg==	2460	942	0.380779298037
XMTI4ODQ0NDExNg==	1114	1978	0.601529739016
XMTI4ODQ2MTg3Ng==	85	55	0.124567474048
XMTI4ODQ2ODQwMA==	157	158	4.05695971439e-05
XMTI4ODQ3MzgyNA==	1836	2198	0.0388751240026
XMTI4ODQ4MTIyNA==	34546	23433	0.103482542693
XMTI4ODQ4NTQyNA==	5094	5915	0.0259757701656
XMTI4ODQ5MDg0MA==	6112	5082	0.0283993080302
XMTI4ODQ5Mzc2OA==	8651	8151	0.00334046852957
XMTI4ODQ5NDE1Ng==	4853	1625	0.442431937453
XMTI4ODQ5NzU3Mg==	2018	2543	0.0676824830244
XMTI4ODQwNzA1Mg==	2669	2471	0.00550342728868
XMTI4ODQxMTQ2MA==	27	7	0.548696844993
XMTI4ODQxMjQ1Mg==	134	93	0.0936177322344
XMTI4ODQxMzA4MA==	2422	2739	0.0171305081891
XMTI4ODQxODI5Ng==	1061	1137	0.00513093386372
XMTI4ODQyMDQwMA==	1	1	0.0
XMTI4ODQyMTMwOA==	8	9	0.015625
XMTI4ODQyNDY5Ng==	1134710	1302324	0.0218198025477
XMTI4ODQzMjIyNA==	76317	112539	0.225269436354
XMTI4ODQzNjYyMA==	4441	1783	0.358218826526
XMTI4ODU0MTMyNA==	14867	17663	0.035369396637
XMTI4ODU0NzM1Ng==	342	198	0.17728531856
XMTI4ODU0ODg0NA==	12000	11574	0.00126025
XMTI4ODU1MzQyMA==	14	11	0.0459183673469
XMTI4ODU1NDkwNA==	701	353	0.246446384928
XMTI4ODU1NzQ0MA==	39503	52256	0.104223238042
XMTI4ODU2MDM3Ng==	911	1040	0.0200513060882
XMTI4ODU3NDAyOA==	77	70	0.00826446280992
XMTI4ODU3ODczMg==	3807	3115	0.0330404866431
XMTI4ODU4NTYyOA==	14620	15234	0.00176377018532
XMTI4ODU4ODI3Mg==	11338	11638	0.00070011535723
XMTI4ODU5ODY5Ng==	5792	4350	0.0619831173117
XMTI4ODUwMzI0OA==	7318	6735	0.00634676326259
XMTI4ODUwODQ5Mg==	22437	28723	0.0784908762546
XMTI4ODUwOTc2NA==	1618	1446	0.0113005572354
XMTI4ODUxODE4OA==	382	151	0.365676653601
XMTI4ODUxOTQxNg==	658	109	0.69613408967
XMTI4ODUyMTM0MA==	678	443	0.120136876637
XMTI4ODUyNjEzMg==	25435	19666	0.0514443393041
XMTI4ODUzMjYyOA==	19328	11359	0.169994088737
XMTI4ODUzNTA1Mg==	3446	3105	0.00979215347713
XMTI4ODUzNjkwOA==	457	322	0.087264004137
XMTI4ODY1OTQ0OA==	17128	20312	0.0345567435106
XMTI4ODY2Nzk4OA==	215	108	0.247679826933
XMTI4ODY3OTUxNg==	6010	1530	0.555657376364
XMTI4ODY4MTEyMA==	10038	4566	0.29716509422
XMTI4ODY4NTE1Mg==	39	48	0.0532544378698
XMTI4ODY4NzU2MA==	179	43	0.577260385132
XMTI4ODY5NzA3Ng==	387	458	0.0336585007578
XMTI4ODYwODEwNA==	941	406	0.323242395941
XMTI4ODYxNzkwOA==	377	98	0.547678517403
XMTI4ODYyNDkwOA==	53182	64901	0.0485569922053
XMTI4ODc1MDY0MA==	96	108	0.015625
XMTI4ODc1NTI2OA==	11	15	0.132231404959
XMTI4ODc2NjQzMg==	34351	42101	0.0509008032849
XMTI4ODc3NTcxNg==	306709	396382	0.0854811504573
XMTI4ODc5MjIyNA==	77	92	0.0379490639231
XMTI4ODc5OTMxNg==	38	36	0.00277008310249
XMTI4ODcxMzE5Mg==	34	33	0.000865051903114
XMTI4ODcxNjY1Mg==	22	25	0.0185950413223
XMTI4ODczNzYwNA==	515	629	0.0489999057404
XMTI4ODgxMDkxMg==	190274	170978	0.0102843224444
Proposed PBML+BP2 MRSE = 0.17348595938
