XMTM2MTYwODg4OA==	710	715	4.95933346558e-05
XMTM2MDgzMTQwMA==	9726	10551	0.00719514195432
XMTM2MDk5OTA5Ng==	29	26	0.0107015457788
XMTM2MDk0OTAwOA==	2002	1204	0.158883074967
XMTM2MDg4NzI1Ng==	408	436	0.00470972702807
XMTM2MTIxMjk3Mg==	188	185	0.000254640108646
XMTM2MDg1NjIwMA==	21	22	0.00226757369615
XMTM2MTQwMzAzMg==	176	166	0.00322830578512
XMTM2MTE4NjEyOA==	584	552	0.00300243948208
XMTM2MDkwNjA4OA==	1632	1555	0.00222608191561
XMTM2MTU2MzAwMA==	375	434	0.0247537777778
XMTM2MDg5NjczNg==	15	19	0.0711111111111
XMTM2MTQxMzU1Ng==	62	67	0.00650364203954
XMTM2MTQ2MzY0MA==	163	130	0.0409876171478
XMTM2MTE0Njk1Ng==	1949	2136	0.00920575759339
XMTM2MTY3Njg2MA==	43	37	0.019469983775
XMTM2MTMzNzYwOA==	1269	1425	0.015112139452
XMTM2MTQ1NzA3Mg==	10	10	0.0
XMTM2MTM0ODk2NA==	34	25	0.0700692041522
XMTM2MDg1OTMwNA==	1664	1193	0.0801189354891
XMTM2MTIyNzg5Mg==	961	680	0.085499950732
XMTM2MTYyMjQ0MA==	117	128	0.00883921396742
XMTM2MTI1MDQ2NA==	303	47	0.713829798821
XMTM2MDg2Mzk0NA==	304	321	0.00312716412742
XMTM2MDg0MDE4NA==	110	117	0.00404958677686
XMTM2MTI2OTQ1Ng==	30	30	0.0
XMTM2MTQzODcwNA==	25	28	0.0144
XMTM2MTE1ODQwOA==	89	58	0.12132306527
XMTM2MTAwOTk3Ng==	279	268	0.00155445073933
XMTM2MTA2MjU4MA==	113	127	0.0153496749941
XMTM2MTI0ODk5Ng==	32	44	0.140625
XMTM2MTI4NTU5Mg==	2	2	0.0
XMTM2MTQ2ODQzMg==	68	58	0.0216262975779
XMTM2MDk0MDcxMg==	94	79	0.0254640108646
XMTM2MTY3NDQwOA==	37	34	0.00657414170928
XMTM2MTYwMDYyOA==	1281	1396	0.00805930183594
XMTM2MTIwOTIxMg==	373	413	0.011500118595
XMTM2MDg1MzM2NA==	615	628	0.000446823980435
XMTM2MDk2Nzk5Ng==	2046	2141	0.00215593643368
XMTM2MTM1NjI5Mg==	50	38	0.0576
XMTM2MTAxNTQwOA==	1297	1199	0.00570915980119
XMTM2MTMwMzMwOA==	483	440	0.00792579161469
XMTM2MTI1OTYyMA==	29	28	0.00118906064209
XMTM2MDk5NTAwMA==	67	68	0.000222766763199
XMTM2MDgyODcwNA==	4098	4318	0.00288204961841
XMTM2MDk4Nzc5Ng==	6481	6954	0.00532645470918
XMTM2MDg5MDM0MA==	20	24	0.04
XMTM2MTUzNzA1Mg==	8731	8713	4.25027503149e-06
XMTM2MTI0NzQ0MA==	152	181	0.0364006232687
XMTM2MDc4MDc0MA==	425	253	0.163786851211
XMTM2MTE4NDg5Mg==	558	617	0.0111798409578
XMTM2MTA2NTYyNA==	331	317	0.00178895774956
XMTM2MTM3NTQzMg==	32	13	0.3525390625
XMTM2MDY1NjA2MA==	24	25	0.00173611111111
XMTM2MTQ2MjE4NA==	103	83	0.0377038363654
XMTM2MTUxODg1Mg==	7274	7448	0.000572205335609
XMTM2MTI4MzU1Mg==	28	27	0.00127551020408
XMTM2MTQ1MDUzMg==	208	221	0.00390625
XMTM2MTQ0MzM5Ng==	9	7	0.0493827160494
XMTM2MTQ1NTY3Mg==	4286	4002	0.00439068566684
XMTM2MDk5MjY1Ng==	217	259	0.0374609781478
XMTM2MTY4MjYzMg==	14	17	0.0459183673469
XMTM2MTUzNTM3Mg==	19	21	0.01108033241
XMTM2MDczNDgyOA==	13941	14421	0.0011854810615
XMTM2MDk3MDM0NA==	136	118	0.0175173010381
XMTM2MTI0NTcwOA==	37458	33007	0.014119717834
XMTM2MTQzNzc0OA==	206	170	0.0305401074559
XMTM2MTYwODUxNg==	166	151	0.00816519088402
XMTM2MTE5ODAzNg==	35	35	0.0
XMTM2MTA2NzY2MA==	1091	733	0.107675414461
XMTM2MTYxMjA5Mg==	3234	3296	0.000367538931016
XMTM2MTcxNTQwOA==	96	89	0.00531684027778
XMTM2MTUwMzI0NA==	30	37	0.0544444444444
XMTM2MTE1NjEwNA==	4841	3601	0.0656104784918
XMTM2MDkxNTQzMg==	144	135	0.00390625
XMTM2MTI3OTI3Mg==	180	165	0.00694444444444
XMTM2MDg5MTkyOA==	25252	18017	0.0820891029072
XMTM2MDg5NjEyMA==	142	161	0.0179031938108
XMTM2MTI3MTk2MA==	549	431	0.0461975905853
XMTM2MTI0Nzc4MA==	1218	894	0.0707612414764
XMTM2MDkxNDc1Mg==	124	119	0.00162591050989
XMTM2MDgzOTU0OA==	28999	29957	0.00109135231551
XMTM2MDc4MzUyMA==	256	215	0.0256500244141
XMTM2MTE4ODAyMA==	69	68	0.000210039907582
XMTM2MTUzNjA5Mg==	470	442	0.00354911724762
XMTM2MTE2MzkwMA==	192211	214551	0.013508585042
XMTM2MDg3OTAzNg==	102	88	0.0188389081123
XMTM2MTMxODU5Mg==	1512	1229	0.0350323514179
XMTM2MTI5MzM0OA==	3	3	0.0
XMTM2MTU5NzY1Mg==	199	169	0.0227266988207
XMTM2MTY5OTc5Ng==	77	76	0.000168662506325
XMTM2MTM0Mjg5Ng==	601	617	0.000708746653525
XMTM2MTI2MjU2OA==	29	29	0.0
XMTM2MTM0NDIyOA==	15504	16477	0.00393856630494
XMTM2MTI1ODYxMg==	99	70	0.0858075706561
XMTM2MTY5MjM3Ng==	4	4	0.0
XMTM2MTMzNjQ2MA==	7448	7130	0.0018229506173
XMTM2MTM2MjM4NA==	19	14	0.0692520775623
XMTM2MTM5MjUzNg==	46	29	0.136578449905
XMTM2MTU1NjI4NA==	544	538	0.000121647923875
XMTM2MTM1MjkyNA==	494	512	0.00132767296628
XMTM2MTQ2OTM0OA==	142	63	0.309512001587
XMTM2MTM1NDk4MA==	46	49	0.00425330812854
XMTM2MTQ0MTM2MA==	5573	4389	0.0451362338264
XMTM2MDkzNjI3Mg==	993	963	0.000912733545696
XMTM2MTI1NjYyMA==	515	528	0.000637194834574
XMTM2MTY5MjUxNg==	60	66	0.01
XMTM2MDkzMDcwMA==	256	150	0.171447753906
XMTM2MTM0MTk4MA==	93	85	0.00739969938721
XMTM2MTE4MTExMg==	8422	7951	0.00312760097676
XMTM2MTY4NDE2NA==	479	458	0.00192206275252
XMTM2MTExNTY0MA==	3	3	0.0
XMTM2MDg0MjUwNA==	128	122	0.002197265625
XMTM2MTEwNDcyNA==	1183	1175	4.57309775211e-05
XMTM2MTI1MTcyNA==	165	55	0.444444444444
XMTM2MTQ0OTA4OA==	30047	32056	0.00447051585546
XMTM2MDkyNTA5Ng==	100	72	0.0784
XMTM2MTY1NTgwOA==	28	25	0.0114795918367
XMTM2MTQ1MzQxMg==	31	26	0.0260145681582
XMTM2MTM3NzQ5Ng==	154	129	0.0263535166133
XMTM2MDkyOTg1Ng==	102	66	0.124567474048
XMTM2MTY1NzUzMg==	254	302	0.0357120714241
XMTM2MTU5MDE0NA==	54	49	0.00857338820302
XMTM2MDg4OTQ4MA==	729	742	0.000318003315514
XMTM2MTUxNDM3Mg==	51	57	0.0138408304498
XMTM2MTMyODYzNg==	56535	35053	0.144382524629
XMTM2MTYwMDQxNg==	4	4	0.0
XMTM2MTE2MDIwMA==	177	184	0.00156404609148
XMTM2MTAyMzQxNg==	178	183	0.000789041787653
XMTM2MTA2MTQ0MA==	183	149	0.034518797217
XMTM2MTIzMTIwMA==	123	130	0.00323881287593
XMTM2MTMwMzg0OA==	2766	1666	0.158154305274
XMTM2MTM5NTI1Mg==	18744	19905	0.00383654139363
XMTM2MTYxMDMyMA==	56	57	0.00031887755102
XMTM2MTYyNDQzNg==	29	30	0.00118906064209
XMTM2MTM2MjAzNg==	626	502	0.0392369014688
XMTM2MTY5NTgzMg==	223	238	0.00452452291419
XMTM2MTY2MTUyNA==	1375	1440	0.0022347107438
XMTM2MTQ0NDA4MA==	36	37	0.000771604938272
XMTM2MDk5NTUxMg==	1012	983	0.000821173584965
XMTM2MDY2MTg5Ng==	4530	3999	0.0137401868339
XMTM2MTA3OTI4OA==	8186	8197	1.80568458158e-06
XMTM2MTY4NzA4NA==	4	4	0.0
XMTM2MDYxMTk0MA==	1506	1632	0.00699988889065
XMTM2MTM2NzY4MA==	761	314	0.345021161381
XMTM2MDcxNTQ3Mg==	7856	7999	0.000331336381756
XMTM2MTA1NzY5Mg==	1890	2020	0.00473111055122
XMTM2MTY2MDA4MA==	1696	1845	0.00771828553311
XMTM2MTAyOTE0NA==	1190	1185	1.76541204717e-05
XMTM2MTY2MjY2NA==	70	64	0.00734693877551
XMTM2MTMzNTI0NA==	9	11	0.0493827160494
XMTM2MTI2MDY2NA==	46	57	0.0571833648393
XMTM2MTMxMDI3Ng==	63522	68655	0.00652971463003
XMTM2MDk0MDQ1Mg==	301	329	0.00865332612223
XMTM2MTQzOTM1Ng==	242	233	0.00138310224711
XMTM2MTYwNTI5Ng==	56	46	0.031887755102
XMTM2MDgzMjEzNg==	148	132	0.0116873630387
XMTM2MTA2OTc2OA==	20	20	0.0
XMTM2MTU4MTk3Mg==	324	322	3.8103947569e-05
XMTM2MTY5NzIxMg==	55	53	0.00132231404959
XMTM2MDkzNjY0MA==	239	217	0.00847324101469
XMTM2MTQzMzg1Ng==	34	36	0.00346020761246
XMTM2MTQ2MzY0OA==	141	132	0.00407424173834
XMTM2MTI3NjA3Ng==	2840	64	0.955437413212
XMTM2MTU5NzM2NA==	205	177	0.0186555621654
XMTM2MDgwNTE4NA==	100	82	0.0324
XMTM2MTIyODM5Mg==	29	24	0.0297265160523
XMTM2MDg4NTAzNg==	2105	2281	0.00699070756766
XMTM2MTI5Mjc2NA==	57	59	0.00123114804555
XMTM2MDg0OTIwMA==	29	31	0.00475624256837
XMTM2MTUxODI5Mg==	1076	1084	5.5278395821e-05
XMTM2MTE0MzAwNA==	4728	4976	0.00275136637836
XMTM2MTUzMjM4OA==	1080	1098	0.000277777777778
XMTM2MTE4MjgwOA==	120	126	0.0025
XMTM2MTIxMDMxNg==	15	17	0.0177777777778
XMTM2MDg3MjEwOA==	433	458	0.00333352890036
XMTM2MTEzNDcxMg==	12	10	0.0277777777778
XMTM2MTU0Nzk2MA==	494	457	0.00560982805816
XMTM2MDk0MTUzMg==	1553	1434	0.00587152631075
XMTM2MDkyMzgxMg==	30	33	0.01
XMTM2MTAwMTU2MA==	84	91	0.00694444444444
XMTM2MDg3NDY2NA==	356	370	0.0015465219038
XMTM2MTUzOTQxNg==	19	18	0.00277008310249
XMTM2MTQxOTQxNg==	253	243	0.00156228030433
XMTM2MTYwODYxNg==	197	253	0.0808059986086
XMTM2MTEyNjY0NA==	29	25	0.0190249702735
XMTM2MTU3MjcwMA==	406	406	0.0
XMTM2MTQ1NTU5Ng==	1600	1877	0.029972265625
XMTM2MDkxMzE3Mg==	400	406	0.000225
XMTM2MTMxMDYyOA==	9759	9650	0.00012475051865
XMTM2MTUxMDQ3Mg==	165	145	0.0146923783287
XMTM2MTE0NjMwNA==	226	208	0.00634348813533
XMTM2MTQ4MTUwMA==	171	160	0.00413802537533
XMTM2MTQ4ODQxNg==	1938	966	0.251550383882
XMTM2MTU3ODg5Ng==	65	65	0.0
XMTM2MTA3NzA5Ng==	1129	1108	0.00034597976999
XMTM2MTMyNjM4NA==	190	165	0.0173130193906
XMTM2MTQ4MzI3Ng==	286	347	0.0454912220646
XMTM2MDc2MzU4OA==	21977	23467	0.00459658949788
XMTM2MTU0OTE3Ng==	215	178	0.0296160086533
XMTM2MTI5NDAyMA==	143	139	0.000782434348868
XMTM2MTYxMTQ4OA==	40027	36592	0.00736457009988
XMTM2MTAzMjg1Ng==	218	221	0.000189377998485
XMTM2MTI1MzE2NA==	39	42	0.00591715976331
XMTM2MTI4NTM3Ng==	39	28	0.0795529257068
XMTM2MTM0NjQzNg==	1878	1098	0.17250354704
XMTM2MTYwMjQ3Ng==	973	949	0.000608410643384
XMTM2MTEyNzEwMA==	129	141	0.00865332612223
XMTM2MTU3NjE3Ng==	143252	151689	0.00346876365521
XMTM2MTA3MTAyMA==	27	25	0.00548696844993
XMTM2MTIwOTIxNg==	97	95	0.000425124880434
XMTM2MDgyNTA2MA==	202	208	0.000882266444466
XMTM2MTY5MzM3Mg==	316	239	0.059375500721
XMTM2MTIyNTY2NA==	1141	1220	0.00479383292329
XMTM2MTQxMTM4MA==	276	301	0.00820468388994
XMTM2MTUxNDc2MA==	257	160	0.142454844131
XMTM2MTAzNzQ5Mg==	133	141	0.00361806772571
XMTM2MTAwOTYyOA==	80	99	0.05640625
XMTM2MDkzMDYzMg==	47	51	0.00724309642372
XMTM2MDgyMjkyNA==	1389	477	0.431107109703
XMTM2MTU4MjI4OA==	108	106	0.000342935528121
XMTM2MTQyOTcwOA==	32	32	0.0
XMTM2MDE5NDE1Mg==	16	11	0.09765625
XMTM2MDk3MjAyNA==	4525	5990	0.104818534233
XMTM2MTE1Mjk4MA==	19	16	0.0249307479224
XMTM2MDk5MDg2MA==	5	6	0.04
XMTM2MDcyNTAyNA==	2507	2552	0.000322193192129
XMTM2MTIyMDg5Ng==	233	265	0.0188620162464
XMTM2MDk5MzcwOA==	85	85	0.0
XMTM2MDk0NDMyOA==	59	56	0.00258546394714
XMTM2MDg1NjA0NA==	105	88	0.0262131519274
XMTM2MDkxMTUyOA==	4768	5191	0.00787060725024
XMTM2MTY3MTg2OA==	27	24	0.0123456790123
XMTM2MTM0NDczMg==	3998	3807	0.00228234427369
XMTM2MTM2OTA3Ng==	28	33	0.031887755102
XMTM2MDc2NzU0MA==	1196	971	0.0353918021051
XMTM2MTE1MjEyOA==	159	165	0.00142399430402
XMTM2MTI0ODUxNg==	25	25	0.0
XMTM2MTA1NTkyNA==	4637	4555	0.000312718455863
XMTM2MDk1NzQ4OA==	2768	2190	0.0436037162952
XMTM2MTA2MDY2MA==	121	92	0.0574414315962
XMTM2MTU0NTE0OA==	11	9	0.0330578512397
XMTM2MTMyMTkwMA==	68	48	0.0865051903114
XMTM2MDg1MTEyNA==	5506	6135	0.0130505518597
XMTM2MTIyNzc0OA==	470	473	4.07424173834e-05
XMTM2MTM2NzAwOA==	8798	8553	0.00077546866471
XMTM2MTAzODMxNg==	10157	7855	0.0513664714742
XMTM2MTE5MjgwMA==	76	73	0.00155817174515
XMTM2MTI1MDczMg==	906	787	0.0172519236486
XMTM2MTYwODMzMg==	1127	1159	0.000806217321233
XMTM2MDc0NzEyMA==	317	353	0.0128969339928
XMTM2MTcwOTEyNA==	720	443	0.148011188272
XMTM2MDg0OTc5Mg==	122	146	0.0386992743886
XMTM2MDkwMDExNg==	31	29	0.00416233090531
XMTM2MTQ5NTk3Ng==	226	226	0.0
XMTM2MTA5MDg2MA==	67	64	0.00200490086879
XMTM2MTIyMzYzNg==	13897	10848	0.0481363031647
XMTM2MTQ4NzAwMA==	16	21	0.09765625
XMTM2MDgzNzY2OA==	1437	994	0.0950372620606
XMTM2MTA2MTYwOA==	10036	9188	0.00713954276363
XMTM2MTQyODA0NA==	89647	99539	0.0121757772438
XMTM2MTU4Nzk2NA==	147	126	0.0204081632653
XMTM2MDkxMzA0MA==	446	375	0.0253423555672
XMTM2MDkwMDAxMg==	471	539	0.0208437574659
XMTM2MDc3MTU0NA==	9	7	0.0493827160494
XMTM2MDg1MDU4NA==	1362	953	0.0901762977051
XMTM2MTM3ODQ0NA==	27	18	0.111111111111
XMTM2MTIyODgzMg==	482	500	0.0013946040874
XMTM2MTYzODQwNA==	666	705	0.00342910478046
XMTM2MDk4MjY4OA==	50	49	0.0004
XMTM2MTA4ODYzMg==	244	266	0.00812953507122
XMTM2MTEyNjM2MA==	365	290	0.0422218052167
XMTM2MTEwMzY1Ng==	18	16	0.0123456790123
XMTM2MDkyNjk2MA==	3836	3700	0.00125695757551
XMTM2MTQ5ODI5Mg==	5	4	0.04
XMTM2MTU4NjUyNA==	136	145	0.00437932525952
XMTM2MDgyMTIyMA==	469	362	0.0520501361605
XMTM2MTQ0OTU0MA==	755	821	0.0076417700978
XMTM2MTM1MDY4MA==	23	23	0.0
XMTM2MDkzNDQwOA==	53	42	0.0430758276967
XMTM2MTM5MTk3Ng==	107	88	0.0315311380907
XMTM2MTUzNjIxNg==	47209	48211	0.000450490711452
XMTM2MTQ1NDg0OA==	7162	5563	0.0498457682698
XMTM2MTE1Mzk5Ng==	2237	2540	0.0183465026861
XMTM2MTMxOTcyMA==	344	369	0.00528157111952
XMTM2MTE5NzA4OA==	71539	54535	0.0564958389703
XMTM2MTYxMjQyMA==	55	58	0.00297520661157
XMTM2MDg0NzM3Ng==	414	338	0.0336997362832
XMTM2MTA0NjEyNA==	1504	1621	0.00605168133205
XMTM2MTM0MDYyOA==	406	430	0.00349438229513
XMTM2MTE1ODIzNg==	4	4	0.0
XMTM2MDg5NDgxMg==	55	39	0.0846280991736
XMTM2MTQwNzQzMg==	195	153	0.0463905325444
XMTM2MTI4OTc1Ng==	519	524	9.28122482468e-05
XMTM2MTM2Mjc0MA==	12068	12356	0.000569527071707
XMTM2MTI5MzcwMA==	129361	21074	0.700722263087
XMTM2MTI1NzExNg==	1179	1181	2.8776129625e-06
XMTM2MTE0OTAyNA==	210	216	0.000816326530612
XMTM2MTI1MzE1Mg==	2053	2153	0.00237258675304
XMTM2MTUwNzM0OA==	22906	129	0.988768291752
XMTM2MTQ0MjE2NA==	1084	1225	0.0169191936384
XMTM2MDc0NTYzMg==	591	599	0.000183233556936
XMTM2MDk1MDAzMg==	9	10	0.0123456790123
XMTM2MDUyODk5Ng==	184	174	0.00295368620038
XMTM2MDk2NDA0NA==	11	12	0.00826446280992
XMTM2MDk2NDY0OA==	1081	909	0.0253166073487
XMTM2MDkwNjQ3Mg==	9003	4787	0.21929397718
XMTM2MTExMzI1Ng==	64	60	0.00390625
XMTM2MTI0NDkxNg==	5091	3559	0.0905547709742
XMTM2MTU2NTAyNA==	200	145	0.075625
XMTM2MTI1MzcyOA==	89	55	0.145941169044
XMTM2MTU5NzY4NA==	364	401	0.0103323873928
XMTM2MTI5MDIyOA==	9566	9538	8.56752360407e-06
XMTM2MDg1MzU4MA==	961	1056	0.00977238200322
XMTM2MTY5MzYxNg==	206	180	0.0159298708644
XMTM2MTI1NTQzMg==	649	466	0.0795083582423
XMTM2MTQxODYyNA==	328	360	0.00951814396193
XMTM2MTM0OTg5Mg==	20	24	0.04
XMTM2MTUxODk2NA==	23	25	0.00756143667297
XMTM2MTA1MzU3Mg==	14	14	0.0
XMTM2MTQyMTQyMA==	39	42	0.00591715976331
XMTM2MDkyMzIyMA==	80494	70133	0.0165682381577
XMTM2MTYyOTI2OA==	1368	1410	0.000942597722376
XMTM2MDg1NjA4OA==	4247	3855	0.00851937258555
XMTM2MTU4NzAwMA==	52	46	0.0133136094675
XMTM2MDczMzM0MA==	31409	26104	0.0285274240225
XMTM2MDg1MjAzNg==	3387	2956	0.0161928818476
XMTM2MDc2NTEzNg==	7714	9901	0.0803782038308
XMTM2MTA1NzMwOA==	1952	2098	0.00559430428648
XMTM2MDg4OTA2NA==	1897	1828	0.00132301119683
XMTM2MTM2OTM5Ng==	542	541	3.40409308152e-06
XMTM2MTM5MDY2OA==	20	18	0.01
XMTM2MTYwNTEzMg==	70	71	0.000204081632653
XMTM2MTI2NTM2NA==	562	328	0.173364065805
XMTM2MTI0MzEzMg==	988	996	6.55640971004e-05
XMTM2MTEzOTA2MA==	2434	1439	0.167110990629
XMTM2MTU5ODEyNA==	167	150	0.0103625085159
XMTM2MDk5MDk0NA==	3258	3204	0.000274716888984
XMTM2MDg3MTY3Mg==	309	320	0.00126726783339
XMTM2MTIzNzQ2NA==	30	27	0.01
XMTM2MTMzNzc4OA==	171	183	0.00492459218221
XMTM2MDY0MjIyNA==	813	552	0.103062322136
XMTM2MTE0NTIxMg==	16	15	0.00390625
XMTM2MTEyMDMyNA==	7826	8056	0.000863725983928
XMTM2MTE1MDc4NA==	52068	59013	0.0177910961915
XMTM2MDg3Mjk3Mg==	4236	3439	0.0354001204657
XMTM2MTEwMzExNg==	372	362	0.000722626893282
XMTM2MTQ1ODk5Mg==	12	8	0.111111111111
XMTM2MTE1MzE2OA==	250	263	0.002704
XMTM2MTMzOTI4OA==	372	450	0.0439646201873
XMTM2MTA2MDYwOA==	124	122	0.000260145681582
XMTM2MTU5NzEyNA==	2787	2666	0.00188493684284
XMTM2MTQ2NTE3Ng==	51329	55746	0.00740507040186
XMTM2MTU4NTUxMg==	39	46	0.0322156476003
XMTM2MTM5MDIyNA==	539	285	0.222070005266
XMTM2MDkwNjAwMA==	280	236	0.024693877551
XMTM2MTI0MjUzNg==	131	82	0.13991026164
XMTM2MTE2NDkzMg==	362	185	0.239072372638
XMTM2MTM1MjM0NA==	282	311	0.0105754237714
XMTM2MTU1NTY2NA==	17	16	0.00346020761246
XMTM2MTI5OTAzNg==	1021	523	0.23790698946
XMTM2MTUzNTIwOA==	678	455	0.108180837271
XMTM2MTQxODY1Ng==	935	766	0.032670079213
XMTM2MDk3NTE3Ng==	323	319	0.000153361002214
XMTM2MTMwOTYyOA==	98	105	0.00510204081633
XMTM2MTI0ODQ4MA==	114	118	0.00123114804555
XMTM2MTE4Njk0MA==	16	16	0.0
XMTM2MTA5MjkxNg==	17	15	0.0138408304498
XMTM2MTQxOTY0MA==	368	370	2.95368620038e-05
XMTM2MDg5OTgxNg==	770	806	0.00218586608197
XMTM2MTI5MzYxNg==	409	339	0.029292029579
XMTM2MTU3NTE4MA==	5	4	0.04
XMTM2MTI3MzgwOA==	253	157	0.143979752847
XMTM2MTQ0MTcyNA==	69	67	0.00084015963033
XMTM2MDg3NzcxNg==	444	452	0.000324648973298
XMTM2MTUyNTYwOA==	792	844	0.00431078461381
XMTM2MTUzOTg0OA==	126	121	0.00157470395566
XMTM2MDk3NTcwOA==	133	59	0.309570919781
XMTM2MTMyODI3Ng==	2143	2158	4.89934673199e-05
XMTM2MDgxOTAyOA==	6252	6298	5.41349480898e-05
XMTM2MTI0MTY5Ng==	462	402	0.0168662506325
XMTM2MTQyNjQ4OA==	148	115	0.0497169466764
XMTM2MDg5MDY1Ng==	48	44	0.00694444444444
XMTM2MDkzNjczMg==	12	8	0.111111111111
XMTM2MDg1MDc4NA==	29	28	0.00118906064209
XMTM2MTU1NDc4OA==	292	292	0.0
XMTM2MTU0MTI0NA==	515	539	0.00217174097464
XMTM2MTU3OTUxNg==	89	83	0.00454488069688
XMTM2MTA4NjY3Ng==	46	45	0.00047258979206
XMTM2MTI1MTcxNg==	80	87	0.00765625
XMTM2MTA3MTE4MA==	219	198	0.00919497091387
XMTM2MTI2OTYzMg==	118	119	7.18184429762e-05
XMTM2MTQyMDU2OA==	53	51	0.00142399430402
XMTM2MDk2Mzg4OA==	10759	11275	0.00230014697889
XMTM2MTUzMzQ0NA==	93	90	0.00104058272633
XMTM2MTYwMDYwOA==	1784065	1683336	0.0031877752791
XMTM2MDg5NDQ3Mg==	65312	25812	0.36577012033
XMTM2MTA3OTg2OA==	61226	51853	0.0234361063299
XMTM2MTU1MDQ2OA==	74	75	0.00018261504748
XMTM2MDkxNjE1Ng==	49	46	0.00374843815077
XMTM2MTUwNTYwNA==	55	53	0.00132231404959
XMTM2MDk3NzQ5Mg==	82	76	0.00535395597858
XMTM2MDg2ODEyMA==	120	100	0.0277777777778
XMTM2MTUxNDE4OA==	548	597	0.00799523149875
XMTM2MTQ0OTM1Ng==	408	448	0.00961168781238
XMTM2MTQ3NDEzMg==	26	26	0.0
XMTM2MDg1MTQ3Ng==	186	197	0.00349751416349
XMTM2MTAzMjMxNg==	159	146	0.00668486214944
XMTM2MDgyODk5Ng==	15636	17368	0.0122699968672
XMTM2MTE0NjAzNg==	341	352	0.00104058272633
XMTM2MTE1MDE3Mg==	48	49	0.000434027777778
XMTM2MTUyNTA0OA==	48	47	0.000434027777778
XMTM2MTQ5MTUyNA==	1804	1769	0.000376411620395
XMTM2MTI5MjA2MA==	1230	1336	0.00742679621918
XMTM2MTUyMDc2NA==	209	161	0.0527460451913
XMTM2MTQ2NjAyOA==	102	88	0.0188389081123
XMTM2MTE5MjU4MA==	6	7	0.0277777777778
XMTM2MTU3ODY4OA==	197	172	0.01610451184
XMTM2MDg2MjYyOA==	23	23	0.0
XMTM2MTE0MTI2MA==	33	23	0.0918273645546
XMTM2MTE0Njc0OA==	429	400	0.00456963394026
XMTM2MTI0MDQ1Ng==	1751	1648	0.00346020761246
XMTM2MTIzNTUyMA==	7945	5108	0.127506072467
XMTM2MTA2MTIzMg==	7	8	0.0204081632653
XMTM2MTIwODMzNg==	14	14	0.0
XMTM2MTU4NzU2OA==	1053	1280	0.0464723861368
XMTM2MDk2MDgxNg==	677	718	0.0036676710398
XMTM2MTIyNDgxMg==	269	290	0.00609444313926
XMTM2MDk3NzI5Ng==	4	4	0.0
XMTM2MTM0MzM0NA==	544	526	0.00109483131488
XMTM2MTU3Nzc3Mg==	60	71	0.0336111111111
XMTM2MDkxNDIwNA==	568	454	0.0402821860742
XMTM2MTUwNzI4MA==	21289	16686	0.0467489031705
XMTM2MTI2NTU1Ng==	599	556	0.00515327437772
XMTM2MTc0MzQ1Ng==	104	86	0.0299556213018
XMTM2MTQ4MzkwOA==	84	91	0.00694444444444
XMTM2MDg5MDE0MA==	15	15	0.0
XMTM2MTE4MjEzNg==	108	103	0.00214334705075
XMTM2MTczMjkwMA==	21	23	0.00907029478458
XMTM2MDk2NzA5Mg==	72	41	0.18537808642
XMTM2MTI1ODQ4MA==	42	42	0.0
XMTM2MTEzOTYzNg==	38	31	0.0339335180055
XMTM2MTU2NjU0MA==	49	48	0.000416493127863
XMTM2MTUwNTc2OA==	252	38	0.721151423532
XMTM2MTE4Nzk2MA==	1151	1158	3.69866870572e-05
XMTM2MTI2NTczNg==	202	165	0.033550632291
XMTM2MTM3NDU2MA==	17612	21008	0.0371807383203
XMTM2MTE4OTY5Mg==	1040	993	0.00204234467456
XMTM2MTE0NDc4MA==	51	50	0.000384467512495
XMTM2MTU3OTY1Mg==	29	24	0.0297265160523
XMTM2MTE0NzUwNA==	2269	2436	0.00541706379953
XMTM2MTQxMjM4OA==	473	166	0.421264118644
XMTM2MTQ5MDg2MA==	506	260	0.236357387242
XMTM2MTI4MTMwOA==	101	75	0.0662680129399
XMTM2MDk1MjM5Ng==	1099	1190	0.00685626191732
XMTM2MTUwMTU4MA==	700	712	0.00029387755102
XMTM2MDg0OTM2OA==	943	885	0.00378296742532
XMTM2MTI2ODE2NA==	13532	13010	0.00148804829908
XMTM2MDc1MDEwMA==	169	252	0.241203039109
XMTM2MDkwMTM0OA==	131	135	0.000932346599848
XMTM2MDk4NjE1Mg==	18	18	0.0
XMTM2MTIxMjg5Mg==	46	48	0.00189035916824
XMTM2MDkxOTUyMA==	4187	4067	0.000821403540215
XMTM2MTEyMTgwNA==	193	191	0.000107385433166
XMTM2MTI0MzMzNg==	3128	3246	0.00142308396727
XMTM2MTAyMDM3Mg==	14189	14697	0.00128181056597
XMTM2MTE3MzYxMg==	1489	1596	0.00516390399983
XMTM2MTUzNzQzMg==	137	139	0.000213117374394
XMTM2MDg4OTM4MA==	397	369	0.00497433522197
XMTM2MDkzMDA0NA==	78	59	0.0593359631821
XMTM2MTQzODQ4OA==	422	313	0.0667157071944
XMTM2MTEwMDY4MA==	1102	1068	0.000951907273033
XMTM2MDkyOTU2NA==	4	4	0.0
XMTM2MDk3MDAyMA==	3502	3498	1.3046310161e-06
XMTM2MTQ1MzI4OA==	20	22	0.01
XMTM2MTIxOTYzMg==	346373	340451	0.000292313413093
XMTM2MTA1MzA2NA==	75	65	0.0177777777778
XMTM2MDg4MzczMg==	86	77	0.0109518658734
XMTM2MTM2MjQzNg==	247	247	0.0
XMTM2MTUwODQ0NA==	216	202	0.00420096021948
XMTM2MTAzNjU3Mg==	1760	1744	8.26446280992e-05
XMTM2MTI4MjY1Ng==	628	597	0.00243671142846
XMTM2MTE5MjQwOA==	37403	32228	0.019142904544
XMTM2MTM5MjY5Mg==	151	198	0.0968817157142
XMTM2MTM0MDU0OA==	664	547	0.0310481383365
XMTM2MTA1MDg4MA==	113	103	0.00783146683374
XMTM2MTEyMzQ2MA==	649	701	0.00641973784488
XMTM2MDk0ODg0OA==	151	156	0.00109644313846
XMTM2MTIxMjYyNA==	2098	2299	0.0091786994014
XMTM2MTU3MjY0MA==	1190	862	0.0759720358732
XMTM2MTM3MzkyNA==	1484	1507	0.000240208222841
XMTM2MTQwNzExNg==	108	47	0.319015775034
XMTM2MTY2MzUyOA==	48	41	0.0212673611111
XMTM2MTIxMzM1Ng==	192	139	0.0761990017361
XMTM2MTQ3NTcyOA==	1241	834	0.10755862841
XMTM2MDkwNzYyOA==	20	24	0.04
XMTM2MTE3Mjk0OA==	510178	604673	0.0343063255731
XMTM2MTExMjU4NA==	510	529	0.00138792772011
XMTM2MTI0ODU5Mg==	20	15	0.0625
XMTM2MDc0MTMxNg==	258203	260077	5.26764628797e-05
XMTM2MTUyOTAxMg==	225	145	0.126419753086
XMTM2MTE0NDE0OA==	663	741	0.0138408304498
XMTM2MTYxMzExNg==	304	311	0.000530211218837
XMTM2MDkwNTI2MA==	509	571	0.0148370586805
XMTM2MTQ0NTUwMA==	774	532	0.0977572127743
XMTM2MTE0MTU3Ng==	2043	1868	0.00733735216583
XMTM2MTM5MjkzNg==	40	48	0.04
XMTM2MTQzNDMyMA==	100	74	0.0676
XMTM2MDc4MTA1Mg==	13599	13039	0.0016957510961
XMTM2MTU0MDY5Ng==	147472	86369	0.171674553575
XMTM2MTQwNjQ0MA==	1654	1851	0.0141860485518
XMTM2MTM5MDE3Mg==	824	882	0.00495451974738
XMTM2MTM1Nzg0MA==	48	57	0.03515625
XMTM2MTUwODE0MA==	27	26	0.00137174211248
XMTM2MTUyNjU2NA==	111447	124971	0.0147256189931
XMTM2MDgzNTQwMA==	12866	12600	0.000427441001893
XMTM2MTY3MDM3Ng==	27	29	0.00548696844993
XMTM2MDc3MDk5Ng==	478	501	0.00231526058717
XMTM2MTM0NTM4OA==	692	671	0.000920929533229
XMTM2MTQzNjQwOA==	222	239	0.00586397208019
XMTM2MTQzMDQyOA==	695	704	0.000167693183583
XMTM2MTAyOTQwMA==	3106	2456	0.0437949273761
XMTM2MTAyOTcyNA==	100961	81663	0.036535690285
XMTM2MTExMzUyOA==	114	106	0.00492459218221
XMTM2MTM5MTgyOA==	1143	950	0.0285116372702
XMTM2MTI5NzUxNg==	418	343	0.0321936310982
XMTM2MTM2MDk1Mg==	242	211	0.0164093982651
XMTM2MDY2Njg5Mg==	23	25	0.00756143667297
XMTM2MTU5MzI1Mg==	62	45	0.0751821019771
XMTM2MDg3MTk5Mg==	63	40	0.133282942807
XMTM2MTQ3Njk4OA==	54	55	0.000342935528121
XMTM2MDk2ODE0OA==	2352	1604	0.101141306863
XMTM2MTI0MTg1Mg==	9	10	0.0123456790123
XMTM2MDczNzM0NA==	110653	112182	0.000190936336278
XMTM2MDgxMTY4NA==	48159	50854	0.00313157356415
XMTM2MTQ0MDgwMA==	47	52	0.0113173381621
XMTM2MTU1MzUzNg==	45	48	0.00444444444444
XMTM2MTUzNjc3Mg==	44	20	0.297520661157
XMTM2MTQyODYzNg==	8783	9662	0.0100159462359
XMTM2MTUzNjk2OA==	42	45	0.00510204081633
XMTM2MTE2NzQzNg==	93	64	0.0972366747601
XMTM2MDg2MjE2MA==	5142	5266	0.000581539509362
XMTM2MDQzNDg5Mg==	115	92	0.04
XMTM2MTU3NDAyNA==	338	162	0.271138965722
XMTM2MDkyMzc4OA==	240	220	0.00694444444444
XMTM2MTIzODY1Ng==	11399	11072	0.000822928300572
XMTM2MDkyMjYwOA==	10031	10962	0.00861411967632
XMTM2MTExNzA2MA==	7366	7688	0.00191094555792
XMTM2MDkzMjg3Mg==	3189	2977	0.00441939360972
XMTM2MTYwNzY2OA==	1166	1252	0.00544001129781
XMTM2MTI4MjY0MA==	1586	1751	0.010823345509
XMTM2MDkyMzczMg==	90	102	0.0177777777778
XMTM2MDkyNzY1Mg==	24	25	0.00173611111111
XMTM2MTQ0NjI1Mg==	1484	1502	0.000147121860492
XMTM2MTQxNzUzNg==	18947	18056	0.00221143662448
XMTM2MTYwODk2OA==	805	869	0.00632074379846
XMTM2MDc1MDMxMg==	5443	5563	0.000486055457105
XMTM2MDc0MDQ4MA==	94	59	0.138637392485
XMTM2MTQ1NjA2MA==	141	154	0.00850057844173
XMTM2MTQzMDQ0NA==	760	391	0.235735803324
XMTM2MTI0NjIyOA==	739	852	0.023381265324
XMTM2MTQwMjM3Mg==	114	117	0.000692520775623
XMTM2MTEzMTMzNg==	47	61	0.0887279311906
XMTM2MTM5ODI1Ng==	43	48	0.013520822066
XMTM2MTQ2ODUzMg==	213	208	0.000551037051731
XMTM2MTQyMDMyMA==	5575	5037	0.00931268274045
XMTM2MTM0NDI2NA==	207	217	0.00233377675092
XMTM2MTQ1Njc3Ng==	33394	35742	0.00494378185825
XMTM2MTI3NjM2NA==	3487	3173	0.00810877782848
XMTM2MTIwMDI3Ng==	53	49	0.00569597721609
XMTM2MDg1MjAyNA==	18	21	0.0277777777778
XMTM2MTQwNzE0MA==	1122	1011	0.00978724012697
XMTM2MTUwNjkyNA==	115	116	7.56143667297e-05
XMTM2MDkwNTUxMg==	10087	9088	0.00980859798233
XMTM2MTMwODUzMg==	48	69	0.19140625
XMTM2MDY1MDU4OA==	1548	1212	0.0471125533321
XMTM2MTE2NzYwNA==	221	229	0.00131037448046
XMTM2MTMwNDg2NA==	6365	6865	0.00617082446534
XMTM2MTQzMTA3Ng==	106	100	0.00320398718405
XMTM2MDg3NDcwOA==	155145	131267	0.0236875600477
XMTM2MDk5OTYzNg==	130	110	0.0236686390533
XMTM2MTMxMzY0OA==	123	112	0.0079978848569
XMTM2MTE4NDQ4NA==	1411	1625	0.0230024194832
XMTM2MTM2NzE0NA==	240	242	6.94444444444e-05
XMTM2MTAwMTY1Mg==	2167	2315	0.00466450548554
XMTM2MTQwNjU0MA==	1746	1873	0.00529077098496
XMTM2MTI5Njc2OA==	104	84	0.0369822485207
XMTM2MDgyMjM4NA==	69563	72723	0.00206356217499
XMTM2MDg2MzI0NA==	11	12	0.00826446280992
XMTM2MTM3NjMwMA==	301	303	4.41496230726e-05
XMTM2MDk1NjQ2NA==	1146	1130	0.000194926430501
XMTM2MTI0MDI2MA==	121	131	0.00683013455365
XMTM2MTI4OTA2OA==	248	239	0.00131698751301
XMTM2MTExMDE5Ng==	24274	22046	0.00842456873112
XMTM2MTYyNjU4MA==	1378	1531	0.012327767257
XMTM2MTMzMjM0MA==	36	36	0.0
XMTM2MDg1ODU4NA==	20	23	0.0225
XMTM2MDc1MjEwNA==	41327	34906	0.0241400174329
XMTM2MTcwNDg5Ng==	10	12	0.04
XMTM2MDg1NzA3Ng==	71	74	0.00178536004761
XMTM2MTU3NTExNg==	447	404	0.00925383741473
XMTM2MTE3NjM2OA==	9794	10593	0.00665538769261
XMTM2MTU3ODU4MA==	7	8	0.0204081632653
XMTM2MTYxMzY1Mg==	260	261	1.47928994083e-05
XMTM2MDk5MDc2MA==	468	359	0.0542451968734
XMTM2MTE5MjAxMg==	104	72	0.094674556213
XMTM2MTYwMTczNg==	88994	99903	0.0150261745251
XMTM2MTE1NDI4MA==	38	41	0.00623268698061
XMTM2MTUxNTM4OA==	777	582	0.0629835571921
XMTM2MTM2NDA5Ng==	555	491	0.0132976219463
XMTM2MTA2Nzg0MA==	875	643	0.0703007346939
XMTM2MTU4MDkwNA==	15748	13659	0.0175964908381
XMTM2MDg2ODExNg==	108	79	0.0721021947874
XMTM2MTU3ODQ2MA==	17327	17438	4.10392302899e-05
XMTM2MTA5NjIyOA==	4	4	0.0
XMTM2MTU1MjQ0MA==	11	8	0.0743801652893
XMTM2MTQxNzE0OA==	571	551	0.00122683956926
XMTM2MDk2ODI0OA==	112	113	7.97193877551e-05
XMTM2MTM5OTk3Mg==	21	21	0.0
XMTM2MTQxNDkzMg==	397	400	5.71033380073e-05
XMTM2MTIzMDQ3Mg==	30	29	0.00111111111111
XMTM2MTIyMDUzNg==	1119	1185	0.00347878587498
XMTM2MTY3NTEyOA==	35	31	0.0130612244898
XMTM2MDcxNDgwOA==	384	417	0.00738525390625
XMTM2MTUwODM0MA==	62	56	0.00936524453694
XMTM2MDc4NDg0MA==	27	34	0.0672153635117
XMTM2MTI3NDM4NA==	11	10	0.00826446280992
XMTM2MTUzNzgwNA==	69	71	0.00084015963033
XMTM2MTUxNjIwNA==	10574	10898	0.000938882854616
XMTM2MTQxNDMzMg==	73134	69756	0.00213344099312
XMTM2MDg1ODgyMA==	83	73	0.0145158949049
XMTM2MTMzNDU1Mg==	69	67	0.00084015963033
XMTM2MTQ0NDU2NA==	418	376	0.0100959227124
XMTM2MTIxOTM0NA==	535	440	0.0315311380907
XMTM2MDkxNDQzNg==	2107	1315	0.141293210036
XMTM1OTg5NjI3Ng==	54	52	0.00137174211248
XMTM2MTU0MjU5Mg==	54	52	0.00137174211248
XMTM2MTU3MDIxMg==	53	52	0.000355998576006
XMTM2MDkxNzE3Mg==	882	953	0.0064800674616
XMTM2MDgzNjcwOA==	46	44	0.00189035916824
XMTM2MTUyMDUyMA==	54	48	0.0123456790123
XMTM2MTI2MTIxNg==	846	288	0.43503847895
XMTM2MTU0MzUzNg==	2296	2338	0.000334622248662
XMTM2MTA2MDkwOA==	122	149	0.0489787691481
XMTM2MTQ4Mjg2OA==	484	517	0.00464876033058
XMTM2MTI3MTE2MA==	860	826	0.00156300703083
XMTM2MDg3NjA1Ng==	134	116	0.0180441078191
XMTM2MTY3MTY0OA==	12	12	0.0
XMTM2MTE2NzM0NA==	874	938	0.00536212683734
XMTM2MTQyNDIzMg==	18	20	0.0123456790123
XMTM2MTYwODcyOA==	66	71	0.00573921028466
XMTM2MTY2MTMzNg==	880	510	0.176782024793
XMTM2MDkwMDY0NA==	55	49	0.0119008264463
XMTM2MTI1Njc2OA==	7273	6954	0.00192377462045
XMTM2MTExMzQ0NA==	85	88	0.00124567474048
XMTM2MTE1MjAzNg==	514	375	0.073131311602
XMTM2MTU0NjA0MA==	221	222	2.04746012571e-05
XMTM2MDc1NDM0MA==	932	888	0.00222881246661
XMTM2MTYwNzg2MA==	429	440	0.000657462195924
XMTM2MTU2OTExMg==	202	207	0.000612685030879
XMTM2MTQ4NTMyOA==	206	170	0.0305401074559
XMTM2MTUxODQyMA==	1973	2022	0.000616790945375
XMTM2MTMzMjAxNg==	926	1098	0.034501257178
XMTM2MTIzNjE4MA==	3998	4130	0.00109008981729
XMTM2MTU4NDU1Ng==	432528	358478	0.0293103950242
XMTM2MTE0MjcwMA==	55	57	0.00132231404959
XMTM2MDc4MTE0NA==	9557	11105	0.0262360675661
XMTM2MTMwOTg4NA==	396	383	0.00107769615345
XMTM2MTQyNzIwMA==	361	394	0.00835628946985
XMTM2MDk5NzQ2MA==	793	809	0.000407092958723
XMTM2MTEyODI0MA==	1194	1185	5.68167470518e-05
XMTM2MTQ5Mzg1Ng==	111	124	0.0137164191218
XMTM2MTA3NzAyOA==	456	374	0.032336872884
XMTM2MTUzMzM2NA==	30	36	0.04
XMTM2MTU5ODkwMA==	508	477	0.00372388244776
XMTM2MTMxNzk2NA==	75	82	0.00871111111111
XMTM2MDg4NjA0MA==	108	99	0.00694444444444
XMTM2MTAxNzQwMA==	241	252	0.00208329746389
XMTM2MTA3OTI0NA==	6	7	0.0277777777778
XMTM2MDg5Njg5Ng==	23901	28092	0.0307470304462
XMTM2MTI2NDIwMA==	1761	1780	0.00011640951772
XMTM2MTcyMjMyMA==	555	575	0.00129859589319
XMTM2MTU1MDMxMg==	1330	1465	0.010303013172
XMTM2MTQ5MzIwNA==	7855	8700	0.011572336116
XMTM2MTE2ODc0NA==	12365	13771	0.0129295199313
XMTM2MTI5MDY0OA==	15640	16158	0.00109694795298
XMTM2MDY0NTk5Ng==	260	158	0.153905325444
XMTM2MTA5MzY0NA==	4333	4612	0.00414601652239
XMTM2MDk4MDE4MA==	82	80	0.00059488399762
XMTM2MTU3MDcwOA==	258	219	0.0228501892915
XMTM2MTU1MjkwNA==	104	114	0.00924556213018
XMTM2MTIyMzgxNg==	171	165	0.00123114804555
XMTM2MTM1NDEwNA==	40	44	0.01
XMTM2MTE1OTI2NA==	907	985	0.00739562073254
XMTM2MTEyNTMzNg==	14	16	0.0204081632653
XMTM2MTAwMTY0NA==	36	34	0.00308641975309
XMTM2MDk1NDUyMA==	89	63	0.0853427597526
XMTM2MDc3ODk3Ng==	106641	112657	0.00318249138971
XMTM2MTU3NjkyNA==	9	10	0.0123456790123
XMTM2MTI4NjAzNg==	4774	51	0.978748392573
XMTM2MTU5MDc4MA==	219	223	0.000333604386898
XMTM2MTMyNTA2MA==	699	743	0.00396233327398
XMTM2MTM2Njk5Ng==	1925	1857	0.00124783268679
XMTM2MDkxOTU5Mg==	5	6	0.04
XMTM2MTU4NDI0OA==	511	428	0.0263824050919
XMTM2MTM4ODc5Ng==	1182	1185	6.44180473601e-06
XMTM2MTIxMTk1Mg==	161	162	3.85787585356e-05
XMTM2MTUzMDI4MA==	437	435	2.09458079584e-05
XMTM2MDc4NTAyOA==	1003	964	0.00151191490335
XMTM2MTU0NzMxMg==	13155	8205	0.141588732189
XMTM2MDk3NDA1Mg==	74	71	0.00164353542732
XMTM2MTE1NzM4NA==	4268	3967	0.00497375249124
XMTM2MTIwMzc4OA==	223	229	0.000723923666271
XMTM2MTM2MDI0OA==	809	858	0.00366855569528
XMTM2MDk3MTE4NA==	2264	1900	0.0258493675786
XMTM2MDQ5NjQ5Ng==	15	15	0.0
XMTM2MDkyNDg3Mg==	563	471	0.0267029267846
XMTM2MTYzODM4NA==	5086	5082	6.18539260774e-07
XMTM2MTE4ODIxNg==	861	839	0.000652888559747
XMTM2MTQ2NTIzNg==	4458	4728	0.00366815264587
XMTM2MTQ0ODAwNA==	212	197	0.00500622997508
XMTM2MTMyOTA3Ng==	7470	7666	0.000688447677367
XMTM2MTE3MzMyMA==	52	50	0.00147928994083
XMTM2MDgyNDU1Ng==	52429	52670	2.11295835032e-05
XMTM2MTA4OTU4MA==	1988	96	0.905752421977
XMTM2MTIxNTIxNg==	117	105	0.0105193951348
XMTM2MTIwODU3Ng==	26	18	0.094674556213
XMTM2MTI3OTUyOA==	2618	67	0.949470843272
XMTM2MDg5ODUyMA==	7	7	0.0
XMTM2MTQ0MDM0MA==	75	83	0.0113777777778
XMTM2MDg4MzA5Mg==	42	38	0.00907029478458
XMTM2MTUzMzY0OA==	69	59	0.0210039907582
XMTM2MTQ3Nzk5Ng==	47	29	0.14667270258
XMTM2MDk4NDAxMg==	61	30	0.258263907552
XMTM2MTMzOTg4MA==	586	510	0.0168202308705
XMTM2MTEzMTA0NA==	705	819	0.0261475780896
XMTM2MTM0ODkwMA==	110	56	0.240991735537
XMTM2MDkzODMwOA==	19968	18158	0.00821652183558
XMTM2MTY5OTU0MA==	168	126	0.0625
XMTM2MTQwNjEzMg==	127	103	0.0357120714241
XMTM2MTI4MDQ1Mg==	4	4	0.0
XMTM2MTMwMTY3Ng==	49	53	0.00666389004581
XMTM2MTIwODc4NA==	385	55	0.734693877551
XMTM2MTU1NTc3Mg==	332	328	0.000145158949049
XMTM2MDkwMTQ4NA==	73	73	0.0
XMTM2MTE1NjMyOA==	2030	2227	0.00941760295081
XMTM2MTM2NjM1Mg==	2300	2569	0.0136788279773
XMTM2MTQxNjE2OA==	393	407	0.00126902731646
XMTM2MDk2NTQzMg==	195	110	0.190006574622
XMTM2MTE4NDM3Ng==	4	4	0.0
XMTM2MDgxNzIxNg==	163	150	0.00636079641688
XMTM2MDk0OTI3Ng==	3394	3469	0.000488313634689
XMTM2MTQ4MDgzNg==	134	127	0.00272889284919
XMTM2MTYwODU0MA==	233	236	0.000165779439665
XMTM2MTU5NDk2NA==	1674	1760	0.00263928321122
XMTM2MTE4MDgzMg==	847	892	0.00282265764717
XMTM2MTQ2NDg4MA==	70	71	0.000204081632653
XMTM2MDkzMjU0OA==	8	9	0.015625
XMTM2MDkxNzI5Mg==	4463	4731	0.00360591773353
XMTM2MDk1Mjc4MA==	58	42	0.0760998810939
XMTM2MTUyNzMyNA==	246	265	0.00596536453169
XMTM2MTMwODg0NA==	44	42	0.00206611570248
XMTM2MDUxNDYxMg==	134	154	0.0222766763199
XMTM2MTE4MzUxNg==	73	68	0.00469131169075
XMTM2MTE4OTE4MA==	645	610	0.00294453458326
XMTM2MTQ0NzUwNA==	26	14	0.213017751479
XMTM2MTM5OTg3Mg==	59646	64120	0.00562638324568
XMTM2MDc0MDA5Mg==	13439	11705	0.0166480847631
XMTM2MTYwODU4OA==	203	177	0.0164041835521
XMTM2MTQwNjg5Ng==	37	33	0.0116873630387
XMTM2MTAzMjczMg==	59743	54399	0.00800126851254
XMTM2MTE0ODk3Ng==	1593	1510	0.00271471744122
XMTM2MTMwNTA2NA==	71	74	0.00178536004761
XMTM2MTIyMTEwOA==	24	24	0.0
XMTM2MTI4MzIzNg==	1240	1313	0.00346579084287
XMTM2MTIzODYyMA==	15	14	0.00444444444444
XMTM2MDk1ODc0MA==	96	77	0.0391710069444
XMTM2MDc4NDQyOA==	2264	1631	0.0781726032913
XMTM2MTEzOTI5Ng==	524	550	0.00246197774022
XMTM2MTE5NDc2OA==	116	116	0.0
XMTM2MTIyNjg2NA==	15	11	0.0711111111111
XMTM2MDg2OTE5Mg==	237	251	0.00348946928021
XMTM2MTA2NTc1Mg==	2021	1465	0.0756862444579
XMTM2MTQ0MTYyNA==	2072	962	0.286989795918
XMTM2MDgzNDc0OA==	36838	40055	0.007626232382
XMTM2MTU2NzI2OA==	1538	1459	0.00263840530573
XMTM2MDkwMzk0NA==	506	441	0.0165015857145
XMTM2MTMwODkyMA==	4189	4239	0.000142468643079
XMTM2MTEzMTU5Ng==	491	523	0.00424753506083
XMTM2MTE0NjU0OA==	9	10	0.0123456790123
XMTM1NzMwNzc0MA==	39	30	0.0532544378698
XMTM2MDg4NTE2MA==	9	8	0.0123456790123
XMTM2MTA3OTAzMg==	217	258	0.0356983584277
XMTM2MDg3MDgwNA==	920	646	0.0887003780718
XMTM2MTE2NjI4OA==	596	611	0.00063341741363
XMTM2MTA2Mzg0NA==	52	54	0.00147928994083
XMTM2MTI4NDE2MA==	1141	1321	0.0248870672512
XMTM2MTEwMjc0OA==	12	11	0.00694444444444
XMTM2MTE4NTYzNg==	51	49	0.00153787004998
XMTM2MTYwMzEyOA==	339	348	0.000704832015036
XMTM2MTM0MjcwOA==	212	241	0.0187121751513
XMTM2MTM3NzA4OA==	19	19	0.0
XMTM2MTQ5ODU2NA==	9752	10675	0.00895810228196
XMTM2MTEzNTc2MA==	47	41	0.0162969669534
XMTM2MTE5NDcxNg==	60	66	0.01
XMTM2MDgxMTMxMg==	20	19	0.0025
XMTM2MDkwNDcyOA==	5362	6499	0.0449642454723
XMTM2MDcxMDQ0OA==	7376	7370	6.61699314421e-07
XMTM2MTQ4MDI4MA==	1267	1356	0.00493431400826
XMTM2MTUzNzA4NA==	8	10	0.0625
XMTM2MTAyOTAyOA==	16	14	0.015625
XMTM2MDc0MTEyMA==	147	142	0.00115692535518
XMTM2MTYwOTQxNg==	232	223	0.00150490487515
XMTM2MTY1NDE5Mg==	947	1055	0.0130061138994
XMTM2MTczMjE5Mg==	229	168	0.0709559314277
XMTM2MTI5OTI4MA==	53	43	0.0355998576006
XMTM2MTM3ODI4MA==	491	514	0.0021942832492
XMTM2MTUyNTYyOA==	1182	581	0.258531812495
XMTM1ODUzMTE5Ng==	27	27	0.0
XMTM2MTMyMDE2OA==	941	911	0.00101639673804
XMTM2MDk5MjY4NA==	126	137	0.00762156714538
XMTM2MDgxMDAwOA==	33429	36015	0.00598425747039
XMTM2MTMyNjcwNA==	272	346	0.0740160034602
XMTM2MTU3NTI3Ng==	709	755	0.00420942904148
XMTM2MDk5NjcxNg==	17	17	0.0
XMTM2MTIyNjI5Ng==	3095	2934	0.00270601653091
XMTM2MTIwOTM5Mg==	4479	4648	0.00142367639493
XMTM2MTM4OTkxMg==	1438	1471	0.000526635471535
XMTM2MTI2NTI4OA==	18	19	0.00308641975309
XMTM2MDkxMTkzMg==	294	284	0.00115692535518
XMTM2MTAyMDc4NA==	70	73	0.00183673469388
XMTM2MTYxNjI2MA==	11	9	0.0330578512397
XMTM2MTU4NDcwNA==	155	144	0.00503642039542
XMTM2MTM4MjAyNA==	13	15	0.0236686390533
XMTM2MDgzNDU3Mg==	294077	331344	0.016059305066
XMTM2MTI1NTQ2NA==	136	107	0.0454692906574
XMTM2MDk2NjkwMA==	67	66	0.000222766763199
XMTM2MTU0NDQyNA==	419	420	5.69602588274e-06
XMTM2MTE0Mzc2OA==	1726270	1887310	0.00870262113977
XMTM2MDc3ODM2OA==	14261	16441	0.0233675417578
XMTM2MTU0MjM4NA==	148	161	0.00771548575603
XMTM2MTYxMzM5Mg==	187	195	0.00183019245618
XMTM2MDkwNDMwMA==	128	92	0.0791015625
XMTM2MTExNzAyMA==	2197	2584	0.0310285739502
XMTM2MTA2NjY0OA==	247	206	0.0275533118065
XMTM2MTI4ODc2OA==	192	180	0.00390625
XMTM2MTU5MTY2MA==	210	214	0.000362811791383
XMTM2MTQ0NDE1Mg==	3529	3566	0.000109925925664
XMTM2MTI0MTQzMg==	790	799	0.000129786893126
XMTM2MTU4MDYzMg==	551	588	0.00450920780893
XMTM2MTM4OTIyOA==	310	325	0.00234131113424
XMTM2MDkxNDY0NA==	463	387	0.0269441943565
XMTM2MTUyOTYzNg==	748	675	0.00952450742086
XMTM2MDkzMjkyMA==	795	508	0.13032554092
XMTM2MTU0NTE3Mg==	781	827	0.00346907425229
XMTM2MTQ4NDEwMA==	40	37	0.005625
XMTM2MTI4ODg0MA==	2719	2373	0.0161932411114
XMTM2MTExNjE3Ng==	2705	2883	0.00433017517365
XMTM2MTIzMzY4NA==	2201	1130	0.236776641735
XMTM2MDg3MzgyMA==	56	48	0.0204081632653
XMTM2MTIwOTQ5Mg==	138	131	0.00257298886788
XMTM2MTE1MDc2NA==	6	6	0.0
XMTM2MTIwMzk4NA==	535	536	3.49375491309e-06
XMTM2MTQ1NTUwNA==	39	35	0.0105193951348
XMTM2MTM5ODk5Mg==	1278	1213	0.00258681282618
XMTM2MTY3MDY1Mg==	48	55	0.0212673611111
XMTM2MTIzMzg2NA==	3769	4236	0.0153525841406
XMTM2MTA3NDY4OA==	13659	14554	0.00429346829861
XMTM2MTQ3NTE1Ng==	44024	44944	0.000436713537945
XMTM2MTY4MzAyMA==	26	37	0.17899408284
XMTM2MTE0MTg1Mg==	3994	3878	0.000843528688125
XMTM2MTUyOTg3Ng==	111	104	0.0039769499229
XMTM2MDcwMjQ4NA==	1772	1863	0.00263727458484
XMTM2MTAxMzQ4NA==	2779	2411	0.0175355157513
XMTM2MTY1MTE1Ng==	22	12	0.206611570248
XMTM2MTE1MjQwMA==	290	295	0.000297265160523
XMTM2MTczMTExNg==	61	62	0.000268744961032
XMTM2MTE2OTg0MA==	148	150	0.00018261504748
XMTM2MTE4MTA3Mg==	468	329	0.0882140769961
XMTM2MDk4OTU1Mg==	179	151	0.0244686495428
XMTM2MTM2ODg4MA==	23	28	0.047258979206
XMTM2MTUxNTk2MA==	121	126	0.00170753363841
XMTM2MTAwNDQxMg==	59	56	0.00258546394714
XMTM2MTI5NDM4MA==	286	317	0.0117487407697
XMTM2MDc5Nzg0NA==	47174	37563	0.0415079943631
XMTM2MDk5NjQxNg==	2970	2858	0.00142207711231
XMTM2MTE1NzMxNg==	273	312	0.0204081632653
XMTM2MDg4Mjc1Ng==	81	45	0.197530864198
XMTM2MTQ2NDc5Ng==	15	15	0.0
XMTM2MTQ1NDQwNA==	610	612	1.07497984413e-05
XMTM2MTE5MjE2OA==	6474	6411	9.4696888359e-05
XMTM2MTI1ODQwMA==	1815	1585	0.0160584052395
XMTM2MTExNTE2OA==	86	101	0.0304218496485
XMTM2MTQxNzkyNA==	366	348	0.00241870464929
XMTM2MTA4MzM4OA==	1636	1697	0.00139025053652
XMTM2MDk0MTQwOA==	1407	968	0.0973510960781
XMTM2MTQwNjg4NA==	377	397	0.00281434471501
XMTM2MTMwMDYwMA==	1510	1403	0.00502127099689
XMTM2MDk3MDA4OA==	135	107	0.0430178326475
XMTM2MTI4NzAzNg==	2682	2713	0.000133599810041
XMTM1OTgwMjgzNg==	618	480	0.0498633235932
XMTM2MTUxMzE0NA==	610	618	0.00017199677506
XMTM2MTQ0NzIwMA==	96	61	0.132921006944
XMTM2MTAzNjgwOA==	70	71	0.000204081632653
XMTM2MTE2Nzc2NA==	187	214	0.0208470359461
XMTM2MDk3NjgwNA==	98	105	0.00510204081633
XMTM2MTM0NDU2NA==	198	165	0.0277777777778
XMTM2MTYwMjI5Ng==	76	74	0.000692520775623
XMTM2MTE0Mjc4NA==	750	723	0.001296
XMTM2MTEyOTY5Mg==	30	30	0.0
XMTM2MDk0Njk0OA==	383	298	0.0492538636162
XMTM2MTI0MzQ0NA==	131	99	0.0596701823903
XMTM2MDc5MDg4MA==	25580	20639	0.0373102902421
XMTM2MTE2NzgwMA==	193	212	0.00969153534323
XMTM2MTMxNTQ1Ng==	13982	14713	0.0027333557433
XMTM2MDY4MTgxMg==	1532	1554	0.000206218598532
XMTM2MTYxNTgyMA==	711	754	0.00365761264122
XMTM2MTUzOTAxNg==	9	11	0.0493827160494
XMTM2MTI0NDk2OA==	97	93	0.00170049952173
XMTM2MTE5NDkxMg==	79	96	0.0463066816215
XMTM2MTUzODU0MA==	83	41	0.256060386123
XMTM2MTI5MTM0NA==	1045	1282	0.0514356356311
XMTM2MTMwNzE3Ng==	9	11	0.0493827160494
XMTM2MTI2MjU0MA==	356	391	0.00966576189875
XMTM2MTQ5MDkyOA==	7706	7241	0.00364122819077
XMTM2MTEzOTc0MA==	474	415	0.0154934216383
XMTM2MTA4NjQzNg==	2569	2606	0.000207431753968
XMTM2MTA1NjI4OA==	175	180	0.000816326530612
XMTM2MTQ0NjIwNA==	15	17	0.0177777777778
XMTM2MDkzNTAzNg==	1169	1021	0.0160285563542
XMTM2MTQzMDU4MA==	148	169	0.0201333089847
XMTM2MTE0NDU1Mg==	90	83	0.00604938271605
XMTM2MTMwMTc4NA==	428	353	0.0307068302909
XMTM2MTUzNzYyMA==	2872	3132	0.00819554472731
XMTM2MDg2OTMxMg==	1459	1150	0.0448545366826
XMTM2MTEzNTAyMA==	35032	39769	0.0182842396572
XMTM2MTIwMjg2OA==	476	326	0.0993044276534
XMTM2MTAxODk2OA==	83	88	0.00362897372623
XMTM2MTMzMDIzNg==	362	374	0.00109886755594
XMTM2MTMyMTM0OA==	4199	3888	0.00548566179555
XMTM2MTQ0MzQzNg==	2482	2545	0.000644284294138
XMTM2MTQwNzc5Mg==	588	412	0.0895922995048
XMTM2MTI4NDI5Mg==	278	218	0.0465814398841
XMTM2MDg0NDIyNA==	960	547	0.185079210069
XMTM2MDY0NjcxNg==	617	562	0.00794611874785
XMTM2MTY0MDQ0MA==	814	978	0.0405918538597
XMTM2MDc3MDcwNA==	661	539	0.0340656548896
XMTM2MDkzNzgwMA==	23	23	0.0
XMTM2MTM5MjY1Ng==	31	30	0.00104058272633
XMTM2MDk2OTk2MA==	919	962	0.00218930308172
XMTM2MTU4ODk3Mg==	59	57	0.00114909508762
XMTM2MTQwMjEyMA==	31	30	0.00104058272633
XMTM2MTY1NzEzMg==	658	622	0.00299332046082
XMTM2MTM4NTU0NA==	12	14	0.0277777777778
XMTM2MTY0MDgwMA==	877	762	0.0171947748687
XMTM2MTI5NzQxMg==	2328	2061	0.0131539616325
XMTM2MTY1Nzg4NA==	141	130	0.00608621296715
XMTM2MTUwMjU5Mg==	5859	6105	0.00176288189766
XMTM2MDk1OTgzMg==	10	10	0.0
XMTM2MTA2MzYwMA==	1759	1880	0.00473193817486
XMTM2MTI1MjQ2NA==	944	886	0.00377495690893
XMTM2MTIyMzk0MA==	27	28	0.00137174211248
XMTM2MDkxNzQ0MA==	25495	26157	0.000674226698889
XMTM2MTIwOTgyMA==	344	379	0.0103518793943
XMTM2MTU3NDY3Ng==	11	13	0.0330578512397
XMTM2MTQ1OTk0MA==	91	104	0.0204081632653
XMTM2MTM0ODQ1Ng==	359	145	0.355335542089
XMTM2MDg4MTgzMg==	80890	68149	0.0248094628003
XMTM2MTYzNTkwNA==	46375	49204	0.00372132884824
XMTM2MTMyNjQ1Ng==	21600	13529	0.13961985811
XMTM2MTYzOTE4NA==	34	34	0.0
XMTM2MTI2NTI3Mg==	1411	1265	0.0107066026226
XMTM2MDc0OTM5Mg==	36	32	0.0123456790123
XMTM2MTQ1OTM1Ng==	6128	6034	0.000235297977353
XMTM2MDc2Nzg0MA==	114	127	0.0130040012311
XMTM2MTI3MDcxNg==	913	764	0.0266336679987
XMTM2MDU3Mjg1Ng==	1305	889	0.101616828878
XMTM2MTIwMTMyNA==	7	8	0.0204081632653
XMTM2MTIwMDE3Ng==	370	293	0.0433089846603
XMTM2MTI1MTQ0MA==	13	14	0.00591715976331
XMTM2MTMwMDg1Mg==	1272	624	0.259522961908
XMTM2MDkwMzk4MA==	210	238	0.0177777777778
XMTM2MTM2NjU5Mg==	4	4	0.0
XMTM2MDk1NzQ3Ng==	53	52	0.000355998576006
XMTM2MTA5NTc2MA==	35	42	0.04
XMTM2MTAzNjI4MA==	217	249	0.021746055342
XMTM2MTE2NzM4MA==	357	284	0.0418128035528
XMTM2MDY2NjcwMA==	20	20	0.0
XMTM2MTM4NzAxMg==	33	32	0.000918273645546
XMTM2MTE2ODg3Ng==	54	48	0.0123456790123
XMTM2MTExMjUyMA==	38	37	0.000692520775623
XMTM2MTQxMzY0NA==	3887	2076	0.217074005169
XMTM2MDk3NzYxNg==	1781	1816	0.000386196425492
XMTM2MTEzMzYyNA==	351	381	0.00730513551026
XMTM2MTU2MTY4OA==	20	22	0.01
XMTM2MDk0NjEyOA==	31848	11163	0.421838992728
XMTM2MTY4NjMwOA==	9	10	0.0123456790123
XMTM2MTA0Mjc5Ng==	13892	9477	0.101002440239
XMTM2MTQzNTAzNg==	897	908	0.00015038360247
XMTM2MTM3MjIyOA==	25	23	0.0064
XMTM2MTIzNDY4MA==	6745	4434	0.117391319161
XMTM2MTM2MzI3Mg==	600	739	0.0536694444444
XMTM2MTExNzUzMg==	230	179	0.049168241966
XMTM2MTE3MTcwNA==	176	213	0.0441955061983
XMTM2MTMzMzU4MA==	2130	914	0.325917697106
XMTM2MTA2NjE4NA==	120247	106976	0.0121803228024
XMTM2MTE3NTI3Ng==	13	17	0.094674556213
XMTM2MTMzNTE2NA==	14	11	0.0459183673469
XMTM2MTQxMDMwOA==	561	647	0.0235001795241
XMTM2MTE5MTk2OA==	272	224	0.0311418685121
XMTM2MTMzNzkwMA==	1834	2056	0.0146523500724
XMTM2MTQ2NDc3Ng==	71	58	0.0335250942273
XMTM2MDk5MTIxMg==	13635	9637	0.0859756157745
XMTM2MDg4MzYwOA==	135524	117598	0.0174958223931
XMTM2MTQ2MTc4NA==	96	91	0.00271267361111
XMTM2MDgyNzA0NA==	545	603	0.0113256459894
XMTM2MDYzMDg0MA==	2452	1078	0.314002086388
XMTM2MTQzNjUyNA==	7	8	0.0204081632653
XMTM2MDk1ODY1Ng==	145	129	0.012175980975
XMTM1OTc0NDQ4OA==	312	190	0.15290105194
XMTM2MTUwNTE4NA==	734	672	0.00713495534156
XMTM2MTE5NjQyOA==	92	79	0.0199669187146
XMTM2MDkyMjUxMg==	2060	1800	0.0159298708644
XMTM2MTI2NjM1Ng==	478	405	0.0233232961608
XMTM2MTM1OTExNg==	12621	13390	0.00371248874872
XMTM2MTE5MzkxNg==	15	15	0.0
XMTM2MTE4MTQ0OA==	71227	31431	0.312168831608
XMTM2MTMyNTIyMA==	1815	1936	0.00444444444444
XMTM2MDc2NjgwOA==	380	396	0.0017728531856
XMTM2MTMwMjk3Ng==	29496	30227	0.000614198151033
XMTM2MTU3MjU3Ng==	41	48	0.0291493158834
XMTM2MTQ2MzI0NA==	51	46	0.00961168781238
XMTM2MTI3MDIyOA==	1193	1189	1.12418838868e-05
XMTM2MTUyNjY2NA==	38	36	0.00277008310249
XMTM2MTAzMDU0NA==	15	14	0.00444444444444
XMTM2MTYxMjg2NA==	69	62	0.0102919554715
XMTM2MTQzODkxNg==	1006	1031	0.000617566964021
XMTM2MTYzNjY0NA==	85	76	0.0112110726644
XMTM2MDc3Nzk1Ng==	4186	3704	0.013258537719
XMTM2MTIxNTk1Mg==	8953	8984	1.19890899531e-05
XMTM2MDg0MzE0OA==	230350	243724	0.00337090260388
XMTM2MTI1MDg2MA==	43	51	0.0346133044889
XMTM2MTI4MzQ1Ng==	69	57	0.0302457466919
XMTM2MDMyMjY4NA==	17	24	0.16955017301
XMTM2MDgxNDQwOA==	989	1024	0.00125240128778
XMTM2MTM5Njk3Mg==	242	154	0.132231404959
XMTM2MDc1Mzg3Ng==	41951	48155	0.0218705116297
XMTM2MDMxMTk4OA==	760	766	6.23268698061e-05
XMTM2MDczNTA4NA==	65	61	0.00378698224852
XMTM2MTYwNDc5Ng==	12	12	0.0
XMTM2MTcwMDc3Mg==	34	34	0.0
XMTM2MTMwODEwOA==	17	17	0.0
XMTM2MTExMjc0MA==	10056	8035	0.0403907667579
XMTM2MTM1OTczMg==	139	143	0.000828114486828
XMTM2MDk4MTI2MA==	215	215	0.0
XMTM2MTEzNDY0MA==	547	551	5.34743273097e-05
XMTM2MTYwNTU1Mg==	87	81	0.00475624256837
XMTM2MTM3ODY4MA==	270	200	0.0672153635117
XMTM2MTYxMTEyOA==	21	21	0.0
XMTM2MTA5NTM2NA==	23	23	0.0
XMTM2MTcwMTAzNg==	3709	3738	6.11339319419e-05
XMTM2MTE3MDY1Mg==	284	276	0.000793493354493
XMTM2MTI1MzE3Ng==	14257	14914	0.00212360842628
XMTM2MTcyNjI1Mg==	59	58	0.000287273771905
XMTM2MDgzNzQ4MA==	5071	4954	0.000532334364157
XMTM2MTIyNjIwNA==	16	16	0.0
XMTM2MTQzMzM1Mg==	24	23	0.00173611111111
XMTM2MDg2MzU5Mg==	516	624	0.0438074634938
XMTM2MTI4Mjc3Ng==	2405	88	0.928157986869
XMTM2MTIyOTczNg==	27	27	0.0
XMTM2MTI2NzUyOA==	521	551	0.00331563765238
XMTM2MDg3Njg0NA==	326	369	0.0173980955249
XMTM2MDg4MzIyOA==	245	285	0.0266555601833
XMTM2MTA5MjgyOA==	3	3	0.0
XMTM2MTA2OTIxNg==	2231106	2081611	0.00448965455663
XMTM2MTAxMDk2OA==	14	14	0.0
XMTM2MTUzNjM2MA==	29	22	0.0582639714625
XMTM2MDgzNjQxMg==	513	547	0.00439261463166
XMTM2MTM0MDI2MA==	386	388	2.68463582915e-05
XMTM2MTUxMTk4MA==	328	315	0.00157086555622
XMTM2MTE3NjM4OA==	370	365	0.00018261504748
XMTM2MTQwMTk2MA==	139	136	0.000465814398841
XMTM2MTM5ODQ1Mg==	1789	1690	0.00306231391702
XMTM2MDk3MzY5Mg==	108	115	0.00420096021948
XMTM2MDg0MTU0NA==	103	74	0.0792723159581
XMTM2MTE0MDQ0OA==	80	78	0.000625
XMTM2MTMzOTg4NA==	425	440	0.00124567474048
XMTM2MTI4OTA3Ng==	36	30	0.0277777777778
XMTM2MDk5Njc4MA==	521	521	0.0
XMTM2MTQ1NDQ5Ng==	31	33	0.00416233090531
XMTM2MTE5ODgzMg==	1880	1988	0.00330013580806
XMTM2MTM1MzMyOA==	28955	25158	0.0171962620947
XMTM2MDgzMjA2NA==	1900	1962	0.0010648199446
XMTM2MDg5NzA4NA==	180	176	0.000493827160494
XMTM2MTU0ODY4NA==	41	29	0.0856632956573
XMTM2MTQ4MzEyMA==	173	171	0.000133649637475
XMTM2MDkxMTYwNA==	9928	9022	0.00832784931442
XMTM2MTQzODY2NA==	850	958	0.0161439446367
XMTM2MTMyMjMxNg==	3195	2570	0.0382664619258
XMTM2MTMwNTg1Ng==	150	147	0.0004
XMTM2MTUxMjYyOA==	5595	5357	0.00180947977137
XMTM2MTYyMjAzNg==	5236	3534	0.105662245452
XMTM2MTA1NDA3Ng==	120	108	0.01
XMTM2MTM4MTE4MA==	79	94	0.0360519147573
XMTM2MTM1MzU0NA==	710	733	0.00104939496132
XMTM2MTMyNjE5Ng==	125	150	0.04
XMTM2MTA0MTAwNA==	10	11	0.01
XMTM2MTU4ODA4OA==	188	108	0.181077410593
XMTM2MDgyNzU1Ng==	1377	1539	0.0138408304498
XMTM2MTQzOTUzNg==	55	48	0.0161983471074
XMTM2MTIzMjM1Mg==	22	24	0.00826446280992
XMTM2MDc4NjQ3Mg==	2143	1282	0.161421716387
XMTM2MTI0MDg2MA==	48	49	0.000434027777778
XMTM2MTQxMTQ2NA==	410	425	0.00133848899465
XMTM2MTMzNjk2NA==	912	1017	0.0132552804709
XMTM2MTM5NDczNg==	34	34	0.0
XMTM2MTMxNzgxMg==	5060	4925	0.000711813963661
XMTM2MTM0ODA2OA==	6276	3649	0.175208138605
XMTM2MTU4MTE2OA==	40	42	0.0025
XMTM2MTUzODkyNA==	743	726	0.000523504254151
XMTM2MTAzNDE2NA==	3767	3820	0.000197952275672
XMTM2MTM0NzM1Ng==	175	256	0.214236734694
XMTM2MDkzOTk0OA==	3655	2255	0.146717294114
XMTM2MDkxNjE5Ng==	24	31	0.0850694444444
XMTM2MDk5MTUyNA==	53	46	0.0174439302243
XMTM2MTU4MDIzMg==	1618	1473	0.00803117279188
XMTM2MTEzMTMxMg==	41	39	0.00237953599048
XMTM2MTQ3NDA0OA==	32	31	0.0009765625
XMTM2MTEyNDI4NA==	196	168	0.0204081632653
XMTM2MTI5OTQ4MA==	117	118	7.30513551026e-05
XMTM2MTExNDA3Ng==	2646	2500	0.00304457047789
XMTM2MDk2MDA0OA==	306	336	0.00961168781238
XMTM2MTM0MTMwNA==	57985	51143	0.0139230639116
XMTM2MTY5NTUwOA==	681	770	0.01707991832
XMTM2MTI1MzUyMA==	15	16	0.00444444444444
XMTM2MTAxNDI1Mg==	266	253	0.00238849002205
XMTM2MTUxNTgyOA==	680	413	0.154171712803
XMTM2MTE5NzY3Ng==	56	50	0.0114795918367
XMTM2MDk0OTQ5Ng==	49	40	0.0337359433569
XMTM2MTI5NzU4NA==	25	28	0.0144
XMTM2MTA4MzU3Mg==	274	259	0.00299696307741
XMTM2MTQ3NTA0OA==	6213	4982	0.0392566647053
XMTM2MDgxMDU2MA==	92	85	0.00578922495274
XMTM2MDgzNzg5Mg==	7591	7318	0.00129338348505
XMTM2MTQyNTczNg==	40	39	0.000625
XMTM2MTQ0MTU0MA==	920	919	1.18147448015e-06
XMTM2MTQzMDc2OA==	31	39	0.0665972944849
XMTM2MTU3NDYxMg==	1798	235	0.755681136252
XMTM2MTQ4OTc2MA==	5410	5710	0.00307502024388
XMTM2MDc4NDQzNg==	4097	1097	0.536179964396
XMTM2MTUwMjIwNA==	705	691	0.000394346360847
XMTM2MTE1NDgzMg==	37	36	0.00073046018992
XMTM2MDg5NTI3Ng==	429	423	0.000195608587217
XMTM2MTM3NTk3Ng==	7379	7371	1.17539801594e-06
XMTM2MTYwNTg3Mg==	1920	1809	0.00334228515625
XMTM2MDg1ODQyOA==	914	783	0.0205423535665
XMTM2MTU4MjQ4NA==	35	32	0.00734693877551
XMTM2MTU5ODU1Ng==	7	7	0.0
XMTM2MTUyNzU0OA==	5153	2384	0.288752415933
XMTM2MTI2ODE3Mg==	204	142	0.092368319877
XMTM2MDc1OTY3Ng==	11	13	0.0330578512397
XMTM2MTYyNTg3Mg==	11	11	0.0
XMTM2MTM0OTQ3Mg==	801	737	0.00638402995008
XMTM2MDczMDgyMA==	20340	22118	0.00764120086359
XMTM2MTExNjQ5Ng==	86	62	0.0778799351001
XMTM2MDg1MTUwMA==	887	884	1.1439189902e-05
XMTM2MTUxNjY0NA==	12097	9756	0.0374496243814
XMTM2MTMyODk4NA==	49	44	0.0104123281966
XMTM2MTcxMjM0MA==	133	122	0.00684040929391
XMTM2MDg2ODY2NA==	7296	5465	0.0629806354179
XMTM2MTM1Mzc4NA==	384	298	0.0501573350694
XMTM2MTE2NjUyMA==	1115	1087	0.000630617949285
XMTM2MTE3NTEyOA==	116	69	0.164164684899
XMTM2MTIyMDUxMg==	369	272	0.0691020189335
XMTM2MTA0ODI0OA==	99	102	0.000918273645546
XMTM2MTcwMjczMg==	4679	4179	0.0114191536936
XMTM2MTQyNjY3Ng==	65	63	0.00094674556213
XMTM2MTI3MDI0MA==	63	69	0.00907029478458
XMTM2MTUzMjQ2NA==	120	137	0.0200694444444
XMTM2MDc3ODk5Ng==	1527	1771	0.0255329843219
XMTM2MTM1ODYxMg==	959	493	0.236121002826
XMTM2MTQ5OTIyMA==	69	48	0.0926275992439
XMTM2MTQyMzU5Ng==	204	186	0.00778546712803
XMTM2MDg4ODc3Mg==	3267	1422	0.318929338464
XMTM2MTI3MDczMg==	534	540	0.000126246686024
XMTM2MDg4NjA3Mg==	31	28	0.00936524453694
XMTM2MTEyMzYyMA==	4837	4955	0.000595129995342
XMTM2MTA1OTI4OA==	8616	3934	0.295291834673
XMTM2MDk0NDE1Ng==	1032	1181	0.020845539631
XMTM2MTQyODA4MA==	707	685	0.000968292424312
XMTM2MTQ0NDIzMg==	421836	443875	0.00272958416088
XMTM2MDkxNjQwNA==	18	24	0.111111111111
XMTM2MTQ5NTE0OA==	324	317	0.00046677335772
XMTM2MTM4NjQ5Ng==	6918	5410	0.0475161853459
XMTM2MTUxNzkzMg==	4	4	0.0
XMTM2MDg1MTgzNg==	73	78	0.00469131169075
XMTM2MDk2MDMwOA==	808	646	0.040198264876
XMTM2MTI4NTM2NA==	2527	50	0.960818882229
XMTM2MTI5ODY2NA==	459	237	0.233927122047
XMTM2MTIyMDAxMg==	17	18	0.00346020761246
XMTM2MTE5Mjc2MA==	22	19	0.0185950413223
XMTM2MDk1MTI3Ng==	41	29	0.0856632956573
XMTM2MTYzNjk2MA==	56	55	0.00031887755102
XMTM2MTQxMzcwNA==	247	288	0.0275533118065
XMTM2MTQ1MTcxNg==	17268	17798	0.000942036346009
XMTM2MTYwOTA2OA==	475	441	0.00512354570637
XMTM2MTI5MzM4NA==	243	199	0.0327863299971
XMTM2MTA2MTQ3Mg==	2232	1708	0.0551155560694
XMTM2MTMzNDM3Mg==	52	55	0.00332840236686
XMTM2MTMwODQ1Ng==	53	55	0.00142399430402
XMTM2MTY3NzM0NA==	178	176	0.000126246686024
XMTM2MTQ2OTY0OA==	5	4	0.04
XMTM2MDkyNzExMg==	147	137	0.0046277014207
XMTM2MTU2Mjc0OA==	6	4	0.111111111111
XMTM2MTExMDUxNg==	95	99	0.0017728531856
XMTM2MTMyMTYzNg==	91049	93273	0.000596649395983
XMTM2MTAyNDc0OA==	171	181	0.00341985568209
XMTM2MTU2NDM0OA==	584	592	0.00018765246763
XMTM2MTE5NDM0NA==	472	484	0.000646365986785
XMTM2MDc1NTAyOA==	15906	17734	0.0132077982541
XMTM2MTM2MTA4OA==	2948	3235	0.0094778282634
XMTM2MTM2NzM0OA==	1721	1355	0.0452272758734
XMTM2MTQ4MjU2MA==	31	29	0.00416233090531
XMTM2MTQxMDM1Ng==	1321	1075	0.0346788413567
XMTM2MTM3MTA4MA==	349	340	0.000665019170614
XMTM2MTAxMDU1Mg==	50	49	0.0004
XMTM2MTU0MDgwOA==	181	210	0.0256707670706
XMTM2MTQ0MTQ4MA==	201	205	0.000396029801243
XMTM2MTUwMTM1Ng==	121	64	0.221911071648
XMTM2MTE4MDAzMg==	57	51	0.01108033241
XMTM2MTEyNjEyNA==	131	142	0.00705087116135
XMTM2MTI1NzIyNA==	117	129	0.0105193951348
XMTM2MTQ4Njk0MA==	698	711	0.000346877283438
XMTM2MDc0NTM5Mg==	6689	1607	0.577227388562
XMTM2MTY3NTU1Mg==	2299	2063	0.0105377056537
XMTM2MTIyMTMzMg==	3002	1596	0.219355872456
XMTM2MTA0NTMzNg==	186	196	0.00289050757313
XMTM2MTQwOTcwMA==	2013	2030	7.13198289607e-05
XMTM2MTUxMDg0NA==	1055	1161	0.010095011343
XMTM2MTA2NTczMg==	679	620	0.00755030463668
XMTM2MTQ5MDUyOA==	3998	4112	0.000813062859594
XMTM2MDk3MjY1Ng==	2535	2079	0.0323574104548
XMTM2MTM1OTU4OA==	16037	18613	0.0258015299463
XMTM2MTAyNjUxNg==	56	55	0.00031887755102
XMTM2MDk4ODM2MA==	395	382	0.00108315975004
XMTM2MDg3NjkwMA==	102	66	0.124567474048
XMTM2MTQ5MzY4MA==	617	593	0.00151304608224
XMTM2MTM2NDM2NA==	332	312	0.00362897372623
XMTM2MTE3MjYyOA==	1653	898	0.208616279627
XMTM2MTA4NjIwOA==	36	40	0.0123456790123
XMTM2MTI1NTY0NA==	2216	2118	0.0019557468493
XMTM2MTMzNjQwOA==	2785	1731	0.143228954807
XMTM2MDczMzY4OA==	38941	43892	0.0161648490239
XMTM2MTA1NzA3Mg==	37	38	0.00073046018992
XMTM2MTEzNTQ4MA==	82	83	0.000148720999405
XMTM2MTUzMzkyMA==	1231	1154	0.00391259904406
XMTM2MTA4Nzg4NA==	62	62	0.0
XMTM2MDkxMTUwNA==	911	610	0.109168222036
XMTM2MTQ3ODU0MA==	789	402	0.240584654975
XMTM2MDc1ODE2OA==	364	349	0.00169816447289
XMTM2MTQ5NDE4NA==	53	42	0.0430758276967
XMTM1NzEwNTc2MA==	51	51	0.0
XMTM2MTIyMjc0MA==	370	374	0.000116873630387
XMTM2MTU4MTA2MA==	118	110	0.00459638035047
XMTM2MTExNTIxNg==	198	173	0.0159422507907
XMTM2MDg1MTgwNA==	178	199	0.0139186971342
XMTM2MDk1NzMzNg==	84	73	0.0171485260771
XMTM2MTAzMDk4MA==	16	16	0.0
XMTM2MTM5Njk0MA==	23012	23163	4.30571384864e-05
XMTM2MDg2NDQ1Mg==	5908	6838	0.0247790655086
XMTM2MTUwODc5Ng==	117032	121068	0.00118930449778
XMTM2MDc4OTE3Ng==	16	10	0.140625
XMTM2MDc3NDYyNA==	29428	25163	0.021004704506
XMTM2MTIzNDAyOA==	398	356	0.0111360824222
XMTM2MTMxOTkwOA==	5528	5109	0.0057450257183
XMTM2MTE0MjIxMg==	7091	6772	0.00202379442571
XMTM2MTMzNzI2NA==	765	879	0.0222068435217
XMTM2MTcwNDM0MA==	37	39	0.00292184075968
XMTM2MDcyNzA3Ng==	82495	83068	4.82451865672e-05
XMTM2MTA5NTE2MA==	3398	3018	0.0125060581632
XMTM2MTQ3ODAwOA==	4	4	0.0
XMTM2MTA3NjQwMA==	7504	8268	0.0103657580207
XMTM2MTUzMDYyOA==	25	29	0.0256
XMTM2MTQ0MTI3Ng==	32	41	0.0791015625
XMTM2MTExODE1Ng==	36	35	0.000771604938272
XMTM2MTYzNzk0OA==	243	190	0.0475706616539
XMTM2MTQwMjg4NA==	11	13	0.0330578512397
XMTM2MDkzNzU2NA==	3724	329	0.83111326248
XMTM2MTAxOTIxMg==	275	292	0.00382148760331
XMTM2MTY4MDMzNg==	247	283	0.0212427674605
XMTM2MTQzOTU4NA==	355	303	0.0214560603055
XMTM2MTE5MzIwMA==	2019	1994	0.00015332302512
XMTM2MTIxOTE2MA==	281	284	0.000113980319398
XMTM2MTI3NzgwOA==	70	71	0.000204081632653
XMTM2MTYxMDI4MA==	11	10	0.00826446280992
XMTM2MTI2MDgyMA==	2430	1117	0.29195566394
XMTM2MTI2MjM4MA==	18547	18338	0.00012698289624
XMTM2MTU1NTY4MA==	55	69	0.0647933884298
XMTM2MTIwMjA1Ng==	773	809	0.00216893238655
XMTM2MTYwNjAyNA==	775	783	0.000106555671176
XMTM2MDkwMTQwMA==	91	99	0.00772853520106
XMTM2MTU3MDM0MA==	6634	7800	0.0308920099807
XMTM2MTUzNTI5Ng==	287	239	0.0279716883779
XMTM2MTMxMjUzNg==	7591	5666	0.0643077751855
XMTM2MTQ2OTYxMg==	53	54	0.000355998576006
XMTM2MTYwMzg0NA==	598	492	0.0314202301988
XMTM2MTM5NDk5Mg==	1174	933	0.0421403260305
XMTM2MTQ3MzMyOA==	337	358	0.00388310190281
XMTM2MTA2Njg4MA==	25	26	0.0016
XMTM2MTYwODA5Mg==	1615	660	0.349672670111
XMTM2MTEzNTA2MA==	463	466	4.19836823421e-05
XMTM2MTM4OTIzNg==	205	231	0.0160856632957
XMTM2MTQyNTk3Ng==	177	189	0.00459638035047
XMTM2MTM2NjI2NA==	719	791	0.0100278357555
XMTM2MTMzMzEzMg==	139	103	0.0670772734331
XMTM2MDg0Njg0MA==	110	126	0.0211570247934
XMTM2MTE3ODE5Ng==	1126	1185	0.00274553662977
XMTM2MTExMzkzNg==	2934	2129	0.0752786013961
XMTM2MTI0OTY2NA==	21	22	0.00226757369615
XMTM2MTE3NzE4NA==	11	10	0.00826446280992
XMTM2MTQ1ODQ1Mg==	9	11	0.0493827160494
XMTM2MDkyMDY4NA==	135	105	0.0493827160494
XMTM2MTA4OTg0MA==	102	113	0.011630142253
XMTM2MTMxOTM3Mg==	21	21	0.0
XMTM2MTI3MjE4NA==	2774	1860	0.10856241056
XMTM2MDc1MzMyNA==	487	241	0.255159822742
XMTM2MTIyNzc5Mg==	3345	3560	0.00413128042881
XMTM2MTUxMTE2NA==	39	19	0.262984878369
XMTM2MDgyMjk5Mg==	33	29	0.0146923783287
XMTM2MTU3Mjk1Mg==	25	25	0.0
XMTM2MTA0NTUxMg==	73	74	0.00018765246763
XMTM2MTY2NDM2OA==	3959	4043	0.000450181421965
XMTM2MTQ3MjUyMA==	379	383	0.000111388809602
XMTM2MTcwNjUxNg==	149	120	0.0378811765236
XMTM2MTY3NzQ5Mg==	14	11	0.0459183673469
XMTM2MTA4MTUwMA==	761	942	0.0565702158962
XMTM2MTQxNzk4OA==	287	288	1.21404897474e-05
XMTM2MDg2ODM2OA==	68	64	0.00346020761246
XMTM2MDk2Mzc1Mg==	131	139	0.00372938639939
XMTM2MTQ5MjU1Mg==	2634	1864	0.0854574459682
XMTM2MTQ0OTA1Mg==	21	25	0.0362811791383
XMTM2MTYxNTM0MA==	37	45	0.0467494521549
XMTM2MTQ5MzUwOA==	87	104	0.0381820583961
XMTM2MTE4OTI4NA==	4	4	0.0
XMTM2MTIzMjI5Ng==	10564	1747	0.69660228791
XMTM2MTM0NzAyMA==	193	221	0.0210475449005
XMTM2MDkwMzgxNg==	213	211	8.8165928277e-05
XMTM2MDg4MzI4OA==	68	57	0.0261678200692
XMTM2MTA4OTE3Mg==	8624	7479	0.0176276117948
XMTM2MTQ1NDE5Ng==	46	45	0.00047258979206
XMTM2MTU1Mjg1Mg==	261	150	0.180869335447
XMTM2MTI1MTc0OA==	207	58	0.518121776471
XMTM2MTM1MDkzMg==	2464	1342	0.207350127551
XMTM2MDk2ODI0MA==	13	15	0.0236686390533
XMTM2MTIyNTM2MA==	2096	2028	0.00105253190374
XMTM2MDg2NjA5Ng==	6794	191	0.944564261233
XMTM2MTAxNjU1Ng==	1036	944	0.00788598858097
XMTM2MTM1NTQ2NA==	278	287	0.00104808239739
XMTM2MTI5ODA5Mg==	280	298	0.00413265306122
XMTM2MTQxNzYyMA==	58	51	0.0145659928656
XMTM2MTAwODc2MA==	69	73	0.00336063852132
XMTM2MTI2NTI2NA==	982	750	0.0558152654087
XMTM2MTE3OTg2MA==	1332	659	0.255282872963
XMTM2MDg0NTQxNg==	429	419	0.000543357186714
XMTM2MTU2NjEzMg==	1382	1305	0.00310431200404
XMTM2MTIxOTI0OA==	15	15	0.0
XMTM2MDkzMjk2NA==	1410	1442	0.000515064634576
XMTM2MTEyMTY0NA==	93	83	0.0115620302925
XMTM2MTQ4MjIyMA==	51	47	0.00615148019992
XMTM2MTAxNjcyOA==	47143	50177	0.0041418724551
XMTM2MDg0MjI1Ng==	605	480	0.0426883409603
XMTM2MTQzNTc2OA==	61	60	0.000268744961032
XMTM2MTI5MjYwOA==	13040	14288	0.0091595468403
XMTM2MTQ2MDU4NA==	184	176	0.00189035916824
XMTM2MTIwNDIxMg==	2436	2460	9.70661748647e-05
XMTM2MTM3MjczNg==	6787	7106	0.00220915235271
XMTM2MTExOTQxNg==	2460	1966	0.0403258642343
XMTM2MDQ5NDcyMA==	103784	77101	0.0661010719257
XMTM2MDkwODMyOA==	108	131	0.045353223594
XMTM2MDkwNTY5Mg==	135	119	0.0140466392318
XMTM2MTU5NDE0OA==	55	54	0.000330578512397
XMTM2MDc0NjQ1Ng==	5	6	0.04
XMTM2MTI0ODcwMA==	394	405	0.000779458373058
XMTM2MDg0NTk0NA==	1449	1593	0.0098761621851
XMTM2MDgyMTU4MA==	5501	5913	0.00560933195832
XMTM2MTQ1NDE4MA==	178	192	0.0061860876152
XMTM2MTMyNDk5Ng==	123	134	0.0079978848569
XMTM2MTQwODkwMA==	248	226	0.00786940686785
XMTM2MTQxOTQ2NA==	4136	4486	0.00716102233912
XMTM2MTQyODg4OA==	1529	1685	0.0104096044171
XMTM2MDk2OTI0NA==	495	491	6.52994592389e-05
XMTM2MTQ2MzAwMA==	262	241	0.00642445078958
XMTM2MTM4MzExNg==	162	161	3.8103947569e-05
XMTM2MTQ3NDQzNg==	3983	2227	0.194369631063
XMTM2MTU2OTAwMA==	579	721	0.0601477742878
XMTM2MTI3MDk2NA==	139	158	0.0186843331091
XMTM2MTI3ODg3Mg==	2563	42	0.967494442431
XMTM2MDcyMzE0NA==	117809	78471	0.111498137495
XMTM2MTEyOTI2OA==	1516	1788	0.0321913659749
XMTM2MDk3OTAyNA==	3919	691	0.678447935324
XMTM2MTQyMzA1Mg==	257	260	0.000136262471801
XMTM2MTA1NTIyNA==	5270	5284	7.05723925121e-06
XMTM2MTUyODA4NA==	75	79	0.00284444444444
XMTM2MTIyMDY4NA==	952	957	2.75845632371e-05
XMTM2MTEyMjA1Ng==	1930	2038	0.00313135923112
XMTM2MTU0MzA1Mg==	353	288	0.0339060581499
XMTM2MDg3NzY0NA==	60	31	0.233611111111
XMTM2MTQ1ODkxNg==	78	84	0.00591715976331
XMTM2MTUzODgwOA==	23	13	0.189035916824
XMTM2MTM4NDQ4MA==	83469	67277	0.0376314167852
XMTM2MTE4NTU2OA==	416	126	0.485969859467
XMTM2MTMxMzU1Mg==	413	432	0.00211644554403
XMTM2MTYyNTg4OA==	127	122	0.00155000310001
XMTM2MTM3MjY5Ng==	654	619	0.00286404997709
XMTM2MTEzNTU5Mg==	4133	3891	0.00342846658782
XMTM2MTU2NzY2OA==	487	530	0.00779612849909
XMTM2MTEyOTMyOA==	18	16	0.0123456790123
XMTM2MTAyOTQ3Mg==	1423610	1475088	0.00130755893007
XMTM2MTIxMTExNg==	98	98	0.0
XMTM2MTY0Mjk2MA==	33	10	0.485766758494
XMTM2MTIzNjgxMg==	662	656	8.21460191126e-05
XMTM2MTU4MzgyNA==	33	34	0.000918273645546
XMTM2MTMwMTEyMA==	110	98	0.0119008264463
XMTM2MDkyMzc4MA==	144	112	0.0493827160494
XMTM2MTAxMjIxNg==	316	289	0.00730051273834
XMTM2MTIzNDgyOA==	136365	152570	0.0141218709056
XMTM2MTQxODQwNA==	91	79	0.0173892042024
XMTM2MTM0OTI0MA==	860	895	0.00165630070308
XMTM2MTU4NzQ3Mg==	422	427	0.000140383189955
XMTM2MTUyMjQ2NA==	13	13	0.0
XMTM2MTI5MjMyNA==	104	110	0.00332840236686
XMTM2MTI1NzA2NA==	49	32	0.120366513953
XMTM2MTI3NzkxNg==	81	79	0.000609663161103
XMTM2MDkyOTY0OA==	642	632	0.000242621868965
XMTM2MTMxMjIxNg==	634	333	0.225400292569
XMTM2MTE2OTk2NA==	255	187	0.0711111111111
XMTM2MTA3ODkyNA==	143	141	0.000195608587217
XMTM2MTE1Mzg4OA==	7985	8227	0.000918503659609
XMTM2MDc3NjEwOA==	1426	1373	0.00138137848689
XMTM2MTU3OTg0NA==	77	72	0.00421656265812
XMTM2MTQ3MTE4MA==	29	29	0.0
XMTM2MTI5NTg4NA==	4	4	0.0
XMTM2MTI0ODA0MA==	10252	9679	0.00312386350126
XMTM2MDg1NDQzMg==	213	169	0.0426723092861
XMTM1ODczNjIwOA==	4762	4586	0.00136598695998
XMTM2MDkzODAyOA==	24	21	0.015625
XMTM2MDkyMDkyOA==	73	75	0.00075060987052
XMTM2MDc3NDk2MA==	573	446	0.0491245062118
XMTM2MDk5MDQ0MA==	819	697	0.0221897218234
XMTM2MTE4MDI4NA==	867	934	0.0059718846491
XMTM2MTUxOTU1Ng==	670	680	0.000222766763199
XMTM2MTIzMzQ0MA==	222	218	0.000324648973298
XMTM2MDkyODc5Ng==	97	92	0.00265703050271
XMTI4MzE4MDMyOA==	6	7	0.0277777777778
XMTI4NTY0OTk3Mg==	61	68	0.0131685030906
XMTI4NjY5ODc4NA==	3	3	0.0
XMTI4NzU2MTYyOA==	10	11	0.01
XMTI4NzY2NDA2NA==	134	130	0.000891067052796
XMTI4NzY4MDcxMg==	16	17	0.00390625
XMTI4Nzc3NTg4NA==	9686	11349	0.0294778340106
XMTI4NzcxOTkzNg==	583	520	0.0116773417204
XMTI4Nzg5NDAxNg==	41	26	0.133848899465
XMTI4Nzk0MDI0MA==	183	158	0.0186628445161
XMTI4Nzk2MjE2OA==	69	92	0.111111111111
XMTI4Nzk3NTE5Ng==	162	164	0.000152415790276
XMTI4Nzk4MjE5Ng==	8	13	0.390625
XMTI4Nzk4NjgzMg==	3040	3484	0.0213313711911
XMTI4NzkzNTE1Mg==	8	10	0.0625
XMTI4ODA0NDc1Mg==	33	14	0.331496786042
XMTI4ODA0NzAyNA==	53	28	0.222499110004
XMTI4ODA0ODYyOA==	120	135	0.015625
XMTI4ODA1MTcwNA==	399	408	0.000508790773927
XMTI4ODA1MzA3Ng==	1082	1477	0.133272231542
XMTI4ODA1NjA0MA==	30	42	0.16
XMTI4ODA2MjI0NA==	14	15	0.00510204081633
XMTI4ODA2Njc4OA==	507	581	0.0213033312715
XMTI4ODA2ODM2MA==	246	268	0.0079978848569
XMTI4ODA2OTAyNA==	117026	131981	0.016330824547
XMTI4ODA3MjAwOA==	323393	8615	0.947430830449
XMTI4ODA3ODQ5Mg==	35	34	0.000816326530612
XMTI4ODA4MTM2OA==	9	11	0.0493827160494
XMTI4ODA4NjQ2OA==	39	21	0.213017751479
XMTI4ODA5NDI0OA==	2	2	0.0
XMTI4ODA5NzEzMg==	115417	129319	0.0145082491493
XMTI4ODA5ODQxMg==	13	18	0.147928994083
XMTI4ODAwMTExMg==	43	53	0.0540832882639
XMTI4ODAwMjIyMA==	6	7	0.0277777777778
XMTI4ODAwMjgzMg==	3726	4216	0.0172944382066
XMTI4ODAwNjc0MA==	12	12	0.0
XMTI4ODAwODU5Mg==	436	465	0.00442408046461
XMTI4ODAxMTA1Mg==	70	83	0.0344897959184
XMTI4ODAxMjIwNA==	2	2	0.0
XMTI4ODAxNTM4OA==	160	151	0.0031640625
XMTI4ODAxNzIyOA==	266	287	0.00623268698061
XMTI4ODAxOTI3Ng==	4	4	0.0
XMTI4ODAyMDM0MA==	6	4	0.111111111111
XMTI4ODAyMDUxMg==	6	3	0.25
XMTI4ODAyMzM0MA==	8	10	0.0625
XMTI4ODAyMzYzMg==	10	11	0.01
XMTI4ODAyNzk2NA==	12	14	0.0277777777778
XMTI4ODAyOTE0NA==	9881	11445	0.0250536899682
XMTI4ODAzMzQxMg==	25	30	0.04
XMTI4ODAzNjE4MA==	15	18	0.04
XMTI4ODE0MDA2NA==	8	7	0.015625
XMTI4ODE0MDg1Ng==	137	156	0.0192338430391
XMTI4ODE0MTcwMA==	34	39	0.0216262975779
XMTI4ODE0NDY0NA==	253	172	0.102501210767
XMTI4ODE0NDkxNg==	10	12	0.04
XMTI4ODE0NjM5Mg==	20	23	0.0225
XMTI4ODE0ODk1Mg==	114	132	0.0249307479224
XMTI4ODE1NjAxMg==	56	61	0.00797193877551
XMTI4ODE2MDczNg==	2306	2354	0.000433275237342
XMTI4ODE2NTM4NA==	148	185	0.0625
XMTI4ODE2NjYyNA==	914	719	0.0455173354912
XMTI4ODE2ODYzNg==	93	86	0.00566539484333
XMTI4ODE2ODkyOA==	374	405	0.00687037089994
XMTI4ODE3NDc1Mg==	83	91	0.00929017273915
XMTI4ODE3OTUwNA==	34	34	0.0
XMTI4ODE4MTk0NA==	7	8	0.0204081632653
XMTI4ODE4MzAyOA==	66	67	0.000229568411387
XMTI4ODE4NDg2NA==	78	85	0.00805391190007
XMTI4ODE4NTY4OA==	74	84	0.018261504748
XMTI4ODE4NjA0NA==	80	89	0.01265625
XMTI4ODE4Njc0OA==	88	113	0.0807076446281
XMTI4ODE4ODExMg==	2968	3601	0.0454861968817
XMTI4ODE5NjE2OA==	18	10	0.197530864198
XMTI4ODEwMTM1Ng==	11	8	0.0743801652893
XMTI4ODEwMjQyNA==	75	105	0.16
XMTI4ODEwNDIyMA==	12389	11270	0.00815807450311
XMTI4ODExMTAyMA==	10864	11095	0.000452110346477
XMTI4ODExMjk1Ng==	454	535	0.0318315899785
XMTI4ODExNjM1Mg==	55	69	0.0647933884298
XMTI4ODEyMTA5Mg==	668835	323770	0.266172901504
XMTI4ODEyMzQ3Mg==	132	104	0.0449954086318
XMTI4ODEyOTc0OA==	46	51	0.0118147448015
XMTI4ODEzMDgzNg==	3	3	0.0
XMTI4ODEzMjcwMA==	88	156	0.597107438017
XMTI4ODEzNjI3Ng==	26245	32629	0.0591687783403
XMTI4ODEzOTk5Ng==	25	26	0.0016
XMTI4ODI0MTU2MA==	206	99	0.269794514092
XMTI4ODI0NzAzNg==	3	3	0.0
XMTI4ODI1NTc1Ng==	10	10	0.0
XMTI4ODI1OTczMg==	126	124	0.000251952632905
XMTI4ODI2MTc4NA==	1071	899	0.0257915802487
XMTI4ODI2NDgwNA==	6	4	0.111111111111
XMTI4ODI2NjE4MA==	3	3	0.0
XMTI4ODI2ODA2OA==	151	144	0.00214902855138
XMTI4ODI2ODgzNg==	3	3	0.0
XMTI4ODI3MDc4NA==	15	17	0.0177777777778
XMTI4ODI3NjEyMA==	6	7	0.0277777777778
XMTI4ODI3NzcxNg==	835	786	0.00344365161892
XMTI4ODI4MzUzMg==	413	451	0.00846578217613
XMTI4ODI4NjA4MA==	16	17	0.00390625
XMTI4ODI4OTgxNg==	2695	2604	0.00114015854276
XMTI4ODI5NDc0NA==	17	19	0.0138408304498
XMTI4ODI5NjE2OA==	12	13	0.00694444444444
XMTI4ODIwNDYwMA==	827	788	0.00222391505551
XMTI4ODIwNjc0NA==	22	23	0.00206611570248
XMTI4ODIxNDY3Mg==	10	15	0.25
XMTI4ODIxNTY0NA==	61	61	0.0
XMTI4ODIyMzQ3Mg==	317	358	0.0167281991064
XMTI4ODIyNzc0MA==	169	192	0.0185217604426
XMTI4ODIzMDQ3Ng==	22	23	0.00206611570248
XMTI4ODIzMTgyNA==	188	196	0.00181077410593
XMTI4ODM0MTkwMA==	98	112	0.0204081632653
XMTI4ODM0NzMwOA==	1471270	422622	0.508012860434
XMTI4ODM1NDkyNA==	40	44	0.01
XMTI4ODM2MjU0OA==	11	11	0.0
XMTI4ODM2OTM2OA==	9	4	0.308641975309
XMTI4ODM3MTI1Mg==	3	3	0.0
XMTI4ODM3MTczMg==	23	23	0.0
XMTI4ODM3NTY3Mg==	9	14	0.308641975309
XMTI4ODM4MTU3Mg==	171	131	0.0547176909134
XMTI4ODM4MzcxNg==	620	544	0.0150260145682
XMTI4ODM4NDc5Mg==	229	237	0.0012204191377
XMTI4ODM4NzA0NA==	7	4	0.183673469388
XMTI4ODM4OTc1Mg==	7	8	0.0204081632653
XMTI4ODM5MjU2OA==	31044	32695	0.00282838676913
XMTI4ODM5ODc5Mg==	188	224	0.0366681756451
XMTI4ODMwNjc5Mg==	3748	4235	0.016883355221
XMTI4ODMwNzg0NA==	395	350	0.0129786893126
XMTI4ODMxMDk0MA==	11501	10534	0.00706938674507
XMTI4ODMxMjg1Mg==	470	474	7.24309642372e-05
XMTI4ODMxNDI2NA==	42	39	0.00510204081633
XMTI4ODMyMDA5Mg==	204	100	0.259900038447
XMTI4ODMyMTkyMA==	8	4	0.25
XMTI4ODMyNTQ1Ng==	7	8	0.0204081632653
XMTI4ODMyOTk0OA==	205	236	0.0228673408685
XMTI4ODMzNzE4NA==	88	112	0.0743801652893
XMTI4ODMzNzc1Ng==	28	14	0.25
XMTI4ODQ0MTE0OA==	3	3	0.0
XMTI4ODQ0MzgxMg==	98	110	0.0149937526031
XMTI4ODQ0NTEwNA==	31	33	0.00416233090531
XMTI4ODQ0ODAyMA==	8	8	0.0
XMTI4ODQ1MjMyNA==	9	10	0.0123456790123
XMTI4ODQ1NTIxMg==	43	56	0.091400757166
XMTI4ODQ1NzExNg==	602	317	0.224128320879
XMTI4ODQ2MjE5Mg==	14	17	0.0459183673469
XMTI4ODQ2Mjk2OA==	92	102	0.0118147448015
XMTI4ODQ2NTY4OA==	76	89	0.0292590027701
XMTI4ODQ2NjQ3Mg==	2186	2438	0.0132892590209
XMTI4ODQ2NzE0OA==	82	91	0.0120464009518
XMTI4ODQ3MDQ4MA==	30855	351	0.977377828627
XMTI4ODQ3MzEwOA==	27	29	0.00548696844993
XMTI4ODQ3ODIzMg==	5	4	0.04
XMTI4ODQ3OTQwMA==	53	46	0.0174439302243
XMTI4ODQ4MTY1Mg==	170	186	0.00885813148789
XMTI4ODQ4MzkzMg==	42	44	0.00226757369615
XMTI4ODQ4NTMzNg==	597	683	0.020751440059
XMTI4ODQ4Njc3Mg==	233	273	0.029471900385
XMTI4ODQ4NzcyOA==	679	614	0.00916404397874
XMTI4ODQ5MDI2NA==	38	44	0.0249307479224
XMTI4ODQ5MjE1Ng==	4	3	0.0625
XMTI4ODQ5Mzk0OA==	509900	512597	2.79764025886e-05
XMTI4ODQ5NjU1Mg==	7	8	0.0204081632653
XMTI4ODQwMjA0MA==	116369	128819	0.0114462729584
XMTI4ODQxMjExMg==	46	48	0.00189035916824
XMTI4ODQxNDI0NA==	13	14	0.00591715976331
XMTI4ODQxNjc4NA==	16	16	0.0
XMTI4ODQyMTQ5Mg==	5	3	0.16
XMTI4ODQyODA1Ng==	174	194	0.0132117849121
XMTI4ODQzMjAyMA==	8	7	0.015625
XMTI4ODQzNTE1Mg==	3	3	0.0
XMTI4ODQzNjMwNA==	4937	5771	0.0285368378043
XMTI4ODQzODM5Ng==	65	65	0.0
XMTI4ODQzOTY3Ng==	126	125	6.29881582263e-05
XMTI4ODU0NDM0OA==	2	2	0.0
XMTI4ODU0NzYwOA==	14	16	0.0204081632653
XMTI4ODU0ODQ1Mg==	94	86	0.00724309642372
XMTI4ODU1MjY5Mg==	13	16	0.0532544378698
XMTI4ODU1Mjg3Mg==	25	28	0.0144
XMTI4ODU1NDM4OA==	311	369	0.0347804509879
XMTI4ODU1Njk1Ng==	197	246	0.0618670926847
XMTI4ODU1ODU0OA==	1354	1277	0.00323403057629
XMTI4ODU1OTgyNA==	3	3	0.0
XMTI4ODU2NDA1Ng==	3	3	0.0
XMTI4ODU2NTYxNg==	540	556	0.000877914951989
XMTI4ODU2ODk5Mg==	3	3	0.0
XMTI4ODU3MDEzNg==	165	179	0.00719926538108
XMTI4ODU3MjEzMg==	46	53	0.023156899811
XMTI4ODU3NDM4OA==	2	2	0.0
XMTI4ODU3Njg3Ng==	25	25	0.0
XMTI4ODU4MzE4MA==	129	85	0.11633916231
XMTI4ODU4ODExNg==	410	463	0.0167102914932
XMTI4ODU5NDUyMA==	20	22	0.01
XMTI4ODU5ODE1Mg==	445	561	0.0679510162858
XMTI4ODU5OTA0NA==	5	6	0.04
XMTI4ODUwMDU5Ng==	25917	28687	0.0114232604992
XMTI4ODUwNjE0OA==	19212	19421	0.000118344319379
XMTI4ODUwNzg5Mg==	5	4	0.04
XMTI4ODUxNzgyOA==	136	151	0.0121647923875
XMTI4ODUyMTczNg==	159	163	0.000632886357343
XMTI4ODUyNDY4MA==	44	24	0.206611570248
XMTI4ODUyNjYzMg==	122	20	0.699005643644
XMTI4ODUzMzIxNg==	18	19	0.00308641975309
XMTI4ODUzMzcyMA==	3	3	0.0
XMTI4ODUzNTA0OA==	319	338	0.00354752803137
XMTI4ODUzNTYzMg==	6	7	0.0277777777778
XMTI4ODUzNjExMg==	1785	1706	0.00195874428203
XMTI4ODUzNjcwOA==	25	28	0.0144
XMTI4ODUzOTg4MA==	684366	666681	0.000667779800225
XMTI4ODY0MjQ1Mg==	187	188	2.85967571277e-05
XMTI4ODY0NTEwOA==	58	55	0.00267538644471
XMTI4ODY1MTI2OA==	277	276	1.30328819612e-05
XMTI4ODY1MTYxNg==	1321	837	0.134240971989
XMTI4ODY1MzQ3Mg==	8	10	0.0625
XMTI4ODY1NTM5Mg==	10	12	0.04
XMTI4ODY1NjY1Mg==	28	31	0.0114795918367
XMTI4ODY2NDc4NA==	367	387	0.00296980451262
XMTI4ODY2NzAxNg==	25	4	0.7056
XMTI4ODY2OTU0NA==	3	3	0.0
XMTI4ODY3MDYzNg==	11	14	0.0743801652893
XMTI4ODY3MDk1Ng==	109553	119542	0.00831372158881
XMTI4ODY3Mzg3Ng==	1597	1788	0.0143039802636
XMTI4ODY3Nzg2OA==	4	4	0.0
XMTI4ODY3OTkxMg==	3	3	0.0
XMTI4ODY4MjYyNA==	2	2	0.0
XMTI4ODY4Njk4OA==	41	52	0.0719809637121
XMTI4ODY5MDYxMg==	29	30	0.00118906064209
XMTI4ODY5MjgzMg==	102	116	0.0188389081123
XMTI4ODY5MzY2MA==	20	21	0.0025
XMTI4ODY5NTU3Ng==	23	31	0.120982986767
XMTI4ODY5NzQ5Mg==	27	25	0.00548696844993
XMTI4ODY5ODYzNg==	3	3	0.0
XMTI4ODYwMzM4OA==	8	10	0.0625
XMTI4ODYwNzQ2MA==	75	87	0.0256
XMTI4ODYxMTEzMg==	869257	736900	0.0231844840993
XMTI4ODYxNzE3Ng==	1921	423	0.608091449854
XMTI4ODYyMDQ5Ng==	41	44	0.00535395597858
XMTI4ODYyMjU4MA==	11	13	0.0330578512397
XMTI4ODYzMDkyOA==	480	495	0.0009765625
XMTI4ODYzMzI2MA==	68	68	0.0
XMTI4ODYzNDA5Mg==	27	30	0.0123456790123
XMTI4ODYzNjAyOA==	20	20	0.0
XMTI4ODYzOTM2OA==	84	88	0.00226757369615
XMTI4ODYzOTkyOA==	44	50	0.0185950413223
XMTI4ODc0NDU4MA==	2	2	0.0
XMTI4ODc0NjM0NA==	6	7	0.0277777777778
XMTI4ODc0OTY1Ng==	46	45	0.00047258979206
XMTI4ODc1MDkyOA==	331	146	0.312383056014
XMTI4ODc1MzU4NA==	15	17	0.0177777777778
XMTI4ODc1NTIxNg==	47	52	0.0113173381621
XMTI4ODc1NTcyMA==	47	52	0.0113173381621
XMTI4ODc1NzMyNA==	23	27	0.0302457466919
XMTI4ODc1ODA5Mg==	43	49	0.019469983775
XMTI4ODc2NDUwNA==	3	3	0.0
XMTI4ODc2NTgxMg==	130530	145408	0.0129917732695
XMTI4ODc2NzkwMA==	11	13	0.0330578512397
XMTI4ODc3Mjg4MA==	3810	3840	6.20001240002e-05
XMTI4ODc3NjEzMg==	3	3	0.0
XMTI4ODc3NzY4NA==	76	76	0.0
XMTI4ODc3ODg2OA==	19	19	0.0
XMTI4ODc4MDM3Mg==	16	18	0.015625
XMTI4ODc4MTk4NA==	6	7	0.0277777777778
XMTI4ODc4MzQwOA==	20	20	0.0
XMTI4ODc4ODk1Mg==	130	135	0.00147928994083
XMTI4ODc4OTY0OA==	37	24	0.123447772096
XMTI4ODc4OTk1Mg==	176	198	0.015625
XMTI4ODc5NjU2MA==	12	13	0.00694444444444
XMTI4ODcwMDUyNA==	13	14	0.00591715976331
XMTI4ODcwMzMyMA==	45	49	0.0079012345679
XMTI4ODcwNzIyNA==	103	111	0.00603261381846
XMTI4ODcwNzQ0OA==	1173	876	0.0641086858406
XMTI4ODcwNzk5Ng==	2012	2062	0.000617566964021
XMTI4ODcwODU5Ng==	2132	2255	0.00332840236686
XMTI4ODcxMDk5Mg==	26	18	0.094674556213
XMTI4ODcxMzc4NA==	23	22	0.00189035916824
XMTI4ODcxNTA2MA==	72	68	0.00308641975309
XMTI4ODcxNjY4NA==	34	38	0.0138408304498
XMTI4ODcxNzc4NA==	438	448	0.000521256854528
XMTI4ODcxODM1Ng==	3	3	0.0
XMTI4ODcxOTI2MA==	53	60	0.0174439302243
XMTI4ODcyMTUyNA==	714	802	0.0151903898814
XMTI4ODcyMzUyMA==	198	227	0.021451892664
XMTI4ODcyNTc4OA==	16	24	0.25
XMTI4ODcyODIwMA==	26	31	0.0369822485207
XMTI4ODczMTU1Ng==	43	43	0.0
XMTI4ODczNDgyMA==	13	13	0.0
XMTI4ODczNjcwOA==	450	454	7.9012345679e-05
XMTI4ODczODU0OA==	67	72	0.00556916907997
XMTI4ODczODgzMg==	11	8	0.0743801652893
XMTI4ODg0OTM4MA==	24	23	0.00173611111111
XMTI4ODg1MzI2OA==	5	6	0.04
XMTI4ODg1NzIxNg==	120	113	0.00340277777778
XMTI4ODg1OTkwNA==	70	72	0.000816326530612
XMTI4ODg2Mjc5Ng==	14	15	0.00510204081633
XMTI4ODg2NDAyNA==	8	8	0.0
XMTI4ODg4MjYxMg==	6	7	0.0277777777778
XMTI4ODgwMzk4OA==	3	3	0.0
XMTI4ODgwNTQ3Mg==	3	3	0.0
XMTI4ODgwNjg4OA==	130	99	0.0568639053254
XMTI4ODgwNzQ4NA==	2739	3143	0.021755980742
XMTI4ODgwODQ2OA==	208	182	0.015625
XMTI4ODgxMTIyMA==	7	7	0.0
XMTI4ODgxMjM3Mg==	2597	2640	0.000274153005845
XMTI4ODgxODEwOA==	94	97	0.00101856043459
XMTI4ODgyNDQ4NA==	18	20	0.0123456790123
XMTI4ODgyNTk0OA==	22	22	0.0
XMTI4ODgyODI3Mg==	123	155	0.0676845792848
XMTI4ODgzMzAxMg==	453	592	0.0941527905696
XMTI4ODgzNzc4NA==	102728	111080	0.00661002809481
Proposed PBML+BP3 MRSE = 0.0442319216884
