XMTM2MDkzMDQ2OA==	504	286	0.187090576972
XMTM2MTQzNzQ5Ng==	90466	98441	0.00777124510959
XMTM2MTE3ODY3Ng==	93	68	0.0722626893282
XMTM2MTcwNzc1Mg==	55	55	0.0
XMTM2MTA4MzE3Ng==	1071	759	0.0848653186765
XMTM2MDg1NDUwMA==	308	339	0.0101302917861
XMTM2MTIyNDg5Ng==	1898027	991032	0.228352101984
XMTM2MTMyNTAzMg==	4	4	0.0
XMTM2MTIwNzA5Ng==	9	3	0.444444444444
XMTM2MTM3MTI0OA==	2	2	0.0
XMTM2MTQ4NDMwOA==	18	12	0.111111111111
XMTM2MDk0NzI0NA==	359917	1447	0.991975420659
XMTM2MTI4MDQ2OA==	30	32	0.00444444444444
XMTM2MDc3NjgyMA==	429	423	0.000195608587217
XMTM2MTExOTcxNg==	39661	2551	0.875496851016
XMTM2MTU1NjU4MA==	31	29	0.00416233090531
XMTM2MTI2MjM2MA==	11349	386	0.933133188614
XMTM2MTA1NjU4NA==	7449	2900	0.3729373883
XMTM2MTE2ODkxMg==	159	85	0.216605355801
XMTM2MDg5OTcyMA==	100	106	0.0036
XMTM2MTA5OTk2NA==	119	126	0.00346020761246
XMTM2MTI1NjU2MA==	225	190	0.0241975308642
XMTM2MTUzNjA4MA==	3525	4091	0.0257818821991
XMTM2MTA5NzM1Mg==	2963	2973	1.13903402397e-05
XMTM2MTI3MTUzNg==	4042	235	0.887101135749
XMTM2MDc2ODYwOA==	102	46	0.301422529796
XMTM2MDg5NzcxNg==	8002	9365	0.0290131322456
XMTM2MTIxODYzMg==	22674	19953	0.0144012702053
XMTM2MTE4ODI1Mg==	646	418	0.124567474048
XMTM2MDk5MDU1Mg==	113	112	7.83146683374e-05
XMTM2MTE4NzE4MA==	40	41	0.000625
XMTM2MTI2MjQ4NA==	49	51	0.00166597251145
XMTM2MTEzNTc4NA==	304	40	0.754155124654
XMTM2MTE5NTA0OA==	51	59	0.0246059207997
XMTM2MTExODY2NA==	114648	129126	0.0159471903676
XMTM2MDgyNjUzMg==	1445	773	0.21627327259
XMTM2MDg0MDQwMA==	9421	838	0.830011706013
XMTM2MDg0NTE0NA==	67	64	0.00200490086879
XMTM2MTM1NDY0MA==	2094	733	0.422437920141
XMTM2MTEzNTgwNA==	941	843	0.0108460825246
XMTM2MTEyNzMwOA==	2	2	0.0
XMTM2MTM1MTE1Mg==	75	57	0.0576
XMTM2MTE4ODc0OA==	976	1173	0.0407411062214
XMTM2MTQ5NzA1Ng==	13	17	0.094674556213
XMTM2MTIwMDk1Mg==	17205	8095	0.280367326294
XMTM2MTMzNDM2NA==	3142	1606	0.238984684614
XMTM2MDk4NzAwMA==	10	11	0.01
XMTM2MTQwNzQ4MA==	61082	63343	0.00137017054578
XMTM2MTAyNTQ4NA==	2180	1037	0.274902996381
XMTM2MTE3Mzk0OA==	601	651	0.00692135403833
XMTM2MDk5MTU5Ng==	5	6	0.04
XMTM2MTM0ODUwNA==	204	214	0.00240292195309
XMTM2MTMwODk3Mg==	54	39	0.0771604938272
XMTM2MTQ1OTUwMA==	621	491	0.0438231412116
XMTM2MTcwOTczNg==	60	36	0.16
XMTM2MTEwNjA2OA==	826	217	0.543593794887
XMTM2MTE2MDA4OA==	53	68	0.0800996796013
XMTM2MTE0ODY1Ng==	497888	569322	0.0205847985243
XMTM2MTI1ODE0NA==	163760	192114	0.0299787148147
XMTM2MTU5MDQyMA==	106	93	0.0150409398362
XMTM2MDk0NTUyOA==	3	3	0.0
XMTM2MTE3MzY5Mg==	21	12	0.183673469388
XMTM2MDc0NDM2OA==	5201	5565	0.00489811592812
XMTM2MTA5MTk5Ng==	34	35	0.000865051903114
XMTM2MDg4NTc4OA==	27328	26813	0.000355139321038
XMTM2MTEwMzY2NA==	2	2	0.0
XMTM2MTEyMjU1Ng==	1545	1700	0.010064829652
XMTM2MTM3NDczNg==	124	148	0.0374609781478
XMTM2MTQ1MzIzNg==	23	8	0.425330812854
XMTM2MTE0MjU2OA==	92	39	0.331876181474
XMTM2MDY3MDY0MA==	564	161	0.510565992656
XMTM2MTA4MDIxNg==	44	37	0.0253099173554
XMTM2MDYwNTU3Mg==	68	41	0.157655709343
XMTM2MTQyNDQyMA==	8	5	0.140625
XMTM2MTMzNTkwMA==	72154	63590	0.0140874534211
XMTM2MTAwNjQ3Mg==	899	937	0.00178668425305
XMTM2MTQwMTMzMg==	78	72	0.00591715976331
XMTM2MDkxMDE2OA==	1094	603	0.201431942221
XMTM2MTM5MDk4OA==	180	138	0.0544444444444
XMTM2MDczNTEwOA==	4	5	0.0625
XMTM2MDk1Njk1Ng==	220	159	0.0768801652893
XMTM2MTM3NTc1Mg==	5218	548	0.80098726568
XMTM2MDkwNTUwOA==	8868	9355	0.00301582789243
XMTM2MTE5NTY5Mg==	1	1	0.0
XMTM2MTU1Mzk0MA==	27435	23491	0.0206663549137
XMTM2MDk0MDY1Ng==	24	24	0.0
XMTM2MTIzMDc5Mg==	156	121	0.0503369493754
XMTM2MTM3NTc0MA==	647	691	0.00462484084193
XMTM2MTE3MjkwNA==	1782	1887	0.00347186794998
XMTM2MTQ4MjM4MA==	84	88	0.00226757369615
XMTM2MTE0MzA1Ng==	127	131	0.000992001984004
XMTM2MTEzMjIxMg==	7424	2575	0.426607456275
XMTM2MTQzMzQ0OA==	59	63	0.00459638035047
XMTM2MTA4OTgxMg==	1881	2112	0.015081563558
XMTM2MTAxMTM0NA==	16749	15937	0.002350359491
XMTM2MTA4MDk4MA==	289937	197523	0.10159404565
XMTM2MTQ5NzM4NA==	1395	719	0.234825349109
XMTM2MTM5ODQ0MA==	11655	15784	0.125506208544
XMTM2MTU0OTQ0OA==	93	99	0.00416233090531
XMTM2MDk5NDI4NA==	214	166	0.0503100707485
XMTM2MTYwMDAwOA==	16	12	0.0625
XMTM2MTU3NTcwMA==	37583	35563	0.0028888158013
XMTM2MTIzMTA4OA==	189	239	0.0699868424736
XMTM2MDk2MDc4NA==	63	51	0.0362811791383
XMTM2MTM1Mjc5Ng==	2	2	0.0
XMTM2MDc0NDQ3Mg==	15151	16978	0.0145410074957
XMTM2MTUyNzU3Ng==	208	66	0.466068786982
XMTM2MDc3ODU1Mg==	429183	460968	0.00548478248696
XMTM2MTI5OTAwMA==	1363	1676	0.0527347587348
XMTM2MDk1ODQwNA==	104	93	0.0111871301775
XMTM2MTU3NjQ0MA==	21	22	0.00226757369615
XMTM2MTU3OTk4MA==	105	52	0.254784580499
XMTM2MDkxMTU3Ng==	92717	72441	0.0478239918031
XMTM2MDcxODkxMg==	417	388	0.00483641863488
XMTM2MDkzMjY0MA==	2243	810	0.408163188234
XMTM2MTcwNTA2OA==	29	37	0.0760998810939
XMTM2MTE3MDk4MA==	373	251	0.10697985323
XMTM2MDg4MzgwOA==	122405	35418	0.505022107504
XMTM2MTIwNTA4OA==	30820	26505	0.0196018170441
XMTM2MDk3Nzk4NA==	3080	1354	0.314036515433
XMTM2MTMzNzk4MA==	20	21	0.0025
XMTM2MTEzNTAwNA==	365	103	0.51524863952
XMTM2MTI5NTM3Mg==	13031	3851	0.496283541639
XMTM2MTE2OTA1Ng==	7	3	0.326530612245
XMTM2MTQ5NDU5Ng==	202	179	0.0129644152534
XMTM2MTU0NjgzMg==	686	755	0.0101169580702
XMTM2MTE0MDA2OA==	621	597	0.00149361712059
XMTM2MDg4ODUxNg==	64	64	0.0
XMTM2MDkzOTkwOA==	13700	6695	0.261441872236
XMTM2MTE4MjA0OA==	146	106	0.075060987052
XMTM2MTQ4NzAwOA==	446	449	4.52452291419e-05
XMTM2MTAxNjg2MA==	85	55	0.124567474048
XMTM2MTQ0MDM2MA==	19	15	0.0443213296399
XMTM2MTQ5OTU0NA==	468	611	0.0933641975309
XMTM2MTI1NzUxMg==	69	75	0.00756143667297
XMTM2MDkwMjQyNA==	13	13	0.0
XMTM2MTEwNDA4NA==	24	16	0.111111111111
XMTM2MDg1NTcxNg==	4	5	0.0625
XMTM2MTUzODIyOA==	19	24	0.0692520775623
XMTM2MTQxODQzMg==	272	350	0.0822339965398
XMTM2MDk4NzUyNA==	193	221	0.0210475449005
XMTM2MTUzMjEyNA==	123	117	0.00237953599048
XMTM2MTU0OTM4OA==	4059	2111	0.230324322549
XMTM2MTI4OTA1Ng==	17	10	0.16955017301
XMTM2MDc2MjM0NA==	148	155	0.00223703433163
XMTM2MDkxNDA0OA==	16010	15479	0.00110003468319
XMTM2MTE0MTQwNA==	162	174	0.00548696844993
XMTM2MTU0MDAzNg==	74	91	0.0527757487217
XMTM2MDg2MzUyMA==	8	12	0.25
XMTM2MTQzNzgwOA==	10236	6154	0.15903233895
XMTM2MTQ3NzM1Mg==	408	433	0.00375456555171
XMTM2MTI0NDE1Mg==	14	8	0.183673469388
XMTM2MDk4NjgzNg==	17649	18520	0.00243554469514
XMTM2MDcyNDIyOA==	3	3	0.0
XMTM2MTEwNDc4OA==	4	5	0.0625
XMTM2MDkzMTEyMA==	6346	6033	0.00243269991276
XMTM2MDg0NzIyOA==	252	277	0.00984189972285
XMTM2MTEyMDA0MA==	9	11	0.0493827160494
XMTM2MTQ1MzY2OA==	708	741	0.00217250790003
XMTM2MTMyNTgzNg==	108	111	0.000771604938272
XMTM2MTQzOTIwMA==	57894	10468	0.671066996337
XMTM2MTEwNzE1Ng==	63	36	0.183673469388
XMTM2MTE2NDg4MA==	13270	5820	0.315188744123
XMTM2MTI2NTYxNg==	6326	274	0.915249422539
XMTM2MDkwNDQ0MA==	55047	60648	0.0103529432772
XMTM2MTMzMTkxNg==	6050	2861	0.277842251212
XMTM2MTAxMzUxMg==	6130	7097	0.0248846764901
XMTM2MTA3MTA1Mg==	515	255	0.25487793383
XMTM2MTA5NDQzNg==	12385	14899	0.0412039190101
XMTM2MDUyMDYxNg==	158	147	0.0048469796507
XMTM2MDkxMTA2OA==	34515	35907	0.00162653238648
XMTM2MTAyNDAwMA==	357	400	0.0145077638899
XMTM2MTE1MzQ2NA==	39445	22341	0.188023206577
XMTM2MTI4Mzg2MA==	361	371	0.000767336039472
XMTM2MDg3MTM4OA==	169	183	0.00686250481426
XMTM2MTEwMjcxMg==	228	113	0.2544052016
XMTM2MTM1MTk0OA==	39	42	0.00591715976331
XMTM2MDQ3MDI0NA==	2630	1123	0.328333357429
XMTM2MDkyNzI2OA==	12	12	0.0
XMTM2MDc0NTc0OA==	5870	5947	0.000172070035319
XMTM2MTI0MjA2OA==	37	40	0.00657414170928
XMTM2MTEzNzc1Mg==	1176	1007	0.0206518406682
XMTM2MTAxMTA2NA==	15546	6139	0.366154993529
XMTM2MDk0NzEzNg==	15753	18211	0.0243465378002
XMTM2MDYxOTAyMA==	237	325	0.137869643398
XMTM2MTEzMzA2MA==	184	112	0.153119092628
XMTM2MDQ2MjQwMA==	10	11	0.01
XMTM2MTI3MjI5Mg==	4649	456	0.813449567234
XMTM2MTIxNjY2OA==	45713	48848	0.00470322378113
XMTM2MTE0ODYwNA==	20	21	0.0025
XMTM2MTE3MjIwOA==	4	5	0.0625
XMTM2MTAyNzgxNg==	522	179	0.431764800869
XMTM2MTIzODYzMg==	8984	13039	0.203724016833
XMTM2MTMwMjEyOA==	9	13	0.197530864198
XMTM2MTU3NzM5Mg==	1790	2071	0.0246437377111
XMTM2MTQ1MjY3Ng==	21203	15760	0.0658994882342
XMTM2MDgwOTMyNA==	1310640	990698	0.059590314036
XMTM2MTE4NjE2NA==	1898	1813	0.0020056051459
XMTM2MDgxNDcwNA==	1885	1308	0.0936976971624
XMTM2MTY2MDI3Ng==	12	5	0.340277777778
XMTM2MTU3MDU1Mg==	8494	7389	0.0169238841096
XMTM2MDc3OTU5Mg==	1795	1999	0.0129161008993
XMTM2MTU0MDk2OA==	7	5	0.0816326530612
XMTM2MTU1MjMyOA==	2521	1995	0.0435337217354
XMTM2MTQ2ODYzMg==	37231	42198	0.0177983161777
XMTM2MTEwNjgxNg==	187	150	0.0391489605079
XMTM2MTQzMTQxMg==	8	10	0.0625
XMTM2MTI2NDMxNg==	7277	313	0.915825591327
XMTM2MDU0MjI1Ng==	2	2	0.0
XMTM2MDcxMzYwNA==	802	501	0.140858887693
XMTM2MTMyMDU2NA==	22	20	0.00826446280992
XMTM2MTA1ODQ0OA==	222	199	0.0107337066797
XMTM2MDc0OTI0MA==	302	287	0.00246699706153
XMTM2MDk4MDA5Mg==	9388	3769	0.358238206803
XMTM2MDYzMzc1Mg==	62	26	0.33714880333
XMTM2MTEzNjYwMA==	1116	921	0.0305309862412
XMTM2MTYyOTY5Ng==	67329	76006	0.0166086703982
XMTM2MTI3NDI0NA==	2928	126	0.915786246977
XMTM2MTUzODQ3Ng==	48	45	0.00390625
XMTM2MTEyNzUwOA==	200631	21247	0.79941323153
XMTM2MTAyMDA4MA==	11	7	0.132231404959
XMTM2MTQ3Njg3Ng==	233	233	0.0
XMTM2MTczMTYwMA==	36	30	0.0277777777778
XMTM2MTIwNDkyOA==	6	8	0.111111111111
XMTM2MTAyNzA2OA==	401	389	0.000895516818925
XMTM2MDg4NTk5Ng==	281	197	0.0893605704082
XMTM2MDg4MzEyMA==	8	6	0.0625
XMTM2MTIxMDAzNg==	4	3	0.0625
XMTM2MDkzMDc2NA==	84	72	0.0204081632653
XMTM2MTI2MDU3Mg==	16289	498	0.939789136474
XMTM2MTE3Mzc5Ng==	5	5	0.0
XMTM2MTIwMDIyNA==	174	121	0.0927797595455
XMTM2MTY2OTc3Mg==	7	8	0.0204081632653
XMTM2MDkwNDgyNA==	12	5	0.340277777778
XMTM2MTE3MTE1Mg==	249	229	0.00645150884663
XMTM2MTUzMzg1Mg==	626	668	0.00450142391981
XMTM2MTAwMTYxMg==	10	11	0.01
XMTM2MTY5ODMzNg==	933	801	0.0200163356458
XMTM2MTM2MTUxMg==	12	11	0.00694444444444
XMTM2MTU4NDgzMg==	418	405	0.000967239760994
XMTM2MTA0NjM2OA==	152	152	0.0
XMTM2MTI5ODM0MA==	112	114	0.00031887755102
XMTM2MTQ5MzM4OA==	99659	116937	0.0300575715254
XMTM2MTAxOTEwOA==	4	4	0.0
XMTM2MDkzNTQ2OA==	442	366	0.0295653242153
XMTM2MDk1NDM2OA==	14	11	0.0459183673469
XMTM2MTI0NzAyOA==	5	5	0.0
XMTM2MDk5MjUyMA==	1432	1503	0.00245827611498
XMTM2MTEwOTQ2MA==	24	34	0.173611111111
XMTM2MTM1NTcyNA==	32524	31993	0.000266551504019
XMTM2MTM3MjUxNg==	3424	895	0.545544455984
XMTM2MTMwMTk5Ng==	92	59	0.128662570888
XMTM2MTExMzgxMg==	25739	8783	0.433973765108
XMTM2MTQ3NTkxNg==	24311	25211	0.0013705010488
XMTM2MDk5Nzk3Mg==	924	118	0.760897471936
XMTM2MTYwMDc2NA==	37	36	0.00073046018992
XMTM2MDk1MDI5Ng==	42	43	0.000566893424036
XMTM2MTE2NDkxMg==	94	91	0.00101856043459
XMTM2MDY2MDI2MA==	41	44	0.00535395597858
XMTM2MTA5NDIzMg==	118	26	0.60787130135
XMTM2MTE4NDQyMA==	1602	1344	0.0259366802733
XMTM2MTUwODczMg==	39	45	0.0236686390533
XMTM2MDkyNjY2OA==	34	33	0.000865051903114
XMTM2MTUzODcyOA==	86	98	0.019469983775
XMTM2MTQ3MjM2MA==	11	5	0.297520661157
XMTM2MDk2MjkyMA==	126	55	0.317523305619
XMTM2MTQ5MzE4MA==	24	25	0.00173611111111
XMTM2MDc0MzU3Mg==	5018	5542	0.0109043870921
XMTM2MTYwMDM4OA==	540	490	0.00857338820302
XMTM2MTAzMzM4MA==	20	21	0.0025
XMTM2MTYzMDQ0MA==	289	253	0.0155170555908
XMTM2MTM1OTI5Ng==	5	5	0.0
XMTM2MDkzNTc0OA==	453	377	0.0281469136344
XMTM2MTI3MDkyMA==	4243	241	0.889627307019
XMTM2MDg1MTg4MA==	71	74	0.00178536004761
XMTM2MTU5NjczMg==	29	32	0.0107015457788
XMTM2MTM3Mzk1Ng==	7	5	0.0816326530612
XMTM2MTI0MjgwOA==	5064	5698	0.0156744070838
XMTM2MDc0MzU0NA==	10422	13586	0.0921660153755
XMTM2MDc3MTkwOA==	3590	3896	0.00726530675584
XMTM2MTYzMzY2NA==	51	50	0.000384467512495
XMTM2MTQ2OTM5Ng==	1548	1533	9.38945976804e-05
XMTM2MTAzODc3Ng==	2	2	0.0
XMTM2MTE2OTI4NA==	117	65	0.197530864198
XMTM2MTMwMjY4MA==	2056	1287	0.139896374283
XMTM2MTExMzgxNg==	11	5	0.297520661157
XMTM2MTI3ODk4OA==	10	11	0.01
XMTM2MDc3NTY5Ng==	1502	1027	0.100010904236
XMTM2MDg2MjQzNg==	87117	251	0.99424593566
XMTM2MTAxNTQ3Ng==	95	94	0.0001108033241
XMTM2MDk0Njg4OA==	13	15	0.0236686390533
XMTM2MTMxMDUyNA==	2	2	0.0
XMTM2MTIxNDExNg==	75	76	0.000177777777778
XMTM2MDg3MTg5Mg==	16	11	0.09765625
XMTM2MTEyMjM2OA==	52	59	0.0181213017751
XMTM2MTQ0Njg4NA==	59	34	0.17954610744
XMTM2MTU3OTcyNA==	117	73	0.141427423479
XMTM2MTIxNzM5Ng==	14	15	0.00510204081633
XMTM2MTY1NDQxMg==	3	3	0.0
XMTM2MDkxNDM2MA==	17	5	0.498269896194
XMTM2MTMyMzE4NA==	45000	9335	0.628144308642
XMTM2MTQ0MDY0MA==	3	3	0.0
XMTM2MDgxOTI1Mg==	13	15	0.0236686390533
XMTM2MTI0MzQ4NA==	10034	2971	0.495484666465
XMTM2MDkyMTExNg==	455	70	0.715976331361
XMTM2MDkyODI0OA==	113	100	0.013235178949
XMTM2MDg0OTQ5Ng==	168	126	0.0625
XMTM2MDk3MjYwNA==	61	30	0.258263907552
XMTM2MDg0MTIzMg==	2799	1820	0.122337495872
XMTM2MDk5NzM4MA==	280	276	0.000204081632653
XMTM2MTMwNTU2MA==	77054	73085	0.00265321119227
XMTM2MTI1Mjc5Ng==	56	46	0.031887755102
XMTM2MTI2MDAwMA==	22044	617	0.944804459556
XMTM2MTMyNjA1Ng==	2995	2494	0.0279821962592
XMTM2MTU0MjA4OA==	6	3	0.25
XMTM2MTEzMzYzNg==	87	62	0.0825736557009
XMTM2MTQzNTA2MA==	124033	133675	0.00604309968075
XMTM2MTQ2MTk1Mg==	230	180	0.047258979206
XMTM2MTU1MTQ0NA==	284	302	0.00401706010712
XMTM2MTA2ODM5Ng==	123	126	0.00059488399762
XMTM2MTA5MTY3Ng==	136	115	0.0238429930796
XMTM2MDkyMDYyOA==	1263270	1626586	0.0827135541927
XMTM2MDg0MzExNg==	3267	2570	0.0455163352178
XMTM2MTE2ODIxNg==	571	579	0.000196294331081
XMTM2MTQ3NDk3Ng==	1260	1375	0.00833018392542
XMTM2MDgwNTE1Mg==	12931	6540	0.244271844442
XMTM2MDg5MDExMg==	40	29	0.075625
XMTI4NzQyMTczNg==	252	184	0.0728143109095
XMTI4NzY2MjI2NA==	18	12	0.111111111111
XMTI4Nzc0MjM4OA==	17	17	0.0
XMTI4Nzg1ODkwNA==	13	14	0.00591715976331
XMTI4Nzg3MDc0MA==	274	106	0.375939048431
XMTI4Nzk0MTE5Mg==	521	326	0.140085690813
XMTI4Nzk1NzE2OA==	30	28	0.00444444444444
XMTI4Nzk2NjU0OA==	248	274	0.0109911550468
XMTI4Nzk3NDc4NA==	21	21	0.0
XMTI4Nzk4MDcyMA==	84	73	0.0171485260771
XMTI4Nzk4NDM5Mg==	98	108	0.0104123281966
XMTI4Nzk5MDA0MA==	143	155	0.00704190913981
XMTI4Nzk5Njk1Mg==	323	190	0.16955017301
XMTI4Nzk5ODE0OA==	7	6	0.0204081632653
XMTI4Nzk5ODk0OA==	282	303	0.00554549569941
XMTI4Nzk5OTEzNg==	8	11	0.140625
XMTI4NzkwNTE0MA==	52	32	0.147928994083
XMTI4NzkxNTU4NA==	773	100	0.758003377242
XMTI4NzkyNzY0NA==	99	106	0.00499948984797
XMTI4NzkzMTY1Mg==	5	6	0.04
XMTI4ODA0MDQxNg==	57732	71040	0.0531364307035
XMTI4ODA0MjM5Ng==	5144	4974	0.00109218428391
XMTI4ODA0NTMyNA==	17	17	0.0
XMTI4ODA0ODkwOA==	98	104	0.00374843815077
XMTI4ODA1MjE2OA==	2009	1583	0.0449634187223
XMTI4ODA1NjA4MA==	69	64	0.00525099768956
XMTI4ODA1ODQwMA==	60	47	0.0469444444444
XMTI4ODA2MzE4OA==	281	288	0.000620559516723
XMTI4ODA2NTEyNA==	199	204	0.000631297189465
XMTI4ODA3MzA5Ng==	300	273	0.0081
XMTI4ODA3NDgxNg==	3	3	0.0
XMTI4ODA3NzIzNg==	42	38	0.00907029478458
XMTI4ODA3OTg5Mg==	118	126	0.00459638035047
XMTI4ODA4MDc2OA==	532	456	0.0204081632653
XMTI4ODA4MzU3Ng==	223529	262363	0.0301825898474
XMTI4ODA4ODMwMA==	13	13	0.0
XMTI4ODA5MTM5Ng==	88048	93092	0.00328179285288
XMTI4ODA5MjAyOA==	15	16	0.00444444444444
XMTI4ODA5MjM4MA==	110	106	0.00132231404959
XMTI4ODA5MjQ4MA==	278	310	0.0132498317892
XMTI4ODA5NDM4NA==	4	5	0.0625
XMTI4ODA5NjM0MA==	35	20	0.183673469388
XMTI4ODA5ODQ0OA==	5	5	0.0
XMTI4ODAwMTc2MA==	148	95	0.128241417093
XMTI4ODAwNDMwMA==	1264	1664	0.100144207659
XMTI4ODAwNTg2MA==	166	179	0.00613296559733
XMTI4ODAwODUwNA==	223	272	0.0482816867421
XMTI4ODAwOTEyMA==	9	12	0.111111111111
XMTI4ODAxMDQzMg==	12	11	0.00694444444444
XMTI4ODAxMTIxMg==	2	2	0.0
XMTI4ODAxMjE5Mg==	567	451	0.0418552423256
XMTI4ODAxMzM5Ng==	62899	56604	0.0100162230484
XMTI4ODAxNTEyNA==	732	750	0.000604676162322
XMTI4ODAxNTQ2NA==	97	69	0.083324476565
XMTI4ODAxNzAwOA==	61	28	0.292663262564
XMTI4ODAxOTQxMg==	4	5	0.0625
XMTI4ODAyMDg4MA==	10600	5514	0.230218903524
XMTI4ODAyNTA4MA==	5	5	0.0
XMTI4ODAyODU2NA==	84	88	0.00226757369615
XMTI4ODAzMjM0NA==	209	225	0.00586067168792
XMTI4ODAzNDkwNA==	8	10	0.0625
XMTI4ODAzNTQwOA==	717	884	0.0542493614919
XMTI4ODAzODc5Mg==	2545	2663	0.00214975239404
XMTI4ODE0MDYwOA==	1483	1679	0.0174674633484
XMTI4ODE0NDk3Mg==	141	73	0.232583874051
XMTI4ODE0NjM4OA==	71	78	0.00972029359254
XMTI4ODE0NjUzNg==	280	309	0.0107270408163
XMTI4ODE0OTc4NA==	17453	4872	0.519625131393
XMTI4ODE1MjkwNA==	8	11	0.140625
XMTI4ODE1MzMzNg==	1821	1814	1.47766568628e-05
XMTI4ODE1NzAwOA==	5	6	0.04
XMTI4ODE1Nzg5Mg==	85	82	0.00124567474048
XMTI4ODE1OTIwMA==	165	178	0.00620752984389
XMTI4ODE2MDQ5Mg==	3277	3688	0.015730073829
XMTI4ODE2Mjg2NA==	27	15	0.197530864198
XMTI4ODE2NzA1Mg==	27	38	0.16598079561
XMTI4ODE3MDY4NA==	385	387	2.6986001012e-05
XMTI4ODE3MTAyOA==	5	6	0.04
XMTI4ODE3MjI1Ng==	829	841	0.000209533482432
XMTI4ODE3MzI0MA==	7	7	0.0
XMTI4ODE3NTc1Ng==	39	35	0.0105193951348
XMTI4ODE3NzczNg==	8	8	0.0
XMTI4ODE3OTM5Ng==	364	322	0.0133136094675
XMTI4ODE4NDQ4NA==	198	196	0.000102030405061
XMTI4ODE4OTA0OA==	284247	307961	0.00696013801634
XMTI4ODE5MTEzMg==	11544	1500	0.757008527799
XMTI4ODE5MzA5Ng==	91	64	0.0880328462746
XMTI4ODE5ODcwOA==	18	19	0.00308641975309
XMTI4ODEwMTg4MA==	14	15	0.00510204081633
XMTI4ODEwNDk2MA==	16	18	0.015625
XMTI4ODEwOTg0MA==	1442	1581	0.00929178344917
XMTI4ODExMzM2NA==	22	25	0.0185950413223
XMTI4ODExMzk3Mg==	6	5	0.0277777777778
XMTI4ODExNzM1Mg==	399	429	0.00565323082141
XMTI4ODExODY1Mg==	16	11	0.09765625
XMTI4ODEyMDUyOA==	245	304	0.0579925031237
XMTI4ODEyMjc3Mg==	368	419	0.019206344518
XMTI4ODEyNTcxMg==	257	273	0.00387591030901
XMTI4ODEyNzI3Mg==	11	12	0.00826446280992
XMTI4ODEyNzM0OA==	1733	1564	0.00950990730496
XMTI4ODEzMTQ1Ng==	225052	213613	0.00258351130567
XMTI4ODEzNDU5Ng==	24613	16702	0.103307931436
XMTI4ODEzOTUxNg==	2	2	0.0
XMTI4ODI0MTM2OA==	232	251	0.0067070451843
XMTI4ODI0MzEzNg==	6	8	0.111111111111
XMTI4ODI0MzY2NA==	21	18	0.0204081632653
XMTI4ODI0NzI0NA==	392	356	0.00843398583923
XMTI4ODI0OTgyMA==	60	17	0.513611111111
XMTI4ODI1NDE4OA==	50	58	0.0256
XMTI4ODI1Njg3Mg==	10	14	0.16
XMTI4ODI1Nzc5Mg==	2640	1990	0.0606204086318
XMTI4ODI1ODEyOA==	1404	550	0.369982792347
XMTI4ODI1ODc4OA==	3114	3350	0.00574363442039
XMTI4ODI1OTIyMA==	367	350	0.00214568376037
XMTI4ODI2MDg0OA==	346	399	0.0234638644793
XMTI4ODI2MzkzNg==	28	29	0.00127551020408
XMTI4ODI2NDk2MA==	5	5	0.0
XMTI4ODI2NTMyMA==	1184	1353	0.0203737045745
XMTI4ODI2NTU1Mg==	46	30	0.120982986767
XMTI4ODI2NjczNg==	185	133	0.0790065741417
XMTI4ODI2Nzc3Ng==	328	330	3.71802498513e-05
XMTI4ODI3MTA0OA==	272	263	0.00109483131488
XMTI4ODI3Mjk3Mg==	426973	309424	0.0757943882364
XMTI4ODI3Nzc2NA==	260	270	0.00147928994083
XMTI4ODI4MDQ0MA==	2	2	0.0
XMTI4ODI4MjA0OA==	25	24	0.0016
XMTI4ODI4MjU0OA==	123	93	0.059488399762
XMTI4ODI4Mzg4OA==	155	174	0.0150260145682
XMTI4ODI4NjMwOA==	1307	1368	0.00217825387283
XMTI4ODI4NzAzNg==	67	61	0.00801960347516
XMTI4ODI4NzYwNA==	11	10	0.00826446280992
XMTI4ODI5MTY4OA==	69	76	0.0102919554715
XMTI4ODI5MTgwMA==	7	5	0.0816326530612
XMTI4ODI5MzE5Ng==	6	5	0.0277777777778
XMTI4ODI5Mzc4NA==	254	279	0.00968751937504
XMTI4ODI5NTU1Mg==	20	18	0.01
XMTI4ODI5OTA3Ng==	445	537	0.0427420780205
XMTI4ODI5OTM2MA==	4869	5089	0.00204157722639
XMTI4ODIwMDU4NA==	378	500	0.104168416338
XMTI4ODIwMTQ0OA==	840	925	0.0102395124717
XMTI4ODIwMjAyOA==	101	26	0.551416527791
XMTI4ODIwMzk0OA==	1090	1175	0.00608113795135
XMTI4ODIxMzcxMg==	88	107	0.0466167355372
XMTI4ODIxNDUwMA==	4	5	0.0625
XMTI4ODIxNjYyNA==	82190	87355	0.00394914146164
XMTI4ODIxODI4MA==	15	17	0.0177777777778
XMTI4ODIxOTkxMg==	60	55	0.00694444444444
XMTI4ODIyNTYwNA==	4521	4290	0.00261068783633
XMTI4ODIyODA0NA==	3	3	0.0
XMTI4ODIyOTU4OA==	218	226	0.00134668798923
XMTI4ODIzMDk2NA==	8	12	0.25
XMTI4ODIzMjE4OA==	4	5	0.0625
XMTI4ODIzMjY2OA==	168	171	0.00031887755102
XMTI4ODIzMzcwOA==	11	11	0.0
XMTI4ODIzNzAzNg==	148	166	0.0147918188459
XMTI4ODIzOTA5Mg==	306	228	0.0649750096117
XMTI4ODM0MTk4NA==	402	341	0.0230254201629
XMTI4ODM0NDgzMg==	47	49	0.00181077410593
XMTI4ODM0NTY2MA==	399703	432734	0.00682918107518
XMTI4ODM0NzI5Ng==	76	71	0.00432825484765
XMTI4ODM0OTE4NA==	7	10	0.183673469388
XMTI4ODM1MzU4NA==	34	26	0.0553633217993
XMTI4ODM1NTY0NA==	12	11	0.00694444444444
XMTI4ODM1Nzk0MA==	41	32	0.0481856038073
XMTI4ODM2MjM3Mg==	5	7	0.16
XMTI4ODM2MzMzMg==	148	146	0.00018261504748
XMTI4ODM2NDAyMA==	7	6	0.0204081632653
XMTI4ODM2NTM1Ng==	156	157	4.10913872452e-05
XMTI4ODM2ODYyOA==	17309	18920	0.00866257733886
XMTI4ODM3MDM4OA==	11	12	0.00826446280992
XMTI4ODM3MjcxNg==	324	350	0.00643956713916
XMTI4ODM3OTM4OA==	14	16	0.0204081632653
XMTI4ODM4MTgzNg==	281	287	0.000455921277593
XMTI4ODM4OTI4OA==	20	24	0.04
XMTI4ODM5MDk5Mg==	3417	2987	0.0158360532547
XMTI4ODM5MTQ5Ng==	90572	75027	0.0294573406465
XMTI4ODM5MTg3Ng==	40423	36576	0.00905706092956
XMTI4ODM5MjA3Mg==	1178	1302	0.01108033241
XMTI4ODM5MjI0MA==	1664	1808	0.00748890532544
XMTI4ODM5NTcwNA==	557	756	0.127642635432
XMTI4ODM5Nzk1Mg==	18002	18393	0.000471750099092
XMTI4ODM5OTAwNA==	101882	110278	0.00679125341126
XMTI4ODMwMDkxNg==	17617	15560	0.0136334156251
XMTI4ODMwMTc4MA==	19	19	0.0
XMTI4ODMwNTYwMA==	748	1046	0.158719151248
XMTI4ODMwNjQ1Mg==	17263	20002	0.025173959168
XMTI4ODMwNzg1Mg==	31883	32067	3.33056019797e-05
XMTI4ODMwODI2NA==	2319	2298	8.20043880715e-05
XMTI4ODMxMDkzNg==	31	31	0.0
XMTI4ODMxNDEyMA==	10	11	0.01
XMTI4ODMxNTY5Mg==	3118	3231	0.00131342314546
XMTI4ODMxOTY3Mg==	57	46	0.037242228378
XMTI4ODMxOTk2NA==	44	52	0.0330578512397
XMTI4ODMyNjM1Ng==	194	212	0.00860877882878
XMTI4ODMyODM2MA==	756	925	0.0499723551972
XMTI4ODMyOTg2NA==	5	5	0.0
XMTI4ODMzMjI0MA==	107	84	0.0462049087257
XMTI4ODMzMjc5Ng==	3	3	0.0
XMTI4ODMzMzQ4OA==	8	8	0.0
XMTI4ODMzNTI3Mg==	2537	341	0.749244799358
XMTI4ODMzNjIyMA==	4	5	0.0625
XMTI4ODQ0NDg4NA==	29	38	0.0963139120095
XMTI4ODQ0NjgwMA==	1848	2123	0.0221442743764
XMTI4ODQ1MDM0NA==	9	8	0.0123456790123
XMTI4ODQ1NjQ5Ng==	28670	2063	0.861264275327
XMTI4ODQ1ODgwNA==	19	21	0.01108033241
XMTI4ODQ2MDc0MA==	5	6	0.04
XMTI4ODQ2MTk0NA==	1518	1668	0.00976425190208
XMTI4ODQ2MjMwNA==	21	23	0.00907029478458
XMTI4ODQ2MzgyOA==	140	103	0.0698469387755
XMTI4ODQ2NTI4OA==	985	1109	0.0158478703394
XMTI4ODQ2NzA1Ng==	4680	4912	0.00245744758565
XMTI4ODQ2NzU4MA==	25	25	0.0
XMTI4ODQ2Nzc5Ng==	919	821	0.0113715883163
XMTI4ODQ2ODk4MA==	200	227	0.018225
XMTI4ODQ3MDE1Mg==	62	53	0.0210718002081
XMTI4ODQ3Mzc5Ng==	110040	4196	0.925190841016
XMTI4ODQ3NjcxNg==	204	220	0.00615148019992
XMTI4ODQ3Nzc4MA==	33	35	0.00367309458219
XMTI4ODQ4MTg3Mg==	190	177	0.00468144044321
XMTI4ODQ4MjI4MA==	11	9	0.0330578512397
XMTI4ODQ4NTQ2NA==	9	11	0.0493827160494
XMTI4ODQ4ODI0NA==	13	8	0.147928994083
XMTI4ODQ4OTEwNA==	960	506	0.223650173611
XMTI4ODQ5MDI0MA==	30	29	0.00111111111111
XMTI4ODQ5Mjc2NA==	9	10	0.0123456790123
XMTI4ODQ5NDYxMg==	6484	6310	0.000720132620857
XMTI4ODQ5NzY4MA==	6	5	0.0277777777778
XMTI4ODQwMzMyNA==	2	3	0.25
XMTI4ODQwNjQ0OA==	334	392	0.0301552583456
XMTI4ODQwNjg0OA==	1553	1539	8.12668001488e-05
XMTI4ODQwODg0MA==	801	952	0.0355376628154
XMTI4ODQxMzEyOA==	1424	1180	0.0293602449186
XMTI4ODQxNTAwNA==	1976729	2328022	0.0315823705321
XMTI4ODQxNTY4NA==	8	11	0.140625
XMTI4ODQxODM2MA==	17	11	0.124567474048
XMTI4ODQxOTM2MA==	5	3	0.16
XMTI4ODQyMjA5Ng==	27	26	0.00137174211248
XMTI4ODQyNDA4MA==	3	3	0.0
XMTI4ODQyNDg5Ng==	13	9	0.094674556213
XMTI4ODQyNjgxNg==	8	10	0.0625
XMTI4ODQyNzk1Mg==	11	10	0.00826446280992
XMTI4ODQyODE4NA==	7	10	0.183673469388
XMTI4ODQzMDU2NA==	9	3	0.444444444444
XMTI4ODQzNDQyNA==	3	3	0.0
XMTI4ODQzNzUyOA==	77	49	0.132231404959
XMTI4ODQzODk5Ng==	39	40	0.000657462195924
XMTI4ODU0MjIyNA==	120	118	0.000277777777778
XMTI4ODU0NjM4NA==	21142	18827	0.0119897424375
XMTI4ODU0ODI3Ng==	4	5	0.0625
XMTI4ODU0ODYyOA==	165	165	0.0
XMTI4ODU1MDc0MA==	452	468	0.0012530346934
XMTI4ODU1NTA4NA==	6	5	0.0277777777778
XMTI4ODU1NjIxNg==	131	123	0.00372938639939
XMTI4ODU1NzE4OA==	92	83	0.00956994328922
XMTI4ODU1NzU3Mg==	7	3	0.326530612245
XMTI4ODU2MDQ4MA==	5	5	0.0
XMTI4ODU2NTQxNg==	14606	16068	0.0100191793914
XMTI4ODU2ODg4NA==	337	382	0.0178305699619
XMTI4ODU3MTE0OA==	3013	1325	0.31386769733
XMTI4ODU3MjI3Ng==	13	14	0.00591715976331
XMTI4ODU3NDUwOA==	174	165	0.00267538644471
XMTI4ODU3NjcwNA==	160	163	0.0003515625
XMTI4ODU3OTg2MA==	7	10	0.183673469388
XMTI4ODU4MTMzMg==	8	9	0.015625
XMTI4ODU4MzQwNA==	11	11	0.0
XMTI4ODU5MDk0OA==	3	3	0.0
XMTI4ODUwMTc5Mg==	58	29	0.25
XMTI4ODUwMzQwOA==	24	20	0.0277777777778
XMTI4ODUwOTIzNg==	169	136	0.0381289170547
XMTI4ODUxMTAxNg==	125	124	6.4e-05
XMTI4ODUxNDIzNg==	167	154	0.0060597368138
XMTI4ODUxODMwMA==	142	118	0.0285657607618
XMTI4ODUxOTM3Mg==	13	3	0.591715976331
XMTI4ODUyMDIxMg==	55	62	0.0161983471074
XMTI4ODUyMDk4MA==	57	35	0.148968913512
XMTI4ODUyMjU1Mg==	20371	17308	0.0226083722906
XMTI4ODUyMzUyOA==	14	16	0.0204081632653
XMTI4ODUyNjA1Ng==	4857	5017	0.00108518494074
XMTI4ODUyNjY5Mg==	28	28	0.0
XMTI4ODUyODE1Ng==	18033	16229	0.0100077650514
XMTI4ODUyODM1Ng==	429	230	0.215174879511
XMTI4ODUyOTQyMA==	9338	9339	1.14681208489e-08
XMTI4ODUzMDQwNA==	170	155	0.00778546712803
XMTI4ODUzMzI5Mg==	7	7	0.0
XMTI4ODUzNzIxMg==	255	242	0.00259900038447
XMTI4ODY0MDQ0OA==	61	28	0.292663262564
XMTI4ODY0MjA0NA==	438	489	0.0135578907863
XMTI4ODY0MzI1Mg==	3	3	0.0
XMTI4ODY0NDk4OA==	15456	13757	0.0120834942456
XMTI4ODY0NjE3Ng==	68115	68428	2.1115586715e-05
XMTI4ODY0NzY5Mg==	174	64	0.399656493592
XMTI4ODY0OTU2MA==	413	213	0.234509201555
XMTI4ODY1MDM0NA==	98914	80399	0.0350374025869
XMTI4ODY1NTU5Mg==	17202	16068	0.00434578485877
XMTI4ODY1NTc0MA==	10	11	0.01
XMTI4ODY2MDI0MA==	522	558	0.00475624256837
XMTI4ODY2NTQ0OA==	26	24	0.00591715976331
XMTI4ODY2OTU4NA==	382	387	0.000171322058058
XMTI4ODY3NDU1Mg==	343	389	0.0179857032359
XMTI4ODY3NjU1Mg==	24	25	0.00173611111111
XMTI4ODY3NzkyNA==	10	11	0.01
XMTI4ODY3OTc2OA==	8	10	0.0625
XMTI4ODY4NDE0OA==	33	34	0.000918273645546
XMTI4ODY4OTk3Mg==	9	13	0.197530864198
XMTI4ODY5MDkwNA==	16	20	0.0625
XMTI4ODY5MjIyNA==	1423	1455	0.000505696742948
XMTI4ODY5Nzc1Mg==	47	38	0.0366681756451
XMTI4ODYwNzU3Ng==	94	81	0.0191263014939
XMTI4ODYwOTcyNA==	13	10	0.0532544378698
XMTI4ODYxMTQwOA==	273	182	0.111111111111
XMTI4ODYxNzIyNA==	18	15	0.0277777777778
XMTI4ODYxODUwNA==	40	25	0.140625
XMTI4ODYyMDcwNA==	11	11	0.0
XMTI4ODYyMzQwOA==	975	807	0.0296899408284
XMTI4ODYyNTc1Ng==	42	51	0.0459183673469
XMTI4ODYzNzYzMg==	22	23	0.00206611570248
XMTI4ODYzOTY5Ng==	7350	4385	0.162732657689
XMTI4ODc0MjkwMA==	255	189	0.0669896193772
XMTI4ODc0NDY0OA==	9	10	0.0123456790123
XMTI4ODc0NTA0NA==	482	531	0.010334704981
XMTI4ODc0NTc2OA==	614029	683640	0.012852214923
XMTI4ODc0Njc4NA==	18	25	0.151234567901
XMTI4ODc1MTIzNg==	3	3	0.0
XMTI4ODc1MjMxMg==	13	14	0.00591715976331
XMTI4ODc1ODAyMA==	52	57	0.00924556213018
XMTI4ODc1OTQ5Ng==	2	2	0.0
XMTI4ODc2MTQxMg==	2441	1319	0.21127599467
XMTI4ODc2NTgzNg==	135	146	0.00663923182442
XMTI4ODc2ODAwNA==	14	16	0.0204081632653
XMTI4ODc2ODk2OA==	933	1005	0.00595527341529
XMTI4ODc3MDg2OA==	4367	4140	0.00270199991201
XMTI4ODc3MzA0MA==	8089	8079	1.52830603888e-06
XMTI4ODc3NTIyMA==	19	19	0.0
XMTI4ODc3NzE3Mg==	23	16	0.0926275992439
XMTI4ODc3NzczMg==	12032	12393	0.000900199479137
XMTI4ODc4MzEzMg==	9	10	0.0123456790123
XMTI4ODc4OTYwMA==	76	52	0.0997229916898
XMTI4ODc4OTk0NA==	690	876	0.0726654064272
XMTI4ODc5ODg4OA==	13	16	0.0532544378698
XMTI4ODc5OTYxNg==	85	72	0.0233910034602
XMTI4ODcwMTY1Mg==	9306	715	0.852238876873
XMTI4ODcwNDI4OA==	661407	713117	0.00611239626438
XMTI4ODcwNDkwMA==	117	141	0.0420775805391
XMTI4ODcwNjEzMg==	176	201	0.020176911157
XMTI4ODcwNzg4MA==	62	64	0.00104058272633
XMTI4ODcwOTI2MA==	4	5	0.0625
XMTI4ODcxMjUyOA==	11	10	0.00826446280992
XMTI4ODcxMjc3Mg==	58	54	0.00475624256837
XMTI4ODcxMzYwOA==	5	7	0.16
XMTI4ODcxNzg3Ng==	24	16	0.111111111111
XMTI4ODcyMDcyOA==	9	10	0.0123456790123
XMTI4ODcyMjE0OA==	23	24	0.00189035916824
XMTI4ODcyMzMyOA==	136	22	0.702638408304
XMTI4ODcyNDAxMg==	9	11	0.0493827160494
XMTI4ODcyNjIwMA==	21	18	0.0204081632653
XMTI4ODczNDA4MA==	24597	20401	0.0291009171681
XMTI4ODczNjM2MA==	210	214	0.000362811791383
XMTI4ODczOTI0OA==	846	970	0.0214833816765
XMTI4ODg0NDQ2MA==	30	23	0.0544444444444
XMTI4ODg1Nzc0MA==	14	12	0.0204081632653
XMTI4ODg2MjIzMg==	8	8	0.0
XMTI4ODgwNDQ0NA==	32	26	0.03515625
XMTI4ODgwNTY0NA==	5	5	0.0
XMTI4ODgyMTA1Mg==	229	244	0.00429053603097
XMTI4ODgyNDc1Mg==	115	76	0.115009451796
XMTI4ODgyNzI2MA==	37	29	0.0467494521549
XMTI4ODgyOTY4OA==	164	171	0.00182183224271
XMTI4ODgzMzg3Ng==	30	26	0.0177777777778
Proposed PBML+BP MRSE = 0.0972459206631
