XMTM2MTYwODg4OA==	710	714	3.17397341797e-05
XMTM2MDgzMTQwMA==	9726	10562	0.00738829154279
XMTM2MDk5OTA5Ng==	29	26	0.0107015457788
XMTM2MDk0OTAwOA==	2002	1203	0.159281527663
XMTM2MDg4NzI1Ng==	408	438	0.00540657439446
XMTM2MTIxMjk3Mg==	188	185	0.000254640108646
XMTM2MDg1NjIwMA==	21	22	0.00226757369615
XMTM2MTQwMzAzMg==	176	167	0.00261492768595
XMTM2MTE4NjEyOA==	584	549	0.00359178551323
XMTM2MDkwNjA4OA==	1632	1560	0.00194636678201
XMTM2MTU2MzAwMA==	375	436	0.0264604444444
XMTM2MDg5NjczNg==	15	20	0.111111111111
XMTM2MTQxMzU1Ng==	62	67	0.00650364203954
XMTM2MTQ2MzY0MA==	163	128	0.0461063645602
XMTM2MTE0Njk1Ng==	1949	2136	0.00920575759339
XMTM2MTY3Njg2MA==	43	37	0.019469983775
XMTM2MTMzNzYwOA==	1269	1425	0.015112139452
XMTM2MTQ1NzA3Mg==	10	10	0.0
XMTM2MTM0ODk2NA==	34	26	0.0553633217993
XMTM2MDg1OTMwNA==	1664	1196	0.0791015625
XMTM2MTIyNzg5Mg==	961	682	0.0842872008325
XMTM2MTYyMjQ0MA==	117	128	0.00883921396742
XMTM2MTI1MDQ2NA==	303	47	0.713829798821
XMTM2MDg2Mzk0NA==	304	323	0.00390625
XMTM2MDg0MDE4NA==	110	117	0.00404958677686
XMTM2MTI2OTQ1Ng==	30	30	0.0
XMTM2MTQzODcwNA==	25	29	0.0256
XMTM2MTE1ODQwOA==	89	57	0.129276606489
XMTM2MTAwOTk3Ng==	279	269	0.0012846700325
XMTM2MTA2MjU4MA==	113	127	0.0153496749941
XMTM2MTI0ODk5Ng==	32	44	0.140625
XMTM2MTI4NTU5Mg==	2	2	0.0
XMTM2MTQ2ODQzMg==	68	58	0.0216262975779
XMTM2MDk0MDcxMg==	94	79	0.0254640108646
XMTM2MTY3NDQwOA==	37	33	0.0116873630387
XMTM2MTYwMDYyOA==	1281	1398	0.00834206297407
XMTM2MTIwOTIxMg==	373	415	0.012678880751
XMTM2MDg1MzM2NA==	615	631	0.000676845792848
XMTM2MDk2Nzk5Ng==	2046	2131	0.00172594357156
XMTM2MTM1NjI5Mg==	50	38	0.0576
XMTM2MTAxNTQwOA==	1297	1199	0.00570915980119
XMTM2MTMwMzMwOA==	483	443	0.00685844596188
XMTM2MTI1OTYyMA==	29	28	0.00118906064209
XMTM2MDk5NTAwMA==	67	68	0.000222766763199
XMTM2MDgyODcwNA==	4098	4327	0.00312267694296
XMTM2MDk4Nzc5Ng==	6481	6947	0.00516996723191
XMTM2MDg5MDM0MA==	20	25	0.0625
XMTM2MTUzNzA1Mg==	8731	8677	3.82524752834e-05
XMTM2MTI0NzQ0MA==	152	184	0.0443213296399
XMTM2MDc4MDc0MA==	425	244	0.181375778547
XMTM2MTE4NDg5Mg==	558	616	0.0108040749733
XMTM2MTA2NTYyNA==	331	315	0.00233659787698
XMTM2MTM3NTQzMg==	32	13	0.3525390625
XMTM2MDY1NjA2MA==	24	25	0.00173611111111
XMTM2MTQ2MjE4NA==	103	84	0.0340277123197
XMTM2MTUxODg1Mg==	7274	7486	0.000849425175175
XMTM2MTI4MzU1Mg==	28	27	0.00127551020408
XMTM2MTQ1MDUzMg==	208	221	0.00390625
XMTM2MTQ0MzM5Ng==	9	7	0.0493827160494
XMTM2MTQ1NTY3Mg==	4286	3996	0.00457816733512
XMTM2MDk5MjY1Ng==	217	259	0.0374609781478
XMTM2MTY4MjYzMg==	14	17	0.0459183673469
XMTM2MTUzNTM3Mg==	19	21	0.01108033241
XMTM2MDczNDgyOA==	13941	14406	0.00111254619151
XMTM2MDk3MDM0NA==	136	118	0.0175173010381
XMTM2MTI0NTcwOA==	37458	33114	0.0134490145221
XMTM2MTQzNzc0OA==	206	171	0.0288669997172
XMTM2MTYwODUxNg==	166	150	0.00929017273915
XMTM2MTE5ODAzNg==	35	35	0.0
XMTM2MTA2NzY2MA==	1091	745	0.100577930758
XMTM2MTYxMjA5Mg==	3234	3296	0.000367538931016
XMTM2MTcxNTQwOA==	96	89	0.00531684027778
XMTM2MTUwMzI0NA==	30	36	0.04
XMTM2MTE1NjEwNA==	4841	3617	0.0639282285542
XMTM2MDkxNTQzMg==	144	135	0.00390625
XMTM2MTI3OTI3Mg==	180	164	0.0079012345679
XMTM2MDg5MTkyOA==	25252	18144	0.0792324849753
XMTM2MDg5NjEyMA==	142	162	0.0198373338623
XMTM2MTI3MTk2MA==	549	431	0.0461975905853
XMTM2MTI0Nzc4MA==	1218	896	0.0698903421852
XMTM2MDkxNDc1Mg==	124	118	0.00234131113424
XMTM2MDgzOTU0OA==	28999	30020	0.00123961105375
XMTM2MDc4MzUyMA==	256	215	0.0256500244141
XMTM2MTE4ODAyMA==	69	68	0.000210039907582
XMTM2MTUzNjA5Mg==	470	444	0.00306020823902
XMTM2MTE2MzkwMA==	192211	214959	0.0140065108745
XMTM2MDg3OTAzNg==	102	88	0.0188389081123
XMTM2MTMxODU5Mg==	1512	1234	0.0338053945858
XMTM2MTI5MzM0OA==	3	3	0.0
XMTM2MTU5NzY1Mg==	199	169	0.0227266988207
XMTM2MTY5OTc5Ng==	77	75	0.000674650025299
XMTM2MTM0Mjg5Ng==	601	617	0.000708746653525
XMTM2MTI2MjU2OA==	29	29	0.0
XMTM2MTM0NDIyOA==	15504	16446	0.00369159701521
XMTM2MTI1ODYxMg==	99	69	0.0918273645546
XMTM2MTY5MjM3Ng==	4	4	0.0
XMTM2MTMzNjQ2MA==	7448	7101	0.00217059907518
XMTM2MTM2MjM4NA==	19	14	0.0692520775623
XMTM2MTM5MjUzNg==	46	27	0.170604914934
XMTM2MTU1NjI4NA==	544	529	0.000760299524221
XMTM2MTM1MjkyNA==	494	510	0.00104902555361
XMTM2MTQ2OTM0OA==	142	62	0.317397341797
XMTM2MTM1NDk4MA==	46	49	0.00425330812854
XMTM2MTQ0MTM2MA==	5573	4394	0.0447558205723
XMTM2MDkzNjI3Mg==	993	959	0.00117235553203
XMTM2MTI1NjYyMA==	515	529	0.000738995192761
XMTM2MTY5MjUxNg==	60	64	0.00444444444444
XMTM2MDkzMDcwMA==	256	148	0.177978515625
XMTM2MTM0MTk4MA==	93	85	0.00739969938721
XMTM2MTE4MTExMg==	8422	7973	0.00284224955944
XMTM2MTY4NDE2NA==	479	461	0.00141212773654
XMTM2MTExNTY0MA==	3	3	0.0
XMTM2MDg0MjUwNA==	128	121	0.00299072265625
XMTM2MTEwNDcyNA==	1183	1171	0.000102894699422
XMTM2MTI1MTcyNA==	165	55	0.444444444444
XMTM2MTQ0OTA4OA==	30047	31947	0.00399857243654
XMTM2MDkyNTA5Ng==	100	72	0.0784
XMTM2MTY1NTgwOA==	28	25	0.0114795918367
XMTM2MTQ1MzQxMg==	31	25	0.0374609781478
XMTM2MTM3NzQ5Ng==	154	130	0.0242874009108
XMTM2MDkyOTg1Ng==	102	65	0.131584006151
XMTM2MTY1NzUzMg==	254	304	0.0387500775002
XMTM2MTU5MDE0NA==	54	48	0.0123456790123
XMTM2MDg4OTQ4MA==	729	737	0.000120427291082
XMTM2MTUxNDM3Mg==	51	58	0.0188389081123
XMTM2MTMyODYzNg==	56535	35724	0.135503684841
XMTM2MTYwMDQxNg==	4	4	0.0
XMTM2MTE2MDIwMA==	177	183	0.00114909508762
XMTM2MTAyMzQxNg==	178	181	0.000284055043555
XMTM2MTA2MTQ0MA==	183	151	0.0305772044552
XMTM2MTIzMTIwMA==	123	130	0.00323881287593
XMTM2MTMwMzg0OA==	2766	1617	0.172558241303
XMTM2MTM5NTI1Mg==	18744	19916	0.00390958511191
XMTM2MTYxMDMyMA==	56	57	0.00031887755102
XMTM2MTYyNDQzNg==	29	30	0.00118906064209
XMTM2MTM2MjAzNg==	626	502	0.0392369014688
XMTM2MTY5NTgzMg==	223	240	0.0058114983209
XMTM2MTY2MTUyNA==	1375	1445	0.00259173553719
XMTM2MTQ0NDA4MA==	36	37	0.000771604938272
XMTM2MDk5NTUxMg==	1012	990	0.00047258979206
XMTM2MDY2MTg5Ng==	4530	3999	0.0137401868339
XMTM2MTA3OTI4OA==	8186	8156	1.34307117639e-05
XMTM2MTY4NzA4NA==	4	4	0.0
XMTM2MDYxMTk0MA==	1506	1635	0.00733718512405
XMTM2MTM2NzY4MA==	761	315	0.343479169293
XMTM2MDcxNTQ3Mg==	7856	7993	0.000304115240313
XMTM2MTA1NzY5Mg==	1890	2013	0.00423532375913
XMTM2MTY2MDA4MA==	1696	1822	0.00551936854753
XMTM2MTAyOTE0NA==	1190	1191	7.06164818869e-07
XMTM2MTY2MjY2NA==	70	64	0.00734693877551
XMTM2MTMzNTI0NA==	9	11	0.0493827160494
XMTM2MTI2MDY2NA==	46	57	0.0571833648393
XMTM2MTMxMDI3Ng==	63522	68689	0.00661650425562
XMTM2MDk0MDQ1Mg==	301	330	0.00928245825101
XMTM2MTQzOTM1Ng==	242	232	0.00170753363841
XMTM2MTYwNTI5Ng==	56	46	0.031887755102
XMTM2MDgzMjEzNg==	148	131	0.0131939371804
XMTM2MTA2OTc2OA==	20	20	0.0
XMTM2MTU4MTk3Mg==	324	322	3.8103947569e-05
XMTM2MTY5NzIxMg==	55	53	0.00132231404959
XMTM2MDkzNjY0MA==	239	218	0.0077204530733
XMTM2MTQzMzg1Ng==	34	36	0.00346020761246
XMTM2MTQ2MzY0OA==	141	132	0.00407424173834
XMTM2MTI3NjA3Ng==	2840	61	0.957503595517
XMTM2MTU5NzM2NA==	205	177	0.0186555621654
XMTM2MDgwNTE4NA==	100	82	0.0324
XMTM2MTIyODM5Mg==	29	24	0.0297265160523
XMTM2MDg4NTAzNg==	2105	2294	0.00806156589051
XMTM2MTI5Mjc2NA==	57	59	0.00123114804555
XMTM2MDg0OTIwMA==	29	31	0.00475624256837
XMTM2MTUxODI5Mg==	1076	1084	5.5278395821e-05
XMTM2MTE0MzAwNA==	4728	4960	0.00240780345911
XMTM2MTUzMjM4OA==	1080	1091	0.000103737997257
XMTM2MTE4MjgwOA==	120	125	0.00173611111111
XMTM2MTIxMDMxNg==	15	17	0.0177777777778
XMTM2MDg3MjEwOA==	433	460	0.00388822810938
XMTM2MTEzNDcxMg==	12	10	0.0277777777778
XMTM2MTU0Nzk2MA==	494	457	0.00560982805816
XMTM2MDk0MTUzMg==	1553	1435	0.00577325982281
XMTM2MDkyMzgxMg==	30	33	0.01
XMTM2MTAwMTU2MA==	84	91	0.00694444444444
XMTM2MDg3NDY2NA==	356	371	0.00177534402222
XMTM2MTUzOTQxNg==	19	19	0.0
XMTM2MTQxOTQxNg==	253	246	0.000765517349123
XMTM2MTYwODYxNg==	197	252	0.0779458373058
XMTM2MTEyNjY0NA==	29	25	0.0190249702735
XMTM2MTU3MjcwMA==	406	403	5.45997233614e-05
XMTM2MTQ1NTU5Ng==	1600	1881	0.030844140625
XMTM2MDkxMzE3Mg==	400	408	0.0004
XMTM2MTMxMDYyOA==	9759	9659	0.000105000015698
XMTM2MTUxMDQ3Mg==	165	146	0.0132598714417
XMTM2MTE0NjMwNA==	226	209	0.00565823478738
XMTM2MTQ4MTUwMA==	171	160	0.00413802537533
XMTM2MTQ4ODQxNg==	1938	980	0.244356261868
XMTM2MTU3ODg5Ng==	65	65	0.0
XMTM2MTA3NzA5Ng==	1129	1113	0.000200840864212
XMTM2MTMyNjM4NA==	190	164	0.0187257617729
XMTM2MTQ4MzI3Ng==	286	347	0.0454912220646
XMTM2MDc2MzU4OA==	21977	23401	0.00419839370554
XMTM2MTU0OTE3Ng==	215	178	0.0296160086533
XMTM2MTI5NDAyMA==	143	138	0.00122255367011
XMTM2MTYxMTQ4OA==	40027	36605	0.00730893211152
XMTM2MTAzMjg1Ng==	218	222	0.000336671997307
XMTM2MTI1MzE2NA==	39	42	0.00591715976331
XMTM2MTI4NTM3Ng==	39	28	0.0795529257068
XMTM2MTM0NjQzNg==	1878	1098	0.17250354704
XMTM2MTYwMjQ3Ng==	973	945	0.000828114486828
XMTM2MTEyNzEwMA==	129	140	0.00727119764437
XMTM2MTU3NjE3Ng==	143252	151677	0.00345890338213
XMTM2MTA3MTAyMA==	27	25	0.00548696844993
XMTM2MTIwOTIxNg==	97	95	0.000425124880434
XMTM2MDgyNTA2MA==	202	207	0.000612685030879
XMTM2MTY5MzM3Mg==	316	239	0.059375500721
XMTM2MTIyNTY2NA==	1141	1228	0.00581389543284
XMTM2MTQxMTM4MA==	276	301	0.00820468388994
XMTM2MTUxNDc2MA==	257	157	0.151402746446
XMTM2MTAzNzQ5Mg==	133	141	0.00361806772571
XMTM2MTAwOTYyOA==	80	99	0.05640625
XMTM2MDkzMDYzMg==	47	51	0.00724309642372
XMTM2MDgyMjkyNA==	1389	474	0.433948005542
XMTM2MTU4MjI4OA==	108	105	0.000771604938272
XMTM2MTQyOTcwOA==	32	32	0.0
XMTM2MDE5NDE1Mg==	16	11	0.09765625
XMTM2MDk3MjAyNA==	4525	5960	0.100569579683
XMTM2MTE1Mjk4MA==	19	17	0.01108033241
XMTM2MDk5MDg2MA==	5	6	0.04
XMTM2MDcyNTAyNA==	2507	2557	0.000397769372999
XMTM2MTIyMDg5Ng==	233	265	0.0188620162464
XMTM2MDk5MzcwOA==	85	85	0.0
XMTM2MDk0NDMyOA==	59	57	0.00114909508762
XMTM2MDg1NjA0NA==	105	88	0.0262131519274
XMTM2MDkxMTUyOA==	4768	5225	0.00918670787633
XMTM2MTY3MTg2OA==	27	24	0.0123456790123
XMTM2MTM0NDczMg==	3998	3817	0.0020496115992
XMTM2MTM2OTA3Ng==	28	34	0.0459183673469
XMTM2MDc2NzU0MA==	1196	971	0.0353918021051
XMTM2MTE1MjEyOA==	159	165	0.00142399430402
XMTM2MTI0ODUxNg==	25	25	0.0
XMTM2MTA1NTkyNA==	4637	4528	0.000552559187107
XMTM2MDk1NzQ4OA==	2768	2191	0.0434529689014
XMTM2MTA2MDY2MA==	121	92	0.0574414315962
XMTM2MTU0NTE0OA==	11	9	0.0330578512397
XMTM2MTMyMTkwMA==	68	47	0.0953719723183
XMTM2MDg1MTEyNA==	5506	6138	0.0131753373033
XMTM2MTIyNzc0OA==	470	478	0.000289723856949
XMTM2MTM2NzAwOA==	8798	8553	0.00077546866471
XMTM2MTAzODMxNg==	10157	7899	0.0494216192215
XMTM2MTE5MjgwMA==	76	73	0.00155817174515
XMTM2MTI1MDczMg==	906	789	0.016676900136
XMTM2MTYwODMzMg==	1127	1157	0.00070858944249
XMTM2MDc0NzEyMA==	317	353	0.0128969339928
XMTM2MTcwOTEyNA==	720	443	0.148011188272
XMTM2MDg0OTc5Mg==	122	144	0.0325181402849
XMTM2MDkwMDExNg==	31	29	0.00416233090531
XMTM2MTQ5NTk3Ng==	226	227	1.95786670843e-05
XMTM2MTA5MDg2MA==	67	64	0.00200490086879
XMTM2MTIyMzYzNg==	13897	10906	0.0463223635848
XMTM2MTQ4NzAwMA==	16	20	0.0625
XMTM2MDgzNzY2OA==	1437	997	0.0937544340859
XMTM2MTA2MTYwOA==	10036	9203	0.00688919848688
XMTM2MTQyODA0NA==	89647	100069	0.0135154533032
XMTM2MTU4Nzk2NA==	147	127	0.0185108056828
XMTM2MDkxMzA0MA==	446	374	0.0260612519858
XMTM2MDkwMDAxMg==	471	538	0.0202352135088
XMTM2MDc3MTU0NA==	9	7	0.0493827160494
XMTM2MDg1MDU4NA==	1362	956	0.0888582696691
XMTM2MTM3ODQ0NA==	27	18	0.111111111111
XMTM2MTIyODgzMg==	482	497	0.000968475060691
XMTM2MTYzODQwNA==	666	706	0.00360721081442
XMTM2MDk4MjY4OA==	50	49	0.0004
XMTM2MTA4ODYzMg==	244	265	0.00740728298844
XMTM2MTEyNjM2MA==	365	288	0.0445036592231
XMTM2MTEwMzY1Ng==	18	16	0.0123456790123
XMTM2MDkyNjk2MA==	3836	3680	0.00165383431864
XMTM2MTQ5ODI5Mg==	5	4	0.04
XMTM2MTU4NjUyNA==	136	144	0.00346020761246
XMTM2MDgyMTIyMA==	469	363	0.0510817826797
XMTM2MTQ0OTU0MA==	755	822	0.00787509319767
XMTM2MTM1MDY4MA==	23	23	0.0
XMTM2MDkzNDQwOA==	53	42	0.0430758276967
XMTM2MTM5MTk3Ng==	107	88	0.0315311380907
XMTM2MTUzNjIxNg==	47209	48650	0.000931704856761
XMTM2MTQ1NDg0OA==	7162	5570	0.0494103003058
XMTM2MTE1Mzk5Ng==	2237	2539	0.0182256034918
XMTM2MTMxOTcyMA==	344	367	0.00447032179557
XMTM2MTE5NzA4OA==	71539	54584	0.0561707028323
XMTM2MTYxMjQyMA==	55	58	0.00297520661157
XMTM2MDg0NzM3Ng==	414	336	0.0354967443814
XMTM2MTA0NjEyNA==	1504	1618	0.00574531745134
XMTM2MTM0MDYyOA==	406	429	0.00320925040646
XMTM2MTE1ODIzNg==	4	4	0.0
XMTM2MDg5NDgxMg==	55	39	0.0846280991736
XMTM2MTQwNzQzMg==	195	153	0.0463905325444
XMTM2MTI4OTc1Ng==	519	528	0.00030071168432
XMTM2MTM2Mjc0MA==	12068	12410	0.000803122159712
XMTM2MTI5MzcwMA==	129361	20568	0.707286187956
XMTM2MTI1NzExNg==	1179	1182	6.47462916561e-06
XMTM2MTE0OTAyNA==	210	216	0.000816326530612
XMTM2MTI1MzE1Mg==	2053	2155	0.00246843925786
XMTM2MTUwNzM0OA==	22906	126	0.989028773837
XMTM2MTQ0MjE2NA==	1084	1219	0.0155098991027
XMTM2MDc0NTYzMg==	591	598	0.000140288192029
XMTM2MDk1MDAzMg==	9	10	0.0123456790123
XMTM2MDUyODk5Ng==	184	175	0.00239248582231
XMTM2MDk2NDA0NA==	11	12	0.00826446280992
XMTM2MDk2NDY0OA==	1081	909	0.0253166073487
XMTM2MDkwNjQ3Mg==	9003	4805	0.217425445298
XMTM2MTExMzI1Ng==	64	60	0.00390625
XMTM2MTI0NDkxNg==	5091	3575	0.0886731647056
XMTM2MTU2NTAyNA==	200	146	0.0729
XMTM2MTI1MzcyOA==	89	55	0.145941169044
XMTM2MTU5NzY4NA==	364	400	0.00978142736384
XMTM2MTI5MDIyOA==	9566	9535	1.05017731933e-05
XMTM2MDg1MzU4MA==	961	1053	0.00916492424103
XMTM2MTY5MzYxNg==	206	179	0.017178810444
XMTM2MTI1NTQzMg==	649	467	0.0786417885997
XMTM2MTQxODYyNA==	328	360	0.00951814396193
XMTM2MTM0OTg5Mg==	20	24	0.04
XMTM2MTUxODk2NA==	23	25	0.00756143667297
XMTM2MTA1MzU3Mg==	14	14	0.0
XMTM2MTQyMTQyMA==	39	41	0.00262984878369
XMTM2MDkyMzIyMA==	80494	70407	0.0157035203943
XMTM2MTYyOTI2OA==	1368	1411	0.000988017680654
XMTM2MDg1NjA4OA==	4247	3800	0.0110777235849
XMTM2MTU4NzAwMA==	52	46	0.0133136094675
XMTM2MDczMzM0MA==	31409	26192	0.0275888408784
XMTM2MDg1MjAzNg==	3387	2963	0.0156711663214
XMTM2MDc2NTEzNg==	7714	10151	0.0998048828722
XMTM2MTA1NzMwOA==	1952	2093	0.00521769391629
XMTM2MDg4OTA2NA==	1897	1826	0.00140081903869
XMTM2MTM2OTM5Ng==	542	539	3.06368377337e-05
XMTM2MTM5MDY2OA==	20	18	0.01
XMTM2MTYwNTEzMg==	70	71	0.000204081632653
XMTM2MTI2NTM2NA==	562	325	0.177837793341
XMTM2MTI0MzEzMg==	988	992	1.63910242751e-05
XMTM2MTEzOTA2MA==	2434	1443	0.16577008539
XMTM2MTU5ODEyNA==	167	150	0.0103625085159
XMTM2MDk5MDk0NA==	3258	3184	0.000515894953387
XMTM2MDg3MTY3Mg==	309	318	0.00084833631822
XMTM2MTIzNzQ2NA==	30	26	0.0177777777778
XMTM2MTMzNzc4OA==	171	183	0.00492459218221
XMTM2MDY0MjIyNA==	813	561	0.0960771231329
XMTM2MTE0NTIxMg==	16	15	0.00390625
XMTM2MTEyMDMyNA==	7826	8056	0.000863725983928
XMTM2MTE1MDc4NA==	52068	58857	0.0170008182698
XMTM2MDg3Mjk3Mg==	4236	3444	0.0349573465801
XMTM2MTEwMzExNg==	372	364	0.000462481211701
XMTM2MTQ1ODk5Mg==	12	8	0.111111111111
XMTM2MTE1MzE2OA==	250	262	0.002304
XMTM2MTMzOTI4OA==	372	445	0.038508787143
XMTM2MTA2MDYwOA==	124	122	0.000260145681582
XMTM2MTU5NzEyNA==	2787	2662	0.00201162066589
XMTM2MTQ2NTE3Ng==	51329	55661	0.0071228088431
XMTM2MTU4NTUxMg==	39	47	0.0420775805391
XMTM2MTM5MDIyNA==	539	283	0.225580939072
XMTM2MDkwNjAwMA==	280	237	0.0235841836735
XMTM2MTI0MjUzNg==	131	80	0.151564594138
XMTM2MTE2NDkzMg==	362	177	0.261171820152
XMTM2MTM1MjM0NA==	282	311	0.0105754237714
XMTM2MTU1NTY2NA==	17	16	0.00346020761246
XMTM2MTI5OTAzNg==	1021	506	0.254426869242
XMTM2MTUzNTIwOA==	678	463	0.100558209553
XMTM2MTQxODY1Ng==	935	770	0.0311418685121
XMTM2MDk3NTE3Ng==	323	319	0.000153361002214
XMTM2MTMwOTYyOA==	98	104	0.00374843815077
XMTM2MTI0ODQ4MA==	114	118	0.00123114804555
XMTM2MTE4Njk0MA==	16	15	0.00390625
XMTM2MTA5MjkxNg==	17	15	0.0138408304498
XMTM2MTQxOTY0MA==	368	371	6.64579395085e-05
XMTM2MDg5OTgxNg==	770	806	0.00218586608197
XMTM2MTI5MzYxNg==	409	339	0.029292029579
XMTM2MTU3NTE4MA==	5	4	0.04
XMTM2MTI3MzgwOA==	253	157	0.143979752847
XMTM2MTQ0MTcyNA==	69	68	0.000210039907582
XMTM2MDg3NzcxNg==	444	450	0.00018261504748
XMTM2MTUyNTYwOA==	792	843	0.00414657943067
XMTM2MTUzOTg0OA==	126	120	0.00226757369615
XMTM2MDk3NTcwOA==	133	58	0.317994233705
XMTM2MTMyODI3Ng==	2143	2151	1.39359195932e-05
XMTM2MDgxOTAyOA==	6252	6295	4.73041205189e-05
XMTM2MTI0MTY5Ng==	462	402	0.0168662506325
XMTM2MTQyNjQ4OA==	148	115	0.0497169466764
XMTM2MDg5MDY1Ng==	48	44	0.00694444444444
XMTM2MDkzNjczMg==	12	8	0.111111111111
XMTM2MDg1MDc4NA==	29	28	0.00118906064209
XMTM2MTU1NDc4OA==	292	291	1.17282792269e-05
XMTM2MTU0MTI0NA==	515	536	0.00166273918371
XMTM2MTU3OTUxNg==	89	83	0.00454488069688
XMTM2MTA4NjY3Ng==	46	46	0.0
XMTM2MTI1MTcxNg==	80	82	0.000625
XMTM2MTA3MTE4MA==	219	199	0.00834010967244
XMTM2MTI2OTYzMg==	118	119	7.18184429762e-05
XMTM2MTQyMDU2OA==	53	52	0.000355998576006
XMTM2MDk2Mzg4OA==	10759	11307	0.00259428271418
XMTM2MTUzMzQ0NA==	93	90	0.00104058272633
XMTM2MTYwMDYwOA==	1784065	1682446	0.00324435588272
XMTM2MDg5NDQ3Mg==	65312	25998	0.362333509553
XMTM2MTA3OTg2OA==	61226	51916	0.0231221166393
XMTM2MTU1MDQ2OA==	74	76	0.00073046018992
XMTM2MDkxNjE1Ng==	49	45	0.00666389004581
XMTM2MTUwNTYwNA==	55	53	0.00132231404959
XMTM2MDk3NzQ5Mg==	82	75	0.00728732897085
XMTM2MDg2ODEyMA==	120	100	0.0277777777778
XMTM2MTUxNDE4OA==	548	595	0.00735587937557
XMTM2MTQ0OTM1Ng==	408	444	0.00778546712803
XMTM2MTQ3NDEzMg==	26	26	0.0
XMTM2MDg1MTQ3Ng==	186	197	0.00349751416349
XMTM2MTAzMjMxNg==	159	146	0.00668486214944
XMTM2MDgyODk5Ng==	15636	17352	0.0120443465667
XMTM2MTE0NjAzNg==	341	353	0.0012383794429
XMTM2MTE1MDE3Mg==	48	49	0.000434027777778
XMTM2MTUyNTA0OA==	48	47	0.000434027777778
XMTM2MTQ5MTUyNA==	1804	1772	0.000314649387171
XMTM2MTI5MjA2MA==	1230	1337	0.00756758543195
XMTM2MTUyMDc2NA==	209	162	0.0505711865571
XMTM2MTQ2NjAyOA==	102	88	0.0188389081123
XMTM2MTE5MjU4MA==	6	7	0.0277777777778
XMTM2MTU3ODY4OA==	197	173	0.0148419181118
XMTM2MDg2MjYyOA==	23	23	0.0
XMTM2MTE0MTI2MA==	33	23	0.0918273645546
XMTM2MTE0Njc0OA==	429	401	0.00425992034384
XMTM2MTI0MDQ1Ng==	1751	1639	0.0040913228665
XMTM2MTIzNTUyMA==	7945	5118	0.126608777067
XMTM2MTA2MTIzMg==	7	8	0.0204081632653
XMTM2MTIwODMzNg==	14	14	0.0
XMTM2MTU4NzU2OA==	1053	1280	0.0464723861368
XMTM2MDk2MDgxNg==	677	716	0.00331857683018
XMTM2MTIyNDgxMg==	269	290	0.00609444313926
XMTM2MDk3NzI5Ng==	4	4	0.0
XMTM2MTM0MzM0NA==	544	522	0.00163548875433
XMTM2MTU3Nzc3Mg==	60	72	0.04
XMTM2MDkxNDIwNA==	568	455	0.0395785806388
XMTM2MTUwNzI4MA==	21289	16732	0.0458192032765
XMTM2MTI2NTU1Ng==	599	552	0.00615661606294
XMTM2MTc0MzQ1Ng==	104	84	0.0369822485207
XMTM2MTQ4MzkwOA==	84	91	0.00694444444444
XMTM2MDg5MDE0MA==	15	15	0.0
XMTM2MTE4MjEzNg==	108	103	0.00214334705075
XMTM2MTczMjkwMA==	21	24	0.0204081632653
XMTM2MDk2NzA5Mg==	72	42	0.173611111111
XMTM2MTI1ODQ4MA==	42	42	0.0
XMTM2MTEzOTYzNg==	38	32	0.0249307479224
XMTM2MTU2NjU0MA==	49	48	0.000416493127863
XMTM2MTUwNTc2OA==	252	37	0.727906903502
XMTM2MTE4Nzk2MA==	1151	1153	3.01932139242e-06
XMTM2MTI2NTczNg==	202	166	0.0317615920008
XMTM2MTM3NDU2MA==	17612	21041	0.0379068430105
XMTM2MTE4OTY5Mg==	1040	992	0.00213017751479
XMTM2MTE0NDc4MA==	51	50	0.000384467512495
XMTM2MTU3OTY1Mg==	29	24	0.0297265160523
XMTM2MTE0NzUwNA==	2269	2440	0.00567967164696
XMTM2MTQxMjM4OA==	473	165	0.424012979989
XMTM2MTQ5MDg2MA==	506	259	0.238282897718
XMTM2MTI4MTMwOA==	101	75	0.0662680129399
XMTM2MDk1MjM5Ng==	1099	1192	0.00716094787138
XMTM2MTUwMTU4MA==	700	708	0.000130612244898
XMTM2MDg0OTM2OA==	943	885	0.00378296742532
XMTM2MTI2ODE2NA==	13532	12951	0.00184343694267
XMTM2MDc1MDEwMA==	169	248	0.218514757887
XMTM2MDkwMTM0OA==	131	134	0.000524444962415
XMTM2MDk4NjE1Mg==	18	19	0.00308641975309
XMTM2MTIxMjg5Mg==	46	48	0.00189035916824
XMTM2MDkxOTUyMA==	4187	4084	0.000605157649871
XMTM2MTEyMTgwNA==	193	190	0.000241617224623
XMTM2MTI0MzMzNg==	3128	3246	0.00142308396727
XMTM2MTAyMDM3Mg==	14189	14713	0.00136382609725
XMTM2MTE3MzYxMg==	1489	1586	0.00424379183635
XMTM2MTUzNzQzMg==	137	138	5.32793435985e-05
XMTM2MDg4OTM4MA==	397	369	0.00497433522197
XMTM2MDkzMDA0NA==	78	60	0.0532544378698
XMTM2MTQzODQ4OA==	422	315	0.0642898856719
XMTM2MTEwMDY4MA==	1102	1062	0.001317518717
XMTM2MDkyOTU2NA==	4	4	0.0
XMTM2MDk3MDAyMA==	3502	3483	2.94357373008e-05
XMTM2MTQ1MzI4OA==	20	22	0.01
XMTM2MTIxOTYzMg==	346373	343164	8.58324228721e-05
XMTM2MTA1MzA2NA==	75	65	0.0177777777778
XMTM2MDg4MzczMg==	86	77	0.0109518658734
XMTM2MTM2MjQzNg==	247	247	0.0
XMTM2MTUwODQ0NA==	216	202	0.00420096021948
XMTM2MTAzNjU3Mg==	1760	1744	8.26446280992e-05
XMTM2MTI4MjY1Ng==	628	596	0.00259645421721
XMTM2MTE5MjQwOA==	37403	32536	0.0169320607489
XMTM2MTM5MjY5Mg==	151	199	0.10104819964
XMTM2MTM0MDU0OA==	664	552	0.0284511540136
XMTM2MTA1MDg4MA==	113	103	0.00783146683374
XMTM2MTEyMzQ2MA==	649	699	0.00593540851043
XMTM2MDk0ODg0OA==	151	155	0.000701723608614
XMTM2MTIxMjYyNA==	2098	2295	0.00881701307069
XMTM2MTU3MjY0MA==	1190	839	0.0870002118494
XMTM2MTM3MzkyNA==	1484	1521	0.000621635268561
XMTM2MTQwNzExNg==	108	44	0.351165980796
XMTM2MTY2MzUyOA==	48	41	0.0212673611111
XMTM2MTIxMzM1Ng==	192	138	0.0791015625
XMTM2MTQ3NTcyOA==	1241	846	0.101309606443
XMTM2MDkwNzYyOA==	20	25	0.0625
XMTM2MTE3Mjk0OA==	510178	579703	0.0185711390257
XMTM2MTExMjU4NA==	510	529	0.00138792772011
XMTM2MTI0ODU5Mg==	20	16	0.04
XMTM2MDc0MTMxNg==	258203	258249	3.17389894898e-08
XMTM2MTUyOTAxMg==	225	147	0.120177777778
XMTM2MTE0NDE0OA==	663	741	0.0138408304498
XMTM2MTYxMzExNg==	304	310	0.000389542936288
XMTM2MDkwNTI2MA==	509	570	0.0143623036811
XMTM2MTQ0NTUwMA==	774	534	0.0961480680248
XMTM2MTE0MTU3Ng==	2043	1868	0.00733735216583
XMTM2MTM5MjkzNg==	40	47	0.030625
XMTM2MTQzNDMyMA==	100	72	0.0784
XMTM2MDc4MTA1Mg==	13599	13104	0.00132494072806
XMTM2MTU0MDY5Ng==	147472	86969	0.168319595376
XMTM2MTQwNjQ0MA==	1654	1846	0.0134750829399
XMTM2MTM5MDE3Mg==	824	884	0.00530210198888
XMTM2MTM1Nzg0MA==	48	57	0.03515625
XMTM2MTUwODE0MA==	27	26	0.00137174211248
XMTM2MTUyNjU2NA==	111447	125851	0.0167043453707
XMTM2MDgzNTQwMA==	12866	12618	0.000371549146086
XMTM2MTY3MDM3Ng==	27	29	0.00548696844993
XMTM2MDc3MDk5Ng==	478	502	0.00252096426883
XMTM2MTM0NTM4OA==	692	674	0.000676601289719
XMTM2MTQzNjQwOA==	222	238	0.00519438357276
XMTM2MTQzMDQyOA==	695	705	0.000207028621707
XMTM2MTAyOTQwMA==	3106	2461	0.0431237506784
XMTM2MTAyOTcyNA==	100961	81813	0.0359699265141
XMTM2MTExMzUyOA==	114	106	0.00492459218221
XMTM2MTM5MTgyOA==	1143	956	0.0267664485946
XMTM2MTI5NzUxNg==	418	342	0.0330578512397
XMTM2MTM2MDk1Mg==	242	211	0.0164093982651
XMTM2MDY2Njg5Mg==	23	25	0.00756143667297
XMTM2MTU5MzI1Mg==	62	45	0.0751821019771
XMTM2MDg3MTk5Mg==	63	40	0.133282942807
XMTM2MTQ3Njk4OA==	54	55	0.000342935528121
XMTM2MDk2ODE0OA==	2352	1612	0.0989894257023
XMTM2MTI0MTg1Mg==	9	10	0.0123456790123
XMTM2MDczNzM0NA==	110653	112328	0.000229141228368
XMTM2MDgxMTY4NA==	48159	50614	0.00259865168583
XMTM2MTQ0MDgwMA==	47	52	0.0113173381621
XMTM2MTU1MzUzNg==	45	48	0.00444444444444
XMTM2MTUzNjc3Mg==	44	20	0.297520661157
XMTM2MTQyODYzNg==	8783	9655	0.00985705555699
XMTM2MTUzNjk2OA==	42	46	0.00907029478458
XMTM2MTE2NzQzNg==	93	64	0.0972366747601
XMTM2MDg2MjE2MA==	5142	5253	0.000465995596699
XMTM2MDQzNDg5Mg==	115	91	0.0435538752363
XMTM2MTU3NDAyNA==	338	159	0.280461118308
XMTM2MDkyMzc4OA==	240	220	0.00694444444444
XMTM2MTIzODY1Ng==	11399	11004	0.00120077236387
XMTM2MDkyMjYwOA==	10031	10910	0.00767872809324
XMTM2MTExNzA2MA==	7366	7677	0.00178261414787
XMTM2MDkzMjg3Mg==	3189	2975	0.00450317171926
XMTM2MTYwNzY2OA==	1166	1250	0.0051899296535
XMTM2MTI4MjY0MA==	1586	1745	0.0100505049702
XMTM2MDkyMzczMg==	90	104	0.0241975308642
XMTM2MDkyNzY1Mg==	24	25	0.00173611111111
XMTM2MTQ0NjI1Mg==	1484	1497	7.67394889604e-05
XMTM2MTQxNzUzNg==	18947	18013	0.0024300367536
XMTM2MTYwODk2OA==	805	871	0.00672196288723
XMTM2MDc1MDMxMg==	5443	5559	0.000454191821584
XMTM2MDc0MDQ4MA==	94	59	0.138637392485
XMTM2MTQ1NjA2MA==	141	154	0.00850057844173
XMTM2MTQzMDQ0NA==	760	392	0.234459833795
XMTM2MTI0NjIyOA==	739	852	0.023381265324
XMTM2MTQwMjM3Mg==	114	117	0.000692520775623
XMTM2MTEzMTMzNg==	47	60	0.0765052059756
XMTM2MTM5ODI1Ng==	43	49	0.019469983775
XMTM2MTQ2ODUzMg==	213	206	0.00108003262139
XMTM2MTQyMDMyMA==	5575	5058	0.00859985923706
XMTM2MTM0NDI2NA==	207	214	0.00114355060795
XMTM2MTQ1Njc3Ng==	33394	35601	0.00436785065555
XMTM2MTI3NjM2NA==	3487	3180	0.00775126984418
XMTM2MTIwMDI3Ng==	53	49	0.00569597721609
XMTM2MDg1MjAyNA==	18	21	0.0277777777778
XMTM2MTQwNzE0MA==	1122	1016	0.00892536564131
XMTM2MTUwNjkyNA==	115	115	0.0
XMTM2MDkwNTUxMg==	10087	9113	0.00932381981529
XMTM2MTMwODUzMg==	48	68	0.173611111111
XMTM2MDY1MDU4OA==	1548	1214	0.0465533588393
XMTM2MTE2NzYwNA==	221	228	0.0010032554616
XMTM2MTMwNDg2NA==	6365	6843	0.00563973862856
XMTM2MTQzMTA3Ng==	106	101	0.00222499110004
XMTM2MDg3NDcwOA==	155145	132113	0.0220387894713
XMTM2MDk5OTYzNg==	130	110	0.0236686390533
XMTM2MTMxMzY0OA==	123	112	0.0079978848569
XMTM2MTE4NDQ4NA==	1411	1591	0.0162738752567
XMTM2MTM2NzE0NA==	240	241	1.73611111111e-05
XMTM2MTAwMTY1Mg==	2167	2309	0.00429396861808
XMTM2MTQwNjU0MA==	1746	1875	0.00545872155501
XMTM2MTI5Njc2OA==	104	84	0.0369822485207
XMTM2MDgyMjM4NA==	69563	72618	0.00192870507213
XMTM2MDg2MzI0NA==	11	12	0.00826446280992
XMTM2MTM3NjMwMA==	301	304	9.93366519133e-05
XMTM2MDk1NjQ2NA==	1146	1127	0.000274876724261
XMTM2MTI0MDI2MA==	121	131	0.00683013455365
XMTM2MTI4OTA2OA==	248	240	0.00104058272633
XMTM2MTExMDE5Ng==	24274	22083	0.00814708148273
XMTM2MTYyNjU4MA==	1378	1536	0.0131466693068
XMTM2MTMzMjM0MA==	36	36	0.0
XMTM2MDg1ODU4NA==	20	23	0.0225
XMTM2MDc1MjEwNA==	41327	35082	0.0228347954158
XMTM2MTcwNDg5Ng==	10	12	0.04
XMTM2MDg1NzA3Ng==	71	74	0.00178536004761
XMTM2MTU3NTExNg==	447	404	0.00925383741473
XMTM2MTE3NjM2OA==	9794	10611	0.00695863270195
XMTM2MTU3ODU4MA==	7	9	0.0816326530612
XMTM2MTYxMzY1Mg==	260	260	0.0
XMTM2MDk5MDc2MA==	468	360	0.0532544378698
XMTM2MTE5MjAxMg==	104	73	0.088849852071
XMTM2MTYwMTczNg==	88994	99988	0.0152612466181
XMTM2MTE1NDI4MA==	38	42	0.01108033241
XMTM2MTUxNTM4OA==	777	581	0.0636311987663
XMTM2MTM2NDA5Ng==	555	492	0.0128853177502
XMTM2MTA2Nzg0MA==	875	650	0.0661224489796
XMTM2MTU4MDkwNA==	15748	13745	0.0161774880001
XMTM2MDg2ODExNg==	108	79	0.0721021947874
XMTM2MTU3ODQ2MA==	17327	17391	1.3643104234e-05
XMTM2MTA5NjIyOA==	4	4	0.0
XMTM2MTU1MjQ0MA==	11	8	0.0743801652893
XMTM2MTQxNzE0OA==	571	552	0.00110722271125
XMTM2MDk2ODI0OA==	112	113	7.97193877551e-05
XMTM2MTM5OTk3Mg==	21	22	0.00226757369615
XMTM2MTQxNDkzMg==	397	398	6.34481533415e-06
XMTM2MTIzMDQ3Mg==	30	30	0.0
XMTM2MTIyMDUzNg==	1119	1181	0.00306989276938
XMTM2MTY3NTEyOA==	35	31	0.0130612244898
XMTM2MDcxNDgwOA==	384	416	0.00694444444444
XMTM2MTUwODM0MA==	62	56	0.00936524453694
XMTM2MDc4NDg0MA==	27	34	0.0672153635117
XMTM2MTI3NDM4NA==	11	10	0.00826446280992
XMTM2MTUzNzgwNA==	69	70	0.000210039907582
XMTM2MTUxNjIwNA==	10574	10869	0.000778332956323
XMTM2MTQxNDMzMg==	73134	70605	0.00119580125211
XMTM2MDg1ODgyMA==	83	73	0.0145158949049
XMTM2MTMzNDU1Mg==	69	67	0.00084015963033
XMTM2MTQ0NDU2NA==	418	376	0.0100959227124
XMTM2MTIxOTM0NA==	535	439	0.0321984452791
XMTM2MDkxNDQzNg==	2107	1317	0.140580508978
XMTM1OTg5NjI3Ng==	54	51	0.00308641975309
XMTM2MTU0MjU5Mg==	54	52	0.00137174211248
XMTM2MTU3MDIxMg==	53	52	0.000355998576006
XMTM2MDkxNzE3Mg==	882	947	0.00543112180624
XMTM2MDgzNjcwOA==	46	43	0.00425330812854
XMTM2MTUyMDUyMA==	54	49	0.00857338820302
XMTM2MTI2MTIxNg==	846	287	0.436599153854
XMTM2MTU0MzUzNg==	2296	2348	0.000512935691826
XMTM2MTA2MDkwOA==	122	151	0.056503628057
XMTM2MTQ4Mjg2OA==	484	519	0.00522932176764
XMTM2MTI3MTE2MA==	860	821	0.00205651703624
XMTM2MDg3NjA1Ng==	134	116	0.0180441078191
XMTM2MTY3MTY0OA==	12	12	0.0
XMTM2MTE2NzM0NA==	874	937	0.00519586948667
XMTM2MTQyNDIzMg==	18	19	0.00308641975309
XMTM2MTYwODcyOA==	66	71	0.00573921028466
XMTM2MTY2MTMzNg==	880	514	0.172980371901
XMTM2MDkwMDY0NA==	55	49	0.0119008264463
XMTM2MTI1Njc2OA==	7273	7023	0.00118155200694
XMTM2MTExMzQ0NA==	85	88	0.00124567474048
XMTM2MTE1MjAzNg==	514	375	0.073131311602
XMTM2MTU0NjA0MA==	221	223	8.18984050286e-05
XMTM2MDc1NDM0MA==	932	885	0.00254310265431
XMTM2MTYwNzg2MA==	429	439	0.000543357186714
XMTM2MTU2OTExMg==	202	206	0.000392118419763
XMTM2MTQ4NTMyOA==	206	171	0.0288669997172
XMTM2MTUxODQyMA==	1973	2028	0.000777089799984
XMTM2MTMzMjAxNg==	926	1098	0.034501257178
XMTM2MTIzNjE4MA==	3998	4112	0.000813062859594
XMTM2MTU4NDU1Ng==	432528	360366	0.0278348361118
XMTM2MTE0MjcwMA==	55	58	0.00297520661157
XMTM2MDc4MTE0NA==	9557	11094	0.025864528332
XMTM2MTMwOTg4NA==	396	383	0.00107769615345
XMTM2MTQyNzIwMA==	361	393	0.00785752104419
XMTM2MDk5NzQ2MA==	793	801	0.000101773239681
XMTM2MTEyODI0MA==	1194	1178	0.000179568978337
XMTM2MTQ5Mzg1Ng==	111	124	0.0137164191218
XMTM2MTA3NzAyOA==	456	374	0.032336872884
XMTM2MTUzMzM2NA==	30	37	0.0544444444444
XMTM2MTU5ODkwMA==	508	476	0.00396800793602
XMTM2MTMxNzk2NA==	75	82	0.00871111111111
XMTM2MDg4NjA0MA==	108	95	0.0144890260631
XMTM2MTAxNzQwMA==	241	252	0.00208329746389
XMTM2MTA3OTI0NA==	6	7	0.0277777777778
XMTM2MDg5Njg5Ng==	23901	28147	0.0315593344519
XMTM2MTI2NDIwMA==	1761	1770	2.61195870784e-05
XMTM2MTcyMjMyMA==	555	573	0.00105186267348
XMTM2MTU1MDMxMg==	1330	1471	0.0112391881961
XMTM2MTQ5MzIwNA==	7855	8686	0.0111920506993
XMTM2MTE2ODc0NA==	12365	13779	0.013077073886
XMTM2MTI5MDY0OA==	15640	16149	0.00105916121035
XMTM2MDY0NTk5Ng==	260	157	0.156937869822
XMTM2MTA5MzY0NA==	4333	4611	0.00411634923647
XMTM2MDk4MDE4MA==	82	80	0.00059488399762
XMTM2MTU3MDcwOA==	258	219	0.0228501892915
XMTM2MTU1MjkwNA==	104	113	0.00748890532544
XMTM2MTIyMzgxNg==	171	164	0.00167572928422
XMTM2MTM1NDEwNA==	40	45	0.015625
XMTM2MTE1OTI2NA==	907	991	0.00857716960696
XMTM2MTEyNTMzNg==	14	16	0.0204081632653
XMTM2MTAwMTY0NA==	36	34	0.00308641975309
XMTM2MDk1NDUyMA==	89	63	0.0853427597526
XMTM2MDc3ODk3Ng==	106641	112637	0.00316136638078
XMTM2MTU3NjkyNA==	9	10	0.0123456790123
XMTM2MTI4NjAzNg==	4774	50	0.979162896916
XMTM2MTU5MDc4MA==	219	222	0.00018765246763
XMTM2MTMyNTA2MA==	699	741	0.00361030779716
XMTM2MTM2Njk5Ng==	1925	1854	0.00136036431101
XMTM2MDkxOTU5Mg==	5	6	0.04
XMTM2MTU4NDI0OA==	511	428	0.0263824050919
XMTM2MTM4ODc5Ng==	1182	1188	2.57672189441e-05
XMTM2MTIxMTk1Mg==	161	161	0.0
XMTM2MTUzMDI4MA==	437	434	4.71280679063e-05
XMTM2MDc4NTAyOA==	1003	968	0.00121768294319
XMTM2MTU0NzMxMg==	13155	8206	0.141531530399
XMTM2MDk3NDA1Mg==	74	71	0.00164353542732
XMTM2MTE1NzM4NA==	4268	3943	0.00579852989357
XMTM2MTIwMzc4OA==	223	230	0.000985340545758
XMTM2MTM2MDI0OA==	809	854	0.00309405467844
XMTM2MDk3MTE4NA==	2264	1905	0.025144097504
XMTM2MDQ5NjQ5Ng==	15	14	0.00444444444444
XMTM2MDkyNDg3Mg==	563	470	0.0272865800757
XMTM2MTYzODM4NA==	5086	5092	1.39171333674e-06
XMTM2MTE4ODIxNg==	861	837	0.000776991343831
XMTM2MTQ2NTIzNg==	4458	4725	0.00358709100098
XMTM2MTQ0ODAwNA==	212	197	0.00500622997508
XMTM2MTMyOTA3Ng==	7470	7631	0.000464526557815
XMTM2MTE3MzMyMA==	52	50	0.00147928994083
XMTM2MDgyNDU1Ng==	52429	52842	6.20521672933e-05
XMTM2MTA4OTU4MA==	1988	98	0.903838524102
XMTM2MTIxNTIxNg==	117	105	0.0105193951348
XMTM2MTIwODU3Ng==	26	19	0.0724852071006
XMTM2MTI3OTUyOA==	2618	67	0.949470843272
XMTM2MDg5ODUyMA==	7	7	0.0
XMTM2MTQ0MDM0MA==	75	83	0.0113777777778
XMTM2MDg4MzA5Mg==	42	38	0.00907029478458
XMTM2MTUzMzY0OA==	69	59	0.0210039907582
XMTM2MTQ3Nzk5Ng==	47	29	0.14667270258
XMTM2MDk4NDAxMg==	61	30	0.258263907552
XMTM2MTMzOTg4MA==	586	514	0.0150962736899
XMTM2MTEzMTA0NA==	705	825	0.0289723856949
XMTM2MTM0ODkwMA==	110	56	0.240991735537
XMTM2MDkzODMwOA==	19968	18145	0.00833497307631
XMTM2MTY5OTU0MA==	168	125	0.0655116213152
XMTM2MTQwNjEzMg==	127	103	0.0357120714241
XMTM2MTI4MDQ1Mg==	4	4	0.0
XMTM2MTMwMTY3Ng==	49	51	0.00166597251145
XMTM2MTIwODc4NA==	385	55	0.734693877551
XMTM2MTU1NTc3Mg==	332	327	0.000226810857889
XMTM2MDkwMTQ4NA==	73	73	0.0
XMTM2MTE1NjMyOA==	2030	2236	0.0102977504914
XMTM2MTM2NjM1Mg==	2300	2578	0.0146094517958
XMTM2MTQxNjE2OA==	393	411	0.00209777984966
XMTM2MDk2NTQzMg==	195	110	0.190006574622
XMTM2MTE4NDM3Ng==	4	4	0.0
XMTM2MDgxNzIxNg==	163	149	0.00737701832963
XMTM2MDk0OTI3Ng==	3394	3468	0.000475378749077
XMTM2MTQ4MDgzNg==	134	127	0.00272889284919
XMTM2MTYwODU0MA==	233	232	1.84199377406e-05
XMTM2MTU5NDk2NA==	1674	1758	0.0025179532637
XMTM2MTE4MDgzMg==	847	893	0.00294950300317
XMTM2MTQ2NDg4MA==	70	72	0.000816326530612
XMTM2MDkzMjU0OA==	8	9	0.015625
XMTM2MDkxNzI5Mg==	4463	4715	0.00318821285016
XMTM2MDk1Mjc4MA==	58	43	0.0668846611177
XMTM2MTUyNzMyNA==	246	264	0.00535395597858
XMTM2MTMwODg0NA==	44	42	0.00206611570248
XMTM2MDUxNDYxMg==	134	154	0.0222766763199
XMTM2MTE4MzUxNg==	73	67	0.00675548883468
XMTM2MTE4OTE4MA==	645	611	0.00277867916592
XMTM2MTQ0NzUwNA==	26	14	0.213017751479
XMTM2MTM5OTg3Mg==	59646	63959	0.00522873062032
XMTM2MDc0MDA5Mg==	13439	11686	0.0170149205023
XMTM2MTYwODU4OA==	203	178	0.0151665898226
XMTM2MTQwNjg5Ng==	37	33	0.0116873630387
XMTM2MTAzMjczMg==	59743	54420	0.00793850784764
XMTM2MTE0ODk3Ng==	1593	1512	0.00258546394714
XMTM2MTMwNTA2NA==	71	74	0.00178536004761
XMTM2MTIyMTEwOA==	24	24	0.0
XMTM2MTI4MzIzNg==	1240	1309	0.00309638397503
XMTM2MTIzODYyMA==	15	14	0.00444444444444
XMTM2MDk1ODc0MA==	96	76	0.0434027777778
XMTM2MDc4NDQyOA==	2264	1630	0.0784197892345
XMTM2MTEzOTI5Ng==	524	552	0.00285531146204
XMTM2MTE5NDc2OA==	116	115	7.43162901308e-05
XMTM2MTIyNjg2NA==	15	11	0.0711111111111
XMTM2MDg2OTE5Mg==	237	250	0.00300877708344
XMTM2MTA2NTc1Mg==	2021	1464	0.0759587419674
XMTM2MTQ0MTYyNA==	2072	958	0.289061917682
XMTM2MDgzNDc0OA==	36838	40140	0.00803455912035
XMTM2MTU2NzI2OA==	1538	1459	0.00263840530573
XMTM2MDkwMzk0NA==	506	443	0.0155017263197
XMTM2MTMwODkyMA==	4189	4208	2.05724720606e-05
XMTM2MTEzMTU5Ng==	491	523	0.00424753506083
XMTM2MTE0NjU0OA==	9	10	0.0123456790123
XMTM1NzMwNzc0MA==	39	30	0.0532544378698
XMTM2MDg4NTE2MA==	9	9	0.0
XMTM2MTA3OTAzMg==	217	257	0.0339782114719
XMTM2MDg3MDgwNA==	920	647	0.0880541115312
XMTM2MTE2NjI4OA==	596	607	0.000340637809108
XMTM2MTA2Mzg0NA==	52	53	0.000369822485207
XMTM2MTI4NDE2MA==	1141	1330	0.0274379916444
XMTM2MTEwMjc0OA==	12	11	0.00694444444444
XMTM2MTE4NTYzNg==	51	49	0.00153787004998
XMTM2MTYwMzEyOA==	339	348	0.000704832015036
XMTM2MTM0MjcwOA==	212	243	0.0213821644713
XMTM2MTM3NzA4OA==	19	18	0.00277008310249
XMTM2MTQ5ODU2NA==	9752	10700	0.00944994518699
XMTM2MTEzNTc2MA==	47	41	0.0162969669534
XMTM2MTE5NDcxNg==	60	67	0.0136111111111
XMTM2MDgxMTMxMg==	20	19	0.0025
XMTM2MDkwNDcyOA==	5362	6611	0.0542589340408
XMTM2MDcxMDQ0OA==	7376	7335	3.08976818761e-05
XMTM2MTQ4MDI4MA==	1267	1357	0.00504582040991
XMTM2MTUzNzA4NA==	8	10	0.0625
XMTM2MTAyOTAyOA==	16	14	0.015625
XMTM2MDc0MTEyMA==	147	142	0.00115692535518
XMTM2MTYwOTQxNg==	232	224	0.00118906064209
XMTM2MTY1NDE5Mg==	947	1057	0.0134922820801
XMTM2MTczMjE5Mg==	229	169	0.0686485764955
XMTM2MTI5OTI4MA==	53	42	0.0430758276967
XMTM2MTM3ODI4MA==	491	514	0.0021942832492
XMTM2MTUyNTYyOA==	1182	586	0.254248012345
XMTM1ODUzMTE5Ng==	27	27	0.0
XMTM2MTMyMDE2OA==	941	913	0.000885394491807
XMTM2MDk5MjY4NA==	126	134	0.00403124212648
XMTM2MDgxMDAwOA==	33429	36119	0.00647526862197
XMTM2MTMyNjcwNA==	272	349	0.0801389489619
XMTM2MTU3NTI3Ng==	709	752	0.00367827707831
XMTM2MDk5NjcxNg==	17	17	0.0
XMTM2MTIyNjI5Ng==	3095	2926	0.00298161869293
XMTM2MTIwOTM5Mg==	4479	4627	0.00109184579513
XMTM2MTM4OTkxMg==	1438	1472	0.000559036368314
XMTM2MTI2NTI4OA==	18	19	0.00308641975309
XMTM2MDkxMTkzMg==	294	286	0.000740432227313
XMTM2MTAyMDc4NA==	70	73	0.00183673469388
XMTM2MTYxNjI2MA==	11	9	0.0330578512397
XMTM2MTU4NDcwNA==	155	137	0.0134859521332
XMTM2MTM4MjAyNA==	13	15	0.0236686390533
XMTM2MDgzNDU3Mg==	294077	331239	0.0159689381702
XMTM2MTI1NTQ2NA==	136	107	0.0454692906574
XMTM2MDk2NjkwMA==	67	66	0.000222766763199
XMTM2MTU0NDQyNA==	419	417	2.2784103531e-05
XMTM2MTE0Mzc2OA==	1726270	1890742	0.00907750508024
XMTM2MDc3ODM2OA==	14261	16408	0.0226654386824
XMTM2MTU0MjM4NA==	148	160	0.00657414170928
XMTM2MTYxMzM5Mg==	187	191	0.000457548114044
XMTM2MDkwNDMwMA==	128	91	0.0835571289062
XMTM2MTExNzAyMA==	2197	2630	0.0388432606304
XMTM2MTA2NjY0OA==	247	207	0.0262256388402
XMTM2MTI4ODc2OA==	192	180	0.00390625
XMTM2MTU5MTY2MA==	210	213	0.000204081632653
XMTM2MTQ0NDE1Mg==	3529	3573	0.000155454048273
XMTM2MTI0MTQzMg==	790	794	2.56369171607e-05
XMTM2MTU4MDYzMg==	551	586	0.00403490107081
XMTM2MTM4OTIyOA==	310	323	0.00175858480749
XMTM2MDkxNDY0NA==	463	388	0.0262398014638
XMTM2MTUyOTYzNg==	748	676	0.00926534930939
XMTM2MDkzMjkyMA==	795	511	0.127615205095
XMTM2MTU0NTE3Mg==	781	828	0.00362154301668
XMTM2MTQ4NDEwMA==	40	36	0.01
XMTM2MTI4ODg0MA==	2719	2369	0.0165698155313
XMTM2MTExNjE3Ng==	2705	2884	0.00437896549486
XMTM2MTIzMzY4NA==	2201	1106	0.247507380169
XMTM2MDg3MzgyMA==	56	49	0.015625
XMTM2MTIwOTQ5Mg==	138	130	0.00336063852132
XMTM2MTE1MDc2NA==	6	6	0.0
XMTM2MTIwMzk4NA==	535	534	3.49375491309e-06
XMTM2MTQ1NTUwNA==	39	35	0.0105193951348
XMTM2MTM5ODk5Mg==	1278	1211	0.00274845036136
XMTM2MTY3MDY1Mg==	48	55	0.0212673611111
XMTM2MTIzMzg2NA==	3769	4278	0.0182382552615
XMTM2MTA3NDY4OA==	13659	14643	0.0051898210929
XMTM2MTQ3NTE1Ng==	44024	44765	0.000283307072458
XMTM2MTY4MzAyMA==	26	36	0.147928994083
XMTM2MTE0MTg1Mg==	3994	3891	0.00066505617214
XMTM2MTUyOTg3Ng==	111	104	0.0039769499229
XMTM2MDcwMjQ4NA==	1772	1867	0.00287421846736
XMTM2MTAxMzQ4NA==	2779	2412	0.0174403435213
XMTM2MTY1MTE1Ng==	22	12	0.206611570248
XMTM2MTE1MjQwMA==	290	293	0.000107015457788
XMTM2MTczMTExNg==	61	63	0.00107497984413
XMTM2MTE2OTg0MA==	148	148	0.0
XMTM2MTE4MTA3Mg==	468	315	0.106878698225
XMTM2MDk4OTU1Mg==	179	151	0.0244686495428
XMTM2MTM2ODg4MA==	23	29	0.0680529300567
XMTM2MTUxNTk2MA==	121	127	0.00245884843931
XMTM2MTAwNDQxMg==	59	56	0.00258546394714
XMTM2MTI5NDM4MA==	286	317	0.0117487407697
XMTM2MDc5Nzg0NA==	47174	37584	0.0413268028979
XMTM2MDk5NjQxNg==	2970	2861	0.00134691471392
XMTM2MTE1NzMxNg==	273	306	0.0146117618645
XMTM2MDg4Mjc1Ng==	81	45	0.197530864198
XMTM2MTQ2NDc5Ng==	15	16	0.00444444444444
XMTM2MTQ1NDQwNA==	610	612	1.07497984413e-05
XMTM2MTE5MjE2OA==	6474	6401	0.000127145305635
XMTM2MTI1ODQwMA==	1815	1600	0.0140321319886
XMTM2MTExNTE2OA==	86	103	0.0390751757707
XMTM2MTQxNzkyNA==	366	347	0.00269491474813
XMTM2MTA4MzM4OA==	1636	1727	0.00309397062428
XMTM2MDk0MTQwOA==	1407	974	0.0947082033229
XMTM2MTQwNjg4NA==	377	396	0.0025399461053
XMTM2MTMwMDYwMA==	1510	1404	0.00492785404149
XMTM2MDk3MDA4OA==	135	106	0.0461454046639
XMTM2MTI4NzAzNg==	2682	2712	0.000125119489112
XMTM1OTgwMjgzNg==	618	480	0.0498633235932
XMTM2MTUxMzE0NA==	610	618	0.00017199677506
XMTM2MTQ0NzIwMA==	96	62	0.125434027778
XMTM2MTAzNjgwOA==	70	72	0.000816326530612
XMTM2MTE2Nzc2NA==	187	221	0.0330578512397
XMTM2MDk3NjgwNA==	98	105	0.00510204081633
XMTM2MTM0NDU2NA==	198	162	0.0330578512397
XMTM2MTYwMjI5Ng==	76	74	0.000692520775623
XMTM2MTE0Mjc4NA==	750	725	0.00111111111111
XMTM2MTEyOTY5Mg==	30	31	0.00111111111111
XMTM2MDk0Njk0OA==	383	297	0.050419595198
XMTM2MTI0MzQ0NA==	131	98	0.0634578404522
XMTM2MDc5MDg4MA==	25580	20686	0.0366038569763
XMTM2MTE2NzgwMA==	193	212	0.00969153534323
XMTM2MTMxNTQ1Ng==	13982	14704	0.00266646445997
XMTM2MDY4MTgxMg==	1532	1554	0.000206218598532
XMTM2MTYxNTgyMA==	711	752	0.00332528223358
XMTM2MTUzOTAxNg==	9	11	0.0493827160494
XMTM2MTI0NDk2OA==	97	93	0.00170049952173
XMTM2MTE5NDkxMg==	79	97	0.0519147572504
XMTM2MTUzODU0MA==	83	40	0.268398896792
XMTM2MTI5MTM0NA==	1045	1303	0.0609546484742
XMTM2MTMwNzE3Ng==	9	11	0.0493827160494
XMTM2MTI2MjU0MA==	356	392	0.010225981568
XMTM2MTQ5MDkyOA==	7706	7240	0.00365690622729
XMTM2MTEzOTc0MA==	474	414	0.0160230732254
XMTM2MTA4NjQzNg==	2569	2613	0.00029334395594
XMTM2MTA1NjI4OA==	175	177	0.000130612244898
XMTM2MTQ0NjIwNA==	15	17	0.0177777777778
XMTM2MDkzNTAzNg==	1169	1022	0.0158126860052
XMTM2MTQzMDU4MA==	148	167	0.0164810080351
XMTM2MTE0NDU1Mg==	90	80	0.0123456790123
XMTM2MTMwMTc4NA==	428	355	0.0290909686435
XMTM2MTUzNzYyMA==	2872	3149	0.0093023069731
XMTM2MDg2OTMxMg==	1459	1154	0.0437007705711
XMTM2MTEzNTAyMA==	35032	39782	0.0183847341792
XMTM2MTIwMjg2OA==	476	326	0.0993044276534
XMTM2MTAxODk2OA==	83	88	0.00362897372623
XMTM2MTMzMDIzNg==	362	372	0.0007631024694
XMTM2MTMyMTM0OA==	4199	3888	0.00548566179555
XMTM2MTQ0MzQzNg==	2482	2534	0.000438937951965
XMTM2MTQwNzc5Mg==	588	413	0.0885770975057
XMTM2MTI4NDI5Mg==	278	217	0.0481470938357
XMTM2MDg0NDIyNA==	960	552	0.180625
XMTM2MDY0NjcxNg==	617	561	0.00823769533661
XMTM2MTY0MDQ0MA==	814	982	0.0425960917361
XMTM2MDc3MDcwNA==	661	533	0.0374987698005
XMTM2MDkzNzgwMA==	23	22	0.00189035916824
XMTM2MTM5MjY1Ng==	31	30	0.00104058272633
XMTM2MDk2OTk2MA==	919	960	0.00199038316948
XMTM2MTU4ODk3Mg==	59	57	0.00114909508762
XMTM2MTQwMjEyMA==	31	30	0.00104058272633
XMTM2MTY1NzEzMg==	658	617	0.00388253988784
XMTM2MTM4NTU0NA==	12	14	0.0277777777778
XMTM2MTY0MDgwMA==	877	758	0.0184117358727
XMTM2MTI5NzQxMg==	2328	2064	0.0128600276331
XMTM2MTY1Nzg4NA==	141	129	0.00724309642372
XMTM2MTUwMjU5Mg==	5859	6088	0.00152765036677
XMTM2MDk1OTgzMg==	10	10	0.0
XMTM2MTA2MzYwMA==	1759	1875	0.00434894884782
XMTM2MTI1MjQ2NA==	944	891	0.00315215634875
XMTM2MTIyMzk0MA==	27	27	0.0
XMTM2MDkxNzQ0MA==	25495	26050	0.000473888242452
XMTM2MTIwOTgyMA==	344	379	0.0103518793943
XMTM2MTU3NDY3Ng==	11	13	0.0330578512397
XMTM2MTQ1OTk0MA==	91	105	0.0236686390533
XMTM2MTM0ODQ1Ng==	359	145	0.355335542089
XMTM2MDg4MTgzMg==	80890	68257	0.024390647036
XMTM2MTYzNTkwNA==	46375	49049	0.00332471911712
XMTM2MTMyNjQ1Ng==	21600	13794	0.130601929012
XMTM2MTYzOTE4NA==	34	34	0.0
XMTM2MTI2NTI3Mg==	1411	1262	0.0111511205116
XMTM2MDc0OTM5Mg==	36	31	0.0192901234568
XMTM2MTQ1OTM1Ng==	6128	6047	0.000174715938141
XMTM2MDc2Nzg0MA==	114	127	0.0130040012311
XMTM2MTI3MDcxNg==	913	761	0.0277169616432
XMTM2MDU3Mjg1Ng==	1305	878	0.107061845833
XMTM2MTIwMTMyNA==	7	9	0.0816326530612
XMTM2MTIwMDE3Ng==	370	296	0.04
XMTM2MTI1MTQ0MA==	13	14	0.00591715976331
XMTM2MTMwMDg1Mg==	1272	623	0.260324576757
XMTM2MDkwMzk4MA==	210	238	0.0177777777778
XMTM2MTM2NjU5Mg==	4	4	0.0
XMTM2MDk1NzQ3Ng==	53	52	0.000355998576006
XMTM2MTA5NTc2MA==	35	41	0.029387755102
XMTM2MTAzNjI4MA==	217	252	0.0260145681582
XMTM2MTE2NzM4MA==	357	279	0.0477367417555
XMTM2MDY2NjcwMA==	20	20	0.0
XMTM2MTM4NzAxMg==	33	32	0.000918273645546
XMTM2MTE2ODg3Ng==	54	48	0.0123456790123
XMTM2MTExMjUyMA==	38	37	0.000692520775623
XMTM2MTQxMzY0NA==	3887	2088	0.214206796067
XMTM2MDk3NzYxNg==	1781	1814	0.000343320740703
XMTM2MTEzMzYyNA==	351	378	0.00591715976331
XMTM2MTU2MTY4OA==	20	23	0.0225
XMTM2MDk0NjEyOA==	31848	11172	0.421471990069
XMTM2MTY4NjMwOA==	9	10	0.0123456790123
XMTM2MTA0Mjc5Ng==	13892	9539	0.098185596982
XMTM2MTQzNTAzNg==	897	893	1.98854350374e-05
XMTM2MTM3MjIyOA==	25	22	0.0144
XMTM2MTIzNDY4MA==	6745	4445	0.116276450007
XMTM2MTM2MzI3Mg==	600	730	0.0469444444444
XMTM2MTExNzUzMg==	230	180	0.047258979206
XMTM2MTE3MTcwNA==	176	214	0.0466167355372
XMTM2MTMzMzU4MA==	2130	916	0.324846481077
XMTM2MTA2NjE4NA==	120247	107189	0.0117924713093
XMTM2MTE3NTI3Ng==	13	17	0.094674556213
XMTM2MTMzNTE2NA==	14	11	0.0459183673469
XMTM2MTQxMDMwOA==	561	659	0.0305159172728
XMTM2MTE5MTk2OA==	272	224	0.0311418685121
XMTM2MTMzNzkwMA==	1834	2052	0.0141290943276
XMTM2MTQ2NDc3Ng==	71	59	0.0285657607618
XMTM2MDk5MTIxMg==	13635	9693	0.0835839623566
XMTM2MDg4MzYwOA==	135524	117846	0.0170150737686
XMTM2MTQ2MTc4NA==	96	91	0.00271267361111
XMTM2MDgyNzA0NA==	545	602	0.0109384731925
XMTM2MDYzMDg0MA==	2452	1080	0.313088626257
XMTM2MTQzNjUyNA==	7	9	0.0816326530612
XMTM2MDk1ODY1Ng==	145	126	0.0171700356718
XMTM1OTc0NDQ4OA==	312	190	0.15290105194
XMTM2MTUwNTE4NA==	734	671	0.00736697131911
XMTM2MTE5NjQyOA==	92	79	0.0199669187146
XMTM2MDkyMjUxMg==	2060	1806	0.0152031294184
XMTM2MTI2NjM1Ng==	478	406	0.0226886784195
XMTM2MTM1OTExNg==	12621	13348	0.00331803748619
XMTM2MTE5MzkxNg==	15	14	0.00444444444444
XMTM2MTE4MTQ0OA==	71227	30521	0.326608551111
XMTM2MTMyNTIyMA==	1815	1929	0.00394508571819
XMTM2MDc2NjgwOA==	380	395	0.00155817174515
XMTM2MTMwMjk3Ng==	29496	30261	0.000672661576983
XMTM2MTU3MjU3Ng==	41	49	0.0380725758477
XMTM2MTQ2MzI0NA==	51	46	0.00961168781238
XMTM2MTI3MDIyOA==	1193	1184	5.69120371769e-05
XMTM2MTUyNjY2NA==	38	36	0.00277008310249
XMTM2MTAzMDU0NA==	15	14	0.00444444444444
XMTM2MTYxMjg2NA==	69	61	0.0134425540853
XMTM2MTQzODkxNg==	1006	1027	0.000435755249813
XMTM2MTYzNjY0NA==	85	76	0.0112110726644
XMTM2MDc3Nzk1Ng==	4186	3723	0.0122338607818
XMTM2MTIxNTk1Mg==	8953	8976	6.59961351216e-06
XMTM2MDg0MzE0OA==	230350	243796	0.00340729535075
XMTM2MTI1MDg2MA==	43	51	0.0346133044889
XMTM2MTI4MzQ1Ng==	69	58	0.0254148288175
XMTM2MDMyMjY4NA==	17	24	0.16955017301
XMTM2MDgxNDQwOA==	989	1019	0.000920131558365
XMTM2MTM5Njk3Mg==	242	152	0.138310224711
XMTM2MDc1Mzg3Ng==	41951	48313	0.0229986685374
XMTM2MDMxMTk4OA==	760	768	0.0001108033241
XMTM2MDczNTA4NA==	65	61	0.00378698224852
XMTM2MTYwNDc5Ng==	12	12	0.0
XMTM2MTcwMDc3Mg==	34	33	0.000865051903114
XMTM2MTMwODEwOA==	17	16	0.00346020761246
XMTM2MTExMjc0MA==	10056	8176	0.0349514477083
XMTM2MTM1OTczMg==	139	143	0.000828114486828
XMTM2MDk4MTI2MA==	215	213	8.65332612223e-05
XMTM2MTEzNDY0MA==	547	547	0.0
XMTM2MTYwNTU1Mg==	87	81	0.00475624256837
XMTM2MTM3ODY4MA==	270	201	0.0653086419753
XMTM2MTYxMTEyOA==	21	21	0.0
XMTM2MTA5NTM2NA==	23	23	0.0
XMTM2MTcwMTAzNg==	3709	3743	8.40318969379e-05
XMTM2MTE3MDY1Mg==	284	277	0.000607518349534
XMTM2MTI1MzE3Ng==	14257	14901	0.00204040056686
XMTM2MTcyNjI1Mg==	59	58	0.000287273771905
XMTM2MDgzNzQ4MA==	5071	4960	0.000479135926713
XMTM2MTIyNjIwNA==	16	16	0.0
XMTM2MTQzMzM1Mg==	24	22	0.00694444444444
XMTM2MDg2MzU5Mg==	516	617	0.0383127516375
XMTM2MTI4Mjc3Ng==	2405	88	0.928157986869
XMTM2MTIyOTczNg==	27	27	0.0
XMTM2MTI2NzUyOA==	521	551	0.00331563765238
XMTM2MDg3Njg0NA==	326	367	0.0158173058828
XMTM2MDg4MzIyOA==	245	286	0.0280049979175
XMTM2MTA5MjgyOA==	3	3	0.0
XMTM2MTA2OTIxNg==	2231106	2120647	0.00245110438036
XMTM2MTAxMDk2OA==	14	14	0.0
XMTM2MTUzNjM2MA==	29	23	0.0428061831153
XMTM2MDgzNjQxMg==	513	544	0.00365164590054
XMTM2MTM0MDI2MA==	386	390	0.000107385433166
XMTM2MTUxMTk4MA==	328	316	0.00133848899465
XMTM2MTE3NjM4OA==	370	365	0.00018261504748
XMTM2MTQwMTk2MA==	139	136	0.000465814398841
XMTM2MTM5ODQ1Mg==	1789	1702	0.00236492746025
XMTM2MDk3MzY5Mg==	108	115	0.00420096021948
XMTM2MDg0MTU0NA==	103	72	0.0905834668678
XMTM2MTE0MDQ0OA==	80	77	0.00140625
XMTM2MTMzOTg4NA==	425	441	0.00141730103806
XMTM2MTI4OTA3Ng==	36	30	0.0277777777778
XMTM2MDk5Njc4MA==	521	521	0.0
XMTM2MTQ1NDQ5Ng==	31	33	0.00416233090531
XMTM2MTE5ODgzMg==	1880	1985	0.00311934133092
XMTM2MTM1MzMyOA==	28955	25326	0.015708213589
XMTM2MDgzMjA2NA==	1900	1969	0.0013188365651
XMTM2MDg5NzA4NA==	180	175	0.000771604938272
XMTM2MTU0ODY4NA==	41	29	0.0856632956573
XMTM2MTQ4MzEyMA==	173	171	0.000133649637475
XMTM2MDkxMTYwNA==	9928	9034	0.00810870499669
XMTM2MTQzODY2NA==	850	958	0.0161439446367
XMTM2MTMyMjMxNg==	3195	2589	0.0359752253742
XMTM2MTMwNTg1Ng==	150	147	0.0004
XMTM2MTUxMjYyOA==	5595	5390	0.00134247912209
XMTM2MTYyMjAzNg==	5236	3548	0.103931120333
XMTM2MTA1NDA3Ng==	120	108	0.01
XMTM2MTM4MTE4MA==	79	95	0.0410190674571
XMTM2MTM1MzU0NA==	710	734	0.00114263043047
XMTM2MTMyNjE5Ng==	125	152	0.046656
XMTM2MTA0MTAwNA==	10	11	0.01
XMTM2MTU4ODA4OA==	188	109	0.176578768674
XMTM2MDgyNzU1Ng==	1377	1536	0.0133329536123
XMTM2MTQzOTUzNg==	55	48	0.0161983471074
XMTM2MTIzMjM1Mg==	22	24	0.00826446280992
XMTM2MDc4NjQ3Mg==	2143	1284	0.160672660709
XMTM2MTI0MDg2MA==	48	49	0.000434027777778
XMTM2MTQxMTQ2NA==	410	425	0.00133848899465
XMTM2MTMzNjk2NA==	912	1016	0.0130040012311
XMTM2MTM5NDczNg==	34	35	0.000865051903114
XMTM2MTMxNzgxMg==	5060	4963	0.000367487384587
XMTM2MTM0ODA2OA==	6276	3653	0.17467498368
XMTM2MTU4MTE2OA==	40	42	0.0025
XMTM2MTUzODkyNA==	743	722	0.000798842131767
XMTM2MTAzNDE2NA==	3767	3819	0.000190552849206
XMTM2MTM0NzM1Ng==	175	248	0.174008163265
XMTM2MDkzOTk0OA==	3655	2260	0.145671184836
XMTM2MDkxNjE5Ng==	24	32	0.111111111111
XMTM2MDk5MTUyNA==	53	46	0.0174439302243
XMTM2MTU4MDIzMg==	1618	1479	0.00738027536323
XMTM2MTEzMTMxMg==	41	40	0.00059488399762
XMTM2MTQ3NDA0OA==	32	31	0.0009765625
XMTM2MTEyNDI4NA==	196	168	0.0204081632653
XMTM2MTI5OTQ4MA==	117	118	7.30513551026e-05
XMTM2MTExNDA3Ng==	2646	2504	0.00288002998293
XMTM2MDk2MDA0OA==	306	336	0.00961168781238
XMTM2MTM0MTMwNA==	57985	51310	0.0132516884531
XMTM2MTY5NTUwOA==	681	784	0.0228760072537
XMTM2MTI1MzUyMA==	15	16	0.00444444444444
XMTM2MTAxNDI1Mg==	266	255	0.00171010232348
XMTM2MTUxNTgyOA==	680	416	0.150726643599
XMTM2MTE5NzY3Ng==	56	51	0.00797193877551
XMTM2MDk0OTQ5Ng==	49	39	0.0416493127863
XMTM2MTI5NzU4NA==	25	28	0.0144
XMTM2MTA4MzU3Mg==	274	257	0.00384943257499
XMTM2MTQ3NTA0OA==	6213	4994	0.0384950336865
XMTM2MDgxMDU2MA==	92	84	0.00756143667297
XMTM2MDgzNzg5Mg==	7591	7310	0.00137029684235
XMTM2MTQyNTczNg==	40	39	0.000625
XMTM2MTQ0MTU0MA==	920	921	1.18147448015e-06
XMTM2MTQzMDc2OA==	31	39	0.0665972944849
XMTM2MTU3NDYxMg==	1798	232	0.758584807492
XMTM2MTQ4OTc2MA==	5410	5703	0.00293319347686
XMTM2MDc4NDQzNg==	4097	1103	0.534037389259
XMTM2MTUwMjIwNA==	705	696	0.000162969669534
XMTM2MTE1NDgzMg==	37	36	0.00073046018992
XMTM2MDg5NTI3Ng==	429	425	8.69371498742e-05
XMTM2MTM3NTk3Ng==	7379	7389	1.8365593999e-06
XMTM2MTYwNTg3Mg==	1920	1809	0.00334228515625
XMTM2MDg1ODQyOA==	914	784	0.020229926885
XMTM2MTU4MjQ4NA==	35	32	0.00734693877551
XMTM2MTU5ODU1Ng==	7	7	0.0
XMTM2MTUyNzU0OA==	5153	2391	0.287294335729
XMTM2MTI2ODE3Mg==	204	143	0.0894127258747
XMTM2MDc1OTY3Ng==	11	13	0.0330578512397
XMTM2MTYyNTg3Mg==	11	12	0.00826446280992
XMTM2MTM0OTQ3Mg==	801	741	0.00561096382331
XMTM2MDczMDgyMA==	20340	22121	0.00766700844735
XMTM2MTExNjQ5Ng==	86	61	0.0845051379124
XMTM2MDg1MTUwMA==	887	880	6.22800339108e-05
XMTM2MTUxNjY0NA==	12097	9774	0.0368759364873
XMTM2MTMyODk4NA==	49	43	0.0149937526031
XMTM2MTcxMjM0MA==	133	122	0.00684040929391
XMTM2MDg2ODY2NA==	7296	5475	0.0622945769672
XMTM2MTM1Mzc4NA==	384	299	0.0489976671007
XMTM2MTE2NjUyMA==	1115	1088	0.00058637816968
XMTM2MTE3NTEyOA==	116	69	0.164164684899
XMTM2MTIyMDUxMg==	369	272	0.0691020189335
XMTM2MTA0ODI0OA==	99	101	0.000408121620243
XMTM2MTcwMjczMg==	4679	4178	0.011464875985
XMTM2MTQyNjY3Ng==	65	62	0.00213017751479
XMTM2MTI3MDI0MA==	63	68	0.00629881582263
XMTM2MTUzMjQ2NA==	120	137	0.0200694444444
XMTM2MDc3ODk5Ng==	1527	1777	0.0268041440493
XMTM2MTM1ODYxMg==	959	494	0.235108695298
XMTM2MTQ5OTIyMA==	69	49	0.084015963033
XMTM2MTQyMzU5Ng==	204	177	0.0175173010381
XMTM2MDg4ODc3Mg==	3267	1423	0.318583709295
XMTM2MTI3MDczMg==	534	538	5.61096382331e-05
XMTM2MDg4NjA3Mg==	31	28	0.00936524453694
XMTM2MTEyMzYyMA==	4837	4942	0.000471222938714
XMTM2MTA1OTI4OA==	8616	3981	0.289393049596
XMTM2MDk0NDE1Ng==	1032	1181	0.020845539631
XMTM2MTQyODA4MA==	707	687	0.000800241672985
XMTM2MTQ0NDIzMg==	421836	443053	0.00252976786971
XMTM2MDkxNjQwNA==	18	24	0.111111111111
XMTM2MTQ5NTE0OA==	324	318	0.000342935528121
XMTM2MTM4NjQ5Ng==	6918	5462	0.044295706672
XMTM2MTUxNzkzMg==	4	4	0.0
XMTM2MDg1MTgzNg==	73	79	0.00675548883468
XMTM2MDk2MDMwOA==	808	647	0.0397035217136
XMTM2MTI4NTM2NA==	2527	50	0.960818882229
XMTM2MTI5ODY2NA==	459	238	0.23182441701
XMTM2MTIyMDAxMg==	17	18	0.00346020761246
XMTM2MTE5Mjc2MA==	22	19	0.0185950413223
XMTM2MDk1MTI3Ng==	41	30	0.0719809637121
XMTM2MTYzNjk2MA==	56	54	0.00127551020408
XMTM2MTQxMzcwNA==	247	289	0.0289137668213
XMTM2MTQ1MTcxNg==	17268	17847	0.00112427627865
XMTM2MTYwOTA2OA==	475	441	0.00512354570637
XMTM2MTI5MzM4NA==	243	200	0.0313129773578
XMTM2MTA2MTQ3Mg==	2232	1710	0.0546956295525
XMTM2MTMzNDM3Mg==	52	55	0.00332840236686
XMTM2MTMwODQ1Ng==	53	55	0.00142399430402
XMTM2MTY3NzM0NA==	178	175	0.000284055043555
XMTM2MTQ2OTY0OA==	5	4	0.04
XMTM2MDkyNzExMg==	147	136	0.00559951871905
XMTM2MTU2Mjc0OA==	6	4	0.111111111111
XMTM2MTExMDUxNg==	95	98	0.000997229916898
XMTM2MTMyMTYzNg==	91049	93780	0.000899690303311
XMTM2MTAyNDc0OA==	171	181	0.00341985568209
XMTM2MTU2NDM0OA==	584	590	0.000105554513042
XMTM2MTE5NDM0NA==	472	482	0.000448865268601
XMTM2MDc1NTAyOA==	15906	17750	0.0134400188306
XMTM2MTM2MTA4OA==	2948	3241	0.00987825612286
XMTM2MTM2NzM0OA==	1721	1358	0.044488883772
XMTM2MTQ4MjU2MA==	31	29	0.00416233090531
XMTM2MTQxMDM1Ng==	1321	1077	0.0341172499672
XMTM2MTM3MTA4MA==	349	339	0.000821011321746
XMTM2MTAxMDU1Mg==	50	48	0.0016
XMTM2MTU0MDgwOA==	181	211	0.0274716888984
XMTM2MTQ0MTQ4MA==	201	204	0.000222766763199
XMTM2MTUwMTM1Ng==	121	63	0.229765726385
XMTM2MTE4MDAzMg==	57	51	0.01108033241
XMTM2MTEyNjEyNA==	131	144	0.0098479109609
XMTM2MTI1NzIyNA==	117	132	0.0164365548981
XMTM2MTQ4Njk0MA==	698	711	0.000346877283438
XMTM2MDc0NTM5Mg==	6689	1613	0.575865200509
XMTM2MTY3NTU1Mg==	2299	2069	0.0100087013265
XMTM2MTIyMTMzMg==	3002	1565	0.229135384316
XMTM2MTA0NTMzNg==	186	196	0.00289050757313
XMTM2MTQwOTcwMA==	2013	2029	6.31760422628e-05
XMTM2MTUxMDg0NA==	1055	1153	0.00862873700052
XMTM2MTA2NTczMg==	679	630	0.00520777978531
XMTM2MTQ5MDUyOA==	3998	4093	0.000564626985829
XMTM2MDk3MjY1Ng==	2535	2089	0.0309537870212
XMTM2MTM1OTU4OA==	16037	18640	0.0263452350588
XMTM2MTAyNjUxNg==	56	55	0.00031887755102
XMTM2MDk4ODM2MA==	395	379	0.00164076269829
XMTM2MDg3NjkwMA==	102	67	0.117743175702
XMTM2MTQ5MzY4MA==	617	589	0.00205942383415
XMTM2MTM2NDM2NA==	332	312	0.00362897372623
XMTM2MTE3MjYyOA==	1653	906	0.204218694932
XMTM2MTA4NjIwOA==	36	40	0.0123456790123
XMTM2MTI1NTY0NA==	2216	2116	0.00203638780644
XMTM2MTMzNjQwOA==	2785	1731	0.143228954807
XMTM2MDczMzY4OA==	38941	43820	0.015698112471
XMTM2MTA1NzA3Mg==	37	37	0.0
XMTM2MTEzNTQ4MA==	82	84	0.00059488399762
XMTM2MTUzMzkyMA==	1231	1154	0.00391259904406
XMTM2MTA4Nzg4NA==	62	62	0.0
XMTM2MDkxMTUwNA==	911	613	0.107002955703
XMTM2MTQ3ODU0MA==	789	404	0.238104417361
XMTM2MDc1ODE2OA==	364	343	0.00332840236686
XMTM2MTQ5NDE4NA==	53	40	0.060163759345
XMTM1NzEwNTc2MA==	51	51	0.0
XMTM2MTIyMjc0MA==	370	373	6.57414170928e-05
XMTM2MTU4MTA2MA==	118	111	0.00351910370583
XMTM2MTExNTIxNg==	198	171	0.0185950413223
XMTM2MDg1MTgwNA==	178	199	0.0139186971342
XMTM2MDk1NzMzNg==	84	73	0.0171485260771
XMTM2MTAzMDk4MA==	16	16	0.0
XMTM2MTM5Njk0MA==	23012	23191	6.05058451052e-05
XMTM2MDg2NDQ1Mg==	5908	6843	0.025046223314
XMTM2MTUwODc5Ng==	117032	121358	0.0013663557111
XMTM2MDc4OTE3Ng==	16	10	0.140625
XMTM2MDc3NDYyNA==	29428	25368	0.0190340222397
XMTM2MTIzNDAyOA==	398	357	0.0106121057549
XMTM2MTMxOTkwOA==	5528	5129	0.00520966410182
XMTM2MTE0MjIxMg==	7091	6740	0.00245018717429
XMTM2MTMzNzI2NA==	765	878	0.0218189585202
XMTM2MTcwNDM0MA==	37	39	0.00292184075968
XMTM2MDcyNzA3Ng==	82495	82653	3.66824994887e-06
XMTM2MTA5NTE2MA==	3398	3040	0.0110999060833
XMTM2MTQ3ODAwOA==	4	4	0.0
XMTM2MTA3NjQwMA==	7504	8262	0.0102035843854
XMTM2MTUzMDYyOA==	25	29	0.0256
XMTM2MTQ0MTI3Ng==	32	40	0.0625
XMTM2MTExODE1Ng==	36	34	0.00308641975309
XMTM2MTYzNzk0OA==	243	190	0.0475706616539
XMTM2MTQwMjg4NA==	11	13	0.0330578512397
XMTM2MDkzNzU2NA==	3724	331	0.830134330571
XMTM2MTAxOTIxMg==	275	293	0.00428429752066
XMTM2MTY4MDMzNg==	247	284	0.0224393122326
XMTM2MTQzOTU4NA==	355	300	0.0240031739734
XMTM2MTE5MzIwMA==	2019	1984	0.000300513129235
XMTM2MTIxOTE2MA==	281	268	0.0021402971087
XMTM2MTI3NzgwOA==	70	71	0.000204081632653
XMTM2MTYxMDI4MA==	11	10	0.00826446280992
XMTM2MTI2MDgyMA==	2430	1122	0.289736320683
XMTM2MTI2MjM4MA==	18547	18324	0.000144564740897
XMTM2MTU1NTY4MA==	55	69	0.0647933884298
XMTM2MTIwMjA1Ng==	773	812	0.0025454831481
XMTM2MTYwNjAyNA==	775	784	0.000134859521332
XMTM2MDkwMTQwMA==	91	100	0.00978142736384
XMTM2MTU3MDM0MA==	6634	7917	0.0374026504366
XMTM2MTUzNTI5Ng==	287	238	0.0291493158834
XMTM2MTMxMjUzNg==	7591	5671	0.0639741426733
XMTM2MTQ2OTYxMg==	53	53	0.0
XMTM2MTYwMzg0NA==	598	494	0.0302457466919
XMTM2MTM5NDk5Mg==	1174	936	0.0410977191796
XMTM2MTQ3MzMyOA==	337	359	0.00426172635138
XMTM2MTA2Njg4MA==	25	26	0.0016
XMTM2MTYwODA5Mg==	1615	668	0.343838817587
XMTM2MTEzNTA2MA==	463	463	0.0
XMTM2MTM4OTIzNg==	205	231	0.0160856632957
XMTM2MTQyNTk3Ng==	177	188	0.00386223626672
XMTM2MTM2NjI2NA==	719	789	0.00947847129667
XMTM2MTMzMzEzMg==	139	103	0.0670772734331
XMTM2MDg0Njg0MA==	110	125	0.0185950413223
XMTM2MTE3ODE5Ng==	1126	1187	0.00293482958901
XMTM2MTExMzkzNg==	2934	2133	0.0745323497309
XMTM2MTI0OTY2NA==	21	23	0.00907029478458
XMTM2MTE3NzE4NA==	11	10	0.00826446280992
XMTM2MTQ1ODQ1Mg==	9	11	0.0493827160494
XMTM2MDkyMDY4NA==	135	106	0.0461454046639
XMTM2MTA4OTg0MA==	102	113	0.011630142253
XMTM2MTMxOTM3Mg==	21	21	0.0
XMTM2MTI3MjE4NA==	2774	1857	0.109276243665
XMTM2MDc1MzMyNA==	487	238	0.261421180677
XMTM2MTIyNzc5Mg==	3345	3553	0.00386664611081
XMTM2MTUxMTE2NA==	39	18	0.289940828402
XMTM2MDgyMjk5Mg==	33	29	0.0146923783287
XMTM2MTU3Mjk1Mg==	25	25	0.0
XMTM2MTA0NTUxMg==	73	73	0.0
XMTM2MTY2NDM2OA==	3959	4028	0.000303757617627
XMTM2MTQ3MjUyMA==	379	381	2.78472024004e-05
XMTM2MTcwNjUxNg==	149	121	0.035313724607
XMTM2MTY3NzQ5Mg==	14	11	0.0459183673469
XMTM2MTA4MTUwMA==	761	938	0.0540975029398
XMTM2MTQxNzk4OA==	287	286	1.21404897474e-05
XMTM2MDg2ODM2OA==	68	64	0.00346020761246
XMTM2MDk2Mzc1Mg==	131	138	0.00285531146204
XMTM2MTQ5MjU1Mg==	2634	1883	0.0812920981338
XMTM2MTQ0OTA1Mg==	21	25	0.0362811791383
XMTM2MTYxNTM0MA==	37	43	0.0262965668371
XMTM2MTQ5MzUwOA==	87	106	0.0476945435328
XMTM2MTE4OTI4NA==	4	4	0.0
XMTM2MTIzMjI5Ng==	10564	1726	0.69992452201
XMTM2MTM0NzAyMA==	193	221	0.0210475449005
XMTM2MDkwMzgxNg==	213	210	0.000198373338623
XMTM2MDg4MzI4OA==	68	57	0.0261678200692
XMTM2MTA4OTE3Mg==	8624	7495	0.0171384044742
XMTM2MTQ1NDE5Ng==	46	45	0.00047258979206
XMTM2MTU1Mjg1Mg==	261	150	0.180869335447
XMTM2MTI1MTc0OA==	207	57	0.525099768956
XMTM2MTM1MDkzMg==	2464	1341	0.207719900331
XMTM2MDk2ODI0MA==	13	15	0.0236686390533
XMTM2MTIyNTM2MA==	2096	2035	0.000846987719247
XMTM2MDg2NjA5Ng==	6794	192	0.944278181349
XMTM2MTAxNjU1Ng==	1036	945	0.00771548575603
XMTM2MTM1NTQ2NA==	278	287	0.00104808239739
XMTM2MTI5ODA5Mg==	280	298	0.00413265306122
XMTM2MTQxNzYyMA==	58	51	0.0145659928656
XMTM2MTAwODc2MA==	69	73	0.00336063852132
XMTM2MTI2NTI2NA==	982	746	0.057756521667
XMTM2MTE3OTg2MA==	1332	662	0.25301202103
XMTM2MDg0NTQxNg==	429	417	0.000782434348868
XMTM2MTU2NjEzMg==	1382	1306	0.00302420410446
XMTM2MTIxOTI0OA==	15	15	0.0
XMTM2MDkzMjk2NA==	1410	1435	0.000314370504502
XMTM2MTEyMTY0NA==	93	82	0.0139900566539
XMTM2MTQ4MjIyMA==	51	47	0.00615148019992
XMTM2MTAxNjcyOA==	47143	49816	0.00321487051591
XMTM2MDg0MjI1Ng==	605	486	0.0386886141657
XMTM2MTQzNTc2OA==	61	60	0.000268744961032
XMTM2MTI5MjYwOA==	13040	14295	0.00926258633182
XMTM2MTQ2MDU4NA==	184	176	0.00189035916824
XMTM2MTIwNDIxMg==	2436	2448	2.42665437162e-05
XMTM2MTM3MjczNg==	6787	7073	0.00177572769373
XMTM2MTExOTQxNg==	2460	1971	0.0395136823319
XMTM2MDQ5NDcyMA==	103784	77463	0.0643196926082
XMTM2MDkwODMyOA==	108	131	0.045353223594
XMTM2MDkwNTY5Mg==	135	112	0.0290260631001
XMTM2MTU5NDE0OA==	55	54	0.000330578512397
XMTM2MDc0NjQ1Ng==	5	6	0.04
XMTM2MTI0ODcwMA==	394	402	0.000412275503105
XMTM2MDg0NTk0NA==	1449	1588	0.00920222461315
XMTM2MDgyMTU4MA==	5501	5905	0.00539360875736
XMTM2MTQ1NDE4MA==	178	190	0.00454488069688
XMTM2MTMyNDk5Ng==	123	134	0.0079978848569
XMTM2MTQwODkwMA==	248	227	0.0071702653486
XMTM2MTQxOTQ2NA==	4136	4496	0.00757606934816
XMTM2MTQyODg4OA==	1529	1680	0.00975301570979
XMTM2MDk2OTI0NA==	495	491	6.52994592389e-05
XMTM2MTQ2MzAwMA==	262	241	0.00642445078958
XMTM2MTM4MzExNg==	162	160	0.000152415790276
XMTM2MTQ3NDQzNg==	3983	2234	0.192823075777
XMTM2MTU2OTAwMA==	579	731	0.068917584663
XMTM2MTI3MDk2NA==	139	157	0.0167693183583
XMTM2MTI3ODg3Mg==	2563	42	0.967494442431
XMTM2MDcyMzE0NA==	117809	79770	0.104256044462
XMTM2MTEyOTI2OA==	1516	1823	0.0410089215475
XMTM2MDk3OTAyNA==	3919	702	0.67383194298
XMTM2MTQyMzA1Mg==	257	259	6.05610985783e-05
XMTM2MTA1NTIyNA==	5270	5298	2.82289570049e-05
XMTM2MTUyODA4NA==	75	80	0.00444444444444
XMTM2MTIyMDY4NA==	952	955	9.93044276534e-06
XMTM2MTEyMjA1Ng==	1930	2006	0.00155064565492
XMTM2MTU0MzA1Mg==	353	287	0.0349573465801
XMTM2MDg3NzY0NA==	60	30	0.25
XMTM2MTQ1ODkxNg==	78	84	0.00591715976331
XMTM2MTUzODgwOA==	23	13	0.189035916824
XMTM2MTM4NDQ4MA==	83469	66523	0.0412177217592
XMTM2MTE4NTU2OA==	416	127	0.482624121672
XMTM2MTMxMzU1Mg==	413	431	0.00189952453259
XMTM2MTYyNTg4OA==	127	122	0.00155000310001
XMTM2MTM3MjY5Ng==	654	616	0.00337607197299
XMTM2MTEzNTU5Mg==	4133	3901	0.00315097646374
XMTM2MTU2NzY2OA==	487	530	0.00779612849909
XMTM2MTEyOTMyOA==	18	16	0.0123456790123
XMTM2MTAyOTQ3Mg==	1423610	1475947	0.00135156080802
XMTM2MTIxMTExNg==	98	98	0.0
XMTM2MTY0Mjk2MA==	33	10	0.485766758494
XMTM2MTIzNjgxMg==	662	656	8.21460191126e-05
XMTM2MTU4MzgyNA==	33	34	0.000918273645546
XMTM2MTMwMTEyMA==	110	98	0.0119008264463
XMTM2MDkyMzc4MA==	144	112	0.0493827160494
XMTM2MTAxMjIxNg==	316	290	0.00676974843775
XMTM2MTIzNDgyOA==	136365	153155	0.0151598728455
XMTM2MTQxODQwNA==	91	78	0.0204081632653
XMTM2MTM0OTI0MA==	860	879	0.000488101676582
XMTM2MTU4NzQ3Mg==	422	424	2.24613103928e-05
XMTM2MTUyMjQ2NA==	13	13	0.0
XMTM2MTI5MjMyNA==	104	110	0.00332840236686
XMTM2MTI1NzA2NA==	49	32	0.120366513953
XMTM2MTI3NzkxNg==	81	79	0.000609663161103
XMTM2MDkyOTY0OA==	642	632	0.000242621868965
XMTM2MTMxMjIxNg==	634	323	0.240625839644
XMTM2MTE2OTk2NA==	255	186	0.0732179930796
XMTM2MTA3ODkyNA==	143	140	0.000440119321238
XMTM2MTE1Mzg4OA==	7985	8242	0.00103589659541
XMTM2MDc3NjEwOA==	1426	1366	0.00177036758732
XMTM2MTU3OTg0NA==	77	73	0.0026986001012
XMTM2MTQ3MTE4MA==	29	30	0.00118906064209
XMTM2MTI5NTg4NA==	4	4	0.0
XMTM2MTI0ODA0MA==	10252	9708	0.00281566254918
XMTM2MDg1NDQzMg==	213	170	0.0407547003461
XMTM1ODczNjIwOA==	4762	4585	0.0013815536373
XMTM2MDkzODAyOA==	24	21	0.015625
XMTM2MDkyMDkyOA==	73	75	0.00075060987052
XMTM2MDc3NDk2MA==	573	447	0.0483539376662
XMTM2MDk5MDQ0MA==	819	697	0.0221897218234
XMTM2MTE4MDI4NA==	867	932	0.00562067557195
XMTM2MTUxOTU1Ng==	670	685	0.000501225217198
XMTM2MTIzMzQ0MA==	222	218	0.000324648973298
XMTM2MDkyODc5Ng==	97	92	0.00265703050271
XMTI4MzE4MDMyOA==	6	7	0.0277777777778
XMTI4NTY0OTk3Mg==	61	68	0.0131685030906
XMTI4NjY5ODc4NA==	3	3	0.0
XMTI4NzU2MTYyOA==	10	11	0.01
XMTI4NzY2NDA2NA==	134	130	0.000891067052796
XMTI4NzY4MDcxMg==	16	17	0.00390625
XMTI4Nzc3NTg4NA==	9686	11399	0.0312770508738
XMTI4NzcxOTkzNg==	583	526	0.0095590030863
XMTI4Nzg5NDAxNg==	41	25	0.152290303391
XMTI4Nzk0MDI0MA==	183	157	0.0201857326286
XMTI4Nzk2MjE2OA==	69	92	0.111111111111
XMTI4Nzk3NTE5Ng==	162	165	0.000342935528121
XMTI4Nzk4MjE5Ng==	8	12	0.25
XMTI4Nzk4NjgzMg==	3040	3465	0.0195447757964
XMTI4NzkzNTE1Mg==	8	10	0.0625
XMTI4ODA0NDc1Mg==	33	15	0.297520661157
XMTI4ODA0NzAyNA==	53	26	0.259522961908
XMTI4ODA0ODYyOA==	120	134	0.0136111111111
XMTI4ODA1MTcwNA==	399	408	0.000508790773927
XMTI4ODA1MzA3Ng==	1082	1508	0.155011770494
XMTI4ODA1NjA0MA==	30	40	0.111111111111
XMTI4ODA2MjI0NA==	14	15	0.00510204081633
XMTI4ODA2Njc4OA==	507	581	0.0213033312715
XMTI4ODA2ODM2MA==	246	267	0.00728732897085
XMTI4ODA2OTAyNA==	117026	131246	0.0147650346664
XMTI4ODA3MjAwOA==	323393	8498	0.948135263465
XMTI4ODA3ODQ5Mg==	35	34	0.000816326530612
XMTI4ODA4MTM2OA==	9	11	0.0493827160494
XMTI4ODA4NjQ2OA==	39	21	0.213017751479
XMTI4ODA5NDI0OA==	2	2	0.0
XMTI4ODA5NzEzMg==	115417	128395	0.0126437522204
XMTI4ODA5ODQxMg==	13	18	0.147928994083
XMTI4ODAwMTExMg==	43	53	0.0540832882639
XMTI4ODAwMjIyMA==	6	7	0.0277777777778
XMTI4ODAwMjgzMg==	3726	4200	0.016183445225
XMTI4ODAwNjc0MA==	12	12	0.0
XMTI4ODAwODU5Mg==	436	462	0.00355609797155
XMTI4ODAxMTA1Mg==	70	83	0.0344897959184
XMTI4ODAxMjIwNA==	2	2	0.0
XMTI4ODAxNTM4OA==	160	151	0.0031640625
XMTI4ODAxNzIyOA==	266	285	0.00510204081633
XMTI4ODAxOTI3Ng==	4	4	0.0
XMTI4ODAyMDM0MA==	6	4	0.111111111111
XMTI4ODAyMDUxMg==	6	3	0.25
XMTI4ODAyMzM0MA==	8	10	0.0625
XMTI4ODAyMzYzMg==	10	11	0.01
XMTI4ODAyNzk2NA==	12	14	0.0277777777778
XMTI4ODAyOTE0NA==	9881	11464	0.0256661088121
XMTI4ODAzMzQxMg==	25	29	0.0256
XMTI4ODAzNjE4MA==	15	18	0.04
XMTI4ODE0MDA2NA==	8	7	0.015625
XMTI4ODE0MDg1Ng==	137	155	0.0172625073259
XMTI4ODE0MTcwMA==	34	40	0.0311418685121
XMTI4ODE0NDY0NA==	253	173	0.0999859394773
XMTI4ODE0NDkxNg==	10	12	0.04
XMTI4ODE0NjM5Mg==	20	23	0.0225
XMTI4ODE0ODk1Mg==	114	132	0.0249307479224
XMTI4ODE1NjAxMg==	56	61	0.00797193877551
XMTI4ODE2MDczNg==	2306	2353	0.000415410155941
XMTI4ODE2NTM4NA==	148	187	0.0694393718042
XMTI4ODE2NjYyNA==	914	724	0.0432130390857
XMTI4ODE2ODYzNg==	93	86	0.00566539484333
XMTI4ODE2ODkyOA==	374	404	0.00643427035374
XMTI4ODE3NDc1Mg==	83	90	0.00711278850341
XMTI4ODE3OTUwNA==	34	33	0.000865051903114
XMTI4ODE4MTk0NA==	7	8	0.0204081632653
XMTI4ODE4MzAyOA==	66	68	0.000918273645546
XMTI4ODE4NDg2NA==	78	84	0.00591715976331
XMTI4ODE4NTY4OA==	74	84	0.018261504748
XMTI4ODE4NjA0NA==	80	88	0.01
XMTI4ODE4Njc0OA==	88	113	0.0807076446281
XMTI4ODE4ODExMg==	2968	3669	0.0557838189566
XMTI4ODE5NjE2OA==	18	10	0.197530864198
XMTI4ODEwMTM1Ng==	11	8	0.0743801652893
XMTI4ODEwMjQyNA==	75	107	0.182044444444
XMTI4ODEwNDIyMA==	12389	11371	0.00675185411569
XMTI4ODExMTAyMA==	10864	11076	0.000380795851128
XMTI4ODExMjk1Ng==	454	531	0.0287653554309
XMTI4ODExNjM1Mg==	55	70	0.0743801652893
XMTI4ODEyMTA5Mg==	668835	312076	0.284519405587
XMTI4ODEyMzQ3Mg==	132	104	0.0449954086318
XMTI4ODEyOTc0OA==	46	51	0.0118147448015
XMTI4ODEzMDgzNg==	3	3	0.0
XMTI4ODEzMjcwMA==	88	158	0.632747933884
XMTI4ODEzNjI3Ng==	26245	32982	0.0658931001055
XMTI4ODEzOTk5Ng==	25	26	0.0016
XMTI4ODI0MTU2MA==	206	101	0.259802997455
XMTI4ODI0NzAzNg==	3	3	0.0
XMTI4ODI1NTc1Ng==	10	10	0.0
XMTI4ODI1OTczMg==	126	125	6.29881582263e-05
XMTI4ODI2MTc4NA==	1071	903	0.0246059207997
XMTI4ODI2NDgwNA==	6	4	0.111111111111
XMTI4ODI2NjE4MA==	3	3	0.0
XMTI4ODI2ODA2OA==	151	142	0.00355247576861
XMTI4ODI2ODgzNg==	3	3	0.0
XMTI4ODI3MDc4NA==	15	17	0.0177777777778
XMTI4ODI3NjEyMA==	6	7	0.0277777777778
XMTI4ODI3NzcxNg==	835	784	0.00373050306572
XMTI4ODI4MzUzMg==	413	453	0.00938036806219
XMTI4ODI4NjA4MA==	16	17	0.00390625
XMTI4ODI4OTgxNg==	2695	2596	0.00134943773428
XMTI4ODI5NDc0NA==	17	19	0.0138408304498
XMTI4ODI5NjE2OA==	12	13	0.00694444444444
XMTI4ODIwNDYwMA==	827	768	0.00508970960436
XMTI4ODIwNjc0NA==	22	23	0.00206611570248
XMTI4ODIxNDY3Mg==	10	16	0.36
XMTI4ODIxNTY0NA==	61	62	0.000268744961032
XMTI4ODIyMzQ3Mg==	317	360	0.0184000238832
XMTI4ODIyNzc0MA==	169	192	0.0185217604426
XMTI4ODIzMDQ3Ng==	22	23	0.00206611570248
XMTI4ODIzMTgyNA==	188	197	0.00229176097782
XMTI4ODM0MTkwMA==	98	112	0.0204081632653
XMTI4ODM0NzMwOA==	1471270	428778	0.502065873813
XMTI4ODM1NDkyNA==	40	44	0.01
XMTI4ODM2MjU0OA==	11	11	0.0
XMTI4ODM2OTM2OA==	9	4	0.308641975309
XMTI4ODM3MTI1Mg==	3	3	0.0
XMTI4ODM3MTczMg==	23	22	0.00189035916824
XMTI4ODM3NTY3Mg==	9	14	0.308641975309
XMTI4ODM4MTU3Mg==	171	130	0.0574877740159
XMTI4ODM4MzcxNg==	620	548	0.0134859521332
XMTI4ODM4NDc5Mg==	229	236	0.0009343834023
XMTI4ODM4NzA0NA==	7	4	0.183673469388
XMTI4ODM4OTc1Mg==	7	9	0.0816326530612
XMTI4ODM5MjU2OA==	31044	32553	0.00236277915103
XMTI4ODM5ODc5Mg==	188	224	0.0366681756451
XMTI4ODMwNjc5Mg==	3748	4251	0.0180109576762
XMTI4ODMwNzg0NA==	395	354	0.0107739144368
XMTI4ODMxMDk0MA==	11501	10613	0.00596148869413
XMTI4ODMxMjg1Mg==	470	474	7.24309642372e-05
XMTI4ODMxNDI2NA==	42	40	0.00226757369615
XMTI4ODMyMDA5Mg==	204	101	0.254925990004
XMTI4ODMyMTkyMA==	8	4	0.25
XMTI4ODMyNTQ1Ng==	7	8	0.0204081632653
XMTI4ODMyOTk0OA==	205	235	0.0214158239143
XMTI4ODMzNzE4NA==	88	113	0.0807076446281
XMTI4ODMzNzc1Ng==	28	14	0.25
XMTI4ODQ0MTE0OA==	3	3	0.0
XMTI4ODQ0MzgxMg==	98	111	0.0175968346522
XMTI4ODQ0NTEwNA==	31	33	0.00416233090531
XMTI4ODQ0ODAyMA==	8	9	0.015625
XMTI4ODQ1MjMyNA==	9	10	0.0123456790123
XMTI4ODQ1NTIxMg==	43	57	0.106003244997
XMTI4ODQ1NzExNg==	602	319	0.220993697641
XMTI4ODQ2MjE5Mg==	14	17	0.0459183673469
XMTI4ODQ2Mjk2OA==	92	102	0.0118147448015
XMTI4ODQ2NTY4OA==	76	88	0.0249307479224
XMTI4ODQ2NjQ3Mg==	2186	2425	0.0119535110313
XMTI4ODQ2NzE0OA==	82	92	0.0148720999405
XMTI4ODQ3MDQ4MA==	30855	349	0.977505996719
XMTI4ODQ3MzEwOA==	27	29	0.00548696844993
XMTI4ODQ3ODIzMg==	5	4	0.04
XMTI4ODQ3OTQwMA==	53	46	0.0174439302243
XMTI4ODQ4MTY1Mg==	170	187	0.01
XMTI4ODQ4MzkzMg==	42	43	0.000566893424036
XMTI4ODQ4NTMzNg==	597	684	0.0212368374536
XMTI4ODQ4Njc3Mg==	233	273	0.029471900385
XMTI4ODQ4NzcyOA==	679	623	0.00680199808694
XMTI4ODQ5MDI2NA==	38	44	0.0249307479224
XMTI4ODQ5MjE1Ng==	4	3	0.0625
XMTI4ODQ5Mzk0OA==	509900	515512	0.000121133788678
XMTI4ODQ5NjU1Mg==	7	8	0.0204081632653
XMTI4ODQwMjA0MA==	116369	128668	0.01117030415
XMTI4ODQxMjExMg==	46	48	0.00189035916824
XMTI4ODQxNDI0NA==	13	14	0.00591715976331
XMTI4ODQxNjc4NA==	16	17	0.00390625
XMTI4ODQyMTQ5Mg==	5	3	0.16
XMTI4ODQyODA1Ng==	174	194	0.0132117849121
XMTI4ODQzMjAyMA==	8	7	0.015625
XMTI4ODQzNTE1Mg==	3	3	0.0
XMTI4ODQzNjMwNA==	4937	5776	0.0288800318077
XMTI4ODQzODM5Ng==	65	65	0.0
XMTI4ODQzOTY3Ng==	126	126	0.0
XMTI4ODU0NDM0OA==	2	2	0.0
XMTI4ODU0NzYwOA==	14	17	0.0459183673469
XMTI4ODU0ODQ1Mg==	94	86	0.00724309642372
XMTI4ODU1MjY5Mg==	13	15	0.0236686390533
XMTI4ODU1Mjg3Mg==	25	28	0.0144
XMTI4ODU1NDM4OA==	311	373	0.039743178834
XMTI4ODU1Njk1Ng==	197	248	0.0670205364735
XMTI4ODU1ODU0OA==	1354	1280	0.00298693733104
XMTI4ODU1OTgyNA==	3	3	0.0
XMTI4ODU2NDA1Ng==	3	3	0.0
XMTI4ODU2NTYxNg==	540	559	0.00123799725652
XMTI4ODU2ODk5Mg==	3	3	0.0
XMTI4ODU3MDEzNg==	165	178	0.00620752984389
XMTI4ODU3MjEzMg==	46	53	0.023156899811
XMTI4ODU3NDM4OA==	2	2	0.0
XMTI4ODU3Njg3Ng==	25	25	0.0
XMTI4ODU4MzE4MA==	129	86	0.111111111111
XMTI4ODU4ODExNg==	410	461	0.0154729327781
XMTI4ODU5NDUyMA==	20	22	0.01
XMTI4ODU5ODE1Mg==	445	562	0.0691276353996
XMTI4ODU5OTA0NA==	5	6	0.04
XMTI4ODUwMDU5Ng==	25917	28522	0.0101028986862
XMTI4ODUwNjE0OA==	19212	19439	0.000139606795479
XMTI4ODUwNzg5Mg==	5	4	0.04
XMTI4ODUxNzgyOA==	136	151	0.0121647923875
XMTI4ODUyMTczNg==	159	163	0.000632886357343
XMTI4ODUyNDY4MA==	44	23	0.227789256198
XMTI4ODUyNjYzMg==	122	20	0.699005643644
XMTI4ODUzMzIxNg==	18	19	0.00308641975309
XMTI4ODUzMzcyMA==	3	3	0.0
XMTI4ODUzNTA0OA==	319	336	0.00283998781459
XMTI4ODUzNTYzMg==	6	7	0.0277777777778
XMTI4ODUzNjExMg==	1785	1675	0.00379759747036
XMTI4ODUzNjcwOA==	25	28	0.0144
XMTI4ODUzOTg4MA==	684366	665341	0.000772809550394
XMTI4ODY0MjQ1Mg==	187	189	0.000114387028511
XMTI4ODY0NTEwOA==	58	56	0.00118906064209
XMTI4ODY1MTI2OA==	277	275	5.21315278448e-05
XMTI4ODY1MTYxNg==	1321	846	0.129294956394
XMTI4ODY1MzQ3Mg==	8	10	0.0625
XMTI4ODY1NTM5Mg==	10	12	0.04
XMTI4ODY1NjY1Mg==	28	31	0.0114795918367
XMTI4ODY2NDc4NA==	367	387	0.00296980451262
XMTI4ODY2NzAxNg==	25	4	0.7056
XMTI4ODY2OTU0NA==	3	3	0.0
XMTI4ODY3MDYzNg==	11	14	0.0743801652893
XMTI4ODY3MDk1Ng==	109553	119839	0.00881545007888
XMTI4ODY3Mzg3Ng==	1597	1796	0.0155273134623
XMTI4ODY3Nzg2OA==	4	4	0.0
XMTI4ODY3OTkxMg==	3	3	0.0
XMTI4ODY4MjYyNA==	2	2	0.0
XMTI4ODY4Njk4OA==	41	52	0.0719809637121
XMTI4ODY5MDYxMg==	29	31	0.00475624256837
XMTI4ODY5MjgzMg==	102	117	0.0216262975779
XMTI4ODY5MzY2MA==	20	21	0.0025
XMTI4ODY5NTU3Ng==	23	31	0.120982986767
XMTI4ODY5NzQ5Mg==	27	25	0.00548696844993
XMTI4ODY5ODYzNg==	3	3	0.0
XMTI4ODYwMzM4OA==	8	10	0.0625
XMTI4ODYwNzQ2MA==	75	87	0.0256
XMTI4ODYxMTEzMg==	869257	733231	0.0244876698467
XMTI4ODYxNzE3Ng==	1921	429	0.603229978747
XMTI4ODYyMDQ5Ng==	41	44	0.00535395597858
XMTI4ODYyMjU4MA==	11	13	0.0330578512397
XMTI4ODYzMDkyOA==	480	497	0.00125434027778
XMTI4ODYzMzI2MA==	68	69	0.000216262975779
XMTI4ODYzNDA5Mg==	27	30	0.0123456790123
XMTI4ODYzNjAyOA==	20	20	0.0
XMTI4ODYzOTM2OA==	84	89	0.00354308390023
XMTI4ODYzOTkyOA==	44	51	0.0253099173554
XMTI4ODc0NDU4MA==	2	2	0.0
XMTI4ODc0NjM0NA==	6	7	0.0277777777778
XMTI4ODc0OTY1Ng==	46	43	0.00425330812854
XMTI4ODc1MDkyOA==	331	142	0.326037549858
XMTI4ODc1MzU4NA==	15	17	0.0177777777778
XMTI4ODc1NTIxNg==	47	51	0.00724309642372
XMTI4ODc1NTcyMA==	47	53	0.0162969669534
XMTI4ODc1NzMyNA==	23	27	0.0302457466919
XMTI4ODc1ODA5Mg==	43	48	0.013520822066
XMTI4ODc2NDUwNA==	3	3	0.0
XMTI4ODc2NTgxMg==	130530	145066	0.0124013553663
XMTI4ODc2NzkwMA==	11	13	0.0330578512397
XMTI4ODc3Mjg4MA==	3810	3841	6.62023546269e-05
XMTI4ODc3NjEzMg==	3	3	0.0
XMTI4ODc3NzY4NA==	76	76	0.0
XMTI4ODc3ODg2OA==	19	19	0.0
XMTI4ODc4MDM3Mg==	16	19	0.03515625
XMTI4ODc4MTk4NA==	6	7	0.0277777777778
XMTI4ODc4MzQwOA==	20	21	0.0025
XMTI4ODc4ODk1Mg==	130	137	0.00289940828402
XMTI4ODc4OTY0OA==	37	24	0.123447772096
XMTI4ODc4OTk1Mg==	176	198	0.015625
XMTI4ODc5NjU2MA==	12	13	0.00694444444444
XMTI4ODcwMDUyNA==	13	14	0.00591715976331
XMTI4ODcwMzMyMA==	45	49	0.0079012345679
XMTI4ODcwNzIyNA==	103	111	0.00603261381846
XMTI4ODcwNzQ0OA==	1173	878	0.0632481763231
XMTI4ODcwNzk5Ng==	2012	2066	0.000720330106834
XMTI4ODcwODU5Ng==	2132	2279	0.00475401194696
XMTI4ODcxMDk5Mg==	26	18	0.094674556213
XMTI4ODcxMzc4NA==	23	23	0.0
XMTI4ODcxNTA2MA==	72	68	0.00308641975309
XMTI4ODcxNjY4NA==	34	37	0.00778546712803
XMTI4ODcxNzc4NA==	438	447	0.000422218052167
XMTI4ODcxODM1Ng==	3	3	0.0
XMTI4ODcxOTI2MA==	53	61	0.0227839088644
XMTI4ODcyMTUyNA==	714	808	0.0173324231653
XMTI4ODcyMzUyMA==	198	227	0.021451892664
XMTI4ODcyNTc4OA==	16	23	0.19140625
XMTI4ODcyODIwMA==	26	32	0.0532544378698
XMTI4ODczMTU1Ng==	43	43	0.0
XMTI4ODczNDgyMA==	13	13	0.0
XMTI4ODczNjcwOA==	450	456	0.000177777777778
XMTI4ODczODU0OA==	67	72	0.00556916907997
XMTI4ODczODgzMg==	11	8	0.0743801652893
XMTI4ODg0OTM4MA==	24	22	0.00694444444444
XMTI4ODg1MzI2OA==	5	6	0.04
XMTI4ODg1NzIxNg==	120	112	0.00444444444444
XMTI4ODg1OTkwNA==	70	72	0.000816326530612
XMTI4ODg2Mjc5Ng==	14	15	0.00510204081633
XMTI4ODg2NDAyNA==	8	9	0.015625
XMTI4ODg4MjYxMg==	6	7	0.0277777777778
XMTI4ODgwMzk4OA==	3	3	0.0
XMTI4ODgwNTQ3Mg==	3	3	0.0
XMTI4ODgwNjg4OA==	130	94	0.0766863905325
XMTI4ODgwNzQ4NA==	2739	3154	0.0229568411387
XMTI4ODgwODQ2OA==	208	184	0.0133136094675
XMTI4ODgxMTIyMA==	7	7	0.0
XMTI4ODgxMjM3Mg==	2597	2651	0.00043235812063
XMTI4ODgxODEwOA==	94	97	0.00101856043459
XMTI4ODgyNDQ4NA==	18	19	0.00308641975309
XMTI4ODgyNTk0OA==	22	23	0.00206611570248
XMTI4ODgyODI3Mg==	123	153	0.059488399762
XMTI4ODgzMzAxMg==	453	555	0.0506995307223
XMTI4ODgzNzc4NA==	102728	112516	0.00907841967702
Proposed PBML+BP MRSE = 0.0445912581601
