XMTM2MDkzMDQ2OA==	504	286	0.187090576972
XMTM2MTQzNzQ5Ng==	90466	98223	0.00735219143334
XMTM2MTE3ODY3Ng==	93	69	0.0665972944849
XMTM2MTcwNzc1Mg==	55	55	0.0
XMTM2MTA4MzE3Ng==	1071	761	0.0837807890041
XMTM2MDg1NDUwMA==	308	342	0.012185866082
XMTM2MTIyNDg5Ng==	1898027	985966	0.230910136984
XMTM2MTMyNTAzMg==	4	4	0.0
XMTM2MTIwNzA5Ng==	9	3	0.444444444444
XMTM2MTM3MTI0OA==	2	2	0.0
XMTM2MTQ4NDMwOA==	18	11	0.151234567901
XMTM2MDk0NzI0NA==	359917	1444	0.991992024217
XMTM2MTI4MDQ2OA==	30	32	0.00444444444444
XMTM2MDc3NjgyMA==	429	422	0.00026624502149
XMTM2MTExOTcxNg==	39661	2542	0.87592155741
XMTM2MTU1NjU4MA==	31	29	0.00416233090531
XMTM2MTI2MjM2MA==	11349	389	0.932622558943
XMTM2MTA1NjU4NA==	7449	2916	0.370318569008
XMTM2MTE2ODkxMg==	159	86	0.210790712393
XMTM2MDg5OTcyMA==	100	106	0.0036
XMTM2MTA5OTk2NA==	119	126	0.00346020761246
XMTM2MTI1NjU2MA==	225	190	0.0241975308642
XMTM2MTUzNjA4MA==	3525	4076	0.0244334590815
XMTM2MTA5NzM1Mg==	2963	2970	5.58126671746e-06
XMTM2MTI3MTUzNg==	4042	237	0.886169306889
XMTM2MDc2ODYwOA==	102	46	0.301422529796
XMTM2MDg5NzcxNg==	8002	9328	0.0274593311182
XMTM2MTIxODYzMg==	22674	19959	0.0143378285635
XMTM2MTE4ODI1Mg==	646	423	0.119163894986
XMTM2MDk5MDU1Mg==	113	112	7.83146683374e-05
XMTM2MTE4NzE4MA==	40	41	0.000625
XMTM2MTI2MjQ4NA==	49	51	0.00166597251145
XMTM2MTEzNTc4NA==	304	40	0.754155124654
XMTM2MTE5NTA0OA==	51	59	0.0246059207997
XMTM2MTExODY2NA==	114648	128519	0.0146380281321
XMTM2MDgyNjUzMg==	1445	783	0.209884460196
XMTM2MDg0MDQwMA==	9421	849	0.827885578047
XMTM2MDg0NTE0NA==	67	65	0.000891067052796
XMTM2MTM1NDY0MA==	2094	740	0.418103664538
XMTM2MTEzNTgwNA==	941	852	0.0089454206245
XMTM2MTEyNzMwOA==	2	2	0.0
XMTM2MTM1MTE1Mg==	75	56	0.0641777777778
XMTM2MTE4ODc0OA==	976	1187	0.0467374781645
XMTM2MTQ5NzA1Ng==	13	17	0.094674556213
XMTM2MTIwMDk1Mg==	17205	8076	0.281538025356
XMTM2MTMzNDM2NA==	3142	1625	0.233108870558
XMTM2MDk4NzAwMA==	10	11	0.01
XMTM2MTQwNzQ4MA==	61082	63100	0.00109148011122
XMTM2MTAyNTQ4NA==	2180	1048	0.269637235923
XMTM2MTE3Mzk0OA==	601	651	0.00692135403833
XMTM2MDk5MTU5Ng==	5	6	0.04
XMTM2MTM0ODUwNA==	204	214	0.00240292195309
XMTM2MTMwODk3Mg==	54	39	0.0771604938272
XMTM2MTQ1OTUwMA==	621	497	0.0398712792468
XMTM2MTcwOTczNg==	60	36	0.16
XMTM2MTEwNjA2OA==	826	219	0.540029255023
XMTM2MTE2MDA4OA==	53	68	0.0800996796013
XMTM2MTE0ODY1Ng==	497888	567328	0.0194516347509
XMTM2MTI1ODE0NA==	163760	191648	0.0290014078057
XMTM2MTU5MDQyMA==	106	93	0.0150409398362
XMTM2MDk0NTUyOA==	3	3	0.0
XMTM2MTE3MzY5Mg==	21	12	0.183673469388
XMTM2MDc0NDM2OA==	5201	5564	0.00487124017126
XMTM2MTA5MTk5Ng==	34	35	0.000865051903114
XMTM2MDg4NTc4OA==	27328	26731	0.000477235744262
XMTM2MTEwMzY2NA==	2	2	0.0
XMTM2MTEyMjU1Ng==	1545	1696	0.0095520574774
XMTM2MTM3NDczNg==	124	150	0.0439646201873
XMTM2MTQ1MzIzNg==	23	8	0.425330812854
XMTM2MTE0MjU2OA==	92	39	0.331876181474
XMTM2MDY3MDY0MA==	564	163	0.505510914944
XMTM2MTA4MDIxNg==	44	37	0.0253099173554
XMTM2MDYwNTU3Mg==	68	41	0.157655709343
XMTM2MTQyNDQyMA==	8	5	0.140625
XMTM2MTMzNTkwMA==	72154	63421	0.0146489364912
XMTM2MTAwNjQ3Mg==	899	938	0.00188195758233
XMTM2MTQwMTMzMg==	78	72	0.00591715976331
XMTM2MDkxMDE2OA==	1094	611	0.194921442871
XMTM2MTM5MDk4OA==	180	138	0.0544444444444
XMTM2MDczNTEwOA==	4	5	0.0625
XMTM2MDk1Njk1Ng==	220	161	0.0719214876033
XMTM2MTM3NTc1Mg==	5218	556	0.79824533439
XMTM2MDkwNTUwOA==	8868	9367	0.00316628295032
XMTM2MTE5NTY5Mg==	1	1	0.0
XMTM2MTU1Mzk0MA==	27435	23479	0.0207923049822
XMTM2MDk0MDY1Ng==	24	24	0.0
XMTM2MTIzMDc5Mg==	156	121	0.0503369493754
XMTM2MTM3NTc0MA==	647	689	0.00421395622168
XMTM2MTE3MjkwNA==	1782	1895	0.00402106864883
XMTM2MTQ4MjM4MA==	84	88	0.00226757369615
XMTM2MTE0MzA1Ng==	127	131	0.000992001984004
XMTM2MTEzMjIxMg==	7424	2564	0.428545177337
XMTM2MTQzMzQ0OA==	59	63	0.00459638035047
XMTM2MTA4OTgxMg==	1881	2110	0.0148215414731
XMTM2MTAxMTM0NA==	16749	15886	0.00265487346173
XMTM2MTA4MDk4MA==	289937	197003	0.102740571804
XMTM2MTQ5NzM4NA==	1395	718	0.235520612531
XMTM2MTM5ODQ0MA==	11655	15665	0.118376144116
XMTM2MTU0OTQ0OA==	93	99	0.00416233090531
XMTM2MDk5NDI4NA==	214	168	0.0462049087257
XMTM2MTYwMDAwOA==	16	12	0.0625
XMTM2MTU3NTcwMA==	37583	35422	0.00330618115274
XMTM2MTIzMTA4OA==	189	242	0.0786372162034
XMTM2MDk2MDc4NA==	63	51	0.0362811791383
XMTM2MTM1Mjc5Ng==	2	2	0.0
XMTM2MDc0NDQ3Mg==	15151	16926	0.0137250557879
XMTM2MTUyNzU3Ng==	208	66	0.466068786982
XMTM2MDc3ODU1Mg==	429183	459520	0.00499643498694
XMTM2MTI5OTAwMA==	1363	1689	0.0572062511539
XMTM2MDk1ODQwNA==	104	93	0.0111871301775
XMTM2MTU3NjQ0MA==	21	22	0.00226757369615
XMTM2MTU3OTk4MA==	105	53	0.245260770975
XMTM2MDkxMTU3Ng==	92717	73140	0.0445834363836
XMTM2MDcxODkxMg==	417	389	0.00450862331717
XMTM2MDkzMjY0MA==	2243	807	0.409873964654
XMTM2MTcwNTA2OA==	29	37	0.0760998810939
XMTM2MTE3MDk4MA==	373	254	0.10178323714
XMTM2MDg4MzgwOA==	122405	35748	0.50119760099
XMTM2MTIwNTA4OA==	30820	26427	0.0203168857207
XMTM2MDk3Nzk4NA==	3080	1353	0.314400510204
XMTM2MTMzNzk4MA==	20	21	0.0025
XMTM2MTEzNTAwNA==	365	104	0.511322949897
XMTM2MTI5NTM3Mg==	13031	3888	0.492291061024
XMTM2MTE2OTA1Ng==	7	3	0.326530612245
XMTM2MTQ5NDU5Ng==	202	179	0.0129644152534
XMTM2MTU0NjgzMg==	686	753	0.00953896760703
XMTM2MTE0MDA2OA==	621	597	0.00149361712059
XMTM2MDg4ODUxNg==	64	64	0.0
XMTM2MDkzOTkwOA==	13700	6669	0.26338622729
XMTM2MTE4MjA0OA==	146	107	0.0713548508163
XMTM2MTQ4NzAwOA==	446	448	2.01089907298e-05
XMTM2MTAxNjg2MA==	85	55	0.124567474048
XMTM2MTQ0MDM2MA==	19	15	0.0443213296399
XMTM2MTQ5OTU0NA==	468	618	0.102728468113
XMTM2MTI1NzUxMg==	69	76	0.0102919554715
XMTM2MDkwMjQyNA==	13	13	0.0
XMTM2MTEwNDA4NA==	24	16	0.111111111111
XMTM2MDg1NTcxNg==	4	5	0.0625
XMTM2MTUzODIyOA==	19	24	0.0692520775623
XMTM2MTQxODQzMg==	272	354	0.0908845155709
XMTM2MDk4NzUyNA==	193	220	0.0195709951945
XMTM2MTUzMjEyNA==	123	117	0.00237953599048
XMTM2MTU0OTM4OA==	4059	2135	0.224683940942
XMTM2MTI4OTA1Ng==	17	10	0.16955017301
XMTM2MDc2MjM0NA==	148	155	0.00223703433163
XMTM2MDkxNDA0OA==	16010	15456	0.0011973934155
XMTM2MTE0MTQwNA==	162	174	0.00548696844993
XMTM2MTU0MDAzNg==	74	92	0.0591672753835
XMTM2MDg2MzUyMA==	8	12	0.25
XMTM2MTQzNzgwOA==	10236	6147	0.159578238449
XMTM2MTQ3NzM1Mg==	408	434	0.00406093810073
XMTM2MTI0NDE1Mg==	14	8	0.183673469388
XMTM2MDk4NjgzNg==	17649	18472	0.00217450026141
XMTM2MDcyNDIyOA==	3	3	0.0
XMTM2MTEwNDc4OA==	4	5	0.0625
XMTM2MDkzMTEyMA==	6346	6022	0.00260669299515
XMTM2MDg0NzIyOA==	252	278	0.0106449987402
XMTM2MTEyMDA0MA==	9	11	0.0493827160494
XMTM2MTQ1MzY2OA==	708	741	0.00217250790003
XMTM2MTMyNTgzNg==	108	111	0.000771604938272
XMTM2MTQzOTIwMA==	57894	10565	0.668324748159
XMTM2MTEwNzE1Ng==	63	37	0.170319979844
XMTM2MTE2NDg4MA==	13270	5875	0.310552129018
XMTM2MTI2NTYxNg==	6326	277	0.91434226202
XMTM2MDkwNDQ0MA==	55047	60572	0.0100738911503
XMTM2MTMzMTkxNg==	6050	2895	0.271949320402
XMTM2MTAxMzUxMg==	6130	7163	0.0283974729155
XMTM2MTA3MTA1Mg==	515	258	0.24903006881
XMTM2MTA5NDQzNg==	12385	14795	0.037865357657
XMTM2MDUyMDYxNg==	158	147	0.0048469796507
XMTM2MDkxMTA2OA==	34515	36240	0.0024978275039
XMTM2MTAyNDAwMA==	357	399	0.0138408304498
XMTM2MTE1MzQ2NA==	39445	22580	0.182805294677
XMTM2MTI4Mzg2MA==	361	370	0.000621542191972
XMTM2MDg3MTM4OA==	169	186	0.0101186933231
XMTM2MTEwMjcxMg==	228	114	0.25
XMTM2MTM1MTk0OA==	39	43	0.0105193951348
XMTM2MDQ3MDI0NA==	2630	1139	0.321398458847
XMTM2MDkyNzI2OA==	12	12	0.0
XMTM2MDc0NTc0OA==	5870	5926	9.10122500863e-05
XMTM2MTI0MjA2OA==	37	41	0.0116873630387
XMTM2MTEzNzc1Mg==	1176	1018	0.0180509278541
XMTM2MTAxMTA2NA==	15546	6121	0.367557586389
XMTM2MDk0NzEzNg==	15753	18165	0.0234438028708
XMTM2MDYxOTAyMA==	237	328	0.147430077089
XMTM2MTEzMzA2MA==	184	113	0.148895321361
XMTM2MDQ2MjQwMA==	10	11	0.01
XMTM2MTI3MjI5Mg==	4649	459	0.812285972818
XMTM2MTIxNjY2OA==	45713	48730	0.0043558325219
XMTM2MTE0ODYwNA==	20	21	0.0025
XMTM2MTE3MjIwOA==	4	5	0.0625
XMTM2MTAyNzgxNg==	522	180	0.429250891795
XMTM2MTIzODYzMg==	8984	13163	0.216374090696
XMTM2MTMwMjEyOA==	9	13	0.197530864198
XMTM2MTU3NzM5Mg==	1790	2063	0.0232605099716
XMTM2MTQ1MjY3Ng==	21203	15715	0.0669936405437
XMTM2MDgwOTMyNA==	1310640	987294	0.0608650732654
XMTM2MTE4NjE2NA==	1898	1808	0.00224849850267
XMTM2MDgxNDcwNA==	1885	1320	0.089840919165
XMTM2MTY2MDI3Ng==	12	5	0.340277777778
XMTM2MTU3MDU1Mg==	8494	7463	0.0147330552421
XMTM2MDc3OTU5Mg==	1795	1994	0.0122907177939
XMTM2MTU0MDk2OA==	7	5	0.0816326530612
XMTM2MTU1MjMyOA==	2521	2016	0.0401270344576
XMTM2MTQ2ODYzMg==	37231	42084	0.016990696417
XMTM2MTEwNjgxNg==	187	150	0.0391489605079
XMTM2MTQzMTQxMg==	8	10	0.0625
XMTM2MTI2NDMxNg==	7277	316	0.915036709941
XMTM2MDU0MjI1Ng==	2	2	0.0
XMTM2MDcxMzYwNA==	802	507	0.135299220776
XMTM2MTMyMDU2NA==	22	20	0.00826446280992
XMTM2MTA1ODQ0OA==	222	200	0.00982063144225
XMTM2MDc0OTI0MA==	302	287	0.00246699706153
XMTM2MDk4MDA5Mg==	9388	3812	0.352776273512
XMTM2MDYzMzc1Mg==	62	26	0.33714880333
XMTM2MTEzNjYwMA==	1116	931	0.027479894914
XMTM2MTYyOTY5Ng==	67329	75751	0.0156468221367
XMTM2MTI3NDI0NA==	2928	127	0.91513269749
XMTM2MTUzODQ3Ng==	48	45	0.00390625
XMTM2MTEyNzUwOA==	200631	21620	0.796092187003
XMTM2MTAyMDA4MA==	11	7	0.132231404959
XMTM2MTQ3Njg3Ng==	233	233	0.0
XMTM2MTczMTYwMA==	36	30	0.0277777777778
XMTM2MTIwNDkyOA==	6	8	0.111111111111
XMTM2MTAyNzA2OA==	401	387	0.00121889789243
XMTM2MDg4NTk5Ng==	281	200	0.0830916528413
XMTM2MDg4MzEyMA==	8	6	0.0625
XMTM2MTIxMDAzNg==	4	3	0.0625
XMTM2MDkzMDc2NA==	84	73	0.0171485260771
XMTM2MTI2MDU3Mg==	16289	503	0.93919408844
XMTM2MTE3Mzc5Ng==	5	5	0.0
XMTM2MTIwMDIyNA==	174	121	0.0927797595455
XMTM2MTY2OTc3Mg==	7	8	0.0204081632653
XMTM2MDkwNDgyNA==	12	5	0.340277777778
XMTM2MTE3MTE1Mg==	249	229	0.00645150884663
XMTM2MTUzMzg1Mg==	626	667	0.00428962222744
XMTM2MTAwMTYxMg==	10	11	0.01
XMTM2MTY5ODMzNg==	933	802	0.0197142066126
XMTM2MTM2MTUxMg==	12	11	0.00694444444444
XMTM2MTU4NDgzMg==	418	404	0.00112176919027
XMTM2MTA0NjM2OA==	152	153	4.32825484765e-05
XMTM2MTI5ODM0MA==	112	113	7.97193877551e-05
XMTM2MTQ5MzM4OA==	99659	116311	0.0279189932894
XMTM2MTAxOTEwOA==	4	4	0.0
XMTM2MDkzNTQ2OA==	442	371	0.0258031162343
XMTM2MDk1NDM2OA==	14	11	0.0459183673469
XMTM2MTI0NzAyOA==	5	5	0.0
XMTM2MDk5MjUyMA==	1432	1499	0.00218908976
XMTM2MTEwOTQ2MA==	24	35	0.210069444444
XMTM2MTM1NTcyNA==	32524	32360	2.54261023762e-05
XMTM2MTM3MjUxNg==	3424	903	0.542098467252
XMTM2MTMwMTk5Ng==	92	59	0.128662570888
XMTM2MTExMzgxMg==	25739	8749	0.435715909648
XMTM2MTQ3NTkxNg==	24311	25102	0.00105863761323
XMTM2MDk5Nzk3Mg==	924	119	0.759010560147
XMTM2MTYwMDc2NA==	37	36	0.00073046018992
XMTM2MDk1MDI5Ng==	42	44	0.00226757369615
XMTM2MTE2NDkxMg==	94	91	0.00101856043459
XMTM2MDY2MDI2MA==	41	44	0.00535395597858
XMTM2MTA5NDIzMg==	118	27	0.594728526286
XMTM2MTE4NDQyMA==	1602	1358	0.0231982182073
XMTM2MTUwODczMg==	39	45	0.0236686390533
XMTM2MDkyNjY2OA==	34	33	0.000865051903114
XMTM2MTUzODcyOA==	86	98	0.019469983775
XMTM2MTQ3MjM2MA==	11	5	0.297520661157
XMTM2MDk2MjkyMA==	126	56	0.308641975309
XMTM2MTQ5MzE4MA==	24	25	0.00173611111111
XMTM2MDc0MzU3Mg==	5018	5531	0.0104513746527
XMTM2MTYwMDM4OA==	540	487	0.00963305898491
XMTM2MTAzMzM4MA==	20	21	0.0025
XMTM2MTYzMDQ0MA==	289	253	0.0155170555908
XMTM2MTM1OTI5Ng==	5	5	0.0
XMTM2MDkzNTc0OA==	453	382	0.0245651993821
XMTM2MTI3MDkyMA==	4243	243	0.888738346488
XMTM2MDg1MTg4MA==	71	74	0.00178536004761
XMTM2MTU5NjczMg==	29	32	0.0107015457788
XMTM2MTM3Mzk1Ng==	7	5	0.0816326530612
XMTM2MTI0MjgwOA==	5064	5753	0.0185119023108
XMTM2MDc0MzU0NA==	10422	13753	0.102152059688
XMTM2MDc3MTkwOA==	3590	3890	0.00698318603984
XMTM2MTYzMzY2NA==	51	50	0.000384467512495
XMTM2MTQ2OTM5Ng==	1548	1547	4.17309323024e-07
XMTM2MTAzODc3Ng==	2	2	0.0
XMTM2MTE2OTI4NA==	117	66	0.190006574622
XMTM2MTMwMjY4MA==	2056	1302	0.134492005935
XMTM2MTExMzgxNg==	11	5	0.297520661157
XMTM2MTI3ODk4OA==	10	11	0.01
XMTM2MDc3NTY5Ng==	1502	1038	0.095432454907
XMTM2MDg2MjQzNg==	87117	254	0.994177262386
XMTM2MTAxNTQ3Ng==	95	94	0.0001108033241
XMTM2MDk0Njg4OA==	13	15	0.0236686390533
XMTM2MTMxMDUyNA==	2	2	0.0
XMTM2MTIxNDExNg==	75	76	0.000177777777778
XMTM2MDg3MTg5Mg==	16	11	0.09765625
XMTM2MTEyMjM2OA==	52	60	0.0236686390533
XMTM2MTQ0Njg4NA==	59	34	0.17954610744
XMTM2MTU3OTcyNA==	117	74	0.135071955585
XMTM2MTIxNzM5Ng==	14	15	0.00510204081633
XMTM2MTY1NDQxMg==	3	3	0.0
XMTM2MDkxNDM2MA==	17	5	0.498269896194
XMTM2MTMyMzE4NA==	45000	9305	0.629201493827
XMTM2MTQ0MDY0MA==	3	3	0.0
XMTM2MDgxOTI1Mg==	13	15	0.0236686390533
XMTM2MTI0MzQ4NA==	10034	2963	0.496607736606
XMTM2MDkyMTExNg==	455	70	0.715976331361
XMTM2MDkyODI0OA==	113	102	0.00947607486882
XMTM2MDg0OTQ5Ng==	168	126	0.0625
XMTM2MDk3MjYwNA==	61	30	0.258263907552
XMTM2MDg0MTIzMg==	2799	1841	0.117145395034
XMTM2MDk5NzM4MA==	280	276	0.000204081632653
XMTM2MTMwNTU2MA==	77054	72894	0.00291471626248
XMTM2MTI1Mjc5Ng==	56	46	0.031887755102
XMTM2MTI2MDAwMA==	22044	622	0.944363569919
XMTM2MTMyNjA1Ng==	2995	2501	0.0272057212773
XMTM2MTU0MjA4OA==	6	3	0.25
XMTM2MTEzMzYzNg==	87	63	0.0760998810939
XMTM2MTQzNTA2MA==	124033	133371	0.00566804439075
XMTM2MTQ2MTk1Mg==	230	182	0.0435538752363
XMTM2MTU1MTQ0NA==	284	303	0.00447579845269
XMTM2MTA2ODM5Ng==	123	126	0.00059488399762
XMTM2MTA5MTY3Ng==	136	116	0.0216262975779
XMTM2MDkyMDYyOA==	1263270	1616025	0.0779747500118
XMTM2MDg0MzExNg==	3267	2559	0.0469643424815
XMTM2MTE2ODIxNg==	571	581	0.000306709892314
XMTM2MTQ3NDk3Ng==	1260	1372	0.0079012345679
XMTM2MDgwNTE1Mg==	12931	6635	0.237063785626
XMTM2MDg5MDExMg==	40	29	0.075625
XMTI4NzQyMTczNg==	252	184	0.0728143109095
XMTI4NzY2MjI2NA==	18	12	0.111111111111
XMTI4Nzc0MjM4OA==	17	17	0.0
XMTI4Nzg1ODkwNA==	13	14	0.00591715976331
XMTI4Nzg3MDc0MA==	274	107	0.371476903405
XMTI4Nzk0MTE5Mg==	521	330	0.134397530218
XMTI4Nzk1NzE2OA==	30	28	0.00444444444444
XMTI4Nzk2NjU0OA==	248	273	0.0101619406868
XMTI4Nzk3NDc4NA==	21	21	0.0
XMTI4Nzk4MDcyMA==	84	73	0.0171485260771
XMTI4Nzk4NDM5Mg==	98	107	0.00843398583923
XMTI4Nzk5MDA0MA==	143	155	0.00704190913981
XMTI4Nzk5Njk1Mg==	323	193	0.161987558589
XMTI4Nzk5ODE0OA==	7	6	0.0204081632653
XMTI4Nzk5ODk0OA==	282	303	0.00554549569941
XMTI4Nzk5OTEzNg==	8	11	0.140625
XMTI4NzkwNTE0MA==	52	32	0.147928994083
XMTI4NzkxNTU4NA==	773	101	0.755752440467
XMTI4NzkyNzY0NA==	99	106	0.00499948984797
XMTI4NzkzMTY1Mg==	5	6	0.04
XMTI4ODA0MDQxNg==	57732	72237	0.0631251263462
XMTI4ODA0MjM5Ng==	5144	4964	0.00122445573698
XMTI4ODA0NTMyNA==	17	17	0.0
XMTI4ODA0ODkwOA==	98	104	0.00374843815077
XMTI4ODA1MjE2OA==	2009	1587	0.0441229995136
XMTI4ODA1NjA4MA==	69	63	0.00756143667297
XMTI4ODA1ODQwMA==	60	47	0.0469444444444
XMTI4ODA2MzE4OA==	281	288	0.000620559516723
XMTI4ODA2NTEyNA==	199	204	0.000631297189465
XMTI4ODA3MzA5Ng==	300	274	0.00751111111111
XMTI4ODA3NDgxNg==	3	3	0.0
XMTI4ODA3NzIzNg==	42	38	0.00907029478458
XMTI4ODA3OTg5Mg==	118	126	0.00459638035047
XMTI4ODA4MDc2OA==	532	455	0.0209487534626
XMTI4ODA4MzU3Ng==	223529	261683	0.0291348240925
XMTI4ODA4ODMwMA==	13	13	0.0
XMTI4ODA5MTM5Ng==	88048	93124	0.00332356545216
XMTI4ODA5MjAyOA==	15	16	0.00444444444444
XMTI4ODA5MjM4MA==	110	106	0.00132231404959
XMTI4ODA5MjQ4MA==	278	309	0.0124346565913
XMTI4ODA5NDM4NA==	4	5	0.0625
XMTI4ODA5NjM0MA==	35	20	0.183673469388
XMTI4ODA5ODQ0OA==	5	5	0.0
XMTI4ODAwMTc2MA==	148	95	0.128241417093
XMTI4ODAwNDMwMA==	1264	1689	0.113053421928
XMTI4ODAwNTg2MA==	166	179	0.00613296559733
XMTI4ODAwODUwNA==	223	275	0.0543747109333
XMTI4ODAwOTEyMA==	9	12	0.111111111111
XMTI4ODAxMDQzMg==	12	11	0.00694444444444
XMTI4ODAxMTIxMg==	2	2	0.0
XMTI4ODAxMjE5Mg==	567	453	0.0404244002128
XMTI4ODAxMzM5Ng==	62899	56641	0.00989882475837
XMTI4ODAxNTEyNA==	732	749	0.000539356206516
XMTI4ODAxNTQ2NA==	97	69	0.083324476565
XMTI4ODAxNzAwOA==	61	29	0.275194840097
XMTI4ODAxOTQxMg==	4	5	0.0625
XMTI4ODAyMDg4MA==	10600	5515	0.230128381986
XMTI4ODAyNTA4MA==	5	5	0.0
XMTI4ODAyODU2NA==	84	88	0.00226757369615
XMTI4ODAzMjM0NA==	209	224	0.00515098097571
XMTI4ODAzNDkwNA==	8	10	0.0625
XMTI4ODAzNTQwOA==	717	897	0.0630241067208
XMTI4ODAzODc5Mg==	2545	2693	0.00338179951444
XMTI4ODE0MDYwOA==	1483	1673	0.0164143957434
XMTI4ODE0NDk3Mg==	141	74	0.225793471153
XMTI4ODE0NjM4OA==	71	78	0.00972029359254
XMTI4ODE0NjUzNg==	280	308	0.01
XMTI4ODE0OTc4NA==	17453	4922	0.51550310157
XMTI4ODE1MjkwNA==	8	11	0.140625
XMTI4ODE1MzMzNg==	1821	1813	1.93001232494e-05
XMTI4ODE1NzAwOA==	5	6	0.04
XMTI4ODE1Nzg5Mg==	85	82	0.00124567474048
XMTI4ODE1OTIwMA==	165	179	0.00719926538108
XMTI4ODE2MDQ5Mg==	3277	3675	0.0147507214308
XMTI4ODE2Mjg2NA==	27	15	0.197530864198
XMTI4ODE2NzA1Mg==	27	38	0.16598079561
XMTI4ODE3MDY4NA==	385	386	6.74650025299e-06
XMTI4ODE3MTAyOA==	5	6	0.04
XMTI4ODE3MjI1Ng==	829	844	0.0003273960663
XMTI4ODE3MzI0MA==	7	8	0.0204081632653
XMTI4ODE3NTc1Ng==	39	36	0.00591715976331
XMTI4ODE3NzczNg==	8	8	0.0
XMTI4ODE3OTM5Ng==	364	322	0.0133136094675
XMTI4ODE4NDQ4NA==	198	196	0.000102030405061
XMTI4ODE4OTA0OA==	284247	307583	0.00674001794338
XMTI4ODE5MTEzMg==	11544	1497	0.757460810703
XMTI4ODE5MzA5Ng==	91	64	0.0880328462746
XMTI4ODE5ODcwOA==	18	19	0.00308641975309
XMTI4ODEwMTg4MA==	14	15	0.00510204081633
XMTI4ODEwNDk2MA==	16	18	0.015625
XMTI4ODEwOTg0MA==	1442	1585	0.0098342570132
XMTI4ODExMzM2NA==	22	25	0.0185950413223
XMTI4ODExMzk3Mg==	6	5	0.0277777777778
XMTI4ODExNzM1Mg==	399	428	0.00528263013423
XMTI4ODExODY1Mg==	16	11	0.09765625
XMTI4ODEyMDUyOA==	245	302	0.0541274468971
XMTI4ODEyMjc3Mg==	368	418	0.0184605387524
XMTI4ODEyNTcxMg==	257	273	0.00387591030901
XMTI4ODEyNzI3Mg==	11	12	0.00826446280992
XMTI4ODEyNzM0OA==	1733	1559	0.0100809479208
XMTI4ODEzMTQ1Ng==	225052	213445	0.0026599545456
XMTI4ODEzNDU5Ng==	24613	16646	0.104775690332
XMTI4ODEzOTUxNg==	2	2	0.0
XMTI4ODI0MTM2OA==	232	251	0.0067070451843
XMTI4ODI0MzEzNg==	6	8	0.111111111111
XMTI4ODI0MzY2NA==	21	19	0.00907029478458
XMTI4ODI0NzI0NA==	392	361	0.00625390462307
XMTI4ODI0OTgyMA==	60	16	0.537777777778
XMTI4ODI1NDE4OA==	50	58	0.0256
XMTI4ODI1Njg3Mg==	10	15	0.25
XMTI4ODI1Nzc5Mg==	2640	2013	0.05640625
XMTI4ODI1ODEyOA==	1404	558	0.363083497699
XMTI4ODI1ODc4OA==	3114	3337	0.00512828921452
XMTI4ODI1OTIyMA==	367	349	0.00240554165522
XMTI4ODI2MDg0OA==	346	397	0.0217264191921
XMTI4ODI2MzkzNg==	28	29	0.00127551020408
XMTI4ODI2NDk2MA==	5	5	0.0
XMTI4ODI2NTMyMA==	1184	1348	0.0191859934259
XMTI4ODI2NTU1Mg==	46	30	0.120982986767
XMTI4ODI2NjczNg==	185	133	0.0790065741417
XMTI4ODI2Nzc3Ng==	328	335	0.000455458060678
XMTI4ODI3MTA0OA==	272	263	0.00109483131488
XMTI4ODI3Mjk3Mg==	426973	312703	0.0716248340813
XMTI4ODI3Nzc2NA==	260	271	0.0017899408284
XMTI4ODI4MDQ0MA==	2	2	0.0
XMTI4ODI4MjA0OA==	25	24	0.0016
XMTI4ODI4MjU0OA==	123	94	0.0555886046665
XMTI4ODI4Mzg4OA==	155	174	0.0150260145682
XMTI4ODI4NjMwOA==	1307	1379	0.00303468639525
XMTI4ODI4NzAzNg==	67	61	0.00801960347516
XMTI4ODI4NzYwNA==	11	10	0.00826446280992
XMTI4ODI5MTY4OA==	69	76	0.0102919554715
XMTI4ODI5MTgwMA==	7	5	0.0816326530612
XMTI4ODI5MzE5Ng==	6	5	0.0277777777778
XMTI4ODI5Mzc4NA==	254	282	0.012152024304
XMTI4ODI5NTU1Mg==	20	18	0.01
XMTI4ODI5OTA3Ng==	445	535	0.0409039262719
XMTI4ODI5OTM2MA==	4869	5164	0.00367083177948
XMTI4ODIwMDU4NA==	378	497	0.0991083676269
XMTI4ODIwMTQ0OA==	840	922	0.00952947845805
XMTI4ODIwMjAyOA==	101	26	0.551416527791
XMTI4ODIwMzk0OA==	1090	1175	0.00608113795135
XMTI4ODIxMzcxMg==	88	107	0.0466167355372
XMTI4ODIxNDUwMA==	4	5	0.0625
XMTI4ODIxNjYyNA==	82190	87117	0.00359357872675
XMTI4ODIxODI4MA==	15	17	0.0177777777778
XMTI4ODIxOTkxMg==	60	55	0.00694444444444
XMTI4ODIyNTYwNA==	4521	4279	0.00286524470019
XMTI4ODIyODA0NA==	3	3	0.0
XMTI4ODIyOTU4OA==	218	225	0.00103105799175
XMTI4ODIzMDk2NA==	8	11	0.140625
XMTI4ODIzMjE4OA==	4	5	0.0625
XMTI4ODIzMjY2OA==	168	171	0.00031887755102
XMTI4ODIzMzcwOA==	11	11	0.0
XMTI4ODIzNzAzNg==	148	168	0.018261504748
XMTI4ODIzOTA5Mg==	306	231	0.0600730488274
XMTI4ODM0MTk4NA==	402	341	0.0230254201629
XMTI4ODM0NDgzMg==	47	50	0.00407424173834
XMTI4ODM0NTY2MA==	399703	431322	0.00625779663429
XMTI4ODM0NzI5Ng==	76	71	0.00432825484765
XMTI4ODM0OTE4NA==	7	10	0.183673469388
XMTI4ODM1MzU4NA==	34	26	0.0553633217993
XMTI4ODM1NTY0NA==	12	11	0.00694444444444
XMTI4ODM1Nzk0MA==	41	32	0.0481856038073
XMTI4ODM2MjM3Mg==	5	7	0.16
XMTI4ODM2MzMzMg==	148	146	0.00018261504748
XMTI4ODM2NDAyMA==	7	6	0.0204081632653
XMTI4ODM2NTM1Ng==	156	157	4.10913872452e-05
XMTI4ODM2ODYyOA==	17309	19140	0.0111900681826
XMTI4ODM3MDM4OA==	11	12	0.00826446280992
XMTI4ODM3MjcxNg==	324	354	0.00857338820302
XMTI4ODM3OTM4OA==	14	16	0.0204081632653
XMTI4ODM4MTgzNg==	281	287	0.000455921277593
XMTI4ODM4OTI4OA==	20	25	0.0625
XMTI4ODM5MDk5Mg==	3417	2978	0.0165058951828
XMTI4ODM5MTQ5Ng==	90572	74749	0.0305203662123
XMTI4ODM5MTg3Ng==	40423	36452	0.00965034169442
XMTI4ODM5MjA3Mg==	1178	1301	0.0109023379963
XMTI4ODM5MjI0MA==	1664	1805	0.00718011799649
XMTI4ODM5NTcwNA==	557	765	0.139449281061
XMTI4ODM5Nzk1Mg==	18002	18333	0.000338076102371
XMTI4ODM5OTAwNA==	101882	110009	0.00636305380932
XMTI4ODMwMDkxNg==	17617	15746	0.0112793394355
XMTI4ODMwMTc4MA==	19	19	0.0
XMTI4ODMwNTYwMA==	748	1062	0.17622036661
XMTI4ODMwNjQ1Mg==	17263	19936	0.0239753732183
XMTI4ODMwNzg1Mg==	31883	32061	3.11689122497e-05
XMTI4ODMwODI2NA==	2319	2337	6.02481218485e-05
XMTI4ODMxMDkzNg==	31	31	0.0
XMTI4ODMxNDEyMA==	10	11	0.01
XMTI4ODMxNTY5Mg==	3118	3222	0.00111253698342
XMTI4ODMxOTY3Mg==	57	46	0.037242228378
XMTI4ODMxOTk2NA==	44	53	0.0418388429752
XMTI4ODMyNjM1Ng==	194	213	0.00959188011478
XMTI4ODMyODM2MA==	756	937	0.057320973657
XMTI4ODMyOTg2NA==	5	5	0.0
XMTI4ODMzMjI0MA==	107	85	0.0422744344484
XMTI4ODMzMjc5Ng==	3	3	0.0
XMTI4ODMzMzQ4OA==	8	8	0.0
XMTI4ODMzNTI3Mg==	2537	345	0.746517795981
XMTI4ODMzNjIyMA==	4	5	0.0625
XMTI4ODQ0NDg4NA==	29	39	0.118906064209
XMTI4ODQ0NjgwMA==	1848	2118	0.0213463484567
XMTI4ODQ1MDM0NA==	9	8	0.0123456790123
XMTI4ODQ1NjQ5Ng==	28670	2084	0.859905278655
XMTI4ODQ1ODgwNA==	19	21	0.01108033241
XMTI4ODQ2MDc0MA==	5	6	0.04
XMTI4ODQ2MTk0NA==	1518	1668	0.00976425190208
XMTI4ODQ2MjMwNA==	21	23	0.00907029478458
XMTI4ODQ2MzgyOA==	140	103	0.0698469387755
XMTI4ODQ2NTI4OA==	985	1105	0.0148419181118
XMTI4ODQ2NzA1Ng==	4680	4898	0.00216980787494
XMTI4ODQ2NzU4MA==	25	26	0.0016
XMTI4ODQ2Nzc5Ng==	919	821	0.0113715883163
XMTI4ODQ2ODk4MA==	200	226	0.0169
XMTI4ODQ3MDE1Mg==	62	53	0.0210718002081
XMTI4ODQ3Mzc5Ng==	110040	4179	0.925488061593
XMTI4ODQ3NjcxNg==	204	219	0.00540657439446
XMTI4ODQ3Nzc4MA==	33	35	0.00367309458219
XMTI4ODQ4MTg3Mg==	190	177	0.00468144044321
XMTI4ODQ4MjI4MA==	11	9	0.0330578512397
XMTI4ODQ4NTQ2NA==	9	11	0.0493827160494
XMTI4ODQ4ODI0NA==	13	8	0.147928994083
XMTI4ODQ4OTEwNA==	960	506	0.223650173611
XMTI4ODQ5MDI0MA==	30	29	0.00111111111111
XMTI4ODQ5Mjc2NA==	9	10	0.0123456790123
XMTI4ODQ5NDYxMg==	6484	6285	0.000941933277796
XMTI4ODQ5NzY4MA==	6	5	0.0277777777778
XMTI4ODQwMzMyNA==	2	3	0.25
XMTI4ODQwNjQ0OA==	334	391	0.0291243859586
XMTI4ODQwNjg0OA==	1553	1536	0.000119827067566
XMTI4ODQwODg0MA==	801	946	0.0327695873292
XMTI4ODQxMzEyOA==	1424	1176	0.0303307663174
XMTI4ODQxNTAwNA==	1976729	2319547	0.030076892695
XMTI4ODQxNTY4NA==	8	11	0.140625
XMTI4ODQxODM2MA==	17	11	0.124567474048
XMTI4ODQxOTM2MA==	5	3	0.16
XMTI4ODQyMjA5Ng==	27	26	0.00137174211248
XMTI4ODQyNDA4MA==	3	3	0.0
XMTI4ODQyNDg5Ng==	13	9	0.094674556213
XMTI4ODQyNjgxNg==	8	10	0.0625
XMTI4ODQyNzk1Mg==	11	10	0.00826446280992
XMTI4ODQyODE4NA==	7	10	0.183673469388
XMTI4ODQzMDU2NA==	9	3	0.444444444444
XMTI4ODQzNDQyNA==	3	3	0.0
XMTI4ODQzNzUyOA==	77	49	0.132231404959
XMTI4ODQzODk5Ng==	39	41	0.00262984878369
XMTI4ODU0MjIyNA==	120	119	6.94444444444e-05
XMTI4ODU0NjM4NA==	21142	18752	0.012779199936
XMTI4ODU0ODI3Ng==	4	5	0.0625
XMTI4ODU0ODYyOA==	165	166	3.67309458219e-05
XMTI4ODU1MDc0MA==	452	470	0.00158587203383
XMTI4ODU1NTA4NA==	6	5	0.0277777777778
XMTI4ODU1NjIxNg==	131	124	0.00285531146204
XMTI4ODU1NzE4OA==	92	83	0.00956994328922
XMTI4ODU1NzU3Mg==	7	3	0.326530612245
XMTI4ODU2MDQ4MA==	5	5	0.0
XMTI4ODU2NTQxNg==	14606	16014	0.00929271712058
XMTI4ODU2ODg4NA==	337	381	0.0170469054055
XMTI4ODU3MTE0OA==	3013	1322	0.314984332193
XMTI4ODU3MjI3Ng==	13	14	0.00591715976331
XMTI4ODU3NDUwOA==	174	166	0.00211388558594
XMTI4ODU3NjcwNA==	160	163	0.0003515625
XMTI4ODU3OTg2MA==	7	10	0.183673469388
XMTI4ODU4MTMzMg==	8	9	0.015625
XMTI4ODU4MzQwNA==	11	11	0.0
XMTI4ODU5MDk0OA==	3	3	0.0
XMTI4ODUwMTc5Mg==	58	28	0.267538644471
XMTI4ODUwMzQwOA==	24	20	0.0277777777778
XMTI4ODUwOTIzNg==	169	136	0.0381289170547
XMTI4ODUxMTAxNg==	125	123	0.000256
XMTI4ODUxNDIzNg==	167	154	0.0060597368138
XMTI4ODUxODMwMA==	142	119	0.0262348740329
XMTI4ODUxOTM3Mg==	13	3	0.591715976331
XMTI4ODUyMDIxMg==	55	62	0.0161983471074
XMTI4ODUyMDk4MA==	57	35	0.148968913512
XMTI4ODUyMjU1Mg==	20371	17503	0.0198213667131
XMTI4ODUyMzUyOA==	14	16	0.0204081632653
XMTI4ODUyNjA1Ng==	4857	5010	0.000992308370222
XMTI4ODUyNjY5Mg==	28	28	0.0
XMTI4ODUyODE1Ng==	18033	16191	0.0104338187066
XMTI4ODUyODM1Ng==	429	230	0.215174879511
XMTI4ODUyOTQyMA==	9338	9306	1.17433557492e-05
XMTI4ODUzMDQwNA==	170	155	0.00778546712803
XMTI4ODUzMzI5Mg==	7	7	0.0
XMTI4ODUzNzIxMg==	255	242	0.00259900038447
XMTI4ODY0MDQ0OA==	61	28	0.292663262564
XMTI4ODY0MjA0NA==	438	487	0.0125153770772
XMTI4ODY0MzI1Mg==	3	3	0.0
XMTI4ODY0NDk4OA==	15456	13751	0.0121689904006
XMTI4ODY0NjE3Ng==	68115	68155	3.44853359165e-07
XMTI4ODY0NzY5Mg==	174	64	0.399656493592
XMTI4ODY0OTU2MA==	413	212	0.2368601563
XMTI4ODY1MDM0NA==	98914	80099	0.0361820288731
XMTI4ODY1NTU5Mg==	17202	16019	0.00472946049959
XMTI4ODY1NTc0MA==	10	11	0.01
XMTI4ODY2MDI0MA==	522	561	0.00558197912538
XMTI4ODY2NTQ0OA==	26	24	0.00591715976331
XMTI4ODY2OTU4NA==	382	388	0.000246703763603
XMTI4ODY3NDU1Mg==	343	394	0.0221081352158
XMTI4ODY3NjU1Mg==	24	25	0.00173611111111
XMTI4ODY3NzkyNA==	10	11	0.01
XMTI4ODY3OTc2OA==	8	10	0.0625
XMTI4ODY4NDE0OA==	33	35	0.00367309458219
XMTI4ODY4OTk3Mg==	9	13	0.197530864198
XMTI4ODY5MDkwNA==	16	20	0.0625
XMTI4ODY5MjIyNA==	1423	1451	0.000387174068819
XMTI4ODY5Nzc1Mg==	47	38	0.0366681756451
XMTI4ODYwNzU3Ng==	94	81	0.0191263014939
XMTI4ODYwOTcyNA==	13	10	0.0532544378698
XMTI4ODYxMTQwOA==	273	184	0.10628077661
XMTI4ODYxNzIyNA==	18	15	0.0277777777778
XMTI4ODYxODUwNA==	40	25	0.140625
XMTI4ODYyMDcwNA==	11	11	0.0
XMTI4ODYyMzQwOA==	975	804	0.0307597633136
XMTI4ODYyNTc1Ng==	42	51	0.0459183673469
XMTI4ODYzNzYzMg==	22	23	0.00206611570248
XMTI4ODYzOTY5Ng==	7350	4431	0.15772244898
XMTI4ODc0MjkwMA==	255	189	0.0669896193772
XMTI4ODc0NDY0OA==	9	10	0.0123456790123
XMTI4ODc0NTA0NA==	482	539	0.0139847798764
XMTI4ODc0NTc2OA==	614029	681987	0.0122490783444
XMTI4ODc0Njc4NA==	18	25	0.151234567901
XMTI4ODc1MTIzNg==	3	3	0.0
XMTI4ODc1MjMxMg==	13	14	0.00591715976331
XMTI4ODc1ODAyMA==	52	57	0.00924556213018
XMTI4ODc1OTQ5Ng==	2	2	0.0
XMTI4ODc2MTQxMg==	2441	1317	0.212029878085
XMTI4ODc2NTgzNg==	135	146	0.00663923182442
XMTI4ODc2ODAwNA==	14	16	0.0204081632653
XMTI4ODc2ODk2OA==	933	1002	0.00546933964703
XMTI4ODc3MDg2OA==	4367	4132	0.0028958051804
XMTI4ODc3MzA0MA==	8089	8066	8.08473894569e-06
XMTI4ODc3NTIyMA==	19	19	0.0
XMTI4ODc3NzE3Mg==	23	16	0.0926275992439
XMTI4ODc3NzczMg==	12032	12360	0.000743142400407
XMTI4ODc4MzEzMg==	9	10	0.0123456790123
XMTI4ODc4OTYwMA==	76	52	0.0997229916898
XMTI4ODc4OTk0NA==	690	886	0.0806889308969
XMTI4ODc5ODg4OA==	13	16	0.0532544378698
XMTI4ODc5OTYxNg==	85	72	0.0233910034602
XMTI4ODcwMTY1Mg==	9306	725	0.850256004402
XMTI4ODcwNDI4OA==	661407	714384	0.00641559807849
XMTI4ODcwNDkwMA==	117	141	0.0420775805391
XMTI4ODcwNjEzMg==	176	201	0.020176911157
XMTI4ODcwNzg4MA==	62	64	0.00104058272633
XMTI4ODcwOTI2MA==	4	5	0.0625
XMTI4ODcxMjUyOA==	11	10	0.00826446280992
XMTI4ODcxMjc3Mg==	58	55	0.00267538644471
XMTI4ODcxMzYwOA==	5	6	0.04
XMTI4ODcxNzg3Ng==	24	16	0.111111111111
XMTI4ODcyMDcyOA==	9	10	0.0123456790123
XMTI4ODcyMjE0OA==	23	24	0.00189035916824
XMTI4ODcyMzMyOA==	136	22	0.702638408304
XMTI4ODcyNDAxMg==	9	11	0.0493827160494
XMTI4ODcyNjIwMA==	21	18	0.0204081632653
XMTI4ODczNDA4MA==	24597	20341	0.0299391148521
XMTI4ODczNjM2MA==	210	214	0.000362811791383
XMTI4ODczOTI0OA==	846	968	0.0207959581734
XMTI4ODg0NDQ2MA==	30	23	0.0544444444444
XMTI4ODg1Nzc0MA==	14	12	0.0204081632653
XMTI4ODg2MjIzMg==	8	8	0.0
XMTI4ODgwNDQ0NA==	32	26	0.03515625
XMTI4ODgwNTY0NA==	5	5	0.0
XMTI4ODgyMTA1Mg==	229	243	0.0037375336092
XMTI4ODgyNDc1Mg==	115	77	0.109187145558
XMTI4ODgyNzI2MA==	37	29	0.0467494521549
XMTI4ODgyOTY4OA==	164	171	0.00182183224271
XMTI4ODgzMzg3Ng==	30	26	0.0177777777778
Proposed PBML+BP2 MRSE = 0.0969831514271
