XMTM2MDk2Mzk4OA==	61345	49717	0.0359295439349
XMTM2MTM3Mzc5Ng==	2825	2258	0.0402836870546
XMTM2MTA0NzI0OA==	1934	2477	0.0788291274948
XMTM2MDc2NzM3Ng==	57	61	0.00492459218221
XMTM2MTcxNjg5Mg==	894	706	0.0442222322318
XMTM2MTQzNTQwMA==	351	249	0.0844473664986
XMTM2MTUwNjE0OA==	206	175	0.0226458667169
XMTM2MTQ1Mzg0NA==	24	31	0.0850694444444
XMTM2MTM0OTcyNA==	19455	17907	0.00633110392347
XMTM2MTE0NDc2OA==	276104	291957	0.00329668553376
XMTM2MTIyNjI2MA==	66	51	0.051652892562
XMTM2MTAyMjAwOA==	45	46	0.000493827160494
XMTM2MTU5NzE0NA==	332	331	9.07243431558e-06
XMTM2MTQzMDg1Mg==	342	310	0.00875483054615
XMTM2MDc5Njg0MA==	1105	876	0.042948342581
XMTM2MTQ4Nzg2NA==	792	812	0.000637690031629
XMTM2MTUzNjg5Ng==	402	248	0.146753793223
XMTM2MTQ3MzkwNA==	132	97	0.0703053259871
XMTM2MTMyMzM2OA==	85	102	0.04
XMTM2MTY0MTgwMA==	106	120	0.0174439302243
XMTM2MTIwNTQzMg==	1180	968	0.0322780810112
XMTM2MTA5NTczMg==	96109	91155	0.00265695309444
XMTM2MTExMDI3Mg==	661	656	5.72185818489e-05
XMTM2MDg3MDU0MA==	224	255	0.0191525829082
XMTM2MTQ5MDk5Mg==	8158	8989	0.0103761118738
XMTM2MTQ1NDI4MA==	674	678	3.5220878937e-05
XMTM2MTI1MTgzMg==	3322	3211	0.00111646908338
XMTM2MTQwNDQwOA==	110	105	0.00206611570248
XMTM2MTYyNDA4OA==	150	160	0.00444444444444
XMTM2MTIzNTI2NA==	436	388	0.012120191903
XMTM2MDgwMzk4NA==	181	203	0.0147736638076
XMTM2MTYxMzc4NA==	5539	5479	0.000117338294223
XMTM2MTU2MjE1Mg==	20651	23021	0.013170871682
XMTM2MTQ4Nzk0OA==	281	278	0.000113980319398
XMTM2MDg5MDQ1Ng==	493	433	0.0148118280676
XMTM2MTQ2MTg2OA==	3783	3563	0.00338199280292
XMTM2MTExOTYxNg==	14356	6122	0.328968887396
XMTM2MTMzMzYyNA==	80	101	0.06890625
XMTM2MTIyMTc1Mg==	884372	805459	0.00796209106045
XMTM2MTI3MTk0MA==	32	33	0.0009765625
XMTM2MTUzMDE3Mg==	68	80	0.0311418685121
XMTM2MTE5NjYwMA==	1005	862	0.020246033514
XMTM2MTU1NDQyOA==	1117	1152	0.000981815179905
XMTM2MTQ5ODk5Mg==	652	786	0.0422390756144
XMTM2MDc3MTgwMA==	42	36	0.0204081632653
XMTM2MTMwNDQ4MA==	245	212	0.0181424406497
XMTM2MTMxMTk0MA==	2786	2051	0.0696005151385
XMTM2MTU5MTA4NA==	285	308	0.00651277316097
XMTM2MTM2MjU4OA==	96047	91362	0.00237931302337
XMTM2MTMzNTIyNA==	4151	4202	0.000150950614542
XMTM2MTU4NjQ4MA==	10670	16054	0.254613404258
XMTM2MTU2MTE2OA==	12326	13502	0.00910270182093
XMTM2MDgxNDg1Ng==	156	200	0.0795529257068
XMTM2MDk1MTk4OA==	36	25	0.0933641975309
XMTM2MDczNDQ2MA==	80	68	0.0225
XMTM2MTUzMTEzMg==	134	92	0.0982401425707
XMTM2MTI4MzMwMA==	2268	52	0.954670299761
XMTM2MDg0NzUzNg==	163	174	0.00455417968309
XMTM2MTUxNTI0MA==	684	668	0.000547176909134
XMTM2MDg2MzgyNA==	94	94	0.0
XMTM2MDg5MjM5Ng==	891	392	0.313650282599
XMTM2MTAxNzA0NA==	63	42	0.111111111111
XMTM2MDk0NjY4MA==	200	212	0.0036
XMTM2MTE1MDUyMA==	16206	14733	0.00826140331422
XMTM2MTYwMDIwNA==	770	861	0.0139669421488
XMTM2MDk2NjM2MA==	22402	22086	0.000198975946587
XMTM2MTM1MTM4MA==	5787	5540	0.00182174229679
XMTM2MTM1Nzg3Ng==	5908	6262	0.00359025710866
XMTM2MTIyMjEwOA==	59184	81040	0.136374363325
XMTM2MTIwNjY5Ng==	21254	16764	0.0446284012905
XMTM2MTY1NzQ4OA==	10	10	0.0
XMTM2MTUyNTU0OA==	116	82	0.0859096313912
XMTM2MTU1MTc3Mg==	13581	657	0.905587460437
XMTM2MTYzMTU4MA==	476	418	0.0148471153167
XMTM2MTQ4NzE4MA==	126	69	0.204648526077
XMTM2MTYyMDQ5Ng==	347	408	0.0309030055893
XMTM2MTQzNzU0OA==	715	214	0.49097951
XMTM2MDk2MDE5Ng==	3308	2656	0.0388475996777
XMTM2MDkzNDEzMg==	529	610	0.0234454565271
XMTM2MTQ5MzMxNg==	2870	2273	0.0432697981037
XMTM2MTIxNDU1Mg==	1663	1493	0.0104499291104
XMTM2MTYwMzkzMg==	743	519	0.0908904825477
XMTM2MTU5NzYzNg==	18	15	0.0277777777778
XMTM2MTM3NDk1Ng==	2622	2773	0.00331656505041
XMTM2MDc3Mzk0MA==	131932	152159	0.023505129959
XMTM2MTMyMzc3Ng==	3737	3435	0.00653081964135
XMTM2MTUwMjQwNA==	68010	67893	2.95955335456e-06
XMTM2MTMzMDYyNA==	285	304	0.00444444444444
XMTM2MDgwMzUyOA==	472	520	0.0103418557886
XMTM2MTUzNDg3Ng==	85	78	0.00678200692042
XMTM2MTYwOTMzMg==	2690	2818	0.00226420309283
XMTM2MTI5ODMzMg==	215	246	0.0207896160087
XMTM2MTA2Nzk5Ng==	1516	986	0.122223111786
XMTM2MTI3MDc5Ng==	22	22	0.0
XMTM2MTc0MjQ0NA==	81	32	0.365950312452
XMTM2MTQ3NjcwMA==	3879	3878	6.64600158932e-08
XMTM2MDc1MTkwOA==	81169	76227	0.00370702138277
XMTM2MTMyNDkyNA==	19113	16918	0.0131889836402
XMTM2MTU5NjI5Mg==	173	167	0.00120284673728
XMTM2MTI3Njk0NA==	46672	44829	0.00155932932681
XMTM2MTIzNDk0MA==	40415	25623	0.133957992337
XMTM2MTU4NDE2MA==	1833	1885	0.000804788491525
XMTM2MTE4OTcxNg==	50	55	0.01
XMTM2MDk1NzM0MA==	93	98	0.00289050757313
XMTM2MTI3MTEyMA==	48	43	0.0108506944444
XMTM2MTU3NjA0MA==	5962	3483	0.172889695793
XMTM2MTQxMDIwMA==	17971	16936	0.00331692927353
XMTM2MTQ2ODg0OA==	129	73	0.188450213329
XMTM2MTIxNTAyNA==	697	629	0.00951814396193
XMTM2MTY0MTI2NA==	870	1023	0.0309274673008
XMTM2MTQ5MzQ1Mg==	777	621	0.0403094766029
XMTM2MTMxMTY0MA==	63569	35815	0.190616463861
XMTM2MTU1ODMyNA==	48347	40658	0.0252930184301
XMTM2MTM1NjI4MA==	140322	64951	0.288507443687
XMTM2MTE5MjEzNg==	86	78	0.00865332612223
XMTM2MTMyNjg5Ng==	2884	2513	0.0165484494297
XMTM2MTYzMjI3Mg==	82	69	0.0251338488995
XMTM2MTYxNDU4MA==	688	585	0.0224128752028
XMTM2MTU4NDU5Mg==	102	100	0.000384467512495
XMTM2MTA1ODE1Ng==	21358	18034	0.0242214905772
XMTM2MDgzMzY5Mg==	161	165	0.000617260136569
XMTM2MTQwMjQ4NA==	1053	1029	0.000519476302952
XMTM2MTQyNjM2NA==	154	96	0.141845167819
XMTM2MDc1Mzc0MA==	180	214	0.0356790123457
XMTM2MTEwOTY4NA==	8063	5172	0.128559111938
XMTM2MTQ4NzE0NA==	2132	2110	0.00010648071555
XMTM2MDY3ODU2NA==	115	99	0.0193572778828
XMTM2MTMyODY0MA==	20148	19708	0.000476915534199
XMTM2MTYzMzg2OA==	3235	3084	0.00217873958754
XMTM2MTUxMzkzMg==	7231	6495	0.0103599797282
XMTM2MTYwMTI4OA==	1713	1897	0.0115377445713
XMTM2MTIwMTEwOA==	2262	1864	0.0309585736276
XMTM2MTYzNjI3Ng==	4232	4430	0.0021889662344
XMTM2MDk2NzQxMg==	28935	32468	0.0149087180472
XMTM2MTYyNzE4OA==	98	66	0.106622240733
XMTM2MTI5MzUwMA==	42567	39736	0.00442317020902
XMTM2MTI3NzY4MA==	12	15	0.0625
XMTM2MTQ0MjY5Ng==	81	74	0.00746837372352
XMTM2MTQ3ODA4MA==	41	41	0.0
XMTM2MTA2ODk5Ng==	1619	983	0.154319402738
XMTM2MTUwMjYzMg==	383	371	0.000981668700448
XMTM2MTUwNzg4MA==	3742	1320	0.418929276095
XMTM2MTU5NjU3Ng==	3711	3938	0.00374170725223
XMTM2MDkyODY2MA==	2279	928	0.351416418023
XMTM2MTU4ODAxNg==	10106	10005	9.9881293907e-05
XMTM2MTE0ODc2OA==	417	464	0.0127035062597
XMTM2MTU2NDg4OA==	4996	5506	0.010420666397
XMTM2MDk3NzU0NA==	80698	66112	0.0326698300789
XMTM2MTM2NDU5Mg==	284	294	0.0012398333664
XMTM2MTM4NTk2MA==	42	44	0.00226757369615
XMTM2MTI4MDY4OA==	2426	23	0.981128629188
XMTM2MTU5NDEzNg==	160	161	3.90625e-05
XMTM2MTM0ODMxNg==	530	604	0.0194944820221
XMTM2MTU0MzAwMA==	1766	1795	0.000269658799855
XMTM2MTE3MzU1Mg==	100	139	0.1521
XMTM2MTUzMzU4NA==	34857	25887	0.0662223934504
XMTM2MTUzNjIwOA==	33	33	0.0
XMTM2MTA5ODE3Ng==	35	32	0.00734693877551
XMTM2MTYzOTUyMA==	1701	1657	0.000669108775451
XMTM2MTUxMDA5Mg==	1228	1223	1.65784252353e-05
XMTM2MTQyMTI0OA==	444	582	0.0966033601169
XMTM2MDc0NTg4OA==	165410	143538	0.0174845102157
XMTM2MTAwNjM3Mg==	3165	3047	0.00139000571516
XMTI4NDg5NzMzNg==	1865	2006	0.00571584644467
XMTI4Nzc5ODgxMg==	16565	15911	0.00155873618083
XMTI4Nzk4NTY3Mg==	5948	5317	0.0112542562328
XMTI4Nzk5NDU4MA==	80922	46028	0.18593806098
XMTI4ODA1NTA0NA==	117	111	0.00262984878369
XMTI4ODA2MDg3Mg==	36	30	0.0277777777778
XMTI4ODA2NjEwNA==	95	97	0.000443213296399
XMTI4ODAwMDg2MA==	65	79	0.0463905325444
XMTI4ODAyMTYyNA==	274	311	0.0182348553466
XMTI4ODAyNDc0NA==	2853	3061	0.00531524302949
XMTI4ODAzOTc2MA==	15577	15520	1.33900460788e-05
XMTI4ODE1NTkxNg==	504556	662677	0.0982110500671
XMTI4ODE1OTU4NA==	1567	1404	0.0108202480239
XMTI4ODE2NjkwMA==	7049	6910	0.000388843263441
XMTI4ODExMjAzNg==	3277	851	0.548060762126
XMTI4ODExNzEyNA==	63	55	0.0161249685059
XMTI4ODEyMDAzNg==	647	796	0.0530351712457
XMTI4ODEzNDY0MA==	2080	1837	0.0136485299556
XMTI4ODI0MzA5Mg==	487	572	0.0304635091433
XMTI4ODI1NDAwOA==	1497	1601	0.0048263973951
XMTI4ODI2NDYxMg==	224	179	0.040357940051
XMTI4ODI3NTUwNA==	121240	125038	0.00098133675543
XMTI4ODI4NzQwNA==	548	496	0.00900420906814
XMTI4ODI5MjcwOA==	17550	15947	0.00834281864595
XMTI4ODI5NjYzNg==	2076	2059	6.70568493583e-05
XMTI4ODIwODQ0OA==	24554	23910	0.000687903044762
XMTI4ODIxNTE3Ng==	29	24	0.0297265160523
XMTI4ODIyNjgwNA==	1314	1207	0.00663096636387
XMTI4ODM0MTAwOA==	500	542	0.007056
XMTI4ODM1MDQ2OA==	230	216	0.00370510396975
XMTI4ODM3NjM3Ng==	120620	155358	0.0829413258382
XMTI4ODM4NDA4MA==	19861	11053	0.196676462869
XMTI4ODM4NzA0OA==	464	399	0.0196241453627
XMTI4ODM4Nzc2OA==	2	1	0.25
XMTI4ODM5MzcwNA==	20453	3922	0.65325721501
XMTI4ODMwNDI0OA==	594	558	0.00367309458219
XMTI4ODMwODY0NA==	1	1	0.0
XMTI4ODMyNTA0OA==	1208	1199	5.55074338845e-05
XMTI4ODQ0Mzc5Mg==	4661	2518	0.211390826231
XMTI4ODQ2ODQ2NA==	62	60	0.00104058272633
XMTI4ODQ3NDEwNA==	81	73	0.00975461057766
XMTI4ODQ3ODQwNA==	11	13	0.0330578512397
XMTI4ODQ4NTc0NA==	2013	1972	0.000414839558765
XMTI4ODQwODE2NA==	13775	15031	0.00831373282697
XMTI4ODQxMjE4NA==	657	752	0.0209081916094
XMTI4ODQyNTY4NA==	2037	2071	0.000278596576974
XMTI4ODQyODkyOA==	44622	50479	0.0172286950623
XMTI4ODU0NzA1Mg==	578	721	0.0612091569785
XMTI4ODU0ODk4MA==	9622	13983	0.2054194056
XMTI4ODU2MjY4NA==	31	35	0.0166493236212
XMTI4ODU2NTM0NA==	166291	156631	0.00337455695828
XMTI4ODU2OTg0NA==	662	715	0.00640967132465
XMTI4ODU3OTg1Mg==	6695	6657	3.22155856281e-05
XMTI4ODU5MzA1Ng==	431	429	2.15330451494e-05
XMTI4ODUxMTQzNg==	4200877	4841124	0.0232281794666
XMTI4ODUxNTAyOA==	76	60	0.0443213296399
XMTI4ODUyMjk4MA==	9	10	0.0123456790123
XMTI4ODUyODQ1Mg==	1637	1965	0.0401467439917
XMTI4ODUzMTc0OA==	654	674	0.000935199992518
XMTI4ODUzNjYwOA==	851	538	0.135278741675
XMTI4ODY1NTA2MA==	56	54	0.00127551020408
XMTI4ODY1NzA2OA==	82	32	0.371802498513
XMTI4ODY3NTI4MA==	31731	33582	0.00340286969692
XMTI4ODY4NjY1Ng==	57211	63420	0.0117783442059
XMTI4ODY5MTU4NA==	603	815	0.123605301299
XMTI4ODY5NzE2NA==	299692	15829	0.897154575855
XMTI4ODYwMTk0MA==	15	14	0.00444444444444
XMTI4ODYxNDI1Ng==	10	11	0.01
XMTI4ODYxNzg0OA==	1077	872	0.0362306658425
XMTI4ODYzMDQwNA==	749	686	0.00707485369901
XMTI4ODc0Nzk4MA==	298	269	0.0094702941309
XMTI4ODc1MjQzNg==	688	785	0.0198777210654
XMTI4ODc1NjQ4OA==	9522	10076	0.00338503509113
XMTI4ODc1Nzg3Mg==	130	145	0.0133136094675
XMTI4ODc2OTAzNg==	219	272	0.0585684201747
XMTI4ODc3MDQ4MA==	2240	2554	0.0196500318878
XMTI4ODc3NDg4NA==	19378	20396	0.0027598002704
XMTI4ODc3OTQ3Ng==	752	628	0.0271899049344
XMTI4ODc3OTgwNA==	369	381	0.00105757155133
XMTI4ODc4MTkyMA==	36548	34912	0.00200373076435
XMTI4ODc4OTA3Mg==	86	82	0.00216333153056
XMTI4ODc4OTYzNg==	106	35	0.448647205411
XMTI4ODcwMjE4MA==	910	966	0.00378698224852
XMTI4ODcwNjUxMg==	142	179	0.0678932751438
XMTI4ODcwNzQyOA==	42237	47681	0.0166130780623
XMTI4ODcwNzkyMA==	51420	50102	0.000657001976236
XMTI4ODcwODczNg==	13440	17364	0.0852431441327
XMTI4ODcxMTMzNg==	107	120	0.0147611145078
XMTI4ODcxNDc2NA==	205	202	0.000214158239143
XMTI4ODcxNTQyNA==	2121	2086	0.000272304458169
XMTI4ODcxNTgxMg==	1465	1458	2.2830784284e-05
XMTI4ODcyMDM4OA==	171	161	0.00341985568209
XMTI4ODcyNDA3Ng==	935	863	0.00592982355801
XMTI4ODcyNzYzNg==	19	26	0.135734072022
XMTI4ODcyOTYxNg==	48	51	0.00390625
XMTI4ODczNDcwOA==	402	437	0.00758025791441
XMTI4ODczNzYyOA==	17	17	0.0
XMTI4ODczODIyOA==	277	280	0.000117295937651
XMTI4ODg0MDAyMA==	6937	2761	0.362391156521
XMTI4ODg0MDUxMg==	111667	44150	0.365575073872
XMTI4ODg0NjgyNA==	1095	1232	0.0156535518442
XMTI4ODg0OTYwNA==	51	56	0.00961168781238
XMTI4ODg2Mzk5Mg==	136	114	0.0261678200692
XMTI4ODg2NDcyMA==	109	113	0.00134668798923
XMTI4ODg2NTUzNg==	444	444	0.0
XMTI4ODgwMjk5Ng==	41	31	0.059488399762
XMTI4ODgxMDk1Mg==	261	288	0.0107015457788
XMTI4ODgxNTU5Mg==	5539	6359	0.0219161858431
XMTI4ODgyMDQxMg==	457	509	0.0129471532064
XMTI4ODgyMjUyNA==	111	122	0.00982063144225
XMTI4ODgyNjAwNA==	89282	85746	0.00156854395038
XMTI4ODgzNDYwOA==	159	123	0.0512637949448
Proposed PBML+BP3 MRSE = 0.0617250550117
