XMTM2MDk2Mzk4OA==	61345	50126	0.0334464442883
XMTM2MTM3Mzc5Ng==	2825	2201	0.0487901636777
XMTM2MTA0NzI0OA==	1934	2523	0.092750796983
XMTM2MDc2NzM3Ng==	57	61	0.00492459218221
XMTM2MTcxNjg5Mg==	894	707	0.0437530341476
XMTM2MTQzNTQwMA==	351	225	0.128862590401
XMTM2MTUwNjE0OA==	206	182	0.0135733810915
XMTM2MTQ1Mzg0NA==	24	30	0.0625
XMTM2MTM0OTcyNA==	19455	17954	0.00595249328578
XMTM2MTE0NDc2OA==	276104	260215	0.00331167518027
XMTM2MTIyNjI2MA==	66	53	0.0387970615243
XMTM2MTAyMjAwOA==	45	45	0.0
XMTM2MTU5NzE0NA==	332	329	8.16519088402e-05
XMTM2MTQzMDg1Mg==	342	261	0.0560941828255
XMTM2MDc5Njg0MA==	1105	779	0.0870383489282
XMTM2MTQ4Nzg2NA==	792	797	3.98556269768e-05
XMTM2MTUzNjg5Ng==	402	246	0.150590331922
XMTM2MTQ3MzkwNA==	132	89	0.106117998163
XMTM2MTMyMzM2OA==	85	105	0.0553633217993
XMTM2MTY0MTgwMA==	106	117	0.0107689569242
XMTM2MTIwNTQzMg==	1180	983	0.0278720195346
XMTM2MTA5NTczMg==	96109	88925	0.00558733267347
XMTM2MTExMDI3Mg==	661	634	0.00166849384671
XMTM2MDg3MDU0MA==	224	272	0.0459183673469
XMTM2MTQ5MDk5Mg==	8158	9054	0.0120628136111
XMTM2MTQ1NDI4MA==	674	663	0.000266357896961
XMTM2MTI1MTgzMg==	3322	3276	0.000191741626527
XMTM2MTQwNDQwOA==	110	102	0.00528925619835
XMTM2MTYyNDA4OA==	150	159	0.0036
XMTM2MTIzNTI2NA==	436	375	0.0195743203434
XMTM2MDgwMzk4NA==	181	198	0.00882146454626
XMTM2MTYxMzc4NA==	5539	5615	0.000188262774286
XMTM2MTU2MjE1Mg==	20651	22976	0.0126754603493
XMTM2MTQ4Nzk0OA==	281	271	0.00126644799331
XMTM2MDg5MDQ1Ng==	493	425	0.0190249702735
XMTM2MTQ2MTg2OA==	3783	3496	0.00575560671868
XMTM2MTExOTYxNg==	14356	6495	0.299839395219
XMTM2MTMzMzYyNA==	80	93	0.02640625
XMTM2MTIyMTc1Mg==	884372	804354	0.00818663478705
XMTM2MTI3MTk0MA==	32	33	0.0009765625
XMTM2MTUzMDE3Mg==	68	73	0.00540657439446
XMTM2MTE5NjYwMA==	1005	880	0.015469914111
XMTM2MTU1NDQyOA==	1117	1151	0.000926512937118
XMTM2MTQ5ODk5Mg==	652	802	0.0529282246227
XMTM2MDc3MTgwMA==	42	35	0.0277777777778
XMTM2MTMwNDQ4MA==	245	201	0.0322532278217
XMTM2MTMxMTk0MA==	2786	2068	0.0664181331228
XMTM2MTU5MTA4NA==	285	300	0.00277008310249
XMTM2MTM2MjU4OA==	96047	93298	0.000819184772898
XMTM2MTMzNTIyNA==	4151	4341	0.0020950854229
XMTM2MTU4NjQ4MA==	10670	15449	0.20060660226
XMTM2MTU2MTE2OA==	12326	14072	0.0200652304482
XMTM2MDgxNDg1Ng==	156	185	0.0345578566732
XMTM2MDk1MTk4OA==	36	26	0.0771604938272
XMTM2MDczNDQ2MA==	80	67	0.02640625
XMTM2MTUzMTEzMg==	134	92	0.0982401425707
XMTM2MTI4MzMwMA==	2268	48	0.958119873464
XMTM2MDg0NzUzNg==	163	173	0.00376378486206
XMTM2MTUxNTI0MA==	684	713	0.0017975616429
XMTM2MDg2MzgyNA==	94	90	0.00181077410593
XMTM2MDg5MjM5Ng==	891	366	0.347186794998
XMTM2MTAxNzA0NA==	63	41	0.121945074326
XMTM2MDk0NjY4MA==	200	204	0.0004
XMTM2MTE1MDUyMA==	16206	15187	0.00395363614846
XMTM2MTYwMDIwNA==	770	840	0.00826446280992
XMTM2MDk2NjM2MA==	22402	24335	0.00744543578438
XMTM2MTM1MTM4MA==	5787	5674	0.000381285177395
XMTM2MTM1Nzg3Ng==	5908	6416	0.00739343827196
XMTM2MTIyMjEwOA==	59184	79979	0.123455152837
XMTM2MTIwNjY5Ng==	21254	15328	0.0777395355795
XMTM2MTY1NzQ4OA==	10	12	0.04
XMTM2MTUyNTU0OA==	116	69	0.164164684899
XMTM2MTU1MTc3Mg==	13581	572	0.917538568885
XMTM2MTYzMTU4MA==	476	451	0.00275845632371
XMTM2MTQ4NzE4MA==	126	74	0.170319979844
XMTM2MTYyMDQ5Ng==	347	317	0.00747452432958
XMTM2MTQzNzU0OA==	715	236	0.448806298597
XMTM2MDk2MDE5Ng==	3308	2709	0.0327885825868
XMTM2MDkzNDEzMg==	529	559	0.00321611200646
XMTM2MTQ5MzMxNg==	2870	2271	0.0435601986184
XMTM2MTIxNDU1Mg==	1663	1501	0.00948954808215
XMTM2MTYwMzkzMg==	743	517	0.0925207726126
XMTM2MTU5NzYzNg==	18	13	0.0771604938272
XMTM2MTM3NDk1Ng==	2622	2742	0.00209458079584
XMTM2MDc3Mzk0MA==	131932	154669	0.0297006552932
XMTM2MTMyMzc3Ng==	3737	3433	0.00661760699065
XMTM2MTUwMjQwNA==	68010	66620	0.000417718827989
XMTM2MTMzMDYyNA==	285	322	0.0168544167436
XMTM2MDgwMzUyOA==	472	503	0.00431359523126
XMTM2MTUzNDg3Ng==	85	87	0.000553633217993
XMTM2MTYwOTMzMg==	2690	2842	0.00319288014262
XMTM2MTI5ODMzMg==	215	245	0.019469983775
XMTM2MTA2Nzk5Ng==	1516	978	0.125940713306
XMTM2MTI3MDc5Ng==	22	21	0.00206611570248
XMTM2MTc0MjQ0NA==	81	32	0.365950312452
XMTM2MTQ3NjcwMA==	3879	3808	0.000335024940118
XMTM2MDc1MTkwOA==	81169	77019	0.00261406150949
XMTM2MTMyNDkyNA==	19113	17656	0.00581114060879
XMTM2MTU5NjI5Mg==	173	190	0.00965618630759
XMTM2MTI3Njk0NA==	46672	45057	0.00119738063409
XMTM2MTIzNDk0MA==	40415	25247	0.140854742403
XMTM2MTU4NDE2MA==	1833	1863	0.000267865992002
XMTM2MTE4OTcxNg==	50	55	0.01
XMTM2MDk1NzM0MA==	93	83	0.0115620302925
XMTM2MTI3MTEyMA==	48	42	0.015625
XMTM2MTU3NjA0MA==	5962	3571	0.160833017025
XMTM2MTQxMDIwMA==	17971	16613	0.005710249067
XMTM2MTQ2ODg0OA==	129	74	0.181779941109
XMTM2MTIxNTAyNA==	697	656	0.00346020761246
XMTM2MTY0MTI2NA==	870	930	0.00475624256837
XMTM2MTQ5MzQ1Mg==	777	616	0.0429348267186
XMTM2MTMxMTY0MA==	63569	35369	0.196792008111
XMTM2MTU1ODMyNA==	48347	42165	0.0163500445415
XMTM2MTM1NjI4MA==	140322	68252	0.263789504466
XMTM2MTE5MjEzNg==	86	77	0.0109518658734
XMTM2MTMyNjg5Ng==	2884	2386	0.0298172902868
XMTM2MTYzMjI3Mg==	82	73	0.0120464009518
XMTM2MTYxNDU4MA==	688	589	0.020705871417
XMTM2MTU4NDU5Mg==	102	110	0.00615148019992
XMTM2MTA1ODE1Ng==	21358	18562	0.0171377250055
XMTM2MDgzMzY5Mg==	161	183	0.0186721191312
XMTM2MTQwMjQ4NA==	1053	1066	0.000152415790276
XMTM2MTQyNjM2NA==	154	102	0.114015854276
XMTM2MDc1Mzc0MA==	180	213	0.0336111111111
XMTM2MTEwOTY4NA==	8063	5300	0.117427130995
XMTM2MTQ4NzE0NA==	2132	2046	0.00162713093432
XMTM2MDY3ODU2NA==	115	86	0.0635916824197
XMTM2MTMyODY0MA==	20148	19160	0.00240463965504
XMTM2MTYzMzg2OA==	3235	3107	0.00156556595773
XMTM2MTUxMzkzMg==	7231	6570	0.00835614939526
XMTM2MTYwMTI4OA==	1713	1890	0.0106765713515
XMTM2MTIwMTEwOA==	2262	1847	0.0336597582322
XMTM2MTYzNjI3Ng==	4232	4357	0.00087242621703
XMTM2MDk2NzQxMg==	28935	34410	0.0358031529349
XMTM2MTYyNzE4OA==	98	64	0.120366513953
XMTM2MTI5MzUwMA==	42567	38668	0.00838996952856
XMTM2MTI3NzY4MA==	12	16	0.111111111111
XMTM2MTQ0MjY5Ng==	81	61	0.0609663161103
XMTM2MTQ3ODA4MA==	41	41	0.0
XMTM2MTA2ODk5Ng==	1619	982	0.154805065389
XMTM2MTUwMjYzMg==	383	361	0.00329949757651
XMTM2MTUwNzg4MA==	3742	1329	0.415821630953
XMTM2MTU5NjU3Ng==	3711	3958	0.00443008437485
XMTM2MDkyODY2MA==	2279	933	0.348820073622
XMTM2MTU4ODAxNg==	10106	9935	0.000286308098729
XMTM2MTE0ODc2OA==	417	487	0.0281788957323
XMTM2MTU2NDg4OA==	4996	6167	0.0549375048478
XMTM2MDk3NzU0NA==	80698	65419	0.0358479494901
XMTM2MTM2NDU5Mg==	284	300	0.00317397341797
XMTM2MTM4NTk2MA==	42	44	0.00226757369615
XMTM2MTI4MDY4OA==	2426	21	0.982762481743
XMTM2MTU5NDEzNg==	160	158	0.00015625
XMTM2MTM0ODMxNg==	530	597	0.0159807760769
XMTM2MTU0MzAwMA==	1766	1818	0.000867012360056
XMTM2MTE3MzU1Mg==	100	143	0.1849
XMTM2MTUzMzU4NA==	34857	27322	0.0467290014228
XMTM2MTUzNjIwOA==	33	33	0.0
XMTM2MTA5ODE3Ng==	35	32	0.00734693877551
XMTM2MTYzOTUyMA==	1701	1696	8.64035092267e-06
XMTM2MTUxMDA5Mg==	1228	1075	0.0155233742533
XMTM2MTQyMTI0OA==	444	583	0.0980084814544
XMTM2MDc0NTg4OA==	165410	144216	0.0164173227723
XMTM2MTAwNjM3Mg==	3165	3240	0.000561532759821
XMTI4NDg5NzMzNg==	1865	2186	0.0296245930036
XMTI4Nzc5ODgxMg==	16565	15412	0.0048447986688
XMTI4Nzk4NTY3Mg==	5948	5349	0.0101417225459
XMTI4Nzk5NDU4MA==	80922	45674	0.189729885157
XMTI4ODA1NTA0NA==	117	112	0.00182628387757
XMTI4ODA2MDg3Mg==	36	31	0.0192901234568
XMTI4ODA2NjEwNA==	95	94	0.0001108033241
XMTI4ODAwMDg2MA==	65	81	0.0605917159763
XMTI4ODAyMTYyNA==	274	323	0.031980925995
XMTI4ODAyNDc0NA==	2853	3298	0.0243285641853
XMTI4ODAzOTc2MA==	15577	15081	0.00101390137769
XMTI4ODE1NTkxNg==	504556	688067	0.13228343192
XMTI4ODE1OTU4NA==	1567	1367	0.0162900342864
XMTI4ODE2NjkwMA==	7049	6716	0.00223168783395
XMTI4ODExMjAzNg==	3277	736	0.601251879994
XMTI4ODExNzEyNA==	63	54	0.0204081632653
XMTI4ODEyMDAzNg==	647	778	0.0409952963266
XMTI4ODEzNDY0MA==	2080	1801	0.0179920950444
XMTI4ODI0MzA5Mg==	487	603	0.0567359140528
XMTI4ODI1NDAwOA==	1497	1572	0.0025100300802
XMTI4ODI2NDYxMg==	224	178	0.0421715561224
XMTI4ODI3NTUwNA==	121240	121934	3.27662760297e-05
XMTI4ODI4NzQwNA==	548	483	0.014069076669
XMTI4ODI5MjcwOA==	17550	16901	0.00136752461425
XMTI4ODI5NjYzNg==	2076	2003	0.00123649117727
XMTI4ODIwODQ0OA==	24554	24168	0.000247132638732
XMTI4ODIxNTE3Ng==	29	25	0.0190249702735
XMTI4ODIyNjgwNA==	1314	1125	0.0206886845562
XMTI4ODM0MTAwOA==	500	557	0.012996
XMTI4ODM1MDQ2OA==	230	210	0.00756143667297
XMTI4ODM3NjM3Ng==	120620	152063	0.067953104574
XMTI4ODM4NDA4MA==	19861	9705	0.261482820937
XMTI4ODM4NzA0OA==	464	388	0.0268281807372
XMTI4ODM4Nzc2OA==	2	2	0.0
XMTI4ODM5MzcwNA==	20453	3865	0.657769931336
XMTI4ODMwNDI0OA==	594	585	0.000229568411387
XMTI4ODMwODY0NA==	1	1	0.0
XMTI4ODMyNTA0OA==	1208	1288	0.00438577255384
XMTI4ODQ0Mzc5Mg==	4661	2546	0.205902935159
XMTI4ODQ2ODQ2NA==	62	59	0.00234131113424
XMTI4ODQ3NDEwNA==	81	66	0.0342935528121
XMTI4ODQ3ODQwNA==	11	13	0.0330578512397
XMTI4ODQ4NTc0NA==	2013	2051	0.000356352363389
XMTI4ODQwODE2NA==	13775	14787	0.00539731555561
XMTI4ODQxMjE4NA==	657	765	0.0270219553387
XMTI4ODQyNTY4NA==	2037	2043	8.67601796803e-06
XMTI4ODQyODkyOA==	44622	51561	0.0241821945732
XMTI4ODU0NzA1Mg==	578	774	0.114989044671
XMTI4ODU0ODk4MA==	9622	11290	0.0300511701493
XMTI4ODU2MjY4NA==	31	35	0.0166493236212
XMTI4ODU2NTM0NA==	166291	158941	0.00195360693473
XMTI4ODU2OTg0NA==	662	715	0.00640967132465
XMTI4ODU3OTg1Mg==	6695	6463	0.00120081141333
XMTI4ODU5MzA1Ng==	431	429	2.15330451494e-05
XMTI4ODUxMTQzNg==	4200877	4928694	0.0300168046828
XMTI4ODUxNTAyOA==	76	59	0.0500346260388
XMTI4ODUyMjk4MA==	9	12	0.111111111111
XMTI4ODUyODQ1Mg==	1637	1867	0.019740507484
XMTI4ODUzMTc0OA==	654	664	0.00023379999813
XMTI4ODUzNjYwOA==	851	542	0.131843231368
XMTI4ODY1NTA2MA==	56	52	0.00510204081633
XMTI4ODY1NzA2OA==	82	33	0.357079119572
XMTI4ODY3NTI4MA==	31731	32578	0.000712523680426
XMTI4ODY4NjY1Ng==	57211	62919	0.00995425704144
XMTI4ODY5MTU4NA==	603	813	0.121284126631
XMTI4ODY5NzE2NA==	299692	14310	0.906781924474
XMTI4ODYwMTk0MA==	15	15	0.0
XMTI4ODYxNDI1Ng==	10	15	0.25
XMTI4ODYxNzg0OA==	1077	912	0.0234712641894
XMTI4ODYzMDQwNA==	749	686	0.00707485369901
XMTI4ODc0Nzk4MA==	298	265	0.0122629611279
XMTI4ODc1MjQzNg==	688	762	0.0115687533802
XMTI4ODc1NjQ4OA==	9522	9857	0.00123775092567
XMTI4ODc1Nzg3Mg==	130	154	0.0340828402367
XMTI4ODc2OTAzNg==	219	249	0.018765246763
XMTI4ODc3MDQ4MA==	2240	2592	0.024693877551
XMTI4ODc3NDg4NA==	19378	20744	0.00496916589151
XMTI4ODc3OTQ3Ng==	752	639	0.0225798579674
XMTI4ODc3OTgwNA==	369	372	6.60982219578e-05
XMTI4ODc4MTkyMA==	36548	35711	0.000524473661777
XMTI4ODc4OTA3Mg==	86	71	0.0304218496485
XMTI4ODc4OTYzNg==	106	36	0.436098255607
XMTI4ODcwMjE4MA==	910	978	0.00558386668277
XMTI4ODcwNjUxMg==	142	170	0.0388811743702
XMTI4ODcwNzQyOA==	42237	49567	0.0301177013158
XMTI4ODcwNzkyMA==	51420	48716	0.00276534442071
XMTI4ODcwODczNg==	13440	15384	0.0209215561224
XMTI4ODcxMTMzNg==	107	119	0.0125775176871
XMTI4ODcxNDc2NA==	205	209	0.000380725758477
XMTI4ODcxNTQyNA==	2121	2039	0.00149467361365
XMTI4ODcxNTgxMg==	1465	1425	0.00074549499703
XMTI4ODcyMDM4OA==	171	158	0.00577955610273
XMTI4ODcyNDA3Ng==	935	870	0.00483285195459
XMTI4ODcyNzYzNg==	19	28	0.224376731302
XMTI4ODcyOTYxNg==	48	50	0.00173611111111
XMTI4ODczNDcwOA==	402	444	0.0109155713967
XMTI4ODczNzYyOA==	17	16	0.00346020761246
XMTI4ODczODIyOA==	277	274	0.000117295937651
XMTI4ODg0MDAyMA==	6937	2423	0.423428143599
XMTI4ODg0MDUxMg==	111667	36661	0.451172181227
XMTI4ODg0NjgyNA==	1095	1117	0.000403661308146
XMTI4ODg0OTYwNA==	51	56	0.00961168781238
XMTI4ODg2Mzk5Mg==	136	117	0.019517733564
XMTI4ODg2NDcyMA==	109	115	0.00303004797576
XMTI4ODg2NTUzNg==	444	412	0.00519438357276
XMTI4ODgwMjk5Ng==	41	31	0.059488399762
XMTI4ODgxMDk1Mg==	261	296	0.0179827072415
XMTI4ODgxNTU5Mg==	5539	7022	0.0716835610451
XMTI4ODgyMDQxMg==	457	496	0.00728277367859
XMTI4ODgyMjUyNA==	111	120	0.00657414170928
XMTI4ODgyNjAwNA==	89282	86207	0.00118621229081
XMTI4ODgzNDYwOA==	159	123	0.0512637949448
Proposed PBML+BP2 MRSE = 0.0644301039168
