XMTM2MTEyMzg4OA==	386	220	0.18494456227
XMTM2MTUzMTc3Mg==	76672	117530	0.283975337331
XMTM2MTI3MDU0MA==	8819929	4658706	0.222593153562
XMTM2MDgzNDcyNA==	597	249	0.339789399258
XMTM2MDk5NzQwMA==	119402	42112	0.419009058385
XMTM2MTMzMTk3Ng==	1597	1017	0.131900412836
XMTM2MTUyNzg2NA==	2912	4410	0.264631102071
XMTM2MTIwODcyOA==	5764	4706	0.0336917361632
XMTM2MDk4MTE0OA==	26790	6051	0.599280568413
XMTM2MTY5OTk5Ng==	23108	15099	0.120124576504
XMTM2MDkxMzU4NA==	100402	65120	0.123487120351
XMTM2MTY3Mjc0MA==	54	42	0.0493827160494
XMTM2MTY1OTk0OA==	79	73	0.00576830636116
XMTM2MDc3OTY1Ng==	99	148	0.244975002551
XMTM2MDc4MjkyMA==	1576	482	0.481861488315
XMTM2MTYwMjI4MA==	95	73	0.0536288088643
XMTM2MDgwNTY0OA==	349	518	0.234489043604
XMTM2MTQxMzk1Ng==	88	84	0.00206611570248
XMTM2MTQ4NjYxMg==	35	38	0.00734693877551
XMTM2MTAwNjAyMA==	120	168	0.16
XMTM2MTE3NDQ4NA==	511	453	0.0128829163491
XMTM2MTYxMjgwMA==	757	807	0.00436262867573
XMTM2MTcwOTAzMg==	55	77	0.16
XMTM2MDg0MTc2MA==	8200	3921	0.272305785247
XMTM2MTE2MDUzNg==	2505	1017	0.352850227688
XMTM2MTQyODc2NA==	699	294	0.335703365323
XMTM2MTQyMTc2MA==	1018	417	0.348540610851
XMTM2MTEyMjcxNg==	6128	7956	0.0889846034808
XMTM2MTA1MDU2OA==	21	34	0.383219954649
XMTM2MTMzNjA4OA==	17512	15017	0.0202987643949
XMTM2MTQyMzg3Ng==	4978	1816	0.403472506832
XMTM2MTM5Njk5Ng==	140	112	0.04
XMTM2MTM2MTU2MA==	215	306	0.179145484045
XMTM2MTU4MDYyOA==	139	130	0.00419232958957
XMTM2MTI0ODU4NA==	3987	1834	0.291605417632
XMTM2MTY1MzI1Mg==	125	160	0.0784
XMTM2MTczMjMwNA==	281	472	0.462012892441
XMTM2MDk4Mzg1Mg==	13507	13937	0.0010134891681
XMTM2MDgzMDIzMg==	44831	20517	0.29414127597
XMTM2MTYyMDgwMA==	117	145	0.0572722624005
XMTM2MTIyMTg4OA==	101	71	0.0882266444466
XMTM2MTMzMjM1Ng==	1862	2087	0.0146017760375
XMTM2MDkxNTIyNA==	38332	46658	0.0471791219688
XMTM2MTE0MjA1Ng==	1150	1024	0.012004536862
XMTM2MDgzMzA4MA==	1135	1065	0.00380368336277
XMTM2MTEyMDM5Mg==	3415	2948	0.0187004623903
XMTM2MTE0NTA2NA==	621	871	0.162067829925
XMTM2MTUyMzA0OA==	3389	1830	0.211616288304
XMTM2MTIxMDQ3Ng==	4399	2258	0.236878372562
XMTM2MTI3NjM1Ng==	2785283	1731488	0.143144152085
XMTM2MTM4ODY0NA==	162	166	0.000609663161103
XMTM2MTcyMTE2MA==	54804	33168	0.155858118875
XMTM2MTU1ODU4OA==	96	123	0.0791015625
XMTM2MTAwODYyOA==	15295	13508	0.013650549758
XMTM2MTM4MDkwMA==	7744	3316	0.326952404634
XMTM2MDgzODM2NA==	189	196	0.00137174211248
XMTM2MTM4MzE2OA==	899	1495	0.439514427723
XMTM2MTEzNDg2OA==	21284	17186	0.037071265146
XMTM2MDkwMjQ3Ng==	124	106	0.0210718002081
XMTM2MDQyMDcyOA==	24158	22385	0.00538636174889
XMTM2MTEyNDI2OA==	16453	17755	0.00626226977804
XMTM2MDgzMTY5Ng==	3086	4734	0.285182302616
XMTM2MTUwMTQ1Ng==	5457	5969	0.00880302660455
XMTM2MDk5ODcwMA==	47	43	0.00724309642372
XMTM2MDc5ODU1Ng==	19207	9717	0.244125615973
XMTM2MTE0NTM1Ng==	5014	4633	0.0057740599954
XMTM2MTMwMTgyMA==	72	75	0.00173611111111
XMTM2MDgzMDE1Mg==	272	355	0.0931147275087
XMTM2MDgxNjY1Mg==	5125	5920	0.0240628197501
XMTM2MDkyNTQ4MA==	1258	424	0.439512082924
XMTM2MTE4MjA5Ng==	17369	18207	0.00232776110351
XMTM2MTA1ODU5Ng==	19260	17713	0.00645160933781
XMTM2MTMxMzcxNg==	217	107	0.256960224256
XMTM2MTQzODI0NA==	951	869	0.00743475515839
XMTM2MDg4ODA2OA==	375	408	0.007744
XMTM2MTEyMzU4NA==	121350	26847	0.606473221377
XMTM2MTMwNDMyOA==	1274	687	0.212293817418
XMTM2MTI1ODA1Mg==	150206	18231	0.771984853383
XMTM2MTQ5ODU5Mg==	12179	3905	0.461538327739
XMTM2MTUxMDIyOA==	65601	11926	0.669457770549
XMTM2MDc1MzUwOA==	40884	50870	0.0596590542246
XMTM2MDgzNjkwOA==	285	414	0.20487534626
XMTM2MTQxMzMyOA==	61956	55991	0.00926945400504
XMTM2MTAzNjUxMg==	16068	7444	0.28806722537
XMTM2MTQxNTY0OA==	18508	17442	0.0033173815712
XMTM2MTQzODU4MA==	410	325	0.0429803688281
XMTM2MDczNzI3Mg==	34235	1443	0.917476916276
XMTM2MTA2NTU4OA==	98	98	0.0
XMTM2MTYwNTA0NA==	17972	1413	0.848936863555
XMTM2MTcwMjM2OA==	67185	33516	0.251139943536
XMTM2MTQ0ODQ5Ng==	1052	1536	0.21166996776
XMTM2MTczNjUwNA==	90	27	0.49
XMTM2MTI4NjcwNA==	338359	91566	0.531998256536
XMTM2MTIwODUwNA==	67418	31486	0.284060634337
XMTM2MDk3NzkwNA==	290	191	0.116539833532
XMTM2MTE5MDkwMA==	672	568	0.0239512471655
XMTM2MTUzODgzMg==	99	120	0.0449954086318
XMTM2MTQ5MDA5Mg==	1860	1999	0.00558474968204
XMTM2MTY2NDA5Ng==	291	323	0.0120924410434
XMTM2MTI0ODAxMg==	18562	25266	0.130442308035
XMTM2MDg0OTk3Mg==	57049	28716	0.246654504377
XMTM2MTUxMTg5Ng==	143	116	0.0356496650203
XMTM2MTAzNjY5Mg==	648	779	0.0408688652644
XMTM2MTcwNzYzNg==	42913	24305	0.188027616792
XMTM2MTI0MzQ4MA==	5996	2926	0.262152197529
XMTM2MTIxMTE4OA==	10253	8385	0.0331934068458
XMTM2MDkwMTM5Mg==	3533	1477	0.338656133601
XMTM2MDk2MjI5Mg==	776	1171	0.259101990116
XMTM2MTQyNTA2OA==	829	725	0.0157382926804
XMTM2MTE3MzU3Mg==	303	304	1.08921783267e-05
XMTM2MTE1MDUyNA==	22890	15352	0.108447783681
XMTM2MTQ3Nzg3Mg==	743	743	0.0
XMTM2MTEwODAwNA==	371	212	0.183673469388
XMTM2MTYwOTgyNA==	2972	1616	0.208171738378
XMTM2MTQ2NDgzNg==	1352	1265	0.00414080827002
XMTM2MTUxMzU0OA==	155	136	0.0150260145682
XMTM2MDc3MTgyOA==	26	31	0.0369822485207
XMTM2MDgwMzI0NA==	15332	9705	0.134696468405
XMTM2MTIyMzM5Ng==	344	162	0.279914818821
XMTM2MTIzNTQ2OA==	381269	143550	0.38874498427
XMTM2MDk5NzU4OA==	12663	11277	0.0119799014876
XMTM2MDk5Nzk0NA==	5589	5130	0.00674461481015
XMTM2MTQ3OTI5Mg==	1156	1297	0.014877246441
XMTM2MTQxMjY2NA==	2828	1626	0.180655057827
XMTM2MTA2OTQ0MA==	1693	1533	0.00893153386185
XMTM2MTQ1NjQ4OA==	41145	42668	0.00137014229676
XMTM2MTE4NzQyOA==	75	88	0.0300444444444
XMTM2MTE3MjY3Ng==	143	89	0.142598660081
XMTM2MTM0NzkwMA==	25508	37636	0.226060956035
XMTM2MDk0NDQxMg==	9422	1992	0.621858289183
XMTM2MTA4NDIwNA==	3445	799	0.58993101211
XMTM2MTU5NTk5Ng==	343	194	0.188705386361
XMTM2MDk2NjMwNA==	16684	18765	0.0155576428757
XMTM2MDkyMDk4MA==	28370	31457	0.0118400786525
XMTM2MTA2NDE1Ng==	13166	5818	0.311480306773
XMTM2MTExNzI2OA==	77	80	0.00151796255692
XMTM2MTA2MDIwMA==	40900	35509	0.0173736891817
XMTM2MTQwOTkyNA==	781	482	0.146568387159
XMTM2MTU1MTc2MA==	2691	3681	0.135345242223
XMTM2MTIzMzY2OA==	30705	33044	0.00580286196809
XMTM2MTcwODcxMg==	143776	130320	0.00875909351585
XMTM2MDkwNzI0NA==	148819	196808	0.103984027966
XMTM2MDgzMzQ1Mg==	38955	19241	0.256107966037
XMTM2MTIzMzM5Ng==	1852	1200	0.123940495128
XMTM2MTI4NDg1Ng==	117501	170232	0.201395095189
XMTM2MTUzNjMxMg==	16446	13453	0.0331201932262
XMTM2MTIwMzI3Ng==	1848065	2237532	0.0444126662621
XMTM2MTMyNzg4NA==	14957	11586	0.0507958834134
XMTM2MTIzNDAwOA==	134	141	0.00272889284919
XMTM2MTQ4MTIyMA==	58	54	0.00475624256837
XMTM2MDc1OTMzNg==	773	546	0.0862368186314
XMTM2MTU0ODA3Ng==	14538	2516	0.683823652289
XMTM2MTM0ODAyOA==	9648	5860	0.154150646711
XMTM2MTA5MDE2OA==	53	51	0.00142399430402
XMTM2MTM5MDMyMA==	1665	967	0.175744753763
XMTM2MTE0MTgxMg==	2635	2047	0.0497958801566
XMTM2MTMyMTMyMA==	2858	4140	0.201210945324
XMTM2MTQ5ODA4MA==	20886	11357	0.208153686361
XMTM2MTIwOTg2NA==	11431	8368	0.0718001818367
XMTM2MTIyMjU0OA==	9692	9539	0.000249204597773
XMTM2MTYxMzQ2OA==	140	172	0.0522448979592
XMTM2MTEzNDIwOA==	1625	890	0.204582248521
XMTM2MTUzODExNg==	140	148	0.00326530612245
XMTI4NzI2MDE4OA==	171098	1503	0.98250828772
XMTI4Nzg1NjA2MA==	72502	51387	0.0848168614071
XMTI4Nzk2MzEyMA==	101	122	0.0432310557788
XMTI4Nzk3Mzk0MA==	60918	61162	1.60431032871e-05
XMTI4Nzk5NTgzNg==	383	170	0.309286994935
XMTI4Nzk5OTgwMA==	21880	8875	0.35328571542
XMTI4NzkyOTEzMg==	5524	3672	0.11240215168
XMTI4ODA1MjMwNA==	2910	3584	0.05364556394
XMTI4ODA2OTAzMg==	104	31	0.492696005917
XMTI4ODA3Nzc1Mg==	14435	15818	0.00917932578575
XMTI4ODA4NTk3Ng==	14081	10774	0.055157096023
XMTI4ODA4ODkyMA==	692	610	0.0140415650373
XMTI4ODA5MzM0NA==	12316	14180	0.0229061687356
XMTI4ODAwOTIzMg==	146	88	0.157815725277
XMTI4ODAxMjQxMg==	128	163	0.0747680664062
XMTI4ODAyMTEwNA==	1976	958	0.265412685014
XMTI4ODAyNTU0OA==	391	289	0.0680529300567
XMTI4ODE0MzE1Ng==	20858	16045	0.0532459275764
XMTI4ODE0ODc0OA==	7180	2925	0.35119654953
XMTI4ODE1NzMwMA==	568	240	0.333465582226
XMTI4ODE2MjY2OA==	6941	7086	0.000436407208588
XMTI4ODE2NzUxNg==	77	50	0.122954967111
XMTI4ODE3MzI4OA==	130	83	0.130710059172
XMTI4ODE4MDAwNA==	868	351	0.354765709614
XMTI4ODE4NTQ2MA==	156287	159084	0.000320286934788
XMTI4ODE5NDYyMA==	1634	838	0.237313274076
XMTI4ODEwMjYzNg==	453	246	0.208806631288
XMTI4ODEzMjQwOA==	1769	1685	0.0022547734186
XMTI4ODEzNjg0OA==	15874	13224	0.0278688466559
XMTI4ODI0MjI4MA==	11750	7456	0.133551369851
XMTI4ODI0OTc5Mg==	136	51	0.390625
XMTI4ODI1MjM5Mg==	1061	1463	0.143555996557
XMTI4ODI2MTkxMg==	16284	5686	0.423570438883
XMTI4ODI2NTY4OA==	161323	292460	0.660781551033
XMTI4ODI3NDE0OA==	5735	1795	0.471982177075
XMTI4ODI4MjI3Mg==	32058	16618	0.231964616226
XMTI4ODI4NjA1Mg==	3713	1742	0.281788555058
XMTI4ODI4ODgxNg==	27271	3805	0.740416359502
XMTI4ODI5Mzc2OA==	2940	1275	0.320725739275
XMTI4ODI5NzIwNA==	16974	9559	0.190833192175
XMTI4ODIwNzYwOA==	13494	10359	0.0539751277234
XMTI4ODIwOTExMg==	1469	769	0.227066198138
XMTI4ODIyNTAwMA==	504	229	0.297717466616
XMTI4ODIyNjcyOA==	399	402	5.65323082141e-05
XMTI4ODM0MDI0OA==	310	343	0.0113319458897
XMTI4ODM0MjU4MA==	25280	22375	0.0132049917506
XMTI4ODM1NTI0MA==	1280	851	0.112329711914
XMTI4ODM2ODI1Mg==	446	205	0.291987572644
XMTI4ODM3OTYxMg==	362	161	0.308301028662
XMTI4ODM4MTA4NA==	15	22	0.217777777778
XMTI4ODM5MDg2MA==	2	0	1.0
XMTI4ODM5MzM1Ng==	1506	2674	0.601500152555
XMTI4ODMwOTE2NA==	24136	13224	0.204398695757
XMTI4ODMxNTA2OA==	6741	4431	0.117428984579
XMTI4ODMxNjg1Ng==	1505	474	0.469293274909
XMTI4ODMyMDM1Ng==	91	38	0.339210240309
XMTI4ODMyMjQyNA==	1253	1244	5.15920609372e-05
XMTI4ODMyNTUwOA==	15611	9656	0.14551309705
XMTI4ODMyNzc5Mg==	5206	1826	0.421526684908
XMTI4ODMzMDQ3Mg==	21113	23340	0.0111260379939
XMTI4ODQ0MDA5Mg==	2460	983	0.360487970124
XMTI4ODQ0NDExNg==	1114	1562	0.161728160284
XMTI4ODQ2MTg3Ng==	85	53	0.141730103806
XMTI4ODQ2ODQwMA==	157	172	0.00912815935738
XMTI4ODQ3MzgyNA==	1836	2092	0.0194417151998
XMTI4ODQ4MTIyNA==	34546	24905	0.0778840681914
XMTI4ODQ4NTQyNA==	5094	6059	0.0358869661822
XMTI4ODQ5MDg0MA==	6112	4882	0.0404989283805
XMTI4ODQ5Mzc2OA==	8651	9185	0.00381021857608
XMTI4ODQ5NDE1Ng==	4853	1715	0.418104937119
XMTI4ODQ5NzU3Mg==	2018	2689	0.110561193068
XMTI4ODQwNzA1Mg==	2669	2505	0.00377563973973
XMTI4ODQxMTQ2MA==	27	9	0.444444444444
XMTI4ODQxMjQ1Mg==	134	99	0.0682223212297
XMTI4ODQxMzA4MA==	2422	2775	0.0212422801992
XMTI4ODQxODI5Ng==	1061	1268	0.0380636054582
XMTI4ODQyMDQwMA==	1	0	1.0
XMTI4ODQyMTMwOA==	8	8	0.0
XMTI4ODQyNDY5Ng==	1134710	1310517	0.0240050470629
XMTI4ODQzMjIyNA==	76317	115576	0.264628055843
XMTI4ODQzNjYyMA==	4441	1771	0.361460609342
XMTI4ODU0MTMyNA==	14867	16719	0.01551798336
XMTI4ODU0NzM1Ng==	342	207	0.155817174515
XMTI4ODU0ODg0NA==	12000	12667	0.00308950694444
XMTI4ODU1MzQyMA==	14	11	0.0459183673469
XMTI4ODU1NDkwNA==	701	368	0.225658881443
XMTI4ODU1NzQ0MA==	39503	52975	0.116306501082
XMTI4ODU2MDM3Ng==	911	1098	0.0421353357729
XMTI4ODU3NDAyOA==	77	59	0.0546466520492
XMTI4ODU3ODczMg==	3807	3184	0.0267799856333
XMTI4ODU4NTYyOA==	14620	16367	0.0142787787657
XMTI4ODU4ODI3Mg==	11338	11498	0.000199143923834
XMTI4ODU5ODY5Ng==	5792	4426	0.0556217043512
XMTI4ODUwMzI0OA==	7318	6277	0.0202356262167
XMTI4ODUwODQ5Mg==	22437	29113	0.0885325717633
XMTI4ODUwOTc2NA==	1618	1477	0.0075941853163
XMTI4ODUxODE4OA==	382	166	0.319728077629
XMTI4ODUxOTQxNg==	658	81	0.76895307693
XMTI4ODUyMTM0MA==	678	446	0.117089130794
XMTI4ODUyNjEzMg==	25435	18877	0.066478213622
XMTI4ODUzMjYyOA==	19328	11454	0.165965182191
XMTI4ODUzNTA1Mg==	3446	3130	0.0084089857983
XMTI4ODUzNjkwOA==	457	319	0.0911854976562
XMTI4ODY1OTQ0OA==	17128	21858	0.0762621373679
XMTI4ODY2Nzk4OA==	215	108	0.247679826933
XMTI4ODY3OTUxNg==	6010	1537	0.553922303648
XMTI4ODY4MTEyMA==	10038	4676	0.285337752802
XMTI4ODY4NTE1Mg==	39	52	0.111111111111
XMTI4ODY4NzU2MA==	179	39	0.611716238569
XMTI4ODY5NzA3Ng==	387	456	0.0317889549907
XMTI4ODYwODEwNA==	941	407	0.322035142482
XMTI4ODYxNzkwOA==	377	110	0.501579550971
XMTI4ODYyNDkwOA==	53182	65631	0.0547948323497
XMTI4ODc1MDY0MA==	96	107	0.0131293402778
XMTI4ODc1NTI2OA==	11	15	0.132231404959
XMTI4ODc2NjQzMg==	34351	40202	0.0290122510837
XMTI4ODc3NTcxNg==	306709	367636	0.0394608602442
XMTI4ODc5MjIyNA==	77	83	0.00607185022769
XMTI4ODc5OTMxNg==	38	34	0.01108033241
XMTI4ODcxMzE5Mg==	34	33	0.000865051903114
XMTI4ODcxNjY1Mg==	22	25	0.0185950413223
XMTI4ODczNzYwNA==	515	658	0.0771005749835
XMTI4ODgxMDkxMg==	190274	189445	1.898235822e-05
Proposed PBML+BP3 MRSE = 0.172848498465
