XMTM2MDk2Mzk4OA==	61345	50106	0.0335657998694
XMTM2MTM3Mzc5Ng==	2825	2204	0.0483221552197
XMTM2MTA0NzI0OA==	1934	2522	0.0924361210537
XMTM2MDc2NzM3Ng==	57	61	0.00492459218221
XMTM2MTcxNjg5Mg==	894	707	0.0437530341476
XMTM2MTQzNTQwMA==	351	226	0.126825269275
XMTM2MTUwNjE0OA==	206	183	0.0124658308983
XMTM2MTQ1Mzg0NA==	24	30	0.0625
XMTM2MTM0OTcyNA==	19455	17949	0.00599221618717
XMTM2MTE0NDc2OA==	276104	261988	0.0026138333961
XMTM2MTIyNjI2MA==	66	53	0.0387970615243
XMTM2MTAyMjAwOA==	45	45	0.0
XMTM2MTU5NzE0NA==	332	329	8.16519088402e-05
XMTM2MTQzMDg1Mg==	342	262	0.0547176909134
XMTM2MDc5Njg0MA==	1105	783	0.0849155422698
XMTM2MTQ4Nzg2NA==	792	797	3.98556269768e-05
XMTM2MTUzNjg5Ng==	402	246	0.150590331922
XMTM2MTQ3MzkwNA==	132	89	0.106117998163
XMTM2MTMyMzM2OA==	85	104	0.0499653979239
XMTM2MTY0MTgwMA==	106	117	0.0107689569242
XMTM2MTIwNTQzMg==	1180	983	0.0278720195346
XMTM2MTA5NTczMg==	96109	89066	0.00537016042532
XMTM2MTExMDI3Mg==	661	635	0.00154719045319
XMTM2MDg3MDU0MA==	224	271	0.0440250318878
XMTM2MTQ5MDk5Mg==	8158	9050	0.0119553503282
XMTM2MTQ1NDI4MA==	674	663	0.000266357896961
XMTM2MTI1MTgzMg==	3322	3274	0.000208777271984
XMTM2MTQwNDQwOA==	110	102	0.00528925619835
XMTM2MTYyNDA4OA==	150	159	0.0036
XMTM2MTIzNTI2NA==	436	376	0.0189377998485
XMTM2MDgwMzk4NA==	181	198	0.00882146454626
XMTM2MTYxMzc4NA==	5539	5613	0.000178484583101
XMTM2MTU2MjE1Mg==	20651	22970	0.0126101230336
XMTM2MTQ4Nzk0OA==	281	272	0.00102582287458
XMTM2MDg5MDQ1Ng==	493	425	0.0190249702735
XMTM2MTQ2MTg2OA==	3783	3500	0.00559628970234
XMTM2MTExOTYxNg==	14356	6483	0.300755517598
XMTM2MTMzMzYyNA==	80	93	0.02640625
XMTM2MTIyMTc1Mg==	884372	804776	0.00810051291445
XMTM2MTI3MTk0MA==	32	33	0.0009765625
XMTM2MTUzMDE3Mg==	68	73	0.00540657439446
XMTM2MTE5NjYwMA==	1005	880	0.015469914111
XMTM2MTU1NDQyOA==	1117	1152	0.000981815179905
XMTM2MTQ5ODk5Mg==	652	802	0.0529282246227
XMTM2MDc3MTgwMA==	42	35	0.0277777777778
XMTM2MTMwNDQ4MA==	245	202	0.0308038317368
XMTM2MTMxMTk0MA==	2786	2067	0.0666032706863
XMTM2MTU5MTA4NA==	285	300	0.00277008310249
XMTM2MTM2MjU4OA==	96047	93235	0.000857162225977
XMTM2MTMzNTIyNA==	4151	4336	0.00198626865925
XMTM2MTU4NjQ4MA==	10670	15559	0.209947755314
XMTM2MTU2MTE2OA==	12326	14057	0.0197219479809
XMTM2MDgxNDg1Ng==	156	186	0.0369822485207
XMTM2MDk1MTk4OA==	36	25	0.0933641975309
XMTM2MDczNDQ2MA==	80	67	0.02640625
XMTM2MTUzMTEzMg==	134	92	0.0982401425707
XMTM2MTI4MzMwMA==	2268	48	0.958119873464
XMTM2MDg0NzUzNg==	163	173	0.00376378486206
XMTM2MTUxNTI0MA==	684	718	0.00247084573031
XMTM2MDg2MzgyNA==	94	91	0.00101856043459
XMTM2MDg5MjM5Ng==	891	369	0.343230282624
XMTM2MTAxNzA0NA==	63	40	0.133282942807
XMTM2MDk0NjY4MA==	200	204	0.0004
XMTM2MTE1MDUyMA==	16206	15172	0.00407089038393
XMTM2MTYwMDIwNA==	770	840	0.00826446280992
XMTM2MDk2NjM2MA==	22402	24603	0.00965309320041
XMTM2MTM1MTM4MA==	5787	5669	0.000415773734047
XMTM2MTM1Nzg3Ng==	5908	6413	0.00730637204456
XMTM2MTIyMjEwOA==	59184	80047	0.124263873799
XMTM2MTIwNjY5Ng==	21254	15431	0.0750606338907
XMTM2MTY1NzQ4OA==	10	12	0.04
XMTM2MTUyNTU0OA==	116	69	0.164164684899
XMTM2MTU1MTc3Mg==	13581	576	0.916974407147
XMTM2MTYzMTU4MA==	476	455	0.00194636678201
XMTM2MTQ4NzE4MA==	126	74	0.170319979844
XMTM2MTYyMDQ5Ng==	347	319	0.00651114119376
XMTM2MTQzNzU0OA==	715	235	0.450682184948
XMTM2MDk2MDE5Ng==	3308	2707	0.0330079035982
XMTM2MDkzNDEzMg==	529	562	0.00389149552782
XMTM2MTQ5MzMxNg==	2870	2272	0.0434148769561
XMTM2MTIxNDU1Mg==	1663	1500	0.00960706458599
XMTM2MTYwMzkzMg==	743	517	0.0925207726126
XMTM2MTU5NzYzNg==	18	13	0.0771604938272
XMTM2MTM3NDk1Ng==	2622	2743	0.00212963593277
XMTM2MDc3Mzk0MA==	131932	154553	0.0293983737757
XMTM2MTMyMzc3Ng==	3737	3433	0.00661760699065
XMTM2MTUwMjQwNA==	68010	66673	0.000386471314958
XMTM2MTMzMDYyNA==	285	321	0.0159556786704
XMTM2MDgwMzUyOA==	472	503	0.00431359523126
XMTM2MTUzNDg3Ng==	85	87	0.000553633217993
XMTM2MTYwOTMzMg==	2690	2841	0.00315100675778
XMTM2MTI5ODMzMg==	215	245	0.019469983775
XMTM2MTA2Nzk5Ng==	1516	978	0.125940713306
XMTM2MTI3MDc5Ng==	22	21	0.00206611570248
XMTM2MTc0MjQ0NA==	81	32	0.365950312452
XMTM2MTQ3NjcwMA==	3879	3813	0.000289499829231
XMTM2MDc1MTkwOA==	81169	77002	0.00263552178197
XMTM2MTMyNDkyNA==	19113	17638	0.00595561096761
XMTM2MTU5NjI5Mg==	173	192	0.0120618797822
XMTM2MTI3Njk0NA==	46672	45051	0.00120629410682
XMTM2MTIzNDk0MA==	40415	25418	0.137696726783
XMTM2MTU4NDE2MA==	1833	1865	0.000304771973122
XMTM2MTE4OTcxNg==	50	55	0.01
XMTM2MDk1NzM0MA==	93	83	0.0115620302925
XMTM2MTI3MTEyMA==	48	42	0.015625
XMTM2MTU3NjA0MA==	5962	3568	0.161236866249
XMTM2MTQxMDIwMA==	17971	16627	0.00559311886507
XMTM2MTQ2ODg0OA==	129	74	0.181779941109
XMTM2MTIxNTAyNA==	697	655	0.00363105664984
XMTM2MTY0MTI2NA==	870	936	0.00575505350773
XMTM2MTQ5MzQ1Mg==	777	616	0.0429348267186
XMTM2MTMxMTY0MA==	63569	35376	0.196694322077
XMTM2MTU1ODMyNA==	48347	42111	0.016636928559
XMTM2MTM1NjI4MA==	140322	68163	0.264441419605
XMTM2MTE5MjEzNg==	86	77	0.0109518658734
XMTM2MTMyNjg5Ng==	2884	2405	0.0275854780596
XMTM2MTYzMjI3Mg==	82	73	0.0120464009518
XMTM2MTYxNDU4MA==	688	589	0.020705871417
XMTM2MTU4NDU5Mg==	102	111	0.00778546712803
XMTM2MTA1ODE1Ng==	21358	18546	0.0173344261212
XMTM2MDgzMzY5Mg==	161	185	0.0222213649165
XMTM2MTQwMjQ4NA==	1053	1065	0.000129869075738
XMTM2MTQyNjM2NA==	154	103	0.109672794738
XMTM2MDc1Mzc0MA==	180	213	0.0336111111111
XMTM2MTEwOTY4NA==	8063	5296	0.117767376035
XMTM2MTQ4NzE0NA==	2132	2048	0.00155233043166
XMTM2MDY3ODU2NA==	115	86	0.0635916824197
XMTM2MTMyODY0MA==	20148	19193	0.00224668848181
XMTM2MTYzMzg2OA==	3235	3106	0.00159012348038
XMTM2MTUxMzkzMg==	7231	6567	0.00843217159114
XMTM2MTYwMTI4OA==	1713	1890	0.0106765713515
XMTM2MTIwMTEwOA==	2262	1847	0.0336597582322
XMTM2MTYzNjI3Ng==	4232	4359	0.000900567197087
XMTM2MDk2NzQxMg==	28935	34783	0.0408477137924
XMTM2MTYyNzE4OA==	98	64	0.120366513953
XMTM2MTI5MzUwMA==	42567	38706	0.00822722768515
XMTM2MTI3NzY4MA==	12	16	0.111111111111
XMTM2MTQ0MjY5Ng==	81	61	0.0609663161103
XMTM2MTQ3ODA4MA==	41	41	0.0
XMTM2MTA2ODk5Ng==	1619	982	0.154805065389
XMTM2MTUwMjYzMg==	383	362	0.00300636039512
XMTM2MTUwNzg4MA==	3742	1329	0.415821630953
XMTM2MTU5NjU3Ng==	3711	3958	0.00443008437485
XMTM2MDkyODY2MA==	2279	932	0.349338572359
XMTM2MTU4ODAxNg==	10106	9944	0.000256963501352
XMTM2MTE0ODc2OA==	417	486	0.0273795352207
XMTM2MTU2NDg4OA==	4996	6230	0.0610078134565
XMTM2MDk3NzU0NA==	80698	65465	0.0356324218545
XMTM2MTM2NDU5Mg==	284	299	0.00278962507439
XMTM2MTM4NTk2MA==	42	44	0.00226757369615
XMTM2MTI4MDY4OA==	2426	20	0.98357991775
XMTM2MTU5NDEzNg==	160	158	0.00015625
XMTM2MTM0ODMxNg==	530	597	0.0159807760769
XMTM2MTU0MzAwMA==	1766	1818	0.000867012360056
XMTM2MTE3MzU1Mg==	100	143	0.1849
XMTM2MTUzMzU4NA==	34857	27279	0.0472638601975
XMTM2MTUzNjIwOA==	33	33	0.0
XMTM2MTA5ODE3Ng==	35	31	0.0130612244898
XMTM2MTYzOTUyMA==	1701	1695	1.24421053286e-05
XMTM2MTUxMDA5Mg==	1228	1081	0.0143297276364
XMTM2MTQyMTI0OA==	444	588	0.105186267348
XMTM2MDc0NTg4OA==	165410	144130	0.0165508279444
XMTM2MTAwNjM3Mg==	3165	3234	0.000475281327913
XMTI4NDg5NzMzNg==	1865	2210	0.0342200403942
XMTI4Nzc5ODgxMg==	16565	15435	0.00465343879889
XMTI4Nzk4NTY3Mg==	5948	5345	0.0102776235105
XMTI4Nzk5NDU4MA==	80922	45667	0.189805250628
XMTI4ODA1NTA0NA==	117	111	0.00262984878369
XMTI4ODA2MDg3Mg==	36	31	0.0192901234568
XMTI4ODA2NjEwNA==	95	94	0.0001108033241
XMTI4ODAwMDg2MA==	65	81	0.0605917159763
XMTI4ODAyMTYyNA==	274	322	0.0306889019127
XMTI4ODAyNDc0NA==	2853	3333	0.0283060279677
XMTI4ODAzOTc2MA==	15577	15105	0.000918155748112
XMTI4ODE1NTkxNg==	504556	687090	0.130878645525
XMTI4ODE1OTU4NA==	1567	1368	0.0161275411944
XMTI4ODE2NjkwMA==	7049	6727	0.00208668417404
XMTI4ODExMjAzNg==	3277	741	0.598888006206
XMTI4ODExNzEyNA==	63	54	0.0204081632653
XMTI4ODEyMDAzNg==	647	779	0.0416235675774
XMTI4ODEzNDY0MA==	2080	1802	0.0178633505917
XMTI4ODI0MzA5Mg==	487	601	0.054796368834
XMTI4ODI1NDAwOA==	1497	1573	0.00257741044324
XMTI4ODI2NDYxMg==	224	178	0.0421715561224
XMTI4ODI3NTUwNA==	121240	122087	4.88061966302e-05
XMTI4ODI4NzQwNA==	548	483	0.014069076669
XMTI4ODI5MjcwOA==	17550	17071	0.00074493226516
XMTI4ODI5NjYzNg==	2076	2006	0.00113695004102
XMTI4ODIwODQ0OA==	24554	24150	0.000270718682135
XMTI4ODIxNTE3Ng==	29	25	0.0190249702735
XMTI4ODIyNjgwNA==	1314	1132	0.0191845689437
XMTI4ODM0MTAwOA==	500	556	0.012544
XMTI4ODM1MDQ2OA==	230	210	0.00756143667297
XMTI4ODM3NjM3Ng==	120620	152190	0.0685031457846
XMTI4ODM4NDA4MA==	19861	9768	0.258248806852
XMTI4ODM4NzA0OA==	464	388	0.0268281807372
XMTI4ODM4Nzc2OA==	2	1	0.25
XMTI4ODM5MzcwNA==	20453	3867	0.657611327459
XMTI4ODMwNDI0OA==	594	590	4.53468466936e-05
XMTI4ODMwODY0NA==	1	1	0.0
XMTI4ODMyNTA0OA==	1208	1285	0.00406300710495
XMTI4ODQ0Mzc5Mg==	4661	2545	0.206097688456
XMTI4ODQ2ODQ2NA==	62	59	0.00234131113424
XMTI4ODQ3NDEwNA==	81	66	0.0342935528121
XMTI4ODQ3ODQwNA==	11	13	0.0330578512397
XMTI4ODQ4NTc0NA==	2013	2049	0.000319828713955
XMTI4ODQwODE2NA==	13775	14796	0.00549374211547
XMTI4ODQxMjE4NA==	657	764	0.0265238654555
XMTI4ODQyNTY4NA==	2037	2043	8.67601796803e-06
XMTI4ODQyODkyOA==	44622	51531	0.0239735484854
XMTI4ODU0NzA1Mg==	578	772	0.112654302511
XMTI4ODU0ODk4MA==	9622	11373	0.033116283135
XMTI4ODU2MjY4NA==	31	35	0.0166493236212
XMTI4ODU2NTM0NA==	166291	158913	0.00196851991066
XMTI4ODU2OTg0NA==	662	715	0.00640967132465
XMTI4ODU3OTg1Mg==	6695	6468	0.00114961004975
XMTI4ODU5MzA1Ng==	431	429	2.15330451494e-05
XMTI4ODUxMTQzNg==	4200877	4923658	0.0296028499386
XMTI4ODUxNTAyOA==	76	59	0.0500346260388
XMTI4ODUyMjk4MA==	9	12	0.111111111111
XMTI4ODUyODQ1Mg==	1637	1883	0.0225825434954
XMTI4ODUzMTc0OA==	654	665	0.000282897997737
XMTI4ODUzNjYwOA==	851	542	0.131843231368
XMTI4ODY1NTA2MA==	56	52	0.00510204081633
XMTI4ODY1NzA2OA==	82	33	0.357079119572
XMTI4ODY3NTI4MA==	31731	32618	0.000781411361615
XMTI4ODY4NjY1Ng==	57211	62932	0.00999965041993
XMTI4ODY5MTU4NA==	603	813	0.121284126631
XMTI4ODY5NzE2NA==	299692	14410	0.906146549396
XMTI4ODYwMTk0MA==	15	15	0.0
XMTI4ODYxNDI1Ng==	10	14	0.16
XMTI4ODYxNzg0OA==	1077	911	0.0237566264832
XMTI4ODYzMDQwNA==	749	686	0.00707485369901
XMTI4ODc0Nzk4MA==	298	265	0.0122629611279
XMTI4ODc1MjQzNg==	688	763	0.0118835350189
XMTI4ODc1NjQ4OA==	9522	9865	0.00129757325599
XMTI4ODc1Nzg3Mg==	130	153	0.0313017751479
XMTI4ODc2OTAzNg==	219	250	0.020037113488
XMTI4ODc3MDQ4MA==	2240	2590	0.0244140625
XMTI4ODc3NDg4NA==	19378	20740	0.00494010650415
XMTI4ODc3OTQ3Ng==	752	639	0.0225798579674
XMTI4ODc3OTgwNA==	369	374	0.000183606172105
XMTI4ODc4MTkyMA==	36548	35693	0.000547274227949
XMTI4ODc4OTA3Mg==	86	71	0.0304218496485
XMTI4ODc4OTYzNg==	106	36	0.436098255607
XMTI4ODcwMjE4MA==	910	978	0.00558386668277
XMTI4ODcwNjUxMg==	142	170	0.0388811743702
XMTI4ODcwNzQyOA==	42237	49508	0.0296348110117
XMTI4ODcwNzkyMA==	51420	48798	0.00260016692786
XMTI4ODcwODczNg==	13440	15489	0.0232426359216
XMTI4ODcxMTMzNg==	107	119	0.0125775176871
XMTI4ODcxNDc2NA==	205	208	0.000214158239143
XMTI4ODcxNTQyNA==	2121	2042	0.00138730785586
XMTI4ODcxNTgxMg==	1465	1427	0.000672809234819
XMTI4ODcyMDM4OA==	171	159	0.00492459218221
XMTI4ODcyNDA3Ng==	935	869	0.00498269896194
XMTI4ODcyNzYzNg==	19	28	0.224376731302
XMTI4ODcyOTYxNg==	48	50	0.00173611111111
XMTI4ODczNDcwOA==	402	444	0.0109155713967
XMTI4ODczNzYyOA==	17	16	0.00346020761246
XMTI4ODczODIyOA==	277	275	5.21315278448e-05
XMTI4ODg0MDAyMA==	6937	2445	0.419310855713
XMTI4ODg0MDUxMg==	111667	36956	0.447630223001
XMTI4ODg0NjgyNA==	1095	1126	0.000801484539522
XMTI4ODg0OTYwNA==	51	56	0.00961168781238
XMTI4ODg2Mzk5Mg==	136	117	0.019517733564
XMTI4ODg2NDcyMA==	109	115	0.00303004797576
XMTI4ODg2NTUzNg==	444	414	0.004565376187
XMTI4ODgwMjk5Ng==	41	31	0.059488399762
XMTI4ODgxMDk1Mg==	261	296	0.0179827072415
XMTI4ODgxNTU5Mg==	5539	7094	0.0788130358021
XMTI4ODgyMDQxMg==	457	496	0.00728277367859
XMTI4ODgyMjUyNA==	111	120	0.00657414170928
XMTI4ODgyNjAwNA==	89282	86164	0.0012196196168
XMTI4ODgzNDYwOA==	159	123	0.0512637949448
Proposed PBML+BP MRSE = 0.0651514448281
