XMTM2MDkzMDQ2OA==	504	281	0.195771132527
XMTM2MTQzNzQ5Ng==	90466	94997	0.00250851872952
XMTM2MTE3ODY3Ng==	93	69	0.0665972944849
XMTM2MTcwNzc1Mg==	55	52	0.00297520661157
XMTM2MTA4MzE3Ng==	1071	788	0.0698222644177
XMTM2MDg1NDUwMA==	308	378	0.051652892562
XMTM2MTIyNDg5Ng==	1898027	956514	0.246063881067
XMTM2MTMyNTAzMg==	4	4	0.0
XMTM2MTIwNzA5Ng==	9	4	0.308641975309
XMTM2MTM3MTI0OA==	2	2	0.0
XMTM2MTQ4NDMwOA==	18	11	0.151234567901
XMTM2MDk0NzI0NA==	359917	1407	0.992196812857
XMTM2MTI4MDQ2OA==	30	32	0.00444444444444
XMTM2MDc3NjgyMA==	429	423	0.000195608587217
XMTM2MTExOTcxNg==	39661	2476	0.879039217826
XMTM2MTU1NjU4MA==	31	28	0.00936524453694
XMTM2MTI2MjM2MA==	11349	452	0.921931618512
XMTM2MTA1NjU4NA==	7449	2980	0.359935564704
XMTM2MTE2ODkxMg==	159	83	0.228471975001
XMTM2MDg5OTcyMA==	100	105	0.0025
XMTM2MTA5OTk2NA==	119	126	0.00346020761246
XMTM2MTI1NjU2MA==	225	193	0.0202271604938
XMTM2MTUzNjA4MA==	3525	4095	0.0261475780896
XMTM2MTA5NzM1Mg==	2963	2922	0.00019147161943
XMTM2MTI3MTUzNg==	4042	258	0.87641466727
XMTM2MDc2ODYwOA==	102	49	0.26999231065
XMTM2MDg5NzcxNg==	8002	9193	0.0221526878965
XMTM2MTIxODYzMg==	22674	20143	0.0124602858551
XMTM2MTE4ODI1Mg==	646	445	0.0968115289133
XMTM2MDk5MDU1Mg==	113	111	0.00031325867335
XMTM2MTE4NzE4MA==	40	41	0.000625
XMTM2MTI2MjQ4NA==	49	50	0.000416493127863
XMTM2MTEzNTc4NA==	304	36	0.777181440443
XMTM2MTE5NTA0OA==	51	59	0.0246059207997
XMTM2MTExODY2NA==	114648	126205	0.0101614868755
XMTM2MDgyNjUzMg==	1445	819	0.187677829528
XMTM2MDg0MDQwMA==	9421	886	0.820754066794
XMTM2MDg0NTE0NA==	67	66	0.000222766763199
XMTM2MTM1NDY0MA==	2094	875	0.338886334631
XMTM2MTEzNTgwNA==	941	869	0.00585444521113
XMTM2MTEyNzMwOA==	2	2	0.0
XMTM2MTM1MTE1Mg==	75	57	0.0576
XMTM2MTE4ODc0OA==	976	1167	0.0382972067321
XMTM2MTQ5NzA1Ng==	13	16	0.0532544378698
XMTM2MTIwMDk1Mg==	17205	8064	0.282278670943
XMTM2MTMzNDM2NA==	3142	1828	0.174895392743
XMTM2MDk4NzAwMA==	10	10	0.0
XMTM2MTQwNzQ4MA==	61082	63853	0.00205800560974
XMTM2MTAyNTQ4NA==	2180	1201	0.201675153607
XMTM2MTE3Mzk0OA==	601	638	0.00379013347139
XMTM2MDk5MTU5Ng==	5	5	0.0
XMTM2MTM0ODUwNA==	204	219	0.00540657439446
XMTM2MTMwODk3Mg==	54	39	0.0771604938272
XMTM2MTQ1OTUwMA==	621	490	0.0444999364694
XMTM2MTcwOTczNg==	60	35	0.173611111111
XMTM2MTEwNjA2OA==	826	233	0.51540578886
XMTM2MTE2MDA4OA==	53	74	0.156995372019
XMTM2MTE0ODY1Ng==	497888	563335	0.0172789031163
XMTM2MTI1ODE0NA==	163760	185080	0.0169495722051
XMTM2MTU5MDQyMA==	106	94	0.0128159487362
XMTM2MDk0NTUyOA==	3	3	0.0
XMTM2MTE3MzY5Mg==	21	12	0.183673469388
XMTM2MDc0NDM2OA==	5201	5630	0.00680363296648
XMTM2MTA5MTk5Ng==	34	35	0.000865051903114
XMTM2MDg4NTc4OA==	27328	26168	0.00180177385386
XMTM2MTEwMzY2NA==	2	2	0.0
XMTM2MTEyMjU1Ng==	1545	1638	0.00362333867471
XMTM2MTM3NDczNg==	124	148	0.0374609781478
XMTM2MTQ1MzIzNg==	23	8	0.425330812854
XMTM2MTE0MjU2OA==	92	40	0.319470699433
XMTM2MDY3MDY0MA==	564	166	0.497975453951
XMTM2MTA4MDIxNg==	44	37	0.0253099173554
XMTM2MDYwNTU3Mg==	68	41	0.157655709343
XMTM2MTQyNDQyMA==	8	5	0.140625
XMTM2MTMzNTkwMA==	72154	63750	0.0135659828383
XMTM2MTAwNjQ3Mg==	899	925	0.000836425592148
XMTM2MTQwMTMzMg==	78	73	0.00410913872452
XMTM2MDkxMDE2OA==	1094	633	0.177569023659
XMTM2MTM5MDk4OA==	180	137	0.0570679012346
XMTM2MDczNTEwOA==	4	5	0.0625
XMTM2MDk1Njk1Ng==	220	145	0.116219008264
XMTM2MTM3NTc1Mg==	5218	558	0.797560586119
XMTM2MDkwNTUwOA==	8868	9586	0.00655537468396
XMTM2MTE5NTY5Mg==	1	1	0.0
XMTM2MTU1Mzk0MA==	27435	23454	0.0210559299016
XMTM2MDk0MDY1Ng==	24	22	0.00694444444444
XMTM2MTIzMDc5Mg==	156	120	0.0532544378698
XMTM2MTM3NTc0MA==	647	680	0.00260147297359
XMTM2MTE3MjkwNA==	1782	1923	0.00626069902164
XMTM2MTQ4MjM4MA==	84	89	0.00354308390023
XMTM2MTE0MzA1Ng==	127	132	0.00155000310001
XMTM2MTEzMjIxMg==	7424	2519	0.436517939981
XMTM2MTQzMzQ0OA==	59	63	0.00459638035047
XMTM2MTA4OTgxMg==	1881	2055	0.00855698765545
XMTM2MTAxMTM0NA==	16749	16464	0.000289542256631
XMTM2MTA4MDk4MA==	289937	195181	0.106808583802
XMTM2MTQ5NzM4NA==	1395	717	0.236216903688
XMTM2MTM5ODQ0MA==	11655	14054	0.0423678026252
XMTM2MTU0OTQ0OA==	93	102	0.00936524453694
XMTM2MDk5NDI4NA==	214	182	0.0223600314438
XMTM2MTYwMDAwOA==	16	11	0.09765625
XMTM2MTU3NTcwMA==	37583	35079	0.00443900629723
XMTM2MTIzMTA4OA==	189	252	0.111111111111
XMTM2MDk2MDc4NA==	63	53	0.0251952632905
XMTM2MTM1Mjc5Ng==	2	2	0.0
XMTM2MDc0NDQ3Mg==	15151	17061	0.0158922042515
XMTM2MTUyNzU3Ng==	208	66	0.466068786982
XMTM2MDc3ODU1Mg==	429183	453651	0.00325021373549
XMTM2MTI5OTAwMA==	1363	2147	0.330857065652
XMTM2MDk1ODQwNA==	104	95	0.00748890532544
XMTM2MTU3NjQ0MA==	21	22	0.00226757369615
XMTM2MTU3OTk4MA==	105	57	0.208979591837
XMTM2MDkxMTU3Ng==	92717	77078	0.0284511101765
XMTM2MDcxODkxMg==	417	381	0.00745303038145
XMTM2MDkzMjY0MA==	2243	795	0.416752848163
XMTM2MTcwNTA2OA==	29	42	0.200951248514
XMTM2MTE3MDk4MA==	373	254	0.10178323714
XMTM2MDg4MzgwOA==	122405	39897	0.454353422031
XMTM2MTIwNTA4OA==	30820	26685	0.0180005493369
XMTM2MDk3Nzk4NA==	3080	1319	0.326901775173
XMTM2MTMzNzk4MA==	20	24	0.04
XMTM2MTEzNTAwNA==	365	105	0.507412272471
XMTM2MTI5NTM3Mg==	13031	4369	0.441856114485
XMTM2MTE2OTA1Ng==	7	3	0.326530612245
XMTM2MTQ5NDU5Ng==	202	182	0.00980296049407
XMTM2MTU0NjgzMg==	686	783	0.0199937951024
XMTM2MTE0MDA2OA==	621	592	0.00218078471947
XMTM2MDg4ODUxNg==	64	64	0.0
XMTM2MDkzOTkwOA==	13700	6529	0.273979652619
XMTM2MTE4MjA0OA==	146	109	0.0642240570464
XMTM2MTQ4NzAwOA==	446	450	8.0435962919e-05
XMTM2MTAxNjg2MA==	85	56	0.116401384083
XMTM2MTQ0MDM2MA==	19	14	0.0692520775623
XMTM2MTQ5OTU0NA==	468	565	0.04295876251
XMTM2MTI1NzUxMg==	69	78	0.0170132325142
XMTM2MDkwMjQyNA==	13	13	0.0
XMTM2MTEwNDA4NA==	24	16	0.111111111111
XMTM2MDg1NTcxNg==	4	5	0.0625
XMTM2MTUzODIyOA==	19	22	0.0249307479224
XMTM2MTQxODQzMg==	272	365	0.116903654844
XMTM2MDk4NzUyNA==	193	222	0.0225777873231
XMTM2MTUzMjEyNA==	123	116	0.00323881287593
XMTM2MTU0OTM4OA==	4059	2349	0.177481919951
XMTM2MTI4OTA1Ng==	17	10	0.16955017301
XMTM2MDc2MjM0NA==	148	151	0.00041088385683
XMTM2MDkxNDA0OA==	16010	15455	0.00120172003678
XMTM2MTE0MTQwNA==	162	176	0.00746837372352
XMTM2MTU0MDAzNg==	74	90	0.0467494521549
XMTM2MDg2MzUyMA==	8	12	0.25
XMTM2MTQzNzgwOA==	10236	5914	0.178282604775
XMTM2MTQ3NzM1Mg==	408	451	0.0111075067282
XMTM2MTI0NDE1Mg==	14	9	0.127551020408
XMTM2MDk4NjgzNg==	17649	18490	0.00227065830548
XMTM2MDcyNDIyOA==	3	3	0.0
XMTM2MTEwNDc4OA==	4	5	0.0625
XMTM2MDkzMTEyMA==	6346	6053	0.00213174427432
XMTM2MDg0NzIyOA==	252	276	0.00907029478458
XMTM2MTEyMDA0MA==	9	10	0.0123456790123
XMTM2MTQ1MzY2OA==	708	754	0.0042213284816
XMTM2MTMyNTgzNg==	108	111	0.000771604938272
XMTM2MTQzOTIwMA==	57894	11974	0.629124568028
XMTM2MTEwNzE1Ng==	63	38	0.157470395566
XMTM2MTE2NDg4MA==	13270	6446	0.264445505753
XMTM2MTI2NTYxNg==	6326	307	0.905295395534
XMTM2MDkwNDQ0MA==	55047	60611	0.0102166127417
XMTM2MTMzMTkxNg==	6050	3322	0.203319008264
XMTM2MTAxMzUxMg==	6130	7685	0.0643487089143
XMTM2MTA3MTA1Mg==	515	265	0.235648977283
XMTM2MTA5NDQzNg==	12385	13356	0.00614676256929
XMTM2MDUyMDYxNg==	158	147	0.0048469796507
XMTM2MDkxMTA2OA==	34515	42215	0.049769777007
XMTM2MTAyNDAwMA==	357	406	0.0188389081123
XMTM2MTE1MzQ2NA==	39445	21308	0.21142044627
XMTM2MTI4Mzg2MA==	361	356	0.000191834009868
XMTM2MDg3MTM4OA==	169	177	0.00224081789853
XMTM2MTEwMjcxMg==	228	129	0.188538781163
XMTM2MTM1MTk0OA==	39	41	0.00262984878369
XMTM2MDQ3MDI0NA==	2630	1117	0.330953028091
XMTM2MDkyNzI2OA==	12	12	0.0
XMTM2MDc0NTc0OA==	5870	5991	0.000424907638238
XMTM2MTI0MjA2OA==	37	42	0.018261504748
XMTM2MTEzNzc1Mg==	1176	1039	0.0135714574946
XMTM2MTAxMTA2NA==	15546	6046	0.373430584009
XMTM2MDk0NzEzNg==	15753	17716	0.0155279474697
XMTM2MDYxOTAyMA==	237	327	0.144207659029
XMTM2MTEzMzA2MA==	184	112	0.153119092628
XMTM2MDQ2MjQwMA==	10	11	0.01
XMTM2MTI3MjI5Mg==	4649	534	0.783466780326
XMTM2MTIxNjY2OA==	45713	47051	0.000856707915705
XMTM2MTE0ODYwNA==	20	21	0.0025
XMTM2MTE3MjIwOA==	4	5	0.0625
XMTM2MTAyNzgxNg==	522	191	0.4020823241
XMTM2MTIzODYzMg==	8984	13851	0.293483173113
XMTM2MTMwMjEyOA==	9	12	0.111111111111
XMTM2MTU3NzM5Mg==	1790	2069	0.0242941855747
XMTM2MTQ1MjY3Ng==	21203	15704	0.0672624702039
XMTM2MDgwOTMyNA==	1310640	975981	0.0651985866707
XMTM2MTE4NjE2NA==	1898	1793	0.0030604562953
XMTM2MDgxNDcwNA==	1885	1524	0.0366768217605
XMTM2MTY2MDI3Ng==	12	5	0.340277777778
XMTM2MTU3MDU1Mg==	8494	8140	0.00173692877794
XMTM2MDc3OTU5Mg==	1795	1937	0.00625817614699
XMTM2MTU0MDk2OA==	7	4	0.183673469388
XMTM2MTU1MjMyOA==	2521	2209	0.0153166397108
XMTM2MTQ2ODYzMg==	37231	42205	0.0178485179109
XMTM2MTEwNjgxNg==	187	152	0.0350310274815
XMTM2MTQzMTQxMg==	8	9	0.015625
XMTM2MTI2NDMxNg==	7277	352	0.905596646524
XMTM2MDU0MjI1Ng==	2	2	0.0
XMTM2MDcxMzYwNA==	802	577	0.0787075329134
XMTM2MTMyMDU2NA==	22	20	0.00826446280992
XMTM2MTA1ODQ0OA==	222	205	0.00586397208019
XMTM2MDc0OTI0MA==	302	290	0.00157887811938
XMTM2MDk4MDA5Mg==	9388	4085	0.319078169849
XMTM2MDYzMzc1Mg==	62	28	0.300728407908
XMTM2MTEzNjYwMA==	1116	951	0.0218594635218
XMTM2MTYyOTY5Ng==	67329	74552	0.0115088227476
XMTM2MTI3NDI0NA==	2928	119	0.920367625377
XMTM2MTUzODQ3Ng==	48	46	0.00173611111111
XMTM2MTEyNzUwOA==	200631	20344	0.807481811302
XMTM2MTAyMDA4MA==	11	7	0.132231404959
XMTM2MTQ3Njg3Ng==	233	230	0.000165779439665
XMTM2MTczMTYwMA==	36	31	0.0192901234568
XMTM2MTIwNDkyOA==	6	8	0.111111111111
XMTM2MTAyNzA2OA==	401	383	0.00201491284258
XMTM2MDg4NTk5Ng==	281	202	0.0790390192627
XMTM2MDg4MzEyMA==	8	7	0.015625
XMTM2MTIxMDAzNg==	4	3	0.0625
XMTM2MDkzMDc2NA==	84	71	0.0239512471655
XMTM2MTI2MDU3Mg==	16289	584	0.929580564233
XMTM2MTE3Mzc5Ng==	5	4	0.04
XMTM2MTIwMDIyNA==	174	127	0.0729620821773
XMTM2MTY2OTc3Mg==	7	7	0.0
XMTM2MDkwNDgyNA==	12	4	0.444444444444
XMTM2MTE3MTE1Mg==	249	228	0.00711278850341
XMTM2MTUzMzg1Mg==	626	672	0.00539966724168
XMTM2MTAwMTYxMg==	10	11	0.01
XMTM2MTY5ODMzNg==	933	812	0.0168192820357
XMTM2MTM2MTUxMg==	12	10	0.0277777777778
XMTM2MTU4NDgzMg==	418	404	0.00112176919027
XMTM2MTA0NjM2OA==	152	175	0.022896468144
XMTM2MTI5ODM0MA==	112	114	0.00031887755102
XMTM2MTQ5MzM4OA==	99659	108604	0.00805615177738
XMTM2MTAxOTEwOA==	4	4	0.0
XMTM2MDkzNTQ2OA==	442	378	0.0209659916873
XMTM2MDk1NDM2OA==	14	11	0.0459183673469
XMTM2MTI0NzAyOA==	5	4	0.04
XMTM2MDk5MjUyMA==	1432	1507	0.00274306747605
XMTM2MTEwOTQ2MA==	24	33	0.140625
XMTM2MTM1NTcyNA==	32524	31190	0.0016823011987
XMTM2MTM3MjUxNg==	3424	1096	0.462272905931
XMTM2MTMwMTk5Ng==	92	70	0.0571833648393
XMTM2MTExMzgxMg==	25739	8460	0.450665040196
XMTM2MTQ3NTkxNg==	24311	24874	0.000536304132023
XMTM2MDk5Nzk3Mg==	924	139	0.721764256667
XMTM2MTYwMDc2NA==	37	36	0.00073046018992
XMTM2MDk1MDI5Ng==	42	43	0.000566893424036
XMTM2MTE2NDkxMg==	94	91	0.00101856043459
XMTM2MDY2MDI2MA==	41	41	0.0
XMTM2MTA5NDIzMg==	118	25	0.621157713301
XMTM2MTE4NDQyMA==	1602	1511	0.00322669384867
XMTM2MTUwODczMg==	39	46	0.0322156476003
XMTM2MDkyNjY2OA==	34	33	0.000865051903114
XMTM2MTUzODcyOA==	86	99	0.0228501892915
XMTM2MTQ3MjM2MA==	11	5	0.297520661157
XMTM2MDk2MjkyMA==	126	53	0.335663895188
XMTM2MTQ5MzE4MA==	24	25	0.00173611111111
XMTM2MDc0MzU3Mg==	5018	5532	0.0104921604662
XMTM2MTYwMDM4OA==	540	471	0.0163271604938
XMTM2MTAzMzM4MA==	20	21	0.0025
XMTM2MTYzMDQ0MA==	289	254	0.0146669699836
XMTM2MTM1OTI5Ng==	5	4	0.04
XMTM2MDkzNTc0OA==	453	389	0.0199601382006
XMTM2MTI3MDkyMA==	4243	276	0.874134653525
XMTM2MDg1MTg4MA==	71	74	0.00178536004761
XMTM2MTU5NjczMg==	29	33	0.0190249702735
XMTM2MTM3Mzk1Ng==	7	5	0.0816326530612
XMTM2MTI0MjgwOA==	5064	6315	0.0610277312953
XMTM2MDc0MzU0NA==	10422	13452	0.084524599053
XMTM2MDc3MTkwOA==	3590	3923	0.00860398351968
XMTM2MTYzMzY2NA==	51	51	0.0
XMTM2MTQ2OTM5Ng==	1548	1878	0.0454449852773
XMTM2MTAzODc3Ng==	2	2	0.0
XMTM2MTE2OTI4NA==	117	67	0.182628387757
XMTM2MTMwMjY4MA==	2056	1450	0.0868758421778
XMTM2MTExMzgxNg==	11	5	0.297520661157
XMTM2MTI3ODk4OA==	10	11	0.01
XMTM2MDc3NTY5Ng==	1502	1154	0.0536807558852
XMTM2MDg2MjQzNg==	87117	242	0.994451969712
XMTM2MTAxNTQ3Ng==	95	91	0.0017728531856
XMTM2MDk0Njg4OA==	13	15	0.0236686390533
XMTM2MTMxMDUyNA==	2	2	0.0
XMTM2MTIxNDExNg==	75	77	0.000711111111111
XMTM2MDg3MTg5Mg==	16	12	0.0625
XMTM2MTEyMjM2OA==	52	60	0.0236686390533
XMTM2MTQ0Njg4NA==	59	34	0.17954610744
XMTM2MTU3OTcyNA==	117	81	0.094674556213
XMTM2MTIxNzM5Ng==	14	16	0.0204081632653
XMTM2MTY1NDQxMg==	3	3	0.0
XMTM2MDkxNDM2MA==	17	4	0.584775086505
XMTM2MTMyMzE4NA==	45000	8913	0.643097071111
XMTM2MTQ0MDY0MA==	3	3	0.0
XMTM2MDgxOTI1Mg==	13	16	0.0532544378698
XMTM2MTI0MzQ4NA==	10034	2888	0.507198348021
XMTM2MDkyMTExNg==	455	84	0.664852071006
XMTM2MDkyODI0OA==	113	100	0.013235178949
XMTM2MDg0OTQ5Ng==	168	128	0.0566893424036
XMTM2MDk3MjYwNA==	61	29	0.275194840097
XMTM2MDg0MTIzMg==	2799	1811	0.124597145334
XMTM2MDk5NzM4MA==	280	278	5.10204081633e-05
XMTM2MTMwNTU2MA==	77054	71334	0.00551063543375
XMTM2MTI1Mjc5Ng==	56	47	0.0258290816327
XMTM2MTI2MDAwMA==	22044	717	0.936006216646
XMTM2MTMyNjA1Ng==	2995	2531	0.0240017168291
XMTM2MTU0MjA4OA==	6	3	0.25
XMTM2MTEzMzYzNg==	87	62	0.0825736557009
XMTM2MTQzNTA2MA==	124033	128914	0.00154861377851
XMTM2MTQ2MTk1Mg==	230	171	0.0658034026465
XMTM2MTU1MTQ0NA==	284	312	0.00972029359254
XMTM2MTA2ODM5Ng==	123	126	0.00059488399762
XMTM2MTA5MTY3Ng==	136	124	0.00778546712803
XMTM2MDkyMDYyOA==	1263270	1482819	0.0302044242194
XMTM2MDg0MzExNg==	3267	2509	0.053831953768
XMTM2MTE2ODIxNg==	571	581	0.000306709892314
XMTM2MTQ3NDk3Ng==	1260	1375	0.00833018392542
XMTM2MDgwNTE1Mg==	12931	6816	0.223629297399
XMTM2MDg5MDExMg==	40	27	0.105625
XMTI4NzQyMTczNg==	252	183	0.0749716553288
XMTI4NzY2MjI2NA==	18	12	0.111111111111
XMTI4Nzc0MjM4OA==	17	17	0.0
XMTI4Nzg1ODkwNA==	13	15	0.0236686390533
XMTI4Nzg3MDc0MA==	274	103	0.389485321541
XMTI4Nzk0MTE5Mg==	521	325	0.141526151171
XMTI4Nzk1NzE2OA==	30	28	0.00444444444444
XMTI4Nzk2NjU0OA==	248	262	0.00318678459938
XMTI4Nzk3NDc4NA==	21	21	0.0
XMTI4Nzk4MDcyMA==	84	75	0.0114795918367
XMTI4Nzk4NDM5Mg==	98	108	0.0104123281966
XMTI4Nzk5MDA0MA==	143	157	0.00958482077363
XMTI4Nzk5Njk1Mg==	323	192	0.164489259937
XMTI4Nzk5ODE0OA==	7	6	0.0204081632653
XMTI4Nzk5ODk0OA==	282	306	0.00724309642372
XMTI4Nzk5OTEzNg==	8	11	0.140625
XMTI4NzkwNTE0MA==	52	32	0.147928994083
XMTI4NzkxNTU4NA==	773	99	0.760257661134
XMTI4NzkyNzY0NA==	99	108	0.00826446280992
XMTI4NzkzMTY1Mg==	5	6	0.04
XMTI4ODA0MDQxNg==	57732	74757	0.086964305951
XMTI4ODA0MjM5Ng==	5144	4993	0.00086169182898
XMTI4ODA0NTMyNA==	17	17	0.0
XMTI4ODA0ODkwOA==	98	103	0.00260308204915
XMTI4ODA1MjE2OA==	2009	1614	0.0386575492415
XMTI4ODA1NjA4MA==	69	65	0.00336063852132
XMTI4ODA1ODQwMA==	60	46	0.0544444444444
XMTI4ODA2MzE4OA==	281	292	0.00153240207191
XMTI4ODA2NTEyNA==	199	201	0.000101007550314
XMTI4ODA3MzA5Ng==	300	272	0.00871111111111
XMTI4ODA3NDgxNg==	3	3	0.0
XMTI4ODA3NzIzNg==	42	39	0.00510204081633
XMTI4ODA3OTg5Mg==	118	127	0.00581729388107
XMTI4ODA4MDc2OA==	532	462	0.0173130193906
XMTI4ODA4MzU3Ng==	223529	266898	0.03764359274
XMTI4ODA4ODMwMA==	13	13	0.0
XMTI4ODA5MTM5Ng==	88048	96560	0.00934596690837
XMTI4ODA5MjAyOA==	15	17	0.0177777777778
XMTI4ODA5MjM4MA==	110	107	0.000743801652893
XMTI4ODA5MjQ4MA==	278	308	0.011645359971
XMTI4ODA5NDM4NA==	4	4	0.0
XMTI4ODA5NjM0MA==	35	20	0.183673469388
XMTI4ODA5ODQ0OA==	5	5	0.0
XMTI4ODAwMTc2MA==	148	96	0.123447772096
XMTI4ODAwNDMwMA==	1264	1717	0.128440579434
XMTI4ODAwNTg2MA==	166	174	0.00232254318479
XMTI4ODAwODUwNA==	223	257	0.0232459932836
XMTI4ODAwOTEyMA==	9	11	0.0493827160494
XMTI4ODAxMDQzMg==	12	11	0.00694444444444
XMTI4ODAxMTIxMg==	2	2	0.0
XMTI4ODAxMjE5Mg==	567	458	0.0369561633524
XMTI4ODAxMzM5Ng==	62899	58137	0.00573180359345
XMTI4ODAxNTEyNA==	732	759	0.00136052136522
XMTI4ODAxNTQ2NA==	97	69	0.083324476565
XMTI4ODAxNzAwOA==	61	28	0.292663262564
XMTI4ODAxOTQxMg==	4	4	0.0
XMTI4ODAyMDg4MA==	10600	5431	0.237794241723
XMTI4ODAyNTA4MA==	5	5	0.0
XMTI4ODAyODU2NA==	84	84	0.0
XMTI4ODAzMjM0NA==	209	222	0.00386895904398
XMTI4ODAzNDkwNA==	8	10	0.0625
XMTI4ODAzNTQwOA==	717	839	0.028952185322
XMTI4ODAzODc5Mg==	2545	2725	0.00500229657906
XMTI4ODE0MDYwOA==	1483	1685	0.0185532688064
XMTI4ODE0NDk3Mg==	141	73	0.232583874051
XMTI4ODE0NjM4OA==	71	76	0.00495933346558
XMTI4ODE0NjUzNg==	280	309	0.0107270408163
XMTI4ODE0OTc4NA==	17453	5318	0.483436440928
XMTI4ODE1MjkwNA==	8	11	0.140625
XMTI4ODE1MzMzNg==	1821	1833	4.34252773111e-05
XMTI4ODE1NzAwOA==	5	7	0.16
XMTI4ODE1Nzg5Mg==	85	84	0.000138408304498
XMTI4ODE1OTIwMA==	165	177	0.00528925619835
XMTI4ODE2MDQ5Mg==	3277	3695	0.0162704543527
XMTI4ODE2Mjg2NA==	27	15	0.197530864198
XMTI4ODE2NzA1Mg==	27	44	0.396433470508
XMTI4ODE3MDY4NA==	385	387	2.6986001012e-05
XMTI4ODE3MTAyOA==	5	5	0.0
XMTI4ODE3MjI1Ng==	829	856	0.00106076325481
XMTI4ODE3MzI0MA==	7	8	0.0204081632653
XMTI4ODE3NTc1Ng==	39	36	0.00591715976331
XMTI4ODE3NzczNg==	8	7	0.015625
XMTI4ODE3OTM5Ng==	364	323	0.0126871754619
XMTI4ODE4NDQ4NA==	198	197	2.55076012652e-05
XMTI4ODE4OTA0OA==	284247	309636	0.00797809882602
XMTI4ODE5MTEzMg==	11544	1478	0.760328405729
XMTI4ODE5MzA5Ng==	91	65	0.0816326530612
XMTI4ODE5ODcwOA==	18	20	0.0123456790123
XMTI4ODEwMTg4MA==	14	15	0.00510204081633
XMTI4ODEwNDk2MA==	16	18	0.015625
XMTI4ODEwOTg0MA==	1442	1525	0.00331303225409
XMTI4ODExMzM2NA==	22	25	0.0185950413223
XMTI4ODExMzk3Mg==	6	4	0.111111111111
XMTI4ODExNzM1Mg==	399	432	0.00684040929391
XMTI4ODExODY1Mg==	16	11	0.09765625
XMTI4ODEyMDUyOA==	245	274	0.0140108288213
XMTI4ODEyMjc3Mg==	368	415	0.0163117320416
XMTI4ODEyNTcxMg==	257	275	0.00490544898484
XMTI4ODEyNzI3Mg==	11	13	0.0330578512397
XMTI4ODEyNzM0OA==	1733	1565	0.00939769699153
XMTI4ODEzMTQ1Ng==	225052	213556	0.0026093224849
XMTI4ODEzNDU5Ng==	24613	16741	0.102291858088
XMTI4ODEzOTUxNg==	2	2	0.0
XMTI4ODI0MTM2OA==	232	249	0.00536935196195
XMTI4ODI0MzEzNg==	6	8	0.111111111111
XMTI4ODI0MzY2NA==	21	19	0.00907029478458
XMTI4ODI0NzI0NA==	392	340	0.0175968346522
XMTI4ODI0OTgyMA==	60	16	0.537777777778
XMTI4ODI1NDE4OA==	50	58	0.0256
XMTI4ODI1Njg3Mg==	10	14	0.16
XMTI4ODI1Nzc5Mg==	2640	1954	0.0675212350781
XMTI4ODI1ODEyOA==	1404	528	0.389290671342
XMTI4ODI1ODc4OA==	3114	3379	0.00724193348126
XMTI4ODI1OTIyMA==	367	350	0.00214568376037
XMTI4ODI2MDg0OA==	346	390	0.0161716061345
XMTI4ODI2MzkzNg==	28	27	0.00127551020408
XMTI4ODI2NDk2MA==	5	5	0.0
XMTI4ODI2NTMyMA==	1184	1359	0.0218460383948
XMTI4ODI2NTU1Mg==	46	28	0.153119092628
XMTI4ODI2NjczNg==	185	135	0.073046018992
XMTI4ODI2Nzc3Ng==	328	308	0.00371802498513
XMTI4ODI3MTA0OA==	272	267	0.000337910899654
XMTI4ODI3Mjk3Mg==	426973	322418	0.0599637502835
XMTI4ODI3Nzc2NA==	260	274	0.00289940828402
XMTI4ODI4MDQ0MA==	2	2	0.0
XMTI4ODI4MjA0OA==	25	25	0.0
XMTI4ODI4MjU0OA==	123	85	0.0954458325071
XMTI4ODI4Mzg4OA==	155	167	0.00599375650364
XMTI4ODI4NjMwOA==	1307	1642	0.0656959260623
XMTI4ODI4NzAzNg==	67	62	0.00556916907997
XMTI4ODI4NzYwNA==	11	10	0.00826446280992
XMTI4ODI5MTY4OA==	69	75	0.00756143667297
XMTI4ODI5MTgwMA==	7	5	0.0816326530612
XMTI4ODI5MzE5Ng==	6	5	0.0277777777778
XMTI4ODI5Mzc4NA==	254	335	0.101695703391
XMTI4ODI5NTU1Mg==	20	21	0.0025
XMTI4ODI5OTA3Ng==	445	496	0.013134705214
XMTI4ODI5OTM2MA==	4869	5449	0.0141898053504
XMTI4ODIwMDU4NA==	378	449	0.0352803672909
XMTI4ODIwMTQ0OA==	840	927	0.0107270408163
XMTI4ODIwMjAyOA==	101	26	0.551416527791
XMTI4ODIwMzk0OA==	1090	1187	0.00791936705665
XMTI4ODIxMzcxMg==	88	101	0.0218233471074
XMTI4ODIxNDUwMA==	4	5	0.0625
XMTI4ODIxNjYyNA==	82190	85955	0.00209841798671
XMTI4ODIxODI4MA==	15	15	0.0
XMTI4ODIxOTkxMg==	60	56	0.00444444444444
XMTI4ODIyNTYwNA==	4521	4276	0.00293672415014
XMTI4ODIyODA0NA==	3	3	0.0
XMTI4ODIyOTU4OA==	218	221	0.000189377998485
XMTI4ODIzMDk2NA==	8	12	0.25
XMTI4ODIzMjE4OA==	4	4	0.0
XMTI4ODIzMjY2OA==	168	171	0.00031887755102
XMTI4ODIzMzcwOA==	11	11	0.0
XMTI4ODIzNzAzNg==	148	162	0.00894813732652
XMTI4ODIzOTA5Mg==	306	225	0.0700692041522
XMTI4ODM0MTk4NA==	402	341	0.0230254201629
XMTI4ODM0NDgzMg==	47	51	0.00724309642372
XMTI4ODM0NTY2MA==	399703	428284	0.00511304981637
XMTI4ODM0NzI5Ng==	76	72	0.00277008310249
XMTI4ODM0OTE4NA==	7	10	0.183673469388
XMTI4ODM1MzU4NA==	34	25	0.0700692041522
XMTI4ODM1NTY0NA==	12	11	0.00694444444444
XMTI4ODM1Nzk0MA==	41	34	0.0291493158834
XMTI4ODM2MjM3Mg==	5	6	0.04
XMTI4ODM2MzMzMg==	148	147	4.565376187e-05
XMTI4ODM2NDAyMA==	7	6	0.0204081632653
XMTI4ODM2NTM1Ng==	156	160	0.000657462195924
XMTI4ODM2ODYyOA==	17309	18781	0.00723222059106
XMTI4ODM3MDM4OA==	11	12	0.00826446280992
XMTI4ODM3MjcxNg==	324	335	0.00115264441396
XMTI4ODM3OTM4OA==	14	16	0.0204081632653
XMTI4ODM4MTgzNg==	281	292	0.00153240207191
XMTI4ODM4OTI4OA==	20	27	0.1225
XMTI4ODM5MDk5Mg==	3417	2980	0.0163558423688
XMTI4ODM5MTQ5Ng==	90572	73904	0.0338671824804
XMTI4ODM5MTg3Ng==	40423	36179	0.0110228441546
XMTI4ODM5MjA3Mg==	1178	1286	0.00840537182817
XMTI4ODM5MjI0MA==	1664	1790	0.00573369313979
XMTI4ODM5NTcwNA==	557	737	0.104432246357
XMTI4ODM5Nzk1Mg==	18002	18377	0.000433931343233
XMTI4ODM5OTAwNA==	101882	110941	0.00790615993816
XMTI4ODMwMDkxNg==	17617	16310	0.00550411205017
XMTI4ODMwMTc4MA==	19	19	0.0
XMTI4ODMwNTYwMA==	748	992	0.106408533272
XMTI4ODMwNjQ1Mg==	17263	20691	0.0394320254487
XMTI4ODMwNzg1Mg==	31883	32475	0.000344766496108
XMTI4ODMwODI2NA==	2319	2393	0.00101826763964
XMTI4ODMxMDkzNg==	31	30	0.00104058272633
XMTI4ODMxNDEyMA==	10	10	0.0
XMTI4ODMxNTY5Mg==	3118	3190	0.000533227784953
XMTI4ODMxOTY3Mg==	57	49	0.0196983687288
XMTI4ODMxOTk2NA==	44	52	0.0330578512397
XMTI4ODMyNjM1Ng==	194	212	0.00860877882878
XMTI4ODMyODM2MA==	756	983	0.0901588001456
XMTI4ODMyOTg2NA==	5	4	0.04
XMTI4ODMzMjI0MA==	107	85	0.0422744344484
XMTI4ODMzMjc5Ng==	3	3	0.0
XMTI4ODMzMzQ4OA==	8	8	0.0
XMTI4ODMzNTI3Mg==	2537	366	0.732282595979
XMTI4ODMzNjIyMA==	4	5	0.0625
XMTI4ODQ0NDg4NA==	29	37	0.0760998810939
XMTI4ODQ0NjgwMA==	1848	2049	0.0118300936077
XMTI4ODQ1MDM0NA==	9	9	0.0
XMTI4ODQ1NjQ5Ng==	28670	2322	0.844578309471
XMTI4ODQ1ODgwNA==	19	21	0.01108033241
XMTI4ODQ2MDc0MA==	5	5	0.0
XMTI4ODQ2MTk0NA==	1518	1637	0.00614540316379
XMTI4ODQ2MjMwNA==	21	23	0.00907029478458
XMTI4ODQ2MzgyOA==	140	107	0.0555612244898
XMTI4ODQ2NTI4OA==	985	1042	0.00334870777397
XMTI4ODQ2NzA1Ng==	4680	4930	0.0028535685587
XMTI4ODQ2NzU4MA==	25	26	0.0016
XMTI4ODQ2Nzc5Ng==	919	824	0.0106860250473
XMTI4ODQ2ODk4MA==	200	235	0.030625
XMTI4ODQ3MDE1Mg==	62	52	0.0260145681582
XMTI4ODQ3Mzc5Ng==	110040	4061	0.927552437642
XMTI4ODQ3NjcxNg==	204	220	0.00615148019992
XMTI4ODQ3Nzc4MA==	33	35	0.00367309458219
XMTI4ODQ4MTg3Mg==	190	174	0.00709141274238
XMTI4ODQ4MjI4MA==	11	10	0.00826446280992
XMTI4ODQ4NTQ2NA==	9	11	0.0493827160494
XMTI4ODQ4ODI0NA==	13	9	0.094674556213
XMTI4ODQ4OTEwNA==	960	512	0.217777777778
XMTI4ODQ5MDI0MA==	30	28	0.00444444444444
XMTI4ODQ5Mjc2NA==	9	10	0.0123456790123
XMTI4ODQ5NDYxMg==	6484	5956	0.0066310428251
XMTI4ODQ5NzY4MA==	6	5	0.0277777777778
XMTI4ODQwMzMyNA==	2	2	0.0
XMTI4ODQwNjQ0OA==	334	387	0.025180178565
XMTI4ODQwNjg0OA==	1553	1555	1.65850612549e-06
XMTI4ODQwODg0MA==	801	862	0.00579955455182
XMTI4ODQxMzEyOA==	1424	1162	0.0338518652948
XMTI4ODQxNTAwNA==	1976729	2283589	0.0240982937497
XMTI4ODQxNTY4NA==	8	10	0.0625
XMTI4ODQxODM2MA==	17	12	0.0865051903114
XMTI4ODQxOTM2MA==	5	3	0.16
XMTI4ODQyMjA5Ng==	27	26	0.00137174211248
XMTI4ODQyNDA4MA==	3	3	0.0
XMTI4ODQyNDg5Ng==	13	9	0.094674556213
XMTI4ODQyNjgxNg==	8	9	0.015625
XMTI4ODQyNzk1Mg==	11	10	0.00826446280992
XMTI4ODQyODE4NA==	7	10	0.183673469388
XMTI4ODQzMDU2NA==	9	3	0.444444444444
XMTI4ODQzNDQyNA==	3	3	0.0
XMTI4ODQzNzUyOA==	77	49	0.132231404959
XMTI4ODQzODk5Ng==	39	41	0.00262984878369
XMTI4ODU0MjIyNA==	120	121	6.94444444444e-05
XMTI4ODU0NjM4NA==	21142	18811	0.0121560481055
XMTI4ODU0ODI3Ng==	4	4	0.0
XMTI4ODU0ODYyOA==	165	171	0.00132231404959
XMTI4ODU1MDc0MA==	452	471	0.00176697470436
XMTI4ODU1NTA4NA==	6	4	0.111111111111
XMTI4ODU1NjIxNg==	131	122	0.00472000466173
XMTI4ODU1NzE4OA==	92	84	0.00756143667297
XMTI4ODU1NzU3Mg==	7	3	0.326530612245
XMTI4ODU2MDQ4MA==	5	5	0.0
XMTI4ODU2NTQxNg==	14606	15957	0.00855555338266
XMTI4ODU2ODg4NA==	337	388	0.0229023765288
XMTI4ODU3MTE0OA==	3013	1332	0.311269926788
XMTI4ODU3MjI3Ng==	13	14	0.00591715976331
XMTI4ODU3NDUwOA==	174	169	0.000825736557009
XMTI4ODU3NjcwNA==	160	163	0.0003515625
XMTI4ODU3OTg2MA==	7	9	0.0816326530612
XMTI4ODU4MTMzMg==	8	9	0.015625
XMTI4ODU4MzQwNA==	11	11	0.0
XMTI4ODU5MDk0OA==	3	3	0.0
XMTI4ODUwMTc5Mg==	58	29	0.25
XMTI4ODUwMzQwOA==	24	21	0.015625
XMTI4ODUwOTIzNg==	169	135	0.0404747732923
XMTI4ODUxMTAxNg==	125	122	0.000576
XMTI4ODUxNDIzNg==	167	154	0.0060597368138
XMTI4ODUxODMwMA==	142	134	0.00317397341797
XMTI4ODUxOTM3Mg==	13	4	0.479289940828
XMTI4ODUyMDIxMg==	55	59	0.00528925619835
XMTI4ODUyMDk4MA==	57	36	0.135734072022
XMTI4ODUyMjU1Mg==	20371	18282	0.0105160388629
XMTI4ODUyMzUyOA==	14	16	0.0204081632653
XMTI4ODUyNjA1Ng==	4857	4919	0.000162947301257
XMTI4ODUyNjY5Mg==	28	30	0.00510204081633
XMTI4ODUyODE1Ng==	18033	16088	0.011633308521
XMTI4ODUyODM1Ng==	429	230	0.215174879511
XMTI4ODUyOTQyMA==	9338	9068	0.000836026009882
XMTI4ODUzMDQwNA==	170	157	0.00584775086505
XMTI4ODUzMzI5Mg==	7	8	0.0204081632653
XMTI4ODUzNzIxMg==	255	246	0.00124567474048
XMTI4ODY0MDQ0OA==	61	27	0.310669174953
XMTI4ODY0MjA0NA==	438	479	0.00876232772461
XMTI4ODY0MzI1Mg==	3	3	0.0
XMTI4ODY0NDk4OA==	15456	13882	0.0103708711352
XMTI4ODY0NjE3Ng==	68115	68858	0.000118984970046
XMTI4ODY0NzY5Mg==	174	62	0.414321574845
XMTI4ODY0OTU2MA==	413	210	0.241597242172
XMTI4ODY1MDM0NA==	98914	79011	0.0404875555198
XMTI4ODY1NTU5Mg==	17202	15885	0.00586156605195
XMTI4ODY1NTc0MA==	10	11	0.01
XMTI4ODY2MDI0MA==	522	586	0.0150320752778
XMTI4ODY2NTQ0OA==	26	24	0.00591715976331
XMTI4ODY2OTU4NA==	382	393	0.000829198760999
XMTI4ODY3NDU1Mg==	343	375	0.00870385638637
XMTI4ODY3NjU1Mg==	24	25	0.00173611111111
XMTI4ODY3NzkyNA==	10	12	0.04
XMTI4ODY3OTc2OA==	8	9	0.015625
XMTI4ODY4NDE0OA==	33	35	0.00367309458219
XMTI4ODY4OTk3Mg==	9	13	0.197530864198
XMTI4ODY5MDkwNA==	16	19	0.03515625
XMTI4ODY5MjIyNA==	1423	1450	0.000360012622665
XMTI4ODY5Nzc1Mg==	47	38	0.0366681756451
XMTI4ODYwNzU3Ng==	94	79	0.0254640108646
XMTI4ODYwOTcyNA==	13	10	0.0532544378698
XMTI4ODYxMTQwOA==	273	213	0.0483033450066
XMTI4ODYxNzIyNA==	18	15	0.0277777777778
XMTI4ODYxODUwNA==	40	26	0.1225
XMTI4ODYyMDcwNA==	11	11	0.0
XMTI4ODYyMzQwOA==	975	793	0.0348444444444
XMTI4ODYyNTc1Ng==	42	50	0.0362811791383
XMTI4ODYzNzYzMg==	22	23	0.00206611570248
XMTI4ODYzOTY5Ng==	7350	4679	0.132060548845
XMTI4ODc0MjkwMA==	255	191	0.0629911572472
XMTI4ODc0NDY0OA==	9	9	0.0
XMTI4ODc0NTA0NA==	482	527	0.00871627554622
XMTI4ODc0NTc2OA==	614029	698040	0.0187195128489
XMTI4ODc0Njc4NA==	18	24	0.111111111111
XMTI4ODc1MTIzNg==	3	3	0.0
XMTI4ODc1MjMxMg==	13	14	0.00591715976331
XMTI4ODc1ODAyMA==	52	57	0.00924556213018
XMTI4ODc1OTQ5Ng==	2	2	0.0
XMTI4ODc2MTQxMg==	2441	1308	0.215438968422
XMTI4ODc2NTgzNg==	135	147	0.0079012345679
XMTI4ODc2ODAwNA==	14	16	0.0204081632653
XMTI4ODc2ODk2OA==	933	999	0.00500408391146
XMTI4ODc3MDg2OA==	4367	4178	0.00187308387232
XMTI4ODc3MzA0MA==	8089	8150	5.68682677068e-05
XMTI4ODc3NTIyMA==	19	19	0.0
XMTI4ODc3NzE3Mg==	23	17	0.0680529300567
XMTI4ODc3NzczMg==	12032	12241	0.00030172891129
XMTI4ODc4MzEzMg==	9	10	0.0123456790123
XMTI4ODc4OTYwMA==	76	51	0.108206371191
XMTI4ODc4OTk0NA==	690	873	0.0703402646503
XMTI4ODc5ODg4OA==	13	16	0.0532544378698
XMTI4ODc5OTYxNg==	85	72	0.0233910034602
XMTI4ODcwMTY1Mg==	9306	661	0.862986295086
XMTI4ODcwNDI4OA==	661407	720167	0.007892707354
XMTI4ODcwNDkwMA==	117	142	0.0456570969391
XMTI4ODcwNjEzMg==	176	197	0.0142368285124
XMTI4ODcwNzg4MA==	62	63	0.000260145681582
XMTI4ODcwOTI2MA==	4	4	0.0
XMTI4ODcxMjUyOA==	11	9	0.0330578512397
XMTI4ODcxMjc3Mg==	58	51	0.0145659928656
XMTI4ODcxMzYwOA==	5	7	0.16
XMTI4ODcxNzg3Ng==	24	18	0.0625
XMTI4ODcyMDcyOA==	9	9	0.0
XMTI4ODcyMjE0OA==	23	24	0.00189035916824
XMTI4ODcyMzMyOA==	136	28	0.63062283737
XMTI4ODcyNDAxMg==	9	11	0.0493827160494
XMTI4ODcyNjIwMA==	21	18	0.0204081632653
XMTI4ODczNDA4MA==	24597	20081	0.0337088226566
XMTI4ODczNjM2MA==	210	219	0.00183673469388
XMTI4ODczOTI0OA==	846	944	0.0134187303344
XMTI4ODg0NDQ2MA==	30	23	0.0544444444444
XMTI4ODg1Nzc0MA==	14	13	0.00510204081633
XMTI4ODg2MjIzMg==	8	7	0.015625
XMTI4ODgwNDQ0NA==	32	27	0.0244140625
XMTI4ODgwNTY0NA==	5	4	0.04
XMTI4ODgyMTA1Mg==	229	244	0.00429053603097
XMTI4ODgyNDc1Mg==	115	75	0.120982986767
XMTI4ODgyNzI2MA==	37	30	0.0357925493061
XMTI4ODgyOTY4OA==	164	174	0.00371802498513
XMTI4ODgzMzg3Ng==	30	26	0.0177777777778
Proposed PBML+BP3 MRSE = 0.0944935658115
