XMTM2MTEyMzg4OA==	386	229	0.165433971382
XMTM2MTUzMTc3Mg==	76672	144706	0.787369209169
XMTM2MTI3MDU0MA==	8819929	4482691	0.241822290292
XMTM2MDgzNDcyNA==	597	243	0.351607282644
XMTM2MDk5NzQwMA==	119402	38369	0.46057528825
XMTM2MTMzMTk3Ng==	1597	946	0.166169818253
XMTM2MTUyNzg2NA==	2912	4202	0.196244131898
XMTM2MTIwODcyOA==	5764	4586	0.041767899634
XMTM2MDk4MTE0OA==	26790	5728	0.618092949448
XMTM2MTY5OTk5Ng==	23108	16056	0.0931322058737
XMTM2MDkxMzU4NA==	100402	67907	0.104748630729
XMTM2MTY3Mjc0MA==	54	39	0.0771604938272
XMTM2MTY1OTk0OA==	79	79	0.0
XMTM2MDc3OTY1Ng==	99	140	0.171513110907
XMTM2MDc4MjkyMA==	1576	465	0.496953428973
XMTM2MTYwMjI4MA==	95	67	0.0868698060942
XMTM2MDgwNTY0OA==	349	401	0.02220014614
XMTM2MTQxMzk1Ng==	88	52	0.167355371901
XMTM2MTQ4NjYxMg==	35	49	0.16
XMTM2MTAwNjAyMA==	120	191	0.350069444444
XMTM2MTE3NDQ4NA==	511	449	0.0147211446035
XMTM2MTYxMjgwMA==	757	706	0.00453887887423
XMTM2MTcwOTAzMg==	55	71	0.0846280991736
XMTM2MDg0MTc2MA==	8200	3731	0.297025
XMTM2MTE2MDUzNg==	2505	910	0.405420695535
XMTM2MTQyODc2NA==	699	326	0.284749724213
XMTM2MTQyMTc2MA==	1018	394	0.375728054161
XMTM2MTEyMjcxNg==	6128	8144	0.108228974224
XMTM2MTA1MDU2OA==	21	30	0.183673469388
XMTM2MTMzNjA4OA==	17512	16229	0.00536762065759
XMTM2MTQyMzg3Ng==	4978	2213	0.308517985363
XMTM2MTM5Njk5Ng==	140	112	0.04
XMTM2MTM2MTU2MA==	215	307	0.183104380746
XMTM2MTU4MDYyOA==	139	151	0.00745303038145
XMTM2MTI0ODU4NA==	3987	1771	0.308920721716
XMTM2MTY1MzI1Mg==	125	134	0.005184
XMTM2MTczMjMwNA==	281	503	0.624156229024
XMTM2MDk4Mzg1Mg==	13507	13685	0.00017366896053
XMTM2MDgzMDIzMg==	44831	21365	0.273981525838
XMTM2MTYyMDgwMA==	117	127	0.00730513551026
XMTM2MTIyMTg4OA==	101	52	0.235369081463
XMTM2MTMzMjM1Ng==	1862	1850	4.15339407288e-05
XMTM2MDkxNTIyNA==	38332	49594	0.0863193352293
XMTM2MTE0MjA1Ng==	1150	972	0.0239576559546
XMTM2MDgzMzA4MA==	1135	1284	0.017233790681
XMTM2MTEyMDM5Mg==	3415	2957	0.0179866191914
XMTM2MTE0NTA2NA==	621	833	0.11654362477
XMTM2MTUyMzA0OA==	3389	1771	0.227936511309
XMTM2MTIxMDQ3Ng==	4399	2222	0.244911362349
XMTM2MTI3NjM1Ng==	2785283	1622513	0.174280573182
XMTM2MTM4ODY0NA==	162	145	0.0110120408474
XMTM2MTcyMTE2MA==	54804	35045	0.129988642142
XMTM2MTU1ODU4OA==	96	122	0.0733506944444
XMTM2MTAwODYyOA==	15295	12989	0.0227310576425
XMTM2MTM4MDkwMA==	7744	3213	0.342339834012
XMTM2MDgzODM2NA==	189	211	0.0135494527029
XMTM2MTM4MzE2OA==	899	1327	0.226656487681
XMTM2MTEzNDg2OA==	21284	16137	0.058479255637
XMTM2MDkwMjQ3Ng==	124	104	0.0260145681582
XMTM2MDQyMDcyOA==	24158	21221	0.01478039155
XMTM2MTEyNDI2OA==	16453	17265	0.00243568915867
XMTM2MDgzMTY5Ng==	3086	5216	0.476395185079
XMTM2MTUwMTQ1Ng==	5457	5662	0.00141123654578
XMTM2MDk5ODcwMA==	47	44	0.00407424173834
XMTM2MDc5ODU1Ng==	19207	8798	0.293696617183
XMTM2MTE0NTM1Ng==	5014	4216	0.0253301127803
XMTM2MTMwMTgyMA==	72	88	0.0493827160494
XMTM2MDgzMDE1Mg==	272	355	0.0931147275087
XMTM2MDgxNjY1Mg==	5125	5629	0.00967104342653
XMTM2MDkyNTQ4MA==	1258	428	0.435306249858
XMTM2MTE4MjA5Ng==	17369	18220	0.00240054300062
XMTM2MTA1ODU5Ng==	19260	16754	0.0169297119054
XMTM2MTMxMzcxNg==	217	109	0.24770116163
XMTM2MTQzODI0NA==	951	960	8.95620416165e-05
XMTM2MDg4ODA2OA==	375	423	0.016384
XMTM2MTEyMzU4NA==	121350	29019	0.57891595264
XMTM2MTMwNDMyOA==	1274	785	0.147325818384
XMTM2MTI1ODA1Mg==	150206	17848	0.776472055139
XMTM2MTQ5ODU5Mg==	12179	3654	0.489965515017
XMTM2MTUxMDIyOA==	65601	11033	0.691918836341
XMTM2MDc1MzUwOA==	40884	55007	0.119329318131
XMTM2MDgzNjkwOA==	285	393	0.143601108033
XMTM2MTQxMzMyOA==	61956	54875	0.0130623839954
XMTM2MTAzNjUxMg==	16068	6655	0.343188298282
XMTM2MTQxNTY0OA==	18508	17807	0.0014345545071
XMTM2MTQzODU4MA==	410	322	0.0460678167757
XMTM2MDczNzI3Mg==	34235	1517	0.913340743662
XMTM2MTA2NTU4OA==	98	93	0.00260308204915
XMTM2MTYwNTA0NA==	17972	1392	0.851091459678
XMTM2MTcwMjM2OA==	67185	30776	0.293678977054
XMTM2MTQ0ODQ5Ng==	1052	1546	0.22050701904
XMTM2MTczNjUwNA==	90	23	0.554197530864
XMTM2MTI4NjcwNA==	338359	81187	0.577686075101
XMTM2MTIwODUwNA==	67418	28118	0.339807821722
XMTM2MDk3NzkwNA==	290	189	0.1212960761
XMTM2MTE5MDkwMA==	672	598	0.0121262046485
XMTM2MTUzODgzMg==	99	122	0.0539740842771
XMTM2MTQ5MDA5Mg==	1860	1916	0.000906463174934
XMTM2MTY2NDA5Ng==	291	348	0.0383675204591
XMTM2MTI0ODAxMg==	18562	26189	0.168833240472
XMTM2MDg0OTk3Mg==	57049	27172	0.27426974444
XMTM2MTUxMTg5Ng==	143	125	0.0158442955646
XMTM2MTAzNjY5Mg==	648	695	0.00526072626124
XMTM2MTcwNzYzNg==	42913	26594	0.144613664607
XMTM2MTI0MzQ4MA==	5996	2643	0.312711504134
XMTM2MTIxMTE4OA==	10253	7894	0.0529363468244
XMTM2MDkwMTM5Mg==	3533	1382	0.370675213099
XMTM2MDk2MjI5Mg==	776	1152	0.234775215219
XMTM2MTQyNTA2OA==	829	679	0.03273960663
XMTM2MTE3MzU3Mg==	303	308	0.000272304458169
XMTM2MTE1MDUyNA==	22890	15114	0.115404014985
XMTM2MTQ3Nzg3Mg==	743	716	0.00132053495251
XMTM2MTEwODAwNA==	371	200	0.212443966551
XMTM2MTYwOTgyNA==	2972	1592	0.215605861074
XMTM2MTQ2NDgzNg==	1352	1109	0.0323042129127
XMTM2MTUxMzU0OA==	155	106	0.0999375650364
XMTM2MDc3MTgyOA==	26	25	0.00147928994083
XMTM2MDgwMzI0NA==	15332	10805	0.0871813054468
XMTM2MTIyMzM5Ng==	344	163	0.276847282315
XMTM2MTIzNTQ2OA==	381269	137114	0.410079684197
XMTM2MDk5NzU4OA==	12663	11757	0.00511897703976
XMTM2MDk5Nzk0NA==	5589	5121	0.00701170259386
XMTM2MTQ3OTI5Mg==	1156	1324	0.0211204367764
XMTM2MTQxMjY2NA==	2828	1481	0.226869639631
XMTM2MTA2OTQ0MA==	1693	1390	0.0320310622001
XMTM2MTQ1NjQ4OA==	41145	45318	0.0102863817075
XMTM2MTE4NzQyOA==	75	92	0.0513777777778
XMTM2MTE3MjY3Ng==	143	93	0.122255367011
XMTM2MTM0NzkwMA==	25508	36532	0.186777944859
XMTM2MDk0NDQxMg==	9422	2311	0.569606789747
XMTM2MTA4NDIwNA==	3445	773	0.601581476278
XMTM2MTU5NTk5Ng==	343	183	0.217596409659
XMTM2MDk2NjMwNA==	16684	19266	0.0239503637387
XMTM2MDkyMDk4MA==	28370	30758	0.00708516507717
XMTM2MTA2NDE1Ng==	13166	5479	0.340883563044
XMTM2MTExNzI2OA==	77	76	0.000168662506325
XMTM2MTA2MDIwMA==	40900	28448	0.0926897280624
XMTM2MTQwOTkyNA==	781	384	0.258391929976
XMTM2MTU1MTc2MA==	2691	3535	0.0983688281444
XMTM2MTIzMzY2OA==	30705	37324	0.0464693458276
XMTM2MTcwODcxMg==	143776	133725	0.0048870384071
XMTM2MDkwNzI0NA==	148819	219669	0.226653769001
XMTM2MDgzMzQ1Mg==	38955	18886	0.265414746414
XMTM2MTIzMzM5Ng==	1852	1133	0.150721711162
XMTM2MTI4NDg1Ng==	117501	158904	0.124159654603
XMTM2MTUzNjMxMg==	16446	15857	0.00128265547043
XMTM2MTIwMzI3Ng==	1848065	2191237	0.0344817427359
XMTM2MTMyNzg4NA==	14957	11712	0.0470695899527
XMTM2MTIzNDAwOA==	134	136	0.000222766763199
XMTM2MTQ4MTIyMA==	58	58	0.0
XMTM2MDc1OTMzNg==	773	538	0.0924222924745
XMTM2MTU0ODA3Ng==	14538	2634	0.670465611149
XMTM2MTM0ODAyOA==	9648	5853	0.154720895677
XMTM2MTA5MDE2OA==	53	56	0.00320398718405
XMTM2MTM5MDMyMA==	1665	963	0.177764791819
XMTM2MTE0MTgxMg==	2635	1963	0.0650395169392
XMTM2MTMyMTMyMA==	2858	4068	0.179244687056
XMTM2MTQ5ODA4MA==	20886	11421	0.205367014319
XMTM2MTIwOTg2NA==	11431	8193	0.0802389504478
XMTM2MTIyMjU0OA==	9692	9241	0.00216534086854
XMTM2MTYxMzQ2OA==	140	160	0.0204081632653
XMTM2MTEzNDIwOA==	1625	872	0.214725301775
XMTM2MTUzODExNg==	140	163	0.0269897959184
XMTI4NzI2MDE4OA==	171098	1437	0.983273147117
XMTI4Nzg1NjA2MA==	72502	48798	0.106891532372
XMTI4Nzk2MzEyMA==	101	116	0.0220566611117
XMTI4Nzk3Mzk0MA==	60918	59420	0.000604689397151
XMTI4Nzk5NTgzNg==	383	180	0.280927676922
XMTI4Nzk5OTgwMA==	21880	10040	0.292825416348
XMTI4NzkyOTEzMg==	5524	3759	0.102089735738
XMTI4ODA1MjMwNA==	2910	3668	0.0678504032782
XMTI4ODA2OTAzMg==	104	31	0.492696005917
XMTI4ODA3Nzc1Mg==	14435	21041	0.209432251812
XMTI4ODA4NTk3Ng==	14081	10528	0.0636683240469
XMTI4ODA4ODkyMA==	692	620	0.0108256206355
XMTI4ODA5MzM0NA==	12316	13321	0.00665875081657
XMTI4ODAwOTIzMg==	146	101	0.0949990617377
XMTI4ODAxMjQxMg==	128	149	0.0269165039062
XMTI4ODAyMTEwNA==	1976	910	0.291031855956
XMTI4ODAyNTU0OA==	391	294	0.0615446000484
XMTI4ODE0MzE1Ng==	20858	16635	0.0409917856031
XMTI4ODE0ODc0OA==	7180	2961	0.34527899768
XMTI4ODE1NzMwMA==	568	288	0.243007339814
XMTI4ODE2MjY2OA==	6941	7402	0.00441121029138
XMTI4ODE2NzUxNg==	77	46	0.162084668578
XMTI4ODE3MzI4OA==	130	80	0.147928994083
XMTI4ODE4MDAwNA==	868	345	0.36304789866
XMTI4ODE4NTQ2MA==	156287	154738	9.8232936333e-05
XMTI4ODE5NDYyMA==	1634	865	0.221487170575
XMTI4ODEwMjYzNg==	453	216	0.273716065085
XMTI4ODEzMjQwOA==	1769	1656	0.00408038574009
XMTI4ODEzNjg0OA==	15874	13357	0.0251416443805
XMTI4ODI0MjI4MA==	11750	7049	0.160068092349
XMTI4ODI0OTc5Mg==	136	55	0.354725346021
XMTI4ODI1MjM5Mg==	1061	1352	0.0752237899089
XMTI4ODI2MTkxMg==	16284	5513	0.437511894317
XMTI4ODI2NTY4OA==	161323	293272	0.668990001614
XMTI4ODI3NDE0OA==	5735	1674	0.501417092768
XMTI4ODI4MjI3Mg==	32058	15311	0.272898526989
XMTI4ODI4NjA1Mg==	3713	1651	0.308409270055
XMTI4ODI4ODgxNg==	27271	3689	0.747754685972
XMTI4ODI5Mzc2OA==	2940	1229	0.338692327271
XMTI4ODI5NzIwNA==	16974	8971	0.222298861313
XMTI4ODIwNzYwOA==	13494	10338	0.0547006613878
XMTI4ODIwOTExMg==	1469	816	0.197598103024
XMTI4ODIyNTAwMA==	504	230	0.295556185437
XMTI4ODIyNjcyOA==	399	462	0.0249307479224
XMTI4ODM0MDI0OA==	310	379	0.0495421436004
XMTI4ODM0MjU4MA==	25280	25737	0.000326797150397
XMTI4ODM1NTI0MA==	1280	930	0.0747680664062
XMTI4ODM2ODI1Mg==	446	185	0.342461139375
XMTI4ODM3OTYxMg==	362	151	0.339740850401
XMTI4ODM4MTA4NA==	15	21	0.16
XMTI4ODM5MDg2MA==	2	0	1.0
XMTI4ODM5MzM1Ng==	1506	2497	0.433009440767
XMTI4ODMwOTE2NA==	24136	13029	0.211769274808
XMTI4ODMxNTA2OA==	6741	4355	0.125283023087
XMTI4ODMxNjg1Ng==	1505	500	0.445922230439
XMTI4ODMyMDM1Ng==	91	40	0.314092500906
XMTI4ODMyMjQyNA==	1253	1191	0.00244839360793
XMTI4ODMyNTUwOA==	15611	9223	0.167443528601
XMTI4ODMyNzc5Mg==	5206	1696	0.454575374701
XMTI4ODMzMDQ3Mg==	21113	20824	0.000187368159212
XMTI4ODQ0MDA5Mg==	2460	940	0.381783330028
XMTI4ODQ0NDExNg==	1114	1987	0.614126878733
XMTI4ODQ2MTg3Ng==	85	55	0.124567474048
XMTI4ODQ2ODQwMA==	157	158	4.05695971439e-05
XMTI4ODQ3MzgyNA==	1836	2200	0.039305870012
XMTI4ODQ4MTIyNA==	34546	23409	0.103929993937
XMTI4ODQ4NTQyNA==	5094	5897	0.0248492456463
XMTI4ODQ5MDg0MA==	6112	5077	0.0286756986942
XMTI4ODQ5Mzc2OA==	8651	8226	0.00241348851262
XMTI4ODQ5NDE1Ng==	4853	1624	0.442706101311
XMTI4ODQ5NzU3Mg==	2018	2568	0.0742819088069
XMTI4ODQwNzA1Mg==	2669	2483	0.00485655980204
XMTI4ODQxMTQ2MA==	27	6	0.604938271605
XMTI4ODQxMjQ1Mg==	134	93	0.0936177322344
XMTI4ODQxMzA4MA==	2422	2737	0.016915032243
XMTI4ODQxODI5Ng==	1061	1136	0.00499679760793
XMTI4ODQyMDQwMA==	1	0	1.0
XMTI4ODQyMTMwOA==	8	9	0.015625
XMTI4ODQyNDY5Ng==	1134710	1300753	0.0214126973369
XMTI4ODQzMjIyNA==	76317	112333	0.222714439593
XMTI4ODQzNjYyMA==	4441	1785	0.35767994909
XMTI4ODU0MTMyNA==	14867	17657	0.035217759527
XMTI4ODU0NzM1Ng==	342	198	0.17728531856
XMTI4ODU0ODg0NA==	12000	11644	0.000880111111111
XMTI4ODU1MzQyMA==	14	11	0.0459183673469
XMTI4ODU1NDkwNA==	701	353	0.246446384928
XMTI4ODU1NzQ0MA==	39503	52288	0.104746930963
XMTI4ODU2MDM3Ng==	911	1040	0.0200513060882
XMTI4ODU3NDAyOA==	77	69	0.0107944004048
XMTI4ODU3ODczMg==	3807	3116	0.0329450629048
XMTI4ODU4NTYyOA==	14620	15192	0.00153072548333
XMTI4ODU4ODI3Mg==	11338	11610	0.000575525939881
XMTI4ODU5ODY5Ng==	5792	4352	0.0618113000214
XMTI4ODUwMzI0OA==	7318	6727	0.00652214051976
XMTI4ODUwODQ5Mg==	22437	28736	0.0788158640085
XMTI4ODUwOTc2NA==	1618	1445	0.0114323410458
XMTI4ODUxODE4OA==	382	151	0.365676653601
XMTI4ODUxOTQxNg==	658	108	0.698672406944
XMTI4ODUyMTM0MA==	678	444	0.119116610541
XMTI4ODUyNjEzMg==	25435	19618	0.0523039687383
XMTI4ODUzMjYyOA==	19328	11345	0.170591907226
XMTI4ODUzNTA1Mg==	3446	3105	0.00979215347713
XMTI4ODUzNjkwOA==	457	322	0.087264004137
XMTI4ODY1OTQ0OA==	17128	20265	0.0335440679252
XMTI4ODY2Nzk4OA==	215	108	0.247679826933
XMTI4ODY3OTUxNg==	6010	1529	0.555905465378
XMTI4ODY4MTEyMA==	10038	4564	0.297382359864
XMTI4ODY4NTE1Mg==	39	48	0.0532544378698
XMTI4ODY4NzU2MA==	179	42	0.585780718454
XMTI4ODY5NzA3Ng==	387	458	0.0336585007578
XMTI4ODYwODEwNA==	941	406	0.323242395941
XMTI4ODYxNzkwOA==	377	98	0.547678517403
XMTI4ODYyNDkwOA==	53182	64979	0.0492055201925
XMTI4ODc1MDY0MA==	96	108	0.015625
XMTI4ODc1NTI2OA==	11	14	0.0743801652893
XMTI4ODc2NjQzMg==	34351	42015	0.0497774016876
XMTI4ODc3NTcxNg==	306709	396283	0.0852925103432
XMTI4ODc5MjIyNA==	77	92	0.0379490639231
XMTI4ODc5OTMxNg==	38	36	0.00277008310249
XMTI4ODcxMzE5Mg==	34	33	0.000865051903114
XMTI4ODcxNjY1Mg==	22	25	0.0185950413223
XMTI4ODczNzYwNA==	515	628	0.0481440286549
XMTI4ODgxMDkxMg==	190274	172273	0.0089502335384
Proposed PBML+BP MRSE = 0.1797163707
