XMTM2MDkwNjU4MA==	456	149	37	52	18	0	35	19	17	16	12	25	9	12	0	6	3	10	15	36	1	2	3	1	0	6	0	3	3	4
XMTM2MDgzMTQwMA==	4576	2930	520	1	288	147	145	23	83	4	51	50	70	51	51	52	38	207	77	68	25	37	27	14	11	71	43	28	14	24
XMTM2MTU5OTUxMg==	180	104	42	33	9	5	27	34	20	38	14	24	13	2	5	50	10	25	23	163	30	49	81	4	7	12	21	28	82	56
XMTM2MDc5OTU4MA==	6704	2941	98	141	338	134	89	207	112	91	21	127	228	168	148	121	78	100	57	59	37	56	88	57	31	64	13	30	25	26
XMTM2MDgyMjExNg==	24733	11801	1214	1921	335	817	624	354	152	58	37	309	417	663	1202	794	451	292	177	317	361	952	648	183	127	231	56	288	445	433
XMTM2MTA4MzE3Ng==	295	121	3	16	28	197	23	7	14	3	12	5	5	7	1	0	8	5	69	12	20	23	9	8	24	6	16	36	18	80
XMTM2MDc3OTIyNA==	4102	1012	485	268	7	47	58	87	25	28	18	25	9	10	9	2	14	11	15	1	9	0	2	4	1	9	0	482	149	74
XMTM2MTIxNzkzMg==	246	145	38	18	2	17	21	64	3	15	6	5	7	1	4	1	5	2	37	8	1	3	1	1	6	2	1	1	9	1
XMTM2MDc5MzEwOA==	2433	835	82	113	22	91	36	37	48	2	3	43	33	38	50	25	14	19	5	79	23	16	14	19	5	7	13	13	29	22
XMTM2MDg2MzEwMA==	11321	3141	280	575	361	87	49	142	127	216	76	227	37	184	91	79	2	8	76	66	121	190	201	46	46	69	39	88	154	182
XMTM2MTYxODQ2OA==	31907	22266	5858	2290	2035	1172	450	1188	2025	1053	494	839	737	709	721	553	403	477	60	208	522	17	329	226	151	214	264	261	231	250
XMTM2MTQ5Mjg1Mg==	158865	178082	44198	12587	5653	3919	4605	5101	4394	5228	3110	1405	278	570	1323	2996	3678	1596	3462	808	1227	2208	3087	1422	2441	1152	789	725	1337	1585
XMTM2MDg2NDYzMg==	387	149	63	79	3	63	52	44	47	60	36	29	6	24	42	47	28	39	15	102	25	30	31	28	27	27	14	24	37	28
XMTM2MTAwNTI1Mg==	2525	1769	182	127	34	158	50	17	31	79	86	70	90	78	74	11	48	56	33	149	31	99	63	52	60	56	17	38	41	38
XMTM2MDc5OTg2NA==	13235	3631	249	531	349	75	44	83	82	231	508	81	139	72	58	58	4	59	56	145	49	10	60	21	20	100	20	72	81	154
XMTM2MTQ2ODE3Ng==	808	526	130	92	17	8	232	245	163	167	150	156	190	191	122	131	80	89	71	79	89	79	95	96	47	77	41	81	44	57
XMTM2MTA1Mjc4OA==	7016	1808	132	253	150	25	25	26	28	32	65	55	17	13	15	56	18	44	58	6	6	20	12	27	38	29	280	190	144	1
XMTM2MTYwMDYyOA==	484	420	117	24	40	14	17	5	20	28	19	0	5	2	1	10	6	1	1	54	0	3	0	1	1	1	5	0	2	0
XMTM2MTE1MzY4NA==	3245	1581	482	783	115	253	521	584	483	395	460	612	508	533	570	508	468	492	437	404	399	622	551	403	324	614	724	762	592	684
XMTM2MTY5MzYyNA==	151	55	8	0	10	2	21	13	8	23	12	26	12	17	23	14	3	5	1	2	0	1	2	1	0	1	4	4	4	4
XMTM2MTQ2MDUxMg==	5311	1094	68	91	69	30	24	20	41	26	41	52	43	62	22	35	23	30	33	13	12	9	19	41	24	30	114	244	163	12
XMTM2MTI5NjU0OA==	903	636	29	42	57	39	30	30	101	34	6	65	4	35	76	67	42	8	19	77	29	47	44	21	12	35	8	53	48	45
XMTM2MDk4Nzc5Ng==	2960	2504	92	160	43	57	74	70	40	51	36	6	38	24	41	41	23	9	23	8	20	18	21	14	13	25	17	25	15	13
XMTM2MTUzNzA1Mg==	3550	3893	74	73	45	3	63	24	26	50	32	43	30	26	34	32	26	13	43	31	13	4	32	21	32	20	23	88	363	24
XMTM2MTE0Nzg5Mg==	1189680	435476	20267	22997	15720	13576	12685	13472	8344	7009	7245	5196	4331	4999	3711	4533	2907	5624	6355	3177	2160	3949	2124	4069	3467	3481	9888	82012	15782	9758
XMTM2MDc4MTc2NA==	4538	1494	254	500	70	343	136	57	40	56	19	40	65	70	32	56	38	33	36	31	19	12	20	11	7	29	7	18	7	15
XMTM2MTIyODA3Mg==	286	329	25	5	17	7	49	76	62	10	15	7	7	9	54	29	30	9	0	46	12	53	47	2	6	35	7	21	47	31
XMTM2MTE0ODEyOA==	308	226	75	38	16	2	24	57	40	34	21	13	12	35	5	19	19	7	5	67	18	20	2	13	3	0	2	23	14	20
XMTM2MTEwMzA4NA==	500	202	38	17	9	8	23	6	5	4	1	10	0	1	4	1	14	9	3	4	9	1	1	1	1	1	6	101	11	114
XMTM2MDc1MTI1Mg==	244	131	57	42	14	6	24	22	14	25	23	6	6	8	2	3	4	32	6	8	8	10	12	0	5	3	16	3	8	1
XMTM2MDczNDgyOA==	6371	3532	960	289	412	36	87	252	201	182	70	277	70	65	113	200	58	42	69	61	13	77	40	33	33	54	76	165	66	37
XMTM2MTI0NTcwOA==	13443	8348	2482	465	1058	700	100	3	778	951	816	427	620	510	647	548	548	936	627	71	402	654	47	382	229	472	619	87	245	243
XMTM2MDgwMzMxNg==	626	268	106	114	11	12	78	81	53	43	24	48	288	233	155	104	97	66	40	106	132	116	122	87	64	46	58	43	71	47
XMTM2MTYxMjA5Mg==	1478	1088	61	62	27	47	25	16	23	32	1	24	42	16	28	23	9	6	0	12	22	20	21	7	14	17	20	44	31	18
XMTM2MTQ4NTAyOA==	2006	1258	75	119	87	8	63	71	52	34	16	12	8	18	46	34	16	5	2	207	39	29	43	17	1	36	17	33	24	37
XMTM2MTM0MjY2NA==	2284	1129	314	108	12	86	77	74	2	21	28	75	55	54	57	72	33	43	52	52	44	36	46	19	21	28	13	33	22	16
XMTM2MDg1Njk4OA==	77	24	12	15	0	14	18	2	10	0	1	0	0	2	0	0	0	2	0	13	1	0	0	0	0	1	0	0	1	1
XMTM2MTUwMzQxMg==	5189	3491	1176	649	356	27	127	565	435	398	348	407	239	370	279	273	148	169	169	161	133	204	196	114	58	121	92	149	126	110
XMTM2MTQ0NTYwOA==	968	495	72	40	7	98	40	9	14	14	13	27	11	18	90	71	28	17	5	22	10	12	17	3	6	0	12	8	15	16
XMTM2MDk1MTI0NA==	2289	2429	404	37	36	48	39	21	29	17	6	1	27	18	13	4	60	8	9	5	0	10	3	6	0	8	4	11	221	2
XMTM2MDg1MjQ1Ng==	27782	14629	768	326	1184	690	25	256	199	298	363	172	114	234	837	520	194	214	169	223	239	654	514	162	104	299	124	218	610	435
XMTM2MTE0NDc2OA==	21834	63147	12183	11137	12883	11502	11053	11744	11283	11980	5	16	11	12	82632	68	2	17	7	4	7	32	22	40	24	31	14404	23	1	0
XMTM2MTE4ODkyMA==	106	25	16	0	2	1	14	43	29	10	8	8	1	8	6	0	3	4	6	23	8	6	9	2	3	4	2	11	2	3
XMTM2MDgyOTc0NA==	12848	3754	58	32	23	34	39	908	306	144	285	692	25	593229	64	43	24	31	19	14	14	20	4	8	13	6	11	256	1197	234
XMTM2MDk4MjU4OA==	1004	842	137	45	84	5	47	39	4	2	20	34	21	4	15	34	4	28	14	94	15	13	17	16	8	16	24	17	21	12
XMTM2MDgzNDgxMg==	9286	4012	277	204	90	188	152	92	13	24	108	54	77	81	72	92	78	71	8	69	34	16	61	52	43	105	54	43	54	54
XMTM2MTMyMTExMg==	727	433	172	152	2	64	114	217	99	50	53	237	85	38	29	123	127	56	5	58	3	161	115	19	20	3	3	105	246	140
XMTM2MTE5Njg0NA==	87	42	11	11	0	6	16	2	6	28	14	3	0	1	4	20	3	0	1	35	3	5	0	0	3	1	3	1	3	3
XMTM2MDk2ODE4NA==	1264	665	146	278	23	244	309	89	9	38	59	33	62	57	58	67	67	76	74	56	49	205	98	27	39	111	59	68	52	218
XMTM2MTAxOTY3Mg==	18664	3238	86	108	71	56	28	47	55	43	48	33	34	34	27	44	32	82	6	35	25	52	83	5	42	4	2215	788	437	20
XMTM2MDg5NDY5Ng==	1039	427	154	150	4	12	133	46	52	7	2	8	7	1	1	1	7	19	43	119	23	21	14	2	0	9	8	20	17	5
XMTM2MTUwMDg2OA==	29674	28014	3667	1104	189	665	560	448	359	434	399	308	392	276	295	241	157	183	164	152	92	108	93	121	115	158	92	155	110	167
XMTM2MTM3NTU5Mg==	310	109	38	8	27	4	23	57	40	27	27	26	5	19	22	32	25	6	5	69	37	18	32	8	2	29	7	13	17	27
XMTM2MDkxODIwOA==	487	220	29	16	6	21	22	5	1	10	10	4	4	2	16	1	13	25	25	25	9	8	8	11	7	8	7	10	17	1
XMTM2MDg3MjIzMg==	137	66	25	25	11	14	27	35	24	25	15	14	17	14	15	6	14	14	20	21	11	14	10	10	0	3	1	15	20	11
XMTM2MTYyMDU1Mg==	1104	250	43	59	15	22	27	6	2	6	0	5	1	2	0	3	6	0	45	2	20	7	1	4	10	15	10	27	23	20
XMTM2MTA3OTI4OA==	4699	2301	11	14	57	37	32	21	16	27	23	34	31	12	5	2	50	15	21	14	12	11	20	9	28	32	20	11	587	34
XMTM2MTI5NzE1Mg==	1447	1011	19	75	44	80	29	4	50	37	29	81	29	44	96	99	39	70	52	69	18	74	54	6	5	46	27	35	48	70
XMTM2MTM0ODkyMA==	69	31	4	10	0	1	15	14	0	1	0	0	0	0	0	0	1	1	0	0	0	0	1	0	0	0	1	0	0	1
XMTM2MTA1MDE4OA==	966	530	6	46	53	3	43	9	10	16	20	35	38	2	12	17	0	5	0	88	2	3	4	5	1	3	4	5	22	0
XMTM2MDg2MTg0MA==	1190	345	95	206	27	193	120	93	109	40	4	0	0	4	0	0	6	0	0	3	8	2	1	2	0	0	2	4	3	0
XMTM2MTE4OTg0NA==	2002	1097	211	72	108	103	19	111	231	90	82	110	83	114	153	167	64	60	55	75	57	112	78	52	29	61	27	59	86	103
XMTM2MDgxNDI3Mg==	1329	624	205	311	44	182	283	133	124	103	85	120	101	113	103	80	65	84	72	68	59	47	64	50	3	92	38	98	67	37
XMTM2MTMwOTIyMA==	2101	1114	179	70	49	0	34	30	32	1	90	62	15	0	6	25	50	102	62	117	99	226	339	387	116	7	15	73	481	86
XMTM2MTE0MzAwNA==	2467	1586	69	67	42	26	24	30	29	26	27	19	4	4	14	0	34	5	1	1	4	3	1	0	8	11	10	4	204	8
XMTM2MTIxMTYwNA==	535	212	75	7	14	2	30	0	2	4	2	0	4	3	0	2	1	5	0	9	0	1	0	0	1	0	0	1	1	0
XMTM2MDk0MTUzMg==	514	600	34	22	10	21	18	18	2	16	19	12	16	22	1	3	13	19	6	34	7	21	10	19	5	18	7	13	14	39
XMTM2MTMzNDUwNA==	2157	1292	85	0	227	52	16	81	67	75	40	57	56	66	105	59	25	72	40	42	36	49	53	25	49	71	24	54	98	58
XMTM2MTAyMjAyMA==	5371	1992	155	102	85	62	45	40	37	25	15	18	21	15	14	24	22	7	13	9	2	1	4	9	17	13	5	265	214	7
XMTM2MTEyMzA1Mg==	979	231	12	7	6	8	37	9	1	0	2	3	2	0	1	24	1	1	3	2	0	2	0	1	4	25	15	25	35	1
XMTM2MDg5MDAyMA==	1094	282	59	16	13	24	27	9	7	0	2	1	15	2	1	35	39	1	9	17	0	3	0	10	0	3	2	2	7	0
XMTM2MDk5MDU4NA==	243	122	62	46	12	1	21	27	17	28	16	1	0	4	3	2	1	13	10	69	12	7	0	6	1	5	3	3	3	0
XMTM2MTAzNDM1Ng==	1500	294	22	44	99	0	15	2	15	14	5	31	0	9	1	21	4	11	8	8	2	1	1	7	1	8	40	9	8	34
XMTM2MDc2MzU4OA==	11019	8248	235	351	271	108	66	103	71	4	78	185	135	96	70	42	48	50	111	147	48	30	31	21	23	85	60	51	181	9
XMTM2MTAwMDIxNg==	547	309	137	96	11	2	63	56	57	67	36	23	28	0	11	9	14	5	1	87	11	5	11	4	6	2	5	7	3	9
XMTM2MDgyMjUxNg==	3586	1105	200	250	55	85	131	25	3	13	50	51	62	110	189	208	46	75	43	121	41	214	149	55	37	75	20	77	131	111
XMTM2MTE5ODczMg==	201	63	1	0	0	32	15	4	1	0	3	10	1	2	1	1	9	0	4	46	0	0	0	0	0	24	1	0	0	0
XMTM2MTAzMTgyOA==	900	371	66	8	30	25	22	19	1	11	1	16	22	0	2	2	3	6	0	54	1	2	2	3	1	1	2	2	0	1
XMTM2MTEyNTkwMA==	304	158	43	50	6	2	38	49	36	38	17	24	34	41	20	29	25	7	3	54	18	22	80	39	54	45	30	69	80	72
XMTM2MDczNjIyMA==	3301	1593	574	252	177	33	67	278	243	218	155	206	120	31	145	176	150	168	105	307	121	100	104	83	55	199	79	127	182	123
XMTM2MDkwNDc4MA==	5831	1368	239	123	277	32	18	116	99	47	1	5	5	2	14	3	89	2	8	7	10	0	7	5	0	29	55	13	42	11
XMTM2MDcxNjg1Mg==	845	397	187	117	6	5	87	176	121	54	39	66	69	86	128	195	103	79	91	119	90	127	132	4	9	73	36	105	78	87
XMTM2MTQxMTEyNA==	8004	2185	158	184	115	45	58	30	148	27	17	22	43	27	17	11	19	3	17	20	287	292	128	39	8	16	89	33	79	35
XMTM2MTA2NTEyOA==	3290	1375	361	475	67	47	184	293	125	62	113	149	194	131	112	72	167	3	143	55	60	2	60	8	26	31	35	48	81	261
XMTM2MTEzMTI1Mg==	24161	6935	387	719	483	128	163	79	135	196	274	239	83	87	74	69	110	202	191	30	21	64	32	83	105	136	398	1034	509	3
XMTM2MTIyNTY2NA==	439	266	73	48	8	29	45	14	9	33	5	11	23	18	19	5	2	4	41	2	0	3	3	3	0	3	0	3	5	27
XMTM2MTI1MDgzMg==	2166	777	77	107	9	53	15	11	11	16	31	5	0	17	10	8	1	6	2	22	8	21	30	0	1	4	16	5	18	11
XMTM2MTMyMTEzMg==	18298	9883	1273	203	6	137	152	131	47	102	71	4	117	140	109	119	100	100	62	74	50	63	72	82	49	78	39	37	474	173
XMTM2MTUyMzQ5Mg==	2921	1546	27	124	125	1	75	28	27	20	10	23	36	33	5	8	5	12	8	15	25	34	23	5	6	12	11	26	27	18
XMTM2MTI3MDMzNg==	436	255	36	41	62	116	24	13	7	13	108	30	15	14	8	20	14	7	2	3	28	29	20	11	25	3435	299	482	13	51
XMTM2MTE3MzI5Mg==	181	101	32	33	7	22	41	31	23	18	12	22	5	1	3	0	4	4	36	25	4	0	2	2	5	7	1	5	1	2
XMTM2MDkzMzI0MA==	9036	3745	107	122	70	202	111	129	64	45	125	98	165	89	6	21	164	81	71	97	3	10	52	92	144	7	92	70	28	6
XMTM2MTI1NTE0MA==	4707	1531	43	81	50	18	27	15	2	2	2	14	14	11	0	100	10	5	11	7	8	3	18	8	1	9	390	152	100	1
XMTM2MTE4MzI0MA==	985	350	78	71	39	4	42	155	114	71	57	61	85	105	149	103	57	63	42	46	60	70	121	46	59	92	29	91	59	54
XMTM2MDk0MDAxMg==	13194	3963	490	123	570	506	83	51	431	625	320	87	110	42	71	48	52	49	44	68	49	44	76	39	19	63	31	60	35	36
XMTM2MDkyMzA2MA==	10628	3393	192	137	120	107	67	8	63	81	63	72	47	91	4	94	72	105	50	46	39	17	0	77	12	76	28	42	29	26
XMTM2MTQwODMwNA==	4470	1409	68	42	19	11	17	14	5	33	44	33	17	19	38	98	48	17	20	49	61	10	79	18	29	27	23	52	235	29
XMTM2MTI2MDMyNA==	2222	953	66	65	20	19	63	15	9	28	8	13	2	3	6	0	14	157	17	17	9	0	1	10	4	5	7	1	12	7
XMTM2MDg1MTEyNA==	2599	2057	100	218	46	70	42	38	66	19	37	30	22	6	6	4	15	4	2	31	17	13	12	9	7	13	4	7	5	7
XMTM2MTAzODMxNg==	3519	2323	87	271	26	296	16	229	432	148	102	133	76	232	413	329	280	133	71	143	67	222	115	39	42	51	53	101	132	76
XMTM2MTM0MDc4OA==	2212	554	61	159	41	81	37	6	77	0	75	4	58	37	38	41	69	125	10	6	34	18	22	11	14	15	9	88	69	89
XMTM2MDg0MjYzMg==	889	289	107	95	6	0	82	91	98	75	62	89	96	145	192	244	130	252	146	144	102	111	127	107	131	219	100	219	132	138
XMTM2MTIyMzYzNg==	3377	2456	568	469	186	44	594	872	1087	417	286	342	226	129	226	198	330	262	246	156	100	249	167	91	37	103	44	97	519	19
XMTM2MTE0OTMzMg==	4030	1264	106	201	163	36	14	21	64	21	6	60	94	1	35	54	12	1	13	128	34	115	108	34	14	25	20	48	112	80
XMTM2MTEzNzEwNA==	1257	966	124	130	29	0	64	359	293	119	45	99	75	181	339	91	41	38	37	54	45	243	48	17	6	21	24	33	12	3
XMTM2MTA5ODc2MA==	313	180	86	70	9	6	28	24	19	29	8	5	4	7	8	2	7	1	4	40	5	4	1	2	0	0	4	1	1	4
XMTM2MTE1MjY0MA==	48	17	13	5	1	0	14	11	12	6	7	2	1	13	0	0	1	2	7	27	3	18	5	1	0	9	5	7	7	7
XMTM2MTQ1Njk2MA==	4700	1177	101	97	53	62	22	42	28	8	15	11	7	5	8	182	26	45	73	41	96	24	52	52	24	10	7	44	93	111
XMTM2MDc1NjAxNg==	4560	848	35	102	48	25	17	12	6	14	4	1	1	7	1	26	3	4	1	2	1	1	2	0	3	2	6	227	90	4
XMTM2MDg3MjQwNA==	548	312	117	100	7	12	95	49	56	35	13	3	1	0	8	3	16	12	7	87	5	4	3	3	4	5	2	0	3	5
XMTM2MTQwMDk2NA==	10940	6783	1887	723	1060	157	48	3929	3289	2206	1153	1194	1398	1338	1036	1166	571	418	529	516	474	946	1428	720	434	545	384	574	600	599
XMTM2MTUzNjIxNg==	16494	10777	2881	1837	1452	1392	1090	2807	1066	599	399	1105	80	446	1311	515	558	223	198	28	176	254	442	219	102	162	47	172	174	203
XMTM2MTE1Mzk5Ng==	1086	599	224	55	39	30	20	22	11	32	7	7	11	7	7	2	4	0	10	7	8	6	0	0	3	2	0	1	15	22
XMTM2MTE5NzA4OA==	25999	15110	1090	1824	332	986	177	2561	2336	1050	857	665	963	1593	2373	1477	887	633	754	716	376	1874	1716	697	375	531	379	969	1188	1051
XMTM2MDgzMjA1Ng==	1005	409	134	203	16	107	124	80	62	73	74	58	72	9	30	15	82	71	66	268	63	53	53	11	5	73	26	65	40	75
XMTM2MDk0ODc3Ng==	70	25	8	12	2	0	16	8	7	8	2	3	1	0	1	0	1	0	1	29	4	3	0	4	1	6	2	3	3	7
XMTM2MDg3NDI4NA==	734	229	5	25	33	8	18	19	0	2	12	24	11	6	58	12	26	14	3	60	15	41	55	10	6	12	9	14	47	31
XMTM2MTM2Mjc0MA==	5434	3020	567	198	64	408	227	39	6	147	101	188	145	141	200	154	111	92	76	109	96	127	109	33	23	72	20	49	50	62
XMTM2MTI5MzcwMA==	6179	4386	162	147	195	633	706	18	17	47545	68874	31	4	22	36	23	21	27	35	83	64	29	32	13	3	12	18	27	7	12
XMTM2MTI1MzE1Mg==	1040	508	95	18	32	42	26	9	4	21	21	19	27	27	6	9	10	11	5	31	12	15	9	11	4	10	9	6	8	8
XMTM2MTMzOTE3Mg==	1499	695	45	113	55	39	18	19	2	14	13	29	4	9	72	51	21	21	21	40	19	27	29	7	3	15	10	20	57	49
XMTM2MDczODQ2MA==	199	79	63	44	1	37	39	24	19	30	38	7	2	5	7	6	0	10	11	88	11	11	11	3	15	21	10	13	5	7
XMTM2MTI2MzYwNA==	1093	507	100	23	78	13	16	155	110	77	54	65	50	64	58	105	51	49	42	37	47	81	111	72	12	41	30	48	79	48
XMTM2MTEzMzQxMg==	700	305	75	92	39	60	175	240	233	168	162	260	517	572	812	827	466	426	228	483	567	987	383	347	260	386	423	638	729	839
XMTM2MDkzMDYwOA==	242	122	43	68	5	15	21	26	19	21	24	22	1	6	11	3	21	23	2	60	25	18	21	9	4	23	6	28	16	17
XMTM2MTM3MDAyOA==	1336	536	53	65	27	48	45	4	7	20	5	2	8	0	4	1	40	3	34	122	18	10	6	2	6	7	4	1	8	11
XMTM2MDk1Njc0OA==	1994	776	31	76	34	32	44	27	9	15	18	31	40	10	9	14	33	14	12	27	126	17	10	2	8	3	5	5	3	1
XMTM2MTAzMTY0OA==	898	422	77	142	24	0	260	476	312	190	189	149	136	240	313	276	173	159	122	131	123	263	387	169	88	114	86	163	261	249
XMTM2MTM0NTY4OA==	3647	1784	104	169	81	3	85	106	39	57	59	72	73	33	12	17	57	112	77	56	101	39	62	63	81	75	37	93	35	63
XMTM2MDczNDc4OA==	1807	661	73	51	54	2	45	40	27	19	16	11	17	51	25	31	19	23	43	8	24	31	10	25	14	27	23	17	30	9
XMTM2MDg1NjA4OA==	1164	738	33	84	137	0	105	501	428	401	175	149	67	31	40	31	12	5	11	6	14	28	15	8	2	17	3	18	10	14
XMTM2MDkyNjQ2MA==	1174	422	151	85	63	6	54	18	3	0	1	1	0	0	1	3	1	4	21	13	2	0	1	1	1	1	1	0	89	41
XMTM2MDg1MjAzNg==	1108	776	116	183	2	17	79	137	81	61	31	28	57	41	86	77	24	21	37	1	61	20	32	6	10	0	35	14	118	128
XMTM2MDg4OTA2NA==	764	469	155	28	41	10	16	8	6	9	7	9	28	33	25	31	15	14	20	21	38	13	3	8	6	14	22	10	45	29
XMTM2MTEzOTA2MA==	538	325	63	67	6	7	63	67	76	73	45	50	60	81	49	53	40	43	46	44	59	51	59	61	50	65	55	71	99	68
XMTM2MTEzNDQyNA==	6519	4165	343	197	283	253	130	27	126	120	94	80	24	0	138	121	63	64	95	46	72	112	121	234	73	131	71	97	83	93
XMTM2MTEyMDMyNA==	3542	3001	10	96	97	113	56	61	54	61	68	57	21	47	59	23	39	28	37	48	50	15	27	2	2	37	55	37	44	39
XMTM2MTE1MDc4NA==	31924	14764	169	1957	564	169	145	33	37	80	4	67	44	47	17	39	32	83	31	21	11	9	16	18	2	10	13	42	1595	125
XMTM2MTEyMDMwOA==	2488	968	54	42	38	27	25	19	5	10	15	22	19	16	20	6	43	20	22	8	21	16	5	3	11	26	13	18	8	8
XMTM2MTE5NTM0OA==	199	96	5	7	1	3	14	0	0	1	3	3	0	1	0	11	11	8	0	27	1	2	8	0	1	12	3	2	3	0
XMTM2MTYwMzk5Mg==	1160	723	42	36	53	18	17	13	21	7	17	11	2	10	5	2	9	4	2	14	5	26	17	5	4	10	3	11	3	8
XMTM2MDc0NTk0OA==	91420	24728	2319	2916	1402	570	351	414	452	536	425	549	728	269	231	105	194	199	649	612	167	135	383	94	62	482	587	462	1720	135
XMTM2MTI2MjEwMA==	490	241	20	79	0	4	134	266	738	337	267	408	329	859	1730	1865	855	395	439	424	608	1341	955	395	149	428	346	646	1180	1380
XMTM2MDgzNjY0NA==	967	199	37	1	22	7	43	1	19	59	3	14	11	11	10	1	5	0	3	80	9	16	1	17	3	2	7	9	14	66
XMTM2MTYyMzk2NA==	1114	822	112	58	8	82	36	2	47	79	51	65	62	75	198	247	246	125	111	140	151	223	185	109	56	94	91	161	152	145
XMTM2MTEzNTQzMg==	590	310	142	112	14	13	87	51	39	52	33	21	7	27	8	23	9	3	5	117	29	20	12	7	9	15	18	37	18	19
XMTM2MTI5MTU4OA==	5387	2371	93	106	189	20	15	22	40	4	26	75	8	9	0	108	15	23	22	6	5	14	1	28	31	26	2	216	132	8
XMTM2MTQxNzYzNg==	738	358	78	77	15	15	128	121	93	51	45	35	25	39	60	81	54	27	15	25	59	39	50	24	19	36	28	78	82	59
XMTM2MTM2ODIyMA==	26199	14722	661	470	115	415	434	434	622	273	256	179	50	234	345	243	119	176	120	123	201	131	35	12	67	50	45	1	46	54
XMTM2MDc3NTQwMA==	106508	55211	3740	7019	4867	1025	701	91	815	741	1094	1557	661	2192	590	485	245	125	29	277	591	1293	1317	311	190	530	225	617	800	639
XMTM2MTU5NzEwMA==	48171	31477	1320	5226	433	3625	297	1202	3662	2014	811	637	713	1153	1370	1218	672	392	245	452	461	842	992	562	202	371	173	525	685	699
XMTM2MTYwMDYwOA==	741382	470775	66279	24030	28436	11229	29188	1805	13991	41275	17101	30169	29261	26353	23184	27067	28149	7404	27193	13974	2023	17944	10285	4937	11850	5856	9915	9450	12618	40942
XMTM2MDc4MDY2NA==	21974	9175	501	1934	34	580	256	285	113	96	294	336	250	379	227	201	30	121	423	245	165	176	106	97	171	118	157	158	966	2094
XMTM2MDM3MTEyMA==	10497	5207	64	468	356	381	498	34	51	143	253	227	213	348	527	397	179	209	169	176	180	233	196	126	37	122	97	119	134	147
XMTM2MTM3NDQyMA==	7498	13659	4162	4181	293	283	1016	862	868	755	723	376	429	219	188	180	112	351	86	76	94	185	37	115	66	117	143	76	2145	566
XMTM2MDg4NzcwMA==	2569	1727	245	131	29	129	146	14	17	133	61	101	107	60	63	68	113	101	67	101	42	59	35	62	27	61	31	58	73	98
XMTM2MDgyODk5Ng==	8739	5001	78	330	251	169	91	4	46	33	66	52	49	44	66	29	43	23	20	1	17	70	13	17	0	11	2	29	248	94
XMTM2MDc3MTcxNg==	1383	866	329	254	34	22	76	145	123	630	444	523	366	296	259	203	157	121	117	142	125	111	112	92	65	110	62	95	59	62
XMTM2MTA0OTY2OA==	558	267	112	12	39	17	21	25	24	44	18	55	27	18	69	0	2	54	8	26	1	11	3	4	18	1	13	16	3	17
XMTM2MTcyMDg2OA==	266	178	41	32	37	0	20	43	60	33	32	24	27	9	28	32	3	15	7	19	10	30	23	1	0	5	4	7	18	14
XMTM2MTIwNDcwNA==	634	209	19	28	17	2	20	3	14	8	1	5	2	1	2	1	2	6	0	75	19	13	27	6	1	3	5	6	5	5
XMTM2MDgzMTg4MA==	303	124	9	8	22	4	15	7	35	6	12	9	8	11	2	9	4	1	7	50	5	8	14	2	4	4	7	6	2	68
XMTM2MDczNzkxMg==	6854	4748	66	76	56	51	41	93	92	21	51	19	13	30	21	21	30	13	14	21	3	16	19	12	204	77	78	697	392	21
XMTM2MDc1ODU0NA==	1652	477	39	47	37	4	17	36	10	2	1	14	9	59	16	12	11	2	3	16	3	2	2	13	9	18	17	6	24	108
XMTM2MTUwNzI4MA==	5550	4082	1188	849	136	87	583	1862	641	488	315	419	383	282	881	377	321	224	208	151	251	447	376	212	173	238	111	137	168	149
XMTM2MDc1NTcyNA==	128	51	0	20	6	0	45	36	20	14	9	21	11	16	4	0	15	12	0	63	6	8	35	0	5	6	1	8	5	6
XMTM2MTAxNzkxNg==	375	125	19	6	7	9	16	4	0	8	9	8	6	1	1	4	0	0	3	72	7	17	9	6	5	4	2	7	14	3
XMTM2MDgzNTk2NA==	422	215	56	42	9	3	23	34	26	39	16	8	16	18	14	16	14	13	0	52	4	27	2	18	7	4	11	18	2	20
XMTM2MTE2NDU4MA==	1033	385	58	24	11	29	16	29	24	16	17	2	3	3	33	6	3	19	11	48	4	1	5	16	6	0	17	12	13	4
XMTM2MTI1MzkwOA==	5987	2852	831	1192	91	958	1247	1653	2741	6106	7249	28305	36229	28918	25586	43197	38688	39702	37652	31302	9867	6861	5109	3577	1542	2980	1421	2753	2716	3329
XMTM2MDk2ODgzMg==	422	213	38	60	6	3	31	13	0	5	7	0	2	1	2	0	0	1	36	6	0	5	0	3	4	1	14	3	4	11
XMTM2MTI2ODE2NA==	5340	6093	102	66	44	40	25	17	19	23	9	92	29	2	7	2	5	8	8	1	4	215	86	48	11	26	12	586	599	13
XMTM2MTEwOTUzMg==	610	212	63	120	16	70	171	287	265	184	191	178	195	217	179	40	23	19	24	553	173	288	317	103	36	280	190	366	401	489
XMTM2MDkxOTUyMA==	1604	999	327	1	112	112	65	15	13	86	56	80	33	61	68	76	46	48	51	38	43	44	58	29	3	24	8	31	34	22
XMTM2MTI0MzMzNg==	1371	801	189	49	73	14	72	43	12	4	19	51	39	36	28	27	6	21	29	64	26	22	27	9	9	3	7	32	26	19
XMTM2MTA5Mjk0NA==	1307	625	39	88	86	12	55	148	103	84	53	26	96	51	55	27	31	18	1	29	32	29	11	20	13	0	12	22	13	10
XMTM2MTQzODQ4OA==	97	84	6	16	2	4	17	32	20	12	15	6	8	8	10	12	0	3	7	21	5	8	15	0	0	2	2	2	4	4
XMTM2MTM3NzQyMA==	112	45	8	14	2	0	19	16	12	14	5	21	8	1	18	17	8	4	18	63	17	14	3	10	2	1	8	11	21	4
XMTM2MTM2NTUxNg==	100	39	18	4	2	9	18	27	55	5	2	0	2	1	5	9	3	5	0	11	0	1	1	0	1	0	0	0	1	0
XMTM2MTE3MTQ1Ng==	606	176	21	24	19	5	21	3	14	3	11	25	19	22	6	6	8	1	4	64	24	18	39	1	2	2	3	8	6	2
XMTM2MTI4NDM0OA==	2586	640	67	84	80	14	16	19	14	2	35	55	0	45	22	23	56	46	29	1	3	45	68	18	17	35	12	32	39	28
XMTM2MDkwNjUzMg==	2259	539	28	15	10	6	18	8	18	0	1	0	4	11	1	2	4	0	0	0	2	3	1	3	4	33	7	21	170	2
XMTM2MTQzNDM0NA==	153	90	21	18	2	17	26	16	34	36	16	4	12	4	0	10	0	19	0	96	7	3	18	6	3	4	2	7	6	11
XMTM2MTAwOTk4MA==	51620	18387	934	1606	1186	277	288	190	215	260	774	515	208	135	133	136	165	332	338	113	52	81	25	73	167	219	241	2004	1925	34
XMTM2MTM3MzkyNA==	579	336	17	114	39	36	16	140	87	86	9	1	1	4	0	0	2	1	0	12	0	0	0	0	1	1	1	0	0	1
XMTM2MTM5ODI2NA==	89	40	16	26	5	9	15	7	15	6	5	8	1	2	0	3	11	7	0	33	22	5	1	8	1	3	3	10	6	7
XMTM2MTE3Mjk0OA==	186249	108215	2725	2841	14745	31170	7036	62	150428	809	482	584	536	382	456	339	339	220	167	185	249	256	370	182	120	226	179	231	193	202
XMTM2MDQzMDE4MA==	2218	655	50	47	36	61	48	23	17	24	48	12	12	3	19	8	27	3	24	107	48	24	22	10	12	13	12	17	14	20
XMTM2MTI0MzEyNA==	57824	99113	22613	4484	1590	7417	350	10347	3332	2868	3436	4159	1473	479	2126	1196	474	1857	1067	1105	5461	1772	2944	772	347	483	298	653	4216	1133
XMTM2MTU0MDY5Ng==	28327	30002	385	513	309	277	194	212	184	148	181	172	119	103	115	131	106	123	69	78	38	54	3354	1849	784	7	23067	56395	87	89
XMTM2MTE2MzM3Mg==	159	84	20	16	7	1	19	81	51	38	17	34	46	42	39	79	33	15	30	47	10	33	54	20	17	27	8	19	36	38
XMTM2MTM2MjQ2NA==	34135	14478	1725	2206	393	1155	580	77	266	106	59	553	506	748	1159	1028	343	283	203	199	319	710	865	344	217	530	106	1305	1186	1086
XMTM2MTMzMzk1Ng==	3826	2257	109	55	45	46	76	40	245	159	200	83	52	127	24	192	146	81	57	213	17	17	25	13	3	16	7	22	37	15
XMTM2MTE3Mjc4OA==	1232	535	39	165	17	9	137	282	117	197	9	16	7	0	0	3	8	0	8	34	3	8	2	6	1	0	7	18	11	28
XMTM2MDg2MjE3Mg==	81	32	11	1	5	1	16	28	1	8	13	5	1	5	0	1	0	4	0	29	3	1	6	6	0	1	0	2	5	4
XMTM2MDA0MTM3Ng==	718	305	165	134	16	162	146	223	169	111	120	88	103	119	120	94	130	135	86	59	77	132	111	49	63	99	37	138	106	93
XMTM2MTM1Nzk3Ng==	2194	1848	484	88	105	77	54	59	46	65	50	11	29	7	44	25	27	6	3	102	27	20	24	5	12	37	3	32	38	17
XMTM2MDg1Nzg4MA==	662	643	19	17	48	12	27	1	23	15	37	53	31	33	47	8	10	37	49	23	116	27	88	31	91	130	93	259	132	112
XMTM2MTA2OTgwOA==	522	220	50	46	14	4	14	31	20	26	15	20	36	32	13	23	28	14	15	45	11	14	23	22	31	36	27	31	18	21
XMTM2MTI4NTk4NA==	547	202	31	22	10	5	18	8	18	1	3	7	8	14	10	1	27	6	12	5	1	5	1	6	6	2	2	0	12	7
XMTM2MDg4MTExNg==	4535	1683	208	235	281	151	17	46	4	213	219	137	196	143	291	373	401	357	307	419	279	347	528	358	250	493	457	676	549	574
XMTM2MTM1NjczMg==	748	234	33	39	22	22	16	14	29	1	0	23	31	32	9	23	12	5	7	54	7	15	21	19	9	12	8	17	17	9
XMTM2MTAxNTk2NA==	1485	749	52	29	10	24	72	121	8	10503	4	14	8	2	15	21	10	7	4	21	3	17	2	4	2	2	3	3	11	11
XMTM2MDgxMTY4NA==	23854	14904	3827	356	100	398	151	144	83	94	192	126	164	264	55	113	145	80	31	105	38	146	493	297	88	967	120	201	547	76
XMTM2MTAzMzMyOA==	4521	3016	263	124	99	70	74	230	108	78	80	51	6	32	47	84	19	30	48	95	42	21	36	5	5	52	29	24	21	36
XMTM2MTA2ODgxNg==	13288	7870	2311	886	960	112	200	125	114	110	156	61	85	57	82	68	67	60	6	98	30	82	68	13	39	42	717	168	139	351
XMTM2MTM1NjYxMg==	3642	2322	800	762	59	273	581	363	270	192	214	183	217	221	194	230	140	191	189	153	112	168	151	72	68	97	56	119	116	132
XMTM2MDIwNTM0OA==	260	87	33	49	3	37	63	26	18	22	22	15	51	48	17	1	7	21	1	87	15	8	19	2	5	25	6	17	10	14
XMTM2MDg2MjE2MA==	2098	2222	56	24	47	21	77	35	8	1	3	19	3	2	0	1	140	0	17	7	0	3	1	14	39	90	71	12	125	6
XMTM2MTA0MDYyNA==	2677	1905	295	360	66	59	23	42	28	67	9	37	56	12	4	12	11	22	86	14	20	17	15	3	12	1	14	5	1	25
XMTM2MTIwMzg4OA==	222	105	13	19	7	5	19	29	17	10	14	10	10	6	17	27	9	10	3	4	5	12	1	4	2	6	6	14	8	6
XMTM2MTYwNzY2OA==	457	392	90	19	7	2	37	5	0	9	14	10	28	3	0	2	4	1	0	48	3	7	15	1	4	0	4	2	1	1
XMTM2MDkxOTY2OA==	465	205	12	13	11	15	14	11	4	0	15	14	5	2	11	21	3	10	6	35	11	2	9	1	2	15	1	8	2	0
XMTM2MTEwOTA3Ng==	1283	673	5	88	32	55	40	12	11	18	18	20	27	30	45	27	22	12	2	32	28	20	3	18	1	2	5	22	5	9
XMTM2MTUwMTQ0OA==	691	460	52	26	28	17	24	17	3	54	41	37	41	53	27	18	71	34	32	102	31	44	47	24	25	35	29	63	37	35
XMTM2MTAzNjA0MA==	1409	664	82	130	8	24	118	85	35	47	88	139	112	44	58	33	39	59	26	12	35	22	37	13	38	31	14	1	54	335
XMTM2MTI1Njc4OA==	1820	670	124	139	43	14	67	0	68	31	27	41	26	9	83	77	1	0	141	24	7	0	6	21	19	1	1	50	8	178
XMTM2MDgyODUwMA==	27399	4962	325	356	277	157	97	122	93	91	89	75	67	103	63	85	57	76	97	50	22	75	43	66	34	44	2159	843	663	29
XMTM2MDk2MzAwNA==	837	552	207	75	7	6	112	118	68	51	21	25	9	4	25	16	33	8	0	77	3	3	4	2	7	9	5	63	4	4
XMTM2MTI3NjM2NA==	1287	1058	55	11	66	48	70	24	31	4	22	52	61	41	45	16	28	79	29	68	31	24	57	32	9	55	35	54	49	46
XMTM2MTQyOTQ0NA==	407	215	44	58	11	37	35	29	28	59	48	28	42	82	40	2	53	40	30	48	33	19	44	31	21	15	8	19	2	6
XMTM2MDkwNTUxMg==	4170	2109	463	165	93	235	112	8	80	299	186	210	319	123	122	360	24	86	48	132	118	61	36	73	55	111	36	92	68	93
XMTM2MDg3NzEyNA==	369	114	36	106	2	26	40	10	6	1	3	2	4	3	4	2	1	0	30	0	0	4	1	0	0	2	1	3	0	19
XMTM2MTAyNjg5Ng==	2102	772	78	57	27	206	63	47	60	25	14	19	0	2	18	3	12	0	3	125	7	6	4	5	4	14	3	16	5	2
XMTM2MTMwNDg2NA==	3775	1734	115	89	43	55	36	35	29	12	15	27	11	25	26	4	1	123	16	19	11	2	8	16	25	5	9	41	32	26
XMTM2MDgzNzY1Ng==	1898	714	32	10	40	22	25	4	5	2	0	15	10	4	3	0	47	5	0	8	1	3	0	9	7	11	8	8	106	0
XMTM2MTQwNjU0MA==	818	611	45	13	38	33	14	39	12	1	22	26	15	4	5	3	1	10	1	21	0	2	5	0	1	0	2	1	3	0
XMTM2MDgyMjM4NA==	34639	21934	1290	1844	1131	443	136	188	280	312	399	777	701	430	291	192	214	266	291	57	13	684	732	141	56	221	286	362	710	543
XMTM2MTY4NjA5Mg==	2453	827	97	3	168	15	134	31	11	10	39	34	36	58	28	81	18	26	22	67	34	69	51	10	1	25	10	47	54	60
XMTM2MTYzMzA2MA==	65456	35414	2773	5411	1152	4094	345	12	13	1597	849	563	638	1140	1667	1801	671	426	365	370	548	1325	1063	251	92	256	233	369	583	498
XMTM2MTEyODY4NA==	3160	2386	108	53	190	120	38	136	49	41	21	70	30	5	33	9	8	4	0	16	8	8	3	2	3	3	8	2	0	7
XMTM2MDc1MjEwNA==	16415	9392	414	1301	15	1290	95	560	1382	448	347	290	534	489	806	868	400	103	155	216	372	509	99	182	182	315	712	121	1599	1716
XMTM2MTE3NjM2OA==	4680	2486	744	234	232	203	21	8	173	113	112	112	96	59	52	68	47	19	37	94	22	32	27	14	14	1	21	31	22	20
XMTM2MTEwOTAzMg==	5715	2016	148	198	75	34	17	16	21	63	50	11	12	14	2	137	17	35	7	24	2	3	4	38	26	14	117	274	135	20
XMTM2MTYwMTczNg==	48224	25436	497	1655	2378	708	1831	625	505	474	500	549	278	268	239	771	371	255	99	296	189	596	574	180	52	132	167	287	443	415
XMTM2MTM2MzU2OA==	3062	1041	109	35	55	104	204	93	13	11	6	1	0	1	2	6	1	44	7	6	6	3	4	2	5	5	4	4	3	4
XMTM2MTM2NDA5Ng==	164	126	40	22	1	1	18	19	7	14	7	4	15	8	2	2	3	3	0	47	4	6	3	5	3	2	3	8	4	14
XMTM2MTU4MDkwNA==	5548	4649	320	299	55	600	26	448	852	201	160	123	196	122	332	240	97	94	85	79	85	250	291	88	25	79	74	82	102	146
XMTM2MTQ4ODcyOA==	170	75	26	14	2	2	22	18	22	7	3	0	13	7	8	22	21	6	1	6	8	0	5	6	0	1	11	4	2	3
XMTM2MTA2NTYwOA==	1988	785	144	179	49	44	16	42	60	118	104	128	65	61	42	27	16	21	0	41	10	15	3	9	4	2	13	12	15	23
XMTM2MTIxOTQ4NA==	3983	697	52	54	40	23	25	30	10	37	28	46	18	36	134	222	145	97	58	2	21	41	15	9	11	31	13	27	26	38
XMTM2MTI4NDMxNg==	1443	848	172	132	1	10	193	109	192	53	81	64	151	88	162	3	46	247	8	46	65	104	119	42	69	23	76	75	34	105
XMTM2MDgzOTUwOA==	454	131	4	5	0	38	21	71	50	24	15	13	20	16	21	10	26	11	101	55	14	8	7	36	2	17	3	5	11	3
XMTM2MDgyNzkyOA==	679	385	98	119	42	76	22	27	14	18	19	10	8	3	6	11	5	6	1	21	8	17	21	9	3	25	9	9	6	5
XMTM2MDc3NDk3Mg==	39495	11747	946	1410	1036	334	318	146	237	168	101	459	441	142	135	133	91	123	205	220	24	69	56	75	158	271	194	246	222	44
XMTM2MDk4Mjg4MA==	940	267	20	46	7	23	22	2	17	16	7	4	7	5	1	2	0	9	1	80	7	12	2	10	2	4	7	8	3	5
XMTM2MTMxNDAzNg==	4107	1408	31	28	20	26	28	131	14	24	21	10	4	3	0	53	7	6	7	2	1	0	1	12	4	3	57	258	237	0
XMTM2MTIxMTEyMA==	1281	643	104	23	26	35	49	15	16	19	2	8	2	10	5	0	2	1	2	41	6	18	4	2	0	5	4	9	5	1
XMTM2MTIyODc1Ng==	321	157	2	17	0	11	26	2	6	17	1	5	6	1	6	4	8	1	0	36	8	1	6	3	0	6	2	2	2	12
XMTM2MTUzODA0OA==	85	48	16	10	3	2	14	12	6	3	6	15	1	2	1	3	2	1	0	26	7	2	0	1	1	2	0	1	3	0
XMTM2MDgzNzM4MA==	1114	228	102	16	43	11	55	34	0	20	11	7	12	13	2	5	3	34	3	171	2	0	5	3	5	3	0	5	5	0
XMTM2MTA0NDY4MA==	4371	1920	60	62	141	65	49	14	34	3	43	22	5	14	14	17	12	66	10	10	9	2	5	12	2	8	6	2	172	46
XMTM2MTIwODI0MA==	396	116	46	38	15	3	33	33	37	30	22	27	29	22	20	25	3	37	51	35	34	6	22	36	32	33	32	63	27	132
XMTM2MDg2NTcwMA==	8447	2034	35	829	45	47	453	727	378	181	54	100	172	211	277	205	129	224	166	168	152	150	206	64	43	104	61	93	91	99
XMTM2MDk4NjA1Mg==	1900	1173	73	330	728	109	46	27	34	4	25	13	3	7	204	161	11	24	12	7	17	27	74	26	51	8	24	4	185	6
XMTM2MDk0MTIxNg==	497	237	53	28	8	115	105	89	76	219	179	569	676	272	239	41	57	39	28	37	36	26	67	151	25	122	14	36	14	13
XMTM2MTAyNTY1Ng==	2022	1428	504	295	110	24	225	526	8	306	189	561	5	169	178	248	229	214	302	238	183	148	128	98	90	175	125	175	100	161
XMTM2MTU5MTc1Ng==	17405	8289	442	777	527	138	155	147	2	114	120	210	164	82	51	46	33	41	159	96	57	38	33	77	81	79	110	117	318	15
XMTM2MTMxNzY2MA==	636	381	0	15	23	17	30	0	0	30	37	31	37	3	25	37	40	70	28	68	33	41	39	3	13	40	34	24	18	23
XMTM2MTYzMDcwMA==	814	322	63	106	14	39	15	1	15	30	119	56	27	9	8	35	7	3	48	28	0	13	55	13	186	28	287	51	22	1
XMTM2MDg1MjA0NA==	382	219	69	41	17	12	29	15	16	5	3	7	0	5	7	0	0	1	0	34	3	3	1	2	4	2	1	7	10	3
XMTM2MTQ1NzAxMg==	218	65	42	42	12	27	25	6	6	11	10	1	1	1	1	1	0	2	3	16	1	0	0	3	0	1	2	1	1	1
XMTM2MDgyNjQ4NA==	1763	884	21	39	68	112	64	3	16	11	16	24	45	25	58	46	28	23	0	54	27	59	4	25	2	4	1	15	33	19
XMTM2MTQ0Njc1Ng==	548	315	61	29	6	3	20	23	4	8	1	21	1	8	5	22	2	1	9	66	10	12	12	9	3	10	8	16	8	10
XMTM2MTIxODA1Ng==	97	53	16	26	0	4	20	12	12	24	15	20	14	6	7	3	3	0	3	212	38	7	9	15	19	2	1	57	14	1
XMTM2MTQ5MzIwNA==	3256	2853	800	139	9	122	83	65	24	33	72	30	14	173	53	20	12	20	9	8	7	13	11	0	3	4	2	9	3	8
XMTM2MTE2ODc0NA==	6221	3333	924	79	295	228	136	101	31	34	4	97	63	85	102	60	78	69	61	45	49	37	41	35	19	23	26	35	30	24
XMTM2MTI5MDY0OA==	7167	5447	109	425	216	103	128	2	101	76	52	86	118	138	11	71	52	9	40	97	116	23	76	13	38	98	80	286	143	319
XMTM2MDI5ODAwNA==	3291	1155	77	151	95	38	18	38	17	20	39	10	87	3	26	16	15	38	25	63	0	14	21	18	7	1	0	8	15	17
XMTM2MDc3ODk3Ng==	51292	33625	1533	3604	2655	422	348	233	991	676	834	13	1350	1061	0	402	341	323	193	314	442	1191	1155	453	109	352	263	602	912	952
XMTM2MDc3MTA4OA==	5783	4103	1517	70	269	157	136	77	73	83	51	7	44	6	15	2	49	26	19	80	26	26	29	16	14	8	3	11	14	7
XMTM2MDcyOTY3Ng==	42	81	20	10	2	1	23	7	13	8	4	7	1	1	0	1	4	1	0	29	1	3	3	1	2	2	0	4	2	0
XMTM2MTM2NTM1Mg==	9838	12747	1403	669	623	45	402	464	407	475	166	51	36	248	24	434	1110	1365	115	2247	256	257	36	245	23	15	146	349	373	59
XMTM2MTQ1Njk5Mg==	4584	2005	63	203	232	71	157	100	12	19	82	143	148	108	118	107	67	81	51	59	78	58	77	41	41	53	55	67	87	57
XMTM2MTI0OTE0MA==	3499	2118	47	193	112	119	121	5	40	75	30	40	51	92	61	68	16	28	63	36	9	101	89	27	27	10	33	22	58	52
XMTM2MDcxMDMyOA==	4893	1719	138	326	180	92	64	28	5	73	72	2	25	105	254	209	57	63	56	47	48	170	134	42	23	40	21	63	93	112
XMTM2MDk2ODM3Mg==	131	54	16	4	3	0	26	25	15	19	34	25	35	5	6	2	15	8	14	84	16	14	22	20	13	55	18	30	12	22
XMTM2MDk3MTE4NA==	703	424	123	103	26	10	48	99	58	54	45	30	29	34	50	39	58	38	34	21	20	22	34	26	28	30	11	33	16	18
XMTM2MTMyMTE5Mg==	424	167	60	81	10	9	35	38	33	21	25	35	27	33	21	27	38	61	8	62	44	74	72	14	27	61	48	99	92	54
XMTM2MTU5MjU5Ng==	43	136	18	10	1	5	21	7	0	0	0	3	1	0	2	0	1	0	5	2	1	3	0	1	0	2	1	9	2	2
XMTM2MDgyNDU1Ng==	27007	12912	297	688	517	1576	552	89	375	295	384	318	311	514	1000	968	284	297	197	182	273	832	702	102	106	311	95	301	507	437
XMTM2MTM3MjcxMg==	16415	8294	2269	375	1347	376	171	564	640	723	529	565	549	534	807	774	393	182	138	156	133	173	208	138	71	112	85	131	128	165
XMTM2MTEwMDcyMA==	574	255	63	109	11	15	23	35	39	29	22	22	27	9	2	20	12	7	2	30	4	3	1	0	6	1	8	1	4	2
XMTM2MTQyNzE5Ng==	361	183	48	59	10	12	52	22	24	24	12	14	6	8	34	27	4	16	7	44	17	15	17	3	2	17	14	10	12	18
XMTM2MTE1NjI5Mg==	199	89	7	3	1	82	63	0	0	0	2	0	0	0	2	3	1	0	3	0	0	0	0	1	2	2	6	0	16	0
XMTM2MTM2MDcwMA==	70	31	0	18	3	4	20	18	4	6	8	2	3	1	1	2	1	4	0	32	3	1	4	1	1	2	0	8	1	2
XMTM2MDg3NTcwNA==	801	298	101	89	17	2	68	97	33	55	29	60	49	58	41	45	52	47	54	34	41	17	34	56	25	38	44	60	41	50
XMTM2MDkzODg2NA==	1319	521	40	46	20	8	24	23	14	11	11	20	7	8	6	5	4	2	7	70	17	4	16	3	4	2	3	13	8	7
XMTM2MTAyMzY5Ng==	599	271	33	27	22	3	46	6	1	1	0	3	0	1	60	35	65	24	60	58	19	28	18	43	32	5	18	7	10	4
XMTM2MDkzMDUzNg==	8885	2415	133	95	141	116	50	76	6	7	1	3	32	2	1	282	38	31	5	7	8	4	4	16	28	25	418	445	396	44
XMTM2MDc1NDU3Mg==	290	77	59	17	11	24	19	24	11	17	12	9	4	11	0	1	6	3	3	52	13	5	4	6	4	1	4	11	9	7
XMTM2MDcxOTI0OA==	40806	15646	2230	1305	661	620	695	827	615	826	460	360	502	353	474	417	309	299	181	171	222	227	270	185	163	237	215	242	206	215
XMTM2MDg4ODYxMg==	1458	2124	593	69	90	45	38	115	137	155	134	172	166	154	176	169	117	174	105	174	140	49	64	85	101	162	124	337	5	154
XMTM2MDk0MjE5Mg==	3235	1102	241	354	74	21	78	33	56	215	56	102	193	89	61	47	35	33	31	16	15	14	18	4	8	14	21	20	25	22
XMTM2MDc2MjE2NA==	6724	1771	84	171	85	33	33	0	11	31	49	46	14	12	7	21	14	62	50	5	9	28	12	24	31	47	329	154	163	5
XMTM2MTQzOTk5Mg==	173	293	57	25	5	16	21	42	51	13	9	14	6	9	1	14	3	7	3	80	1	2	5	4	6	2	1	16	3	8
XMTM2MTM5OTg3Mg==	29884	15290	5644	531	638	768	397	302	199	235	393	356	220	177	78	59	192	204	108	41	100	46	68	57	60	2532	365	66	213	423
XMTM2MDc0MDA5Mg==	4801	3517	787	183	210	55	107	506	302	165	98	142	257	60	254	214	201	97	66	143	199	117	254	108	146	15	50	115	151	119
XMTM2MTQ1MDc2OA==	775	340	67	136	27	49	121	145	93	94	55	140	73	140	94	105	74	84	60	72	113	119	160	62	71	86	26	102	71	83
XMTM2MDgyMzM4NA==	13524	6007	453	315	322	203	155	67	100	71	105	3	50	4	3	2	132	51	40	7	15	17	3	19	1	12	11	6	896	58
XMTM2MDg5MTc0OA==	6017	1259	35	34	27	48	23	27	7	34	14	0	14	1	3	29	12	18	11	3	2	1	1	3	6	2	701	289	187	15
XMTM2MDg2MzUzNg==	323	117	37	2	4	17	16	4	1	0	8	6	3	1	2	2	0	3	1	49	2	4	5	0	4	3	2	0	1	6
XMTM2MDg5NzU3Ng==	593	276	89	158	19	106	135	85	90	101	92	94	172	124	96	91	104	109	114	127	119	115	176	100	128	157	96	166	110	100
XMTM2MTQ0MzIzMg==	433	226	38	24	1	20	28	6	3	21	11	19	18	26	25	8	11	1	4	49	17	14	8	0	3	6	12	33	17	20
XMTM2MDg1NTU4MA==	2479	1133	114	25	161	56	26	20	7	10	14	92	12	60	75	19	1	5	0	27	12	18	12	3	0	1	3	5	17	14
XMTM2MDgzNDc0OA==	19813	9193	11	846	687	524	895	4	263	231	273	206	300	212	582	188	65	419	500	133	105	200	37	130	148	244	133	168	151	177
XMTM2MDg1OTE5Ng==	837	317	20	28	27	33	17	1	21	37	34	14	2	7	9	0	5	7	6	170	22	27	4	14	8	2	18	8	10	18
XMTM2MTU5NzMwNA==	3005	2422	31	111	245	14	171	104	42	7	11	92	71	94	133	156	44	45	33	53	94	119	72	39	13	71	23	61	52	59
XMTM2MTI1NTUwOA==	1024	357	75	9	80	15	62	2	21	22	9	21	28	49	102	62	14	12	10	18	15	32	27	32	11	29	7	16	50	13
XMTM2MTMwMTkyOA==	31	10	5	2	2	0	18	1	6	7	3	1	0	0	2	1	1	1	0	11	4	2	3	0	0	1	6	0	1	1
XMTM2MDk3MDQ0NA==	138493	81610	21464	16358	2240	1200	25644	25754	15841	9115	20451	8932	10215	6562	19135	14556	17356	3908	10112	6090	1033	11926	10104	5437	2888	4522	9614	6552	3928	2009
XMTM2MDc2OTU4MA==	79081	38788	2900	5711	4334	369	1094	1908	678	750	11	764	1557	1728	3634	3292	714	839	867	1147	1187	2347	2536	417	266	511	575	1079	1548	1373
XMTM2MDg0NTc2MA==	2582	745	30	47	116	10	33	58	87	76	37	36	79	16	11	67	13	17	23	7	16	10	9	10	30	33	47	32	142	29
XMTM2MDkwNDcyOA==	2223	1467	261	123	198	445	136	65	39	28	29	36	4	15	23	6	22	1	3	95	9	24	5	18	6	7	11	15	7	41
XMTM2MDcxMDQ0OA==	4241	1988	54	46	31	48	14	3	2	2	16	3	3	19	1	127	17	4	11	7	12	1	8	2	8	3	169	305	214	17
XMTM2MTIxMDk3Mg==	478	144	4	2	10	0	22	65	72	28	15	15	6	40	115	101	59	106	214	146	156	555	323	149	92	289	116	408	542	533
XMTM2MTM3NDk1Ng==	591	1102	293	149	10	26	28	85	33	35	45	26	12	13	8	4	8	3	3	81	9	5	2	7	4	6	5	12	8	9
XMTM2MDk5NDYwNA==	2074	826	64	35	61	76	53	14	57	43	1	18	3	9	7	22	27	57	52	200	40	52	46	34	27	49	27	40	34	44
XMTM2MDg2OTIwNA==	920	227	36	16	16	11	27	1	7	8	12	11	11	6	9	33	13	2	3	74	9	40	32	26	9	18	1	15	9	11
XMTM2MDc3Mzk0MA==	23633	74100	12038	12767	9068	49	59	22	8	3	6	24	1	8	2	1	1	1	1	41	12	11	19	9	0	5	6	12	16	9
XMTM2MTMwOTA0NA==	3141	1080	22	53	17	514	94	48	61	89	3	0	43	33	46	32	13	17	1	13	10	1	7	4	9	2	5	5	2	8
XMTM2MDk0ODk5Ng==	4062	1338	187	9	4	3	56	233	48	76	58	50	56	27	15	78	48	66	2	36	28	1	1	13	9	7	16	15	305	92
XMTM2MTIwOTM5Mg==	2342	1537	75	39	30	17	14	14	0	1	1	3	0	9	1	2	31	51	11	7	6	0	4	2	4	4	3	3	239	29
XMTM2MTUwNDQ1Mg==	2392	2589	557	100	69	40	24	11	23	21	6	8	7	3	3	15	3	39	185	19	5	10	3	0	7	7	5	4	69	7
XMTM2MTM0ODUxMg==	4557	2393	1182	61	304	158	75	89	214	275	135	132	150	125	115	156	139	133	90	137	118	123	161	107	79	112	95	112	125	123
XMTM2MTQ4MDQ1Mg==	1180	836	305	17	87	52	21	2	28	11	15	20	29	39	2	0	21	8	0	83	12	12	13	2	4	8	2	2	19	10
XMTM2MTMxMDcwNA==	222064	64357	5393	4548	2997	4877	1273	26	1229	697	764	440	996	119	660	42	577	562	490	214	172	264	183	223	42	296	454	7890	12228	988
XMTM2MTAyNzA1Mg==	2102	793	126	62	21	124	91	91	66	30	31	27	11	4	6	2	15	7	2	208	24	30	23	12	3	13	14	7	48	62
XMTM2MDc1NDc5Mg==	7325	4003	65	189	112	37	18	36	25	28	95	85	34	23	35	74	13	56	50	20	17	17	6	44	34	34	903	105	171	4
XMTM2MTQ0NDE1Mg==	1557	1012	10	59	95	19	90	36	3	21	22	78	11	43	91	23	1	12	3	167	43	36	3	11	6	19	11	2	7	38
XMTM2MDg1Mjk3Mg==	603	351	28	65	45	12	17	399	227	92	33	25	64	69	115	58	20	41	24	24	64	85	98	37	15	48	10	51	33	43
XMTM2MTI0NDU0NA==	914	408	141	86	2	131	211	80	62	98	83	104	155	222	61	35	6	45	45	62	31	33	72	65	20	24	73	62	35	26
XMTM2MDcyOTA5Mg==	600	165	16	21	2	157	49	13	1	1	0	0	0	0	0	0	0	2	2	3	0	0	0	1	1	0	1	0	0	1
XMTM2MTMxNzA0OA==	1547	1091	260	218	22	12	225	404	304	171	93	173	142	155	27	156	75	78	71	224	120	167	140	49	23	28	22	40	54	45
XMTM2MTIzMzY4NA==	325	204	20	37	19	21	29	67	40	27	118	442	156	322	64	25	3	18	6	125	8	12	26	16	16	2	17	3	8	25
XMTM2MTM0NDU3Mg==	6614	2412	176	177	171	128	123	6	69	86	228	80	89	71	36	16	17	10	9	38	12	10	14	13	5	8	15	22	16	16
XMTM2MDk5ODE4NA==	185877	225385	22926	1016	522	748	754	627	277	349	278	284	193	345	311	407	241	157	394	474	642	322	285	395	148	339	513	277	1534	342
XMTM2MTIzMzg2NA==	1784	900	28	50	21	8	39	22	16	14	54	6	3	16	6	459	237	25	0	39	10	3	0	7	1	3	1	8	5	4
XMTM2MTQ3NTE1Ng==	20222	17750	491	427	35	214	323	106	166	171	115	130	99	117	73	28	50	37	69	44	43	28	52	21	54	26	48	720	2133	232
XMTM2MDcwMjQ4NA==	875	497	8	45	28	28	31	1	11	31	9	16	1	2	9	14	7	11	2	82	8	7	3	8	8	1	2	0	10	17
XMTM2MTU5MzU1Ng==	118	47	15	4	0	5	38	36	16	31	15	17	3	3	10	18	30	22	29	72	36	6	16	0	6	5	6	16	6	7
XMTM2MTMyNzcyMA==	234774	167400	14074	19548	15362	1527	7655	1892	17611	17751	7886	10153	11918	7706	24949	5862	8822	6924	6529	5125	4877	6377	9742	2245	4564	2023	3044	1177	2528	2877
XMTM2MDc0NjUwMA==	186	125	45	40	1	1	17	20	34	23	15	22	2	12	13	3	29	18	4	108	36	128	165	200	183	506	215	335	556	217
XMTM2MDc3NTA0NA==	40980	17817	1788	604	2344	302	1947	27	15	309	154	383	374	545	893	578	130	161	83	131	121	526	355	80	35	81	57	111	177	152
XMTM2MDkxMjcyOA==	5433	3067	636	414	332	94	29	181	282	223	22	88	156	195	77	15	66	118	95	81	161	56	2	11	50	2	48	71	41	331
XMTM2MDY1OTg2NA==	171	98	18	20	5	13	20	10	9	5	2	0	3	1	0	1	0	0	12	7	1	10	6	1	0	1	4	3	0	1
XMTM2MTMxMzM5Mg==	328	340	54	2	31	1	15	34	58	31	33	159	65	61	104	85	64	28	26	29	43	101	93	4	9	8	11	39	23	21
XMTM2MDk1OTg1Mg==	96	61	11	14	2	9	14	31	34	22	25	1	1	2	2	4	1	2	12	111	16	17	0	26	1	4	3	15	6	16
XMTM2MTQ1NDQwNA==	225	176	46	19	3	2	15	12	14	6	6	2	2	2	1	4	0	28	3	3	1	6	4	7	2	1	2	1	1	16
XMTM2MTE5MjE2OA==	1825	2859	492	10	107	29	93	52	1	56	25	25	40	58	116	53	32	15	60	43	44	55	16	15	16	29	21	20	50	217
XMTM2MDgyNzY0MA==	22659	9602	545	323	262	158	72	103	231	184	85	99	106	93	107	63	61	101	105	75	65	120	53	88	95	73	251	1104	1102	122
XMTM2MDg0NzgyNA==	221	127	24	31	6	8	30	34	22	20	18	22	25	47	65	65	41	35	17	47	32	39	55	43	22	36	25	30	44	46
XMTM2MTA5NDgyMA==	2238	1238	267	31	104	84	50	13	111	64	67	93	57	62	72	61	43	63	36	40	28	24	28	22	27	44	10	36	27	29
XMTM2MTMwMDYwMA==	617	417	19	28	1	20	38	11	9	7	10	0	12	4	38	16	1	0	3	35	8	27	38	45	29	14	13	14	19	17
XMTM2MDYxOTgwMA==	13672	2826	257	472	263	170	271	1	132	165	205	216	14	133	118	101	10	5	73	73	83	115	108	75	44	90	102	109	389	202
XMTM2MTA5NzAwMA==	193	92	17	35	1	11	16	20	19	19	8	9	24	3	3	1	1	0	22	5	3	0	4	2	9	3	5	3	1	49
XMTM2MTAzNDYyNA==	767	362	73	7	49	0	157	50	19	61	4	32	9	32	13	45	58	32	3	61	24	42	35	20	4	12	7	24	57	32
XMTM2MDgwMTg0NA==	13228	7705	168	179	117	131	97	102	26	66	7	21	53	43	52	254	28	14	49	41	45	37	39	35	42	34	40	1022	636	11
XMTM2MDg4NDkyNA==	286	191	69	43	5	15	16	65	28	35	25	21	2	5	1	1	8	4	0	94	10	6	7	0	3	3	3	4	1	6
XMTM2MDM4NTA3Ng==	215	103	36	36	1	4	18	24	30	12	12	18	8	0	3	3	7	2	5	54	4	9	3	14	1	3	3	23	10	6
XMTM2MDgyMDQ5Ng==	797	157	71	23	4	15	17	0	7	47	23	16	5	9	22	39	83	21	8	21	45	97	57	2	4	2	7	1	19	16
XMTM2MDc5MTk4OA==	5584	1243	235	38	49	11	52	55	50	82	37	46	49	16	43	25	50	50	45	34	21	7	18	20	31	17	167	269	23	364
XMTM2MTUxNDgwMA==	47638	17092	2087	1158	1179	1670	10174	9098	1095	361	334	689	400	589	1468	503	315	280	269	297	369	669	516	243	124	185	153	168	270	229
XMTM2MTI5MjcwOA==	1764	1226	260	24	96	61	21	88	156	116	155	146	154	138	144	91	13	51	69	179	91	77	107	105	77	145	47	121	63	73
XMTM2MTA1MDE2MA==	14883	8149	159	93	54	383	752	44	1136	492	1265	158	26	1051	1086	1851	1467	1688	1311	1279	1337	1544	1547	996	1200	2307	1852	2244	1505	1506
XMTM2MTM5MTMzNg==	785	334	52	68	30	14	62	44	35	33	41	41	85	59	35	30	25	26	21	29	63	37	18	11	38	12	33	30	19	200
XMTM2MDkzNTAzNg==	447	301	9	13	27	2	24	17	8	0	8	25	15	19	24	9	29	15	18	4	24	15	42	2	0	15	7	20	13	17
XMTM2MDkyMjI5Ng==	4278	1283	60	111	104	27	21	21	15	2	18	23	25	13	7	72	14	31	13	5	2	1	2	4	13	14	171	135	109	4
XMTM2MTMyMTM0OA==	1573	1434	11	136	32	21	47	66	38	7	8	42	61	87	24	2	36	32	33	50	55	51	47	41	6	32	33	46	48	100
XMTM2MTQwNzc5Mg==	132	108	20	24	2	2	17	22	26	16	12	9	30	35	6	5	7	3	42	23	2	11	8	7	1	2	5	4	6	1
XMTM2MDk3NzQwNA==	68137	38123	523	1985	1266	591	84	313	255	268	195	211	173	103	13	16	362	117	122	138	198	59	83	51	91	122	142	2562	5660	115
XMTM2MDg0NDIyNA==	187	118	36	21	8	20	16	43	12	10	33	24	25	32	33	18	32	10	32	37	15	17	24	14	5	35	9	38	28	28
XMTM2MTQ4MDUyOA==	1279	969	213	0	104	82	14	11	108	71	45	26	23	73	39	19	10	24	15	50	36	14	11	7	12	16	9	29	20	18
XMTM2MDgzMjM4MA==	21491	12497	2380	563	463	911	272	646	298	496	635	437	294	261	83	28	24	20	0	33	40	27	10	10	11	0	11	17	7	9
XMTM2MDk4NzEzMg==	758	477	224	173	23	8	99	85	69	73	52	66	73	79	50	42	63	68	47	29	57	20	44	35	39	67	28	73	45	48
XMTM2MDg4NDM1Mg==	262634	107431	18021	14895	105	5842	3007	1840	2403	1636	4455	3155	6767	189	284	3681	1991	1654	1294	1502	4997	5110	3450	1185	594	1107	695	2720	3463	1462
XMTM2MTUwMjU5Mg==	2401	2361	290	55	69	29	39	39	27	33	34	32	26	14	17	37	25	35	30	40	10	3	30	14	13	46	31	42	34	3
XMTM2MDg1NzE4OA==	634	332	77	109	8	31	96	90	87	88	71	65	85	118	84	65	83	106	52	37	39	19	71	50	49	57	27	57	25	25
XMTM2MDg4NDAzMg==	1968	448	36	35	24	42	14	11	0	18	10	7	7	0	7	2	66	29	7	6	4	5	7	5	8	4	2	0	7	5
XMTM2MDkxNzQ0MA==	11141	10754	444	416	140	31	68	161	19	116	127	325	124	438	348	90	41	38	120	67	58	63	171	10	49	64	16	27	9	20
XMTM2MTIxNTE4NA==	157	82	14	17	3	0	17	19	18	23	12	9	0	5	4	1	3	1	0	83	2	4	8	3	4	14	14	22	8	24
XMTM2MTQ3ODgxNg==	235	140	16	30	5	2	59	57	18	48	28	3	11	14	5	2	4	15	1	164	9	3	6	7	3	2	2	7	4	4
XMTM2MTE1MzgxNg==	348	154	87	82	0	2	45	22	50	50	0	13	16	7	3	4	10	19	1	201	19	11	10	11	0	3	25	14	8	5
XMTM2MDc0NjIxMg==	12925	6229	223	192	117	116	58	99	12	95	65	66	55	63	49	31	31	67	66	70	48	29	75	33	62	30	758	304	530	93
XMTM2MDk4NjkwNA==	3874	1735	112	95	36	120	110	66	13	24	20	49	41	50	51	50	23	7	24	76	21	36	35	8	1	32	23	28	28	35
XMTM2MTA5MzY1Mg==	1232	569	6	66	33	45	44	10	15	55	50	37	52	47	10	34	29	33	30	75	15	21	28	30	15	31	15	30	26	11
XMTM2MTU5NzAzMg==	131635	36570	950	1061	885	778	605	1001	954	917	671	894	587	617	466	371	294	236	236	128	132	372	115	170	211	116	19507	1413	5821	19
XMTM2MTIyNjY3Ng==	959	302	101	63	33	4	43	42	24	27	14	16	12	51	57	10	7	17	13	34	24	33	19	27	21	6	4	6	4	5
XMTM2MDcwOTg3Mg==	351	147	53	57	2	3	34	7	4	17	11	4	2	3	0	1	4	1	1	44	12	4	1	0	0	1	0	1	4	1
XMTM2MTE1NTY4MA==	35191	6640	262	570	450	146	94	72	133	83	144	207	69	48	58	45	51	122	71	30	15	35	23	51	53	56	3667	1012	617	179
XMTM2MTA2NDkwNA==	2305	1001	153	297	18	71	76	71	59	136	68	66	86	82	53	33	75	1	29	22	15	10	4	12	8	13	1	20	18	11
XMTM2MTE2MTI2NA==	1147	565	34	20	22	8	24	16	8	4	2	0	1	2	1	1	36	14	5	7	0	4	2	0	0	1	3	3	84	5
XMTM2MTQ0MjA0OA==	3333	1510	84	143	38	46	53	26	47	25	13	4	23	36	31	34	1	82	38	16	12	40	41	2	12	21	16	50	41	39
XMTM2MDkxNzk1Ng==	32491	7843	456	123	73	57	153	83	24	32	40	37	24	8	9	13	17	1	14	14	18	1664	918	64	119	198	2821	59	235	26
XMTM2MDk3NzYxNg==	990	443	0	24	27	21	15	10	14	15	4	0	1	4	0	4	2	0	5	90	12	13	18	4	12	1	4	38	4	6
XMTM2MDk2MTQ1Mg==	72	22	1	6	1	2	16	10	4	8	0	1	0	4	2	2	1	2	0	27	2	0	1	3	1	2	0	1	0	2
XMTM2MDc1OTczMg==	571	199	70	96	1	52	66	69	70	73	75	51	74	110	62	72	85	131	75	112	82	116	123	79	88	275	66	162	76	54
XMTM2MTMzNzkwMA==	997	622	16	38	24	8	23	15	1	3	4	0	1	4	1	2	0	48	8	1	2	3	1	3	0	1	1	7	0	0
XMTM2MTIxNTAyNA==	70	189	37	70	12	38	18	26	18	14	32	19	22	7	1	1	2	4	7	64	10	8	11	0	8	1	4	2	1	1
XMTM2MTM3MzI0NA==	4802	3157	539	50	451	96	20	206	214	315	169	256	212	210	184	159	171	213	175	240	233	104	188	217	130	242	131	208	112	131
XMTM2MTI2MTkzMg==	8262	2110	101	57	187	310	53	54	265	141	12	44	30	23	12	60	25	8	1	8	1	4	1	50	20	26	81	354	145	2
XMTM2MDQzMTAyMA==	1092	349	30	50	6	26	36	13	17	10	34	5	2	8	17	10	3	4	15	87	30	21	18	14	5	9	16	24	20	18
XMTM2MDUwMjkzNg==	2040	863	285	72	97	41	24	8	20	25	23	36	6	10	30	15	7	122	2	1	21	66	75	2	10	10	10	20	21	90
XMTM2MTM1OTExNg==	4614	5417	1087	85	134	77	74	49	52	81	51	71	37	37	37	43	50	47	51	3	67	46	29	42	32	56	37	41	163	11
XMTM2MTE4MTQ0OA==	8490	8446	140	251	728	1046	256	50243	183	143	88	136	92	114	95	106	73	69	75	59	50	56	76	7	20	8	35	54	35	53
XMTM2MDU2Mjk2MA==	3789	1256	71	86	43	36	16	21	9	17	7	24	1	0	5	10	71	7	3	1	6	6	1	8	2	0	9	123	201	19
XMTM2MTMwMjk3Ng==	11572	7578	3068	1001	584	438	45	187	269	270	213	298	336	281	387	379	260	152	117	273	178	268	317	119	96	145	127	272	151	115
XMTM2MTM2ODUzNg==	3604	1998	515	514	160	90	193	420	296	242	23	1	8	3	4	3	2	5	2	66	9	1	4	1	1	3	3	5	3	4
XMTM2MTIzOTk1Ng==	5482	3373	376	266	231	11	163	155	88	86	25	38	128	121	67	67	71	55	51	71	63	49	64	58	38	56	58	81	52	60
XMTM2MDc5MTcyOA==	11592	6279	1402	190	415	476	65	102	417	310	257	379	207	164	117	128	81	75	69	69	61	108	133	85	35	69	95	73	77	77
XMTM2MTIxNTk1Mg==	4035	2597	439	75	69	126	125	70	25	25	18	14	63	34	73	94	55	69	54	82	82	250	103	12	36	56	42	110	61	59
XMTM2MDg0MzE0OA==	124538	64186	1752	2272	4054	3634	2583	56	1671	2318	1789	654	1159	287	1781	2032	1678	1027	871	1166	885	1341	1638	1351	670	1099	538	1136	1129	1055
XMTM2MDczMjExMg==	6688	3999	607	357	294	391	95	44	451	346	222	120	86	157	531	584	392	114	20	31	45	46	47	24	21	294	107	113	100	142
XMTM2MDk2OTk0MA==	3929	2790	818	268	259	109	44	64	172	135	103	180	1234	1262	635	329	210	182	82	239	155	150	175	84	86	191	89	113	76	93
XMTM2MTQxMjc3Ng==	93	43	26	14	0	4	21	12	21	20	27	2	1	0	23	4	22	5	3	70	0	0	2	1	0	4	2	5	0	3
XMTM2MTY5MzY0MA==	332	214	40	10	9	6	16	21	6	3	1	13	7	4	10	4	0	1	23	50	0	18	1	0	0	0	8	1	0	1
XMTM2MDcxMjY3Ng==	2387	652	76	14	31	77	31	1	150	32	68	15	13	28	5	81	3	19	102	150	24	5	0	10	28	60	8	26	5	9
XMTM2MTYwNjgwOA==	10948	4361	334	165	94	245	168	68	99	38	25	53	56	52	30	13	16	23	19	9	11	12	27	3	19	12	13	13	783	65
XMTM2MTI4NzM4OA==	4563	1058	26	42	47	27	20	12	6	11	3	50	43	30	11	68	19	21	20	4	6	1	9	27	19	40	698	64	99	8
XMTM2MDgxNjYwOA==	893	555	155	191	55	37	164	183	185	128	154	145	164	120	124	151	190	170	167	130	121	197	197	91	75	133	86	145	235	135
XMTM2MTM4MzU1Ng==	3000	1540	324	54	148	89	49	26	89	117	80	96	86	61	77	74	53	33	47	40	63	36	93	53	28	44	46	45	23	37
XMTM2MTA4NzY3Mg==	8601	2575	202	350	266	41	94	122	71	180	190	123	158	224	12	41	98	88	76	138	127	287	250	91	46	125	41	150	241	233
XMTM2MTQ1MjIyOA==	357	134	21	23	2	6	96	57	24	13	18	19	15	2	3	7	1	33	19	13	9	5	10	2	1	2	0	0	5	5
XMTM2MTM0MTUwMA==	13917	6219	406	703	498	106	75	147	142	6	157	348	115	205	143	134	60	16	39	105	95	274	224	67	25	105	30	105	144	159
XMTM2MDk5OTQ4NA==	627	350	21	21	13	4	18	6	4	6	11	25	2	43	2	84	1	3	7	29	26	7	2	5	0	2	1	1	0	3
XMTM2MTQ0NzQ3Mg==	3437	3696	292	136	106	55	51	25	18	9	6	8	0	1	4	2	22	60	357	10	200	40	3	3	11	1	9	8	2	3
XMTM2MDcwNjE4MA==	1406	357	49	73	17	37	33	17	1	0	19	25	37	13	16	11	18	9	8	62	14	23	29	2	5	6	10	15	24	25
XMTM2MDYxNDgwOA==	2499	1095	65	68	130	59	31	82	25	21	1	67	60	4	53	64	56	49	24	99	33	42	38	26	19	31	17	47	38	29
XMTM2MDk2NDIwOA==	2605	983	237	566	14	17	228	308	305	375	494	537	338	249	710	577	462	460	460	274	399	845	748	748	634	821	217	969	43	227
XMTM2MTI1MzczMg==	696	163	8	20	12	20	20	15	5	1	0	2	1	19	7	2	2	2	16	37	5	2	8	0	7	6	4	2	3	4
XMTM2MDg1MzU2NA==	2091	781	242	231	8	36	268	330	246	147	126	151	113	53	71	78	45	68	68	65	48	47	85	32	33	38	33	58	61	73
XMTM2MDkxMTYwNA==	3498	1670	226	8	216	6	135	29	7	183	151	146	78	0	107	244	57	26	74	1153	211	204	293	0	164	163	93	304	265	217
XMTM2MTMyMjMxNg==	906	813	54	81	79	64	35	27	26	23	32	6	5	3	18	16	4	6	1	41	37	56	162	49	45	137	89	148	120	112
XMTM2MDgwMjY0NA==	232408	86215	5722	356	8328	3969	7780	1198	1497	6506	3189	1225	3168	398	1932	276	3561	764	750	2480	4393	6832	2102	374	1556	2589	3007	2458	1240	551
XMTM2MDkyNTQ0MA==	3936	1692	196	98	30	41	82	39	10	18	3	30	40	4	16	21	57	23	27	54	19	13	25	24	15	25	16	13	13	12
XMTM2MTE3MzIyMA==	676	232	27	22	0	10	25	2	18	8	24	34	1	29	66	67	15	28	31	23	26	107	22	41	35	13	28	17	78	29
XMTM2MTA3MTAzNg==	9634	3864	474	441	553	208	206	18	463	301	85	371	202	224	440	280	103	92	94	77	123	261	335	78	51	110	48	149	171	230
XMTM2MTAwMDU4NA==	43780	11679	931	1713	1292	298	302	195	258	307	825	656	223	181	125	143	168	382	374	84	30	87	103	119	68	182	279	559	1237	27
XMTM2MDc4NjQ3Mg==	548	302	56	5	60	4	26	46	24	49	39	35	56	51	64	55	55	22	23	32	35	52	96	45	25	62	17	53	55	151
XMTM2MTAzNDE2NA==	1701	1132	129	78	23	47	53	52	53	1	5	28	50	49	35	0	2	40	4	96	23	27	31	5	4	32	12	22	11	22
XMTM2MTExMDQzMg==	1014	334	9	16	15	1	24	8	99	40	19	38	2	13	18	14	50	12	5	32	5	5	7	3	6	11	0	6	4	2
XMTM2MDc2NTk5Ng==	8516	1579	52	19	22	5	14	32	4	3	7	6	52	2	21	32	12	1	32	17	43	15	12	435	163	32	119	479	156	5
XMTM2MTAwNjg4OA==	63	29	8	11	10	9	14	14	1	1	2	6	3	1	0	0	0	1	1	15	0	0	1	0	0	1	1	1	1	1
XMTM2MTIzOTc0NA==	1147	342	56	44	17	10	17	13	15	17	4	25	10	6	46	16	27	32	14	80	46	67	89	84	21	89	25	60	42	24
XMTM2MTExNDA3Ng==	987	616	130	113	52	9	42	16	16	33	102	30	24	29	30	1	16	44	26	6	3	1	3	5	21	5	12	3	132	139
XMTM2MDgzNDc4MA==	166	63	22	26	39	6	15	16	7	9	10	3	2	0	1	2	0	6	1	23	6	1	2	0	0	1	1	0	0	1
XMTM2MDk1NjkyOA==	670	245	86	143	26	66	69	114	66	80	90	98	117	94	97	51	92	57	28	37	27	27	38	17	10	30	24	23	9	10
XMTM2MTQ4OTc2MA==	2464	1730	216	108	107	16	68	65	48	46	1	14	23	47	67	8	32	41	41	71	23	24	23	8	5	12	12	48	20	22
XMTM2MDcxNDU4NA==	27223	15884	1406	1514	711	1484	189	168	255	985	420	258	803	1273	210	385	1315	49	439	584	763	889	981	607	430	714	414	709	383	390
XMTM2MTA4NjgwNA==	605	253	125	26	42	58	66	13	18	0	65	6	11	2	9	6	7	1	1	6	4	4	7	21	23	11	10	17	184	80
XMTM2MTUxNTMwMA==	8845	10854	2925	741	279	211	188	140	58	89	73	52	86	86	42	56	26	51	47	50	48	28	22	2	35	38	45	42	28	8
XMTM2MTM3NTk3Ng==	2811	1770	527	283	329	18	22	7	118	116	97	132	69	51	46	75	61	69	35	52	84	98	27	6	0	23	23	21	20	389
XMTM2MTYwNTg3Mg==	682	720	25	48	27	13	14	3	11	18	39	6	24	8	17	26	0	11	1	62	14	21	63	3	4	12	16	15	13	4
XMTM2MTE0MTU3Mg==	2268	484	47	104	72	33	21	13	5	1	10	144	49	46	12	0	43	30	10	85	50	109	99	19	4	28	17	37	74	68
XMTM2MTAwODk1Mg==	2616	1040	122	4	68	120	65	28	36	121	12	107	95	71	74	46	41	42	5	59	33	31	39	13	2	44	31	23	25	29
XMTM2MTExOTA3Ng==	493	1171	148	3	30	25	31	20	6	5	0	0	3	3	3	8	14	24	2	30	4	10	6	0	1	3	1	5	3	7
XMTM2MTI5NDcxNg==	2967	760	48	33	15	29	24	34	2	2	1	2	0	1	3	90	7	25	42	19	14	26	9	14	5	7	34	170	95	16
XMTM2MTM4Mjk4OA==	57559	63051	1201	989	835	460	513	365	334	174	100	47	37	73	307	17	1315	137	63	79	6	135	49	83	7	76	10	4523	7379	214
XMTM2MDg2Mzg5Ng==	504	175	63	47	2	2	32	36	18	36	32	30	21	0	22	4	24	27	12	104	37	24	33	14	5	41	16	33	31	8
XMTM2MTYzMzg2OA==	519	1037	197	178	92	119	125	99	62	107	67	105	30	21	7	23	35	26	25	56	34	33	38	29	18	25	39	27	27	35
XMTM2MDc3ODk5Ng==	676	363	38	23	19	8	21	27	13	4	7	13	1	1	1	2	3	11	1	166	20	7	27	3	8	7	0	19	16	22
XMTM2MDczMjE5Ng==	35	18	7	3	0	1	17	10	9	3	5	1	0	3	3	2	2	5	0	20	15	1	1	3	1	4	1	4	1	0
XMTM2MTE4OTA2NA==	930	426	169	234	1	114	70	9	0	6	1	1	1	1	1	0	2	1	1	32	2	11	1	0	8	6	1	0	0	1
XMTM2MTE3NDQ5Ng==	4596	2044	387	1093	32	343	887	643	510	677	306	31	25	8	10	4	11	16	14	61	11	18	18	12	12	12	1	2	8	17
XMTM2MTM1NzM4NA==	154	77	31	39	3	17	31	30	47	25	39	12	0	4	2	4	1	0	6	110	7	11	6	4	2	29	1	16	8	10
XMTM2MDgyMjgzMg==	198232	89326	24631	3295	16130	2196	3002	14329	9549	6089	4373	6074	4867	5865	5170	3133	3549	3239	2332	3124	3365	3480	4259	2242	1457	2834	1532	2820	2126	2532
XMTM2MDI2Nzc1Mg==	187	79	18	19	1	18	31	27	14	26	16	12	5	0	2	3	2	2	0	69	3	3	16	4	5	0	3	9	4	6
XMTM2MTMzNzk0MA==	2600	2444	77	99	115	41	21	14	18	40	33	22	19	16	1	3	18	22	10	6	2	0	1	14	15	4	10	258	178	19
XMTM2MDk2MDMwOA==	167	218	52	40	4	1	16	10	20	15	15	13	5	4	19	4	1	15	3	76	9	13	3	12	1	3	17	11	25	16
XMTM2MTA5ODE0OA==	192	56	0	59	2	22	32	12	14	31	12	21	13	26	22	13	9	15	8	63	3	3	0	6	10	7	3	2	3	9
XMTM2MDgzOTMyMA==	2017	7148	758	1597	356	735	990	1043	670	1236	1137	1237	1180	927	930	222	516	45	238	742	1502	2066	779	1169	957	2291	643	1527	1436	698
XMTM2MTA4NjQ2NA==	2024	810	168	239	47	33	115	27	42	162	76	56	103	42	37	26	22	21	1	28	9	3	4	0	7	0	6	16	15	8
XMTM2MDk2ODEwMA==	145	64	30	18	14	20	22	24	19	20	30	9	7	1	1	2	1	3	29	44	2	1	4	1	1	0	1	12	4	3
XMTM2MDk1OTY5Mg==	293	176	34	56	1	8	38	30	0	34	2	20	10	0	2	1	15	12	2	81	15	8	3	10	4	0	13	14	10	8
XMTM2MDkxMjUxNg==	5240	1356	91	106	84	45	34	52	27	45	45	44	21	40	30	31	33	33	37	6	17	6	12	87	24	16	11	3	170	4
XMTM2MTE0NjA1Mg==	70069	236432	32465	33156	12232	41667	27208	11318	11457	10958	10738	11399	1349	2	10536	1	157	1340	2	1993	13	11673	15	6	7	23	3	13	9	12
XMTM2MTYzNjI3Ng==	882	2572	31	107	85	58	14	28	38	49	32	15	19	12	33	50	18	23	21	15	15	17	17	16	4	7	4	7	25	18
XMTM2MDgyMjY0OA==	2280	932	124	51	91	103	16	15	180	32	53	44	56	71	213	211	75	56	41	38	73	179	222	38	12	80	25	65	153	150
XMTM2MTIxODczNg==	8273	4108	43	392	398	150	350	51	74	154	209	282	213	184	150	200	104	123	114	72	86	102	105	3	17	49	87	120	163	129
XMTM2MTMyMzU4OA==	33349	7887	310	117	81	320	114	160	164	91	56	57	56	31	40	18	39	34	44	23	80	153	123	49	73	12	2492	2042	937	22
XMTM2MTAzMzk0OA==	1668	1080	291	296	12	13	137	143	156	162	81	71	82	87	65	35	69	69	36	38	34	40	39	15	10	38	12	18	4	25
XMTM2MTI5MzUwMA==	5828	27807	1565	486	239	66	53	97	97	61	54	71	52	35	48	66	37	47	58	47	27	81	36	64	49	45	1216	2206	1922	107
XMTM2MDk5MjUyOA==	7742	3666	883	248	245	241	247	92	34	63	124	163	114	85	6	62	9	37	90	44	49	45	55	13	20	35	16	24	23	20
XMTM2MTE5ODg0OA==	3676	2103	804	470	191	28	339	435	318	298	284	325	203	223	249	169	189	142	133	191	205	187	231	103	105	142	102	120	85	157
XMTM2MTQyNzg4NA==	1451	477	57	115	55	41	30	9	2	22	2	16	10	0	20	27	26	9	88	12	5	47	44	17	7	11	2	3	51	47
XMTM2MDk4OTA1Ng==	395	241	85	86	5	30	59	54	43	49	61	59	70	59	62	59	64	67	33	52	97	33	79	50	39	79	41	72	59	33
XMTM2MDk3MjY1Ng==	853	406	25	44	6	18	14	8	16	10	27	1	22	84	1	263	444	93	3	129	3	6	14	1	4	3	4	0	25	8
XMTM2MTMzNzQ1Mg==	16100	9669	2059	102	1496	393	181	2164	1689	652	597	635	792	1353	1354	1176	437	478	441	465	444	879	803	184	151	222	218	372	575	512
XMTM2MDg3NDE0MA==	684	297	105	121	8	160	59	101	87	76	84	53	22	20	31	5	50	169	103	142	5	13	13	10	8	18	21	55	35	46
XMTM2MTE3NjY3Ng==	549	207	15	5	12	21	15	6	1	0	3	7	1	6	3	0	6	26	3	1	4	1	1	1	5	0	2	5	5	3
XMTM2MDczMzY4OA==	22976	11231	470	830	490	356	374	306	146	87	164	122	125	110	74	114	68	101	81	113	119	78	31	76	75	100	58	43	4	19
XMTM2MTExNDQ3Mg==	456	187	69	21	23	8	16	12	5	5	0	0	2	3	0	0	1	0	0	10	2	0	2	2	0	4	3	0	0	0
XMTM2MDc4NDk0MA==	15555	6130	2035	456	413	204	209	46	136	123	71	100	69	73	49	50	32	25	19	25	17	13	14	19	13	6	10	15	404	183
XMTM2MTE1MjQ5Mg==	1167	665	229	252	2	128	197	77	111	97	65	77	74	100	66	68	68	60	52	49	129	82	49	59	32	75	37	5	54	35
XMTM2MDg2NTQ2OA==	1274	681	159	163	26	17	112	171	122	121	199	77	47	133	155	222	189	246	494	282	407	291	1035	423	124	1066	396	878	609	962
XMTM2MTAzODczNg==	353	210	66	47	3	7	69	46	22	21	10	16	20	1	29	5	4	1	9	43	9	18	12	6	30	6	4	27	15	15
XMTM2MDc2NDI3Ng==	7808	3590	349	129	423	86	323	14	240	217	207	339	263	370	803	690	225	194	269	132	18	294	461	54	23	160	249	211	28	443
XMTM2MDc5ODc0OA==	25507	11118	1784	1186	111	1036	678	185	156	118	120	330	251	250	233	183	152	123	60	170	113	111	30	60	2	11	20	70	45	44
XMTM2MDgwNTAyMA==	91745	38565	5797	3778	2419	1126	637	531	249	160	589	536	481	464	239	208	91	353	36	167	255	143	84	12	55	130	123	166	9006	723
XMTM2MTMxOTkwOA==	2341	1345	41	81	118	106	84	7	65	60	50	56	80	78	89	130	40	59	33	73	34	113	102	77	24	40	28	34	66	74
XMTM2MTExMzE5Mg==	922	397	40	13	79	10	18	148	215	294	616	463	348	600	788	649	529	448	436	341	451	150	51	609	75	252	27	30	6	408
XMTM2MDk4NTEzNg==	411	233	55	35	21	5	27	41	29	54	25	10	0	1	13	3	4	9	46	124	39	31	44	17	12	53	18	41	20	33
XMTM2MDgwNzUwNA==	5241	1496	618	89	218	28	157	102	66	112	45	27	28	32	2	16	61	8	18	26	24	7	20	11	1	386	186	84	26	104
XMTM2MDk2MzkxMg==	2216	848	56	39	24	33	37	13	17	35	8	2	0	20	17	11	12	12	0	61	30	19	17	9	11	1	13	28	2	19
XMTM2MDkzMDY1Ng==	1628	539	147	285	11	8	35	82	132	16	105	239	133	100	113	97	206	44	173	168	223	288	245	181	134	244	255	230	181	207
XMTM2MTI3MDg2NA==	4318	2136	112	42	41	34	47	21	30	25	21	33	40	12	19	19	13	22	15	11	7	2	8	9	12	12	9	144	234	27
XMTM2MTM5NzM2OA==	494	187	54	3	17	1	14	5	16	1	2	0	0	10	5	0	4	16	19	1	3	1	1	1	2	2	1	2	2	6
XMTM2MDkxMzIyNA==	229	88	50	46	5	55	25	22	29	48	6	13	2	1	0	6	22	4	5	102	15	9	7	16	0	4	1	15	15	12
XMTM2MTMzMjI5Ng==	14274	5662	552	1041	271	454	149	68	16	235	145	173	107	5	290	318	58	90	59	107	53	431	183	43	32	84	28	133	124	143
XMTM2MTE5MjUwMA==	1896	753	160	161	122	15	33	120	135	104	143	145	133	164	112	218	143	205	117	150	156	174	238	174	252	363	341	29	222	220
XMTM2MTQzMDgzMg==	1829	516	72	91	42	51	28	10	3	28	4	14	19	1	25	42	2	12	65	23	9	32	40	5	1	14	5	18	26	46
XMTM2MTM0MzUwMA==	148	68	35	15	1	20	31	40	30	26	11	6	11	6	9	8	1	2	4	49	16	6	11	5	2	0	10	3	7	11
XMTM2MTYwNDc4OA==	4562	1955	84	121	87	45	45	73	35	80	49	32	9	63	56	26	136	152	33	56	11	69	49	14	19	27	23	46	37	66
XMTM2MDI5NTcyOA==	8732	2758	447	757	50	234	191	4	10	121	133	114	139	225	448	378	121	139	125	149	185	483	450	79	71	216	77	242	463	353
XMTM2MDk4MjYzMg==	1667	1125	42	41	9	41	44	27	19	0	0	7	1	5	23	3	4	135	3	4	6	14	3	16	9	0	4	11	11	13
XMTM2MTAyOTQwOA==	2902	1374	2	58	62	34	28	3	1	3	7	6	3	0	12	5	78	11	9	2	2	1	2	2	1	4	6	3	243	10
XMTM2MDc1MjY0MA==	1764	417	92	46	48	31	18	10	32	27	30	38	6	44	32	37	2	4	19	187	36	107	58	3	7	17	22	40	83	36
XMTM2MDgyOTA1Mg==	25034	7663	572	1082	585	332	168	147	200	222	446	5	391	153	119	114	111	156	24	264	275	98	36	34	36	56	89	123	315	294
XMTM2MDkwMzI2OA==	18445	14129	4285	3900	496	264	1350	1998	1880	1152	949	1341	804	748	829	998	858	1013	541	357	642	527	542	480	278	608	444	679	547	493
XMTM2MTE2MjQxNg==	625	347	137	184	3	3	67	37	47	29	40	39	9	55	16	52	30	43	37	99	54	19	31	23	28	37	23	36	24	18
XMTM2MDQ1MDczNg==	1739	953	84	28	128	6	122	3	11	39	47	8	25	178	81	3	31	21	34	32	102	90	9	22	45	80	69	42	20	71
XMTM2MDgzODE0NA==	4983	2186	121	219	135	27	25	1	38	1	23	3	88	51	2	47	5	42	64	80	39	101	72	36	19	39	13	47	78	84
XMTM2MTE1OTUyNA==	1436	789	17	69	66	3	45	96	1	6	96	77	42	32	32	29	66	49	34	45	32	28	26	8	10	15	33	24	32	19
XMTM2MTA4MTUwMA==	306	168	42	18	8	7	25	7	0	8	10	9	2	5	2	0	1	4	4	80	8	5	5	3	5	3	6	8	9	3
XMTM2MDc5MzkwOA==	2431	736	151	36	83	23	92	4	19	60	48	65	7	52	95	59	73	67	59	88	51	46	72	47	31	76	32	55	26	40
XMTM2MDc5MjkyNA==	1361	701	252	241	12	41	231	218	206	211	122	180	171	131	137	116	151	121	90	93	84	134	146	126	103	217	177	270	197	269
XMTM2MDkxMjk4OA==	36850	28532	1095	2028	233	1825	28	1856	2640	565	229	609	433	625	1382	1243	614	540	426	528	706	1512	1045	340	266	591	283	740	978	1122
XMTM2MTQxNzcwNA==	2184	1172	40	44	150	3	84	59	21	5	3	27	42	31	57	58	32	20	19	18	21	30	32	10	5	15	21	32	23	36
XMTM2MDcyODU2NA==	3048	1057	60	37	35	52	54	42	33	50	24	19	33	38	39	3	11	32	3	57	41	66	60	19	6	19	8	24	31	25
XMTM2MTM0ODMxNg==	115	216	55	45	9	1	24	5	1	4	7	1	0	1	1	1	0	1	0	22	5	1	2	2	0	1	1	6	3	0
XMTM2MTEzMzAxNg==	554	385	5	29	18	2	30	20	1	0	11	14	6	3	8	9	5	9	0	58	16	18	2	4	5	2	2	9	6	12
XMTM2MTQwMzQxNg==	3730	1444	89	57	25	79	26	47	32	33	25	9	4	11	0	23	9	10	6	6	4	8	2	0	0	2	0	221	28	42
XMTM2MTAxNjU1Ng==	442	241	11	27	16	6	17	18	4	71	8	48	41	1	1	16	10	1	2	36	8	1	0	1	3	2	0	1	1	2
XMTM2MDg4NzU5Mg==	2160	562	85	117	51	22	16	15	3	1	53	26	11	20	22	4	11	53	2	6	33	35	64	11	1	17	14	14	41	40
XMTM2MTMzMjgyMA==	1923	528	96	2	66	11	41	39	5	56	5	17	1	104	23	2	8	23	42	2	46	27	4	3	3	9	34	36	142	7
XMTM2MTE3OTg2MA==	256	142	18	33	6	6	27	74	39	35	25	40	30	40	4	31	7	2	58	58	21	39	72	9	9	31	9	79	68	64
XMTM2MTAyMzI1Ng==	5845	2763	320	231	58	365	110	22	77	176	163	116	206	129	136	90	156	61	62	51	160	83	9	38	32	50	45	164	76	101
XMTM2MTAxNjcyOA==	14909	9183	1836	1662	425	260	1534	5336	1691	821	350	448	472	644	932	843	468	381	286	385	328	522	767	267	204	428	236	398	590	537
XMTM2MDgyNzQ0NA==	910	373	99	24	7	20	19	20	18	9	3	16	15	7	0	4	0	3	0	69	2	4	7	3	1	2	4	13	4	11
XMTM2MDg2MzY5Mg==	312971	72873	6429	5347	3294	3546	3590	3069	3299	2124	236	5434	1360	1047	991	1681	968	861	679	337	726	679	658	3464	406	993	2014	1663	4329	2132
XMTM2MTI0OTEyMA==	8206	2179	112	178	191	44	32	151	72	10	169	176	128	47	22	73	46	62	84	20	15	21	22	24	47	6	52	106	179	13
XMTM2MTQ5ODMyOA==	1359	474	55	39	11	32	19	20	28	2	2	4	6	9	18	15	2	26	12	48	10	71	25	2	3	2	1	0	1	7
XMTM2MDkzOTQyMA==	382	186	22	45	12	0	69	96	73	24	29	25	11	2	35	8	2	5	0	121	17	39	33	13	8	10	10	12	33	40
XMTM2MTY4MzQzNg==	19936	4322	258	391	346	181	79	44	47	22	0	72	1	20	8	125	1	12	9	15	11	6	19	12	13	21	2558	509	661	36
XMTM2MTM3MjczNg==	3881	1944	88	61	74	6	41	47	71	36	46	19	9	1	0	2	184	36	5	35	31	14	11	3	18	24	18	16	33	33
XMTM2MTQ3NDcyNA==	149	47	25	1	7	3	30	56	15	20	14	13	8	0	10	0	1	1	0	28	1	1	0	0	1	0	0	3	1	1
XMTM2MTI2MTg4NA==	340	145	20	26	1	11	18	2	0	16	19	4	1	6	11	7	2	2	49	6	8	15	7	12	5	8	1	13	4	21
XMTM2MDM5NTY4OA==	1495	621	79	57	133	26	46	16	74	206	104	59	51	21	38	37	3	8	0	88	6	6	4	12	13	29	21	21	15	21
XMTM2MTA3NDMwNA==	160	84	32	37	6	14	28	18	22	10	5	9	5	0	2	3	2	3	0	49	5	10	3	3	4	2	1	7	5	10
XMTM2MTU0MTY5Mg==	3057	2325	507	101	159	134	21	90	1	118	101	76	94	67	72	34	54	43	66	42	39	67	67	60	61	57	20	66	48	60
XMTM2MTQwMzgyOA==	20710	6229	464	899	1145	1026	91	465	404	164	387	23	209	451	275	255	225	134	94	82	104	183	452	356	163	203	124	142	108	112
XMTM2MTQxOTQ2NA==	1746	1636	51	22	60	79	107	25	2	2	2	17	13	32	15	2	13	18	90	99	17	4	2	14	15	3	18	3	22	7
XMTM2MTA4MjM0NA==	71	28	8	3	2	0	20	3	0	2	1	3	0	4	1	0	2	2	0	7	1	0	1	0	1	0	0	3	3	1
XMTM2MDkwMzMwMA==	1303	538	48	39	5	43	15	24	17	1	17	25	30	10	2	14	4	1	21	129	22	38	37	29	27	24	11	24	48	36
XMTM2MTA2NzIxMg==	9519	3193	471	426	498	204	173	18	527	241	79	232	169	223	453	293	120	68	99	83	107	256	368	68	58	119	51	153	175	210
XMTM2MDk1Mzk0OA==	1604	1227	346	29	74	92	27	2519	866	448	209	85	92	104	65	84	95	86	4	298	18	21	27	0	16	50	11	11	12	18
XMTM2MDc2OTM1Mg==	543	288	148	68	7	27	89	94	202	214	72	139	128	149	171	138	184	46	30	75	12	132	91	34	102	43	43	70	74	185
XMTM2MTQxNjEyMA==	26043	21085	2018	1129	1513	250	630	567	437	359	379	317	240	90	153	512	430	300	318	202	303	358	466	232	117	273	109	295	278	270
XMTM2MDg3NTA4OA==	218	94	41	46	23	39	25	16	11	10	5	3	0	1	0	1	4	3	1	47	7	9	5	1	5	2	7	7	9	4
XMTM2MDc5MjY2NA==	18265	4422	631	385	496	86	833	73	2	136	210	188	44	300	109	103	192	216	8	147	125	155	87	91	50	40	111	57	42	498
XMTM2MTcyMjMzMg==	214	331	18	23	7	0	15	7	10	3	2	1	2	4	0	1	2	0	2	39	4	0	2	0	2	0	0	3	1	4
XMTM2MDgzNzcyMA==	191	103	52	48	3	11	15	26	27	21	17	28	8	8	4	3	29	22	15	110	22	22	10	15	8	3	15	32	24	21
XMTM2MTE3NTQ5Ng==	94	45	13	1	2	1	23	36	11	11	22	3	9	8	37	22	2	1	8	71	23	29	35	25	7	37	13	42	4	48
XMTM2MDg2Mzc4MA==	689	270	58	44	2	92	54	25	25	14	23	0	5	3	1	5	1	56	11	21	6	5	2	5	4	0	17	11	6	7
XMTM2MTQwNDk2MA==	967	621	77	25	26	13	21	9	5	10	1	8	6	2	3	10	0	29	2	1	3	6	2	0	0	4	2	1	1	1
XMTM2MDYwNTk1Mg==	1776	401	58	34	0	72	62	74	16	11	0	30	3	67	3	24	22	27	8	4	10	4	22	54	17	2	24	17	49	38
XMTM2MDkyODU2NA==	838	479	26	39	32	1	26	31	21	7	26	22	1	5	6	4	10	7	2	32	10	6	4	4	8	5	6	7	17	31
XMTM2MTAxMjIxNg==	97	61	12	19	2	1	14	20	6	9	6	9	2	1	1	2	0	0	9	23	0	0	2	0	2	1	0	10	6	1
XMTM2MTIxMzI3Mg==	253	104	15	9	6	0	31	36	21	8	13	9	16	6	28	20	20	20	6	22	11	14	23	9	6	26	1	6	9	4
XMTM2MDg2MzcwNA==	1910	760	65	220	13	89	181	269	173	528	219	304	278	124	219	279	200	179	113	201	155	167	235	134	112	241	121	246	141	197
XMTM2MDk1MzMwOA==	7026	4374	779	174	184	13	123	136	80	47	42	26	27	29	24	19	4	6	17	14	21	9	11	15	3	16	4	9	63	56
XMTM2MTI2NTY3Mg==	74	51	4	15	3	0	18	8	15	12	5	5	4	1	0	0	2	0	2	43	6	3	9	0	2	2	3	10	2	6
XMTM2MTAyODUwMA==	43705	9324	646	218	129	50	101	33	146	6	61	10	17	17	1	4	4	21	24	2314	528	398	186	199	31	364	1029	835	2064	135
XMTM2MDg0MzkzNg==	607	235	98	34	29	11	18	0	19	21	3	16	9	0	3	4	1	0	1	31	6	10	6	2	5	0	2	2	7	6
XMTM2MTQ0MDA4NA==	2998	1860	475	185	194	17	54	99	115	79	58	43	68	55	106	137	45	76	40	114	119	79	93	34	57	58	54	60	61	66
XMTM2MTI0ODA0MA==	3901	2781	663	50	295	231	23	24	163	196	131	112	136	141	145	115	109	106	85	78	88	68	100	70	59	139	89	63	51	40
XMTM2MTYyODg2NA==	307	193	79	65	17	3	37	24	15	6	7	13	13	27	3	9	6	6	3	13	3	3	2	2	3	3	2	5	2	0
XMTM2MTIwNTEwNA==	2601	2251	641	201	243	29	52	117	126	88	52	74	60	41	79	65	51	64	32	60	53	46	28	35	26	53	29	51	31	41
XMTM2MTQ0NDk0NA==	125	55	21	14	2	2	19	11	8	15	6	0	3	4	1	4	1	3	0	47	4	3	4	2	0	6	2	17	1	6
XMTM2MDk2MDY0NA==	27601	8121	395	394	288	333	616	282	285	256	282	208	195	150	175	155	130	148	24	175	200	118	294	107	126	135	53	62	1465	72
XMTM2MTUyODM2MA==	3251	1650	352	320	181	10	403	1137	649	504	267	356	348	559	4882	860	415	228	319	244	350	578	553	288	161	271	68	258	257	189
XMTM2MTIyMzAyOA==	4092	4183	772	35	66	218	189	139	26	118	43	372	255	280	279	218	261	141	423	171	180	102	1009	2056	150	140	102	226	160	200
XMTM2MTM3MjYwNA==	139	54	17	32	2	6	14	25	15	12	12	11	6	5	15	4	10	22	6	39	8	8	10	5	6	13	8	23	27	32
XMTI4Nzc5ODU1Mg==	8844	3398	1713	1652	1086	621	712	662	598	513	419	320	842	549	438	196	30	108	104	61	82	67	61	49	33	41	61	59	36	39
XMTI4NzgzODQzMg==	1255	290	139	43	50	38	63	79	50	48	33	37	69	24	31	59	97	50	129	111	134	100	140	70	103	86	105	74	72	61
XMTI4Nzk1NjQ0NA==	2326	726	317	98	107	60	41	32	39	38	31	32	34	21	23	34	71	60	65	58	56	73	53	50	59	70	60	67	71	43
XMTI4Nzk3MDAwMA==	6179	1794	88	36	31	14	18	12	11	12	8	6	8	5	4	11	2	3	7	7	6	6	2	4	833	10	4	1	0	2
XMTI4Nzk3NzM0MA==	1447	534	161	58	58	38	40	35	51	20	28	22	20	10	8	24	45	17	21	29	21	23	13	16	15	10	7	3	2	5
XMTI4Nzk3OTEwOA==	7407	1961	1176	534	561	286	183	153	144	169	159	118	126	140	114	115	123	134	112	169	152	131	100	139	95	121	101	132	104	110
XMTI4Nzk4MzQ4OA==	359	106	64	37	37	48	30	22	36	22	34	30	31	32	42	47	35	27	44	13	19	14	23	13	32	37	26	21	178	21
XMTI4Nzk4NDMyOA==	4551	1388	1122	564	880	476	611	492	473	368	344	261	269	304	211	225	142	189	208	191	182	174	153	147	224	151	197	156	145	188
XMTI4Nzk4OTkyNA==	126	46	15	19	14	14	17	9	11	10	11	19	38	13	12	11	14	6	19	15	45	83	14	28	11	65	222	71	37	26
XMTI4Nzk5MzA2MA==	30168	10300	4808	1991	1956	1447	960	541	490	441	427	355	340	310	333	345	301	328	266	293	335	277	246	242	197	181	165	189	168	153
XMTI4Nzk5ODE5Mg==	928	547	231	68	38	12	14	10	11	9	13	11	2	3	9	13	7	8	7	9	8	0	2	2	2	1	6	2	3	4
XMTI4NzkwMzYyMA==	1275	354	161	102	96	62	67	52	52	63	61	53	70	66	45	60	23	36	27	29	31	29	31	14	29	23	42	38	40	13
XMTI4NzkzMzY1Mg==	894	235	100	77	34	30	28	25	9	4	4	8	7	5	0	1	1	1	0	1	1	1	0	10	12	15	13	13	9	5
XMTI4ODA0ODg1Ng==	13789	8479	2305	2052	2138	1093	262	165	51	107	107	84	64	63	47	38	63	36	38	30	36	22	24	18	25	29	11	16	16	30
XMTI4ODA1MTIyOA==	428	155	38	24	17	9	30	9	18	11	8	3	4	8	5	14	1	6	3	4	4	9	7	6	7	8	4	5	16	5
XMTI4ODA1ODM4MA==	731	302	197	126	126	112	109	118	70	92	75	92	43	40	19	38	48	62	136	118	69	53	62	56	55	41	57	59	67	40
XMTI4ODA2MDM3Mg==	2379	531	102	40	36	25	17	7	11	18	25	19	19	20	13	13	7	7	8	14	12	9	8	13	11	31	19	17	25	19
XMTI4ODA2NjMwNA==	1779	985	337	110	141	125	158	159	122	232	1056	402	402	323	322	224	147	192	221	206	210	218	215	210	241	192	290	193	161	264
XMTI4ODA2OTQ3Ng==	875	230	211	83	118	54	31	20	25	27	27	15	21	33	19	19	9	17	17	14	16	4	9	10	11	9	10	16	3	8
XMTI4ODA3MDAyNA==	197173	73484	5395	1780	4089	2214	3165	2791	2626	2650	1446	3935	1831	2090	1649	1435	1035	612	734	750	512	673	659	713	1004	794	376	246	954	741
XMTI4ODA3MjAwOA==	2635	1980	131	132	153	126	154	536	1053	424	389	212	244	951	6124	1568	1314	1807	5582	5532	1097	7961	7781	3637	136	7086	35238	3030	19852	206528
XMTI4ODA3MjQ0MA==	992	434	134	88	81	48	48	21	23	18	20	14	27	8	8	16	11	21	7	8	8	8	3	9	5	3	2	4	3	10
XMTI4ODA4MDk2NA==	84188	34196	11676	5160	5040	3080	2898	2448	2297	632	1867	248	1495	301	1624	219	1240	224	241	1677	270	1318	212	217	1478	210	218	195	1425	174
XMTI4ODA4MTQxNg==	5597	2388	264	242	1430	92	110	87	108	81	106	96	87	76	85	78	84	101	106	1119	1173	126	110	183	136	1332	109	84	71	59
XMTI4ODA4Mzg2NA==	5509	2607	1289	637	607	471	622	509	454	551	472	396	337	338	365	317	206	261	192	231	225	3	197	13	170	19	169	38	160	66
XMTI4ODA4NDU2NA==	960688	247664	51716	37764	38540	37607	35708	18272	9646	4383	4263	2029	3085	6700	8748	4229	2775	2161	700	1681	3032	5577	11409	20378	6690	1572	6794	21340	80490	59759
XMTI4ODA4NTY4MA==	5244	1502	1174	542	809	134	137	109	111	105	74	70	68	66	55	44	35	38	53	79	74	89	86	81	58	49	53	68	43	53
XMTI4ODA4NzA4NA==	5557	1903	943	503	601	450	1005	854	1062	474	394	255	305	917	198	755	299	347	679	429	502	1135	851	368	263	195	317	187	211	179
XMTI4ODA5NzEzMg==	77228	36004	727	221	215	63	67	32	17	47	24	32	26	18	14	86	269	107	25	13	17	13	8	5	16	9	24	23	21	46
XMTI4ODAwMTYxNg==	4264	1464	116	90	63	51	38	46	42	19	18	28	33	30	27	30	19	19	5	12	16	11	23	21	8	8	11	10	6	6
XMTI4ODAwMjgyOA==	10751	3453	982	1474	564	464	387	1360	292	280	240	200	176	188	186	159	139	129	109	94	89	89	114	75	89	67	63	77	71	57
XMTI4ODAwMzQ1Ng==	161	49	36	26	23	15	19	5	6	14	10	6	7	7	6	6	3	0	6	4	1	2	4	10	1	2	3	2	2	2
XMTI4ODAwNTkwNA==	345	96	38	20	25	18	31	14	5	6	8	5	1	6	4	1	3	5	10	5	8	5	7	7	3	1	3	4	2	4
XMTI4ODAwODQ0OA==	2459	761	426	208	88	45	29	4	34	21	19	21	19	3	8	14	16	13	12	2	1	1	7	6	9	2	3	10	2	7
XMTI4ODAwODUwOA==	1586	518	175	106	41	17	50	37	37	31	21	15	11	5	14	9	14	2	5	6	5	3	5	6	9	1	0	3	1	3
XMTI4ODAxMDM2NA==	293	90	36	24	15	23	16	6	6	3	6	4	3	2	2	2	5	0	2	2	2	4	0	0	3	2	1	8	4	1
XMTI4ODAxMzM1Ng==	4420	946	239	153	209	196	111	86	3034	8910	726	334	308	319	264	286	233	240	195	223	181	177	249	168	239	182	231	240	197	134
XMTI4ODAxNDU5Ng==	90629	36155	1289	820	774	809	753	415	37	26	30	21	12	14	22	1012	18	14	4	8	15	10	15	6	10	17	26	9	8	7
XMTI4ODAxNjI0OA==	57989	18428	14253	10055	10361	7564	6314	8487	14818	10833	6715	5571	5027	5392	5148	4857	5071	5043	4617	3581	3797	3061	2959	1899	2799	3248	3218	2752	2673	2519
XMTI4ODAxODM4OA==	580	121	44	25	14	27	21	16	9	8	11	10	8	3	1	2	7	1	7	2	1	0	2	0	0	1	0	0	0	0
XMTI4ODAxOTI5Ng==	630	231	101	60	80	74	93	40	11	7	16	10	16	14	19	16	8	6	5	19	13	6	12	9	7	3	8	5	7	1
XMTI4ODAyMTc2MA==	266	106	43	130	20	17	29	15	16	54	25	25	161	21	20	39	54	71	62	204	55	116	140	144	121	148	179	149	389	109
XMTI4ODAyMTgzMg==	621	151	37	35	30	36	53	21	0	3	6	1	2	2	2	3	5	0	3	3	2	3	8	3	1	0	4	3	5	3
XMTI4ODAyMzUxMg==	4457	1125	850	380	30	168	183	61	98	186	169	146	92	46	72	55	35	36	26	33	29	15	19	17	25	9	9	9	13	13
XMTI4ODAyNDI0OA==	2369	663	204	106	163	156	168	62	143	678	82	61	91	66	65	65	38	35	49	54	50	45	49	44	46	34	36	50	36	28
XMTI4ODAyNDgyOA==	1187	316	214	162	167	67	90	73	82	50	40	46	43	17	21	23	13	11	9	7	9	5	15	2	3	5	6	13	12	2
XMTI4ODAyNDkwMA==	1014	337	208	81	59	59	71	31	14	24	32	11	12	17	29	10	17	16	5	9	14	7	12	9	10	14	19	7	5	11
XMTI4ODAyNzI5Ng==	5176	1723	1123	691	704	512	509	245	211	198	243	16	232	225	202	251	342	262	185	224	176	154	132	166	137	135	127	122	161	183
XMTI4ODAyNzg2NA==	470	114	71	53	45	15	14	12	12	8	6	6	5	4	4	1	1	1	5	1	2	1	2	3	3	0	0	6	1	0
XMTI4ODAyNzgyOA==	1009	861	188	38	25	29	19	13	20	12	9	4	4	5	11	5	1	7	3	8	11	6	3	2	2	3	1	0	0	2
XMTI4ODAyOTE0NA==	2737	4522	1320	247	288	134	72	63	46	41	36	43	43	39	24	17	20	17	31	17	17	16	12	10	17	9	15	10	10	8
XMTI4ODAyOTU0OA==	712	234	221	123	98	152	79	52	48	71	60	38	20	30	51	37	11	29	58	58	53	46	67	33	23	29	25	19	14	10
XMTI4ODE0MDc3Ng==	2473	1053	437	143	136	119	177	152	140	148	146	110	112	114	112	135	120	126	113	119	92	111	99	87	133	103	97	68	68	78
XMTI4ODE0MTEzNg==	193	133	8	8	13	8	16	7	2	3	3	2	3	1	2	1	0	2	3	2	1	2	2	1	0	1	0	3	1	1
XMTI4ODE0MTgyOA==	9698	3977	338	172	207	103	128	137	249	209	163	1141	132	111	99	106	129	116	103	89	80	80	59	83	72	83	74	54	59	71
XMTI4ODE0OTMwMA==	1847	582	417	412	85	57	51	32	18	10	24	15	6	12	9	7	5	5	9	10	23	24	2	10	7	8	3	7	11	9
XMTI4ODE0OTYzNg==	2008	732	189	70	58	54	50	39	25	21	23	18	16	17	13	15	9	12	8	22	47	1229	10	4	7	0	6	6	7	56
XMTI4ODE0OTcwMA==	5432	1746	724	460	406	63	49	29	21	22	26	23	20	32	28	21	24	15	24	16	6	9	18	25	10	6	7	6	2	4
XMTI4ODE1MTE0NA==	34442	13902	8232	4523	4087	2461	1082	1371	857	617	381	394	368	312	331	75	141	7	108	122	41	134	20	115	75	98	51	97	152	123
XMTI4ODE2Nzg5Ng==	1037	216	77	37	36	11	14	9	2	7	4	3	3	2	4	0	1	8	1	6	10	5	1	4	3	14	11	5	5	12
XMTI4ODE2OTU2OA==	4265	1619	247	108	89	50	55	37	63	44	48	26	25	22	30	14	5	9	6	4	16	0	3	7	8	10	6	7	7	9
XMTI4ODE3NDIxNg==	843	179	71	37	34	25	45	62	61	30	25	401	38	22	12	11	21	58	24	18	11	16	7	19	20	15	9	14	11	3
XMTI4ODE3NjU3Mg==	441	140	67	42	57	38	70	53	40	24	26	16	24	26	21	23	65	31	18	25	32	24	28	36	24	30	32	36	42	71
XMTI4ODE3ODQyMA==	560	201	139	37	83	72	89	46	35	37	34	28	27	20	40	23	29	30	16	15	41	8	17	22	24	21	17	21	15	6
XMTI4ODE3OTE5Ng==	1119	372	272	183	224	78	86	63	98	69	81	55	58	46	45	70	133	79	43	54	62	52	62	55	110	59	31	49	37	99
XMTI4ODE4MTkyNA==	8929	4402	1915	910	1193	926	908	1137	726	73	419	189	577	422	371	322	306	275	258	352	254	229	508	456	335	338	859	396	308	172
XMTI4ODE4NzUxNg==	416	118	100	51	46	33	18	6	11	14	2	5	7	2	2	3	2	0	2	8	4	5	2	2	1	0	1	0	2	0
XMTI4ODE4ODExMg==	1431	912	83	42	27	347	25	19	16	15	6	10	7	17	6	0	0	0	0	4	1	0	0	0	0	0	0	0	0	0
XMTI4ODE5MDg4OA==	376	165	62	35	31	21	22	13	22	19	14	8	9	13	8	8	8	5	6	7	6	10	4	4	19	10	19	14	16	7
XMTI4ODE5ODIzNg==	2791	742	508	203	194	80	72	66	58	47	50	40	38	29	29	32	53	49	45	53	52	42	44	55	36	37	31	30	27	28
XMTI4ODE5OTkyNA==	1164	290	208	119	70	56	32	20	11	10	9	16	3	3	4	7	7	4	9	8	2	7	5	4	8	5	12	5	2	5
XMTI4ODEwMTU3Ng==	946	500	165	315	107	108	50	10	8	2	14	15	13	9	6	10	9	7	8	4	16	3	5	9	6	7	15	19	5	11
XMTI4ODEwNTU5Ng==	242	76	23	16	18	12	23	12	48	14	11	10	12	13	13	14	110	41	20	17	32	11	13	9	8	5	5	6	2	7
XMTI4ODEwOTExNg==	231	78	38	32	28	37	45	36	34	25	22	16	20	30	19	33	18	23	29	55	36	37	34	34	35	39	28	23	47	49
XMTI4ODExMDcyNA==	733	207	10	113	81	48	55	44	18	15	8	5	9	16	5	5	1	5	2	3	0	3	0	0	0	0	0	0	1	0
XMTI4ODExMTAyMA==	4767	3873	326	126	130	82	107	54	69	38	33	17	48	20	28	27	40	24	36	34	94	135	138	96	71	93	111	88	101	58
XMTI4ODExMTc4NA==	21446	6117	5293	2345	1159	671	593	426	753	440	351	265	160	156	152	143	121	121	122	147	98	101	122	163	87	65	72	74	114	81
XMTI4ODExMTk0NA==	891762	513969	897	630	550	493	165	56	49	41	34	21	29	25	32	31	29	30	16	8	11	11	7	10	8	4	6	3	3	4
XMTI4ODExMjgwNA==	1896	548	395	194	172	129	88	80	90	42	59	38	62	39	46	48	34	33	41	42	36	30	13	21	16	41	12	27	18	26
XMTI4ODExNTAzNg==	44	26	5	1	1	1	15	2	0	3	1	2	4	4	4	0	1	7	3	1	0	0	1	2	0	4	2	0	3	0
XMTI4ODExNjIzNg==	267	80	26	24	29	23	16	6	8	8	9	7	17	102	7	9	10	9	10	9	5	6	4	11	1	3	8	2	6	6
XMTI4ODExNzgwNA==	227	67	56	30	35	18	18	21	12	10	9	8	6	16	9	19	11	6	10	8	15	14	18	11	23	15	7	16	14	4
XMTI4ODEyMDUxNg==	310	103	94	71	43	30	15	16	21	20	14	13	12	9	12	18	14	11	8	8	7	9	6	8	10	8	3	10	5	9
XMTI4ODEyMTA5Mg==	83973	52315	7828	2430	22536	3570	6001	6899	21039	41733	21013	21694	13422	11688	7925	17664	10445	37751	46225	10272	6184	29138	17010	14478	19860	17227	17138	68418	4827	28132
XMTI4ODEyMTc0OA==	4236663	1557744	53278	63216	61481	9073	14212	2467	1467	801	1200	1734	1135	457	929	213	666	224	589	372	550	175	35	591	33	97	330	62	369	66
XMTI4ODEyMjk1Mg==	1164466	418568	3164	482	1481	1458	1226	311	127	380	390	446	463	584	437	374	382	307	297	392	471	337	308	255	222	244	393	442	343	398
XMTI4ODEyMzU2NA==	184301	58494	6910	5951	6978	4414	2185	2720	1286	5056	8599	4793	1167	1279	2765	1461	1300	1251	3025	1666	1533	904	1658	549	412	525	972	491	415	318
XMTI4ODEyNzMyOA==	10063	1893	472	157	137	68	52	45	38	32	32	21	19	21	25	22	28	27	115	60	32	13	16	30	21	9	35	31	19	13
XMTI4ODEyODk2OA==	441	125	83	34	51	46	45	22	18	18	8	10	20	10	19	10	28	15	18	14	17	13	15	17	14	29	28	26	18	19
XMTI4ODI0MDY3Mg==	533866	162375	106800	53431	52010	42244	41016	31836	27590	24625	21799	23952	20592	22933	18101	15384	16420	13402	15842	12395	57822	91275	27370	19977	14263	15395	14409	12960	12951	11050
XMTI4ODI1MDQwOA==	272	65	40	7	12	20	22	18	13	8	14	8	3	7	7	4	5	13	6	4	5	7	2	4	1	5	0	2	1	4
XMTI4ODI1OTU5Mg==	914	395	198	120	242	40	67	25	14	18	7	10	8	9	8	18	13	10	5	9	3	8	4	1	4	3	3	4	3	3
XMTI4ODI2MDgzMg==	2495	608	394	337	192	90	93	61	54	46	40	37	23	23	30	34	20	23	19	24	19	19	10	25	14	18	19	24	17	18
XMTI4ODI2MzkwNA==	7485	5093	853	285	380	200	188	150	130	157	124	87	101	67	91	88	97	84	71	81	95	55	61	68	72	69	47	53	40	45
XMTI4ODI2NDM4NA==	929	302	187	445	50	47	43	20	22	18	30	18	20	20	21	15	15	16	9	25	15	30	21	15	15	17	20	17	10	11
XMTI4ODI3NTU0OA==	4734	7489	34	48	36	19	46	13664	52	56	59	50	46	58	62	41	42	64	51	45	34	38	46	28	33	29	48	35	18	44
XMTI4ODI3NjMyOA==	314	106	69	40	32	24	24	28	26	58	75	17	27	12	17	14	18	10	7	11	18	10	11	12	6	9	11	7	9	6
XMTI4ODI3ODI2NA==	284	113	58	35	35	34	19	8	11	14	14	13	10	16	8	8	12	12	18	8	17	15	10	13	16	11	7	8	26	14
XMTI4ODI4MTcyNA==	491	123	2	44	33	27	18	31	30	16	24	20	15	22	15	31	10	23	18	15	14	8	18	12	12	9	5	5	13	4
XMTI4ODI4ODk5Ng==	42584	125126	10403	607	546	202	139	222	45	87	74	107	31	53	97	66	37	46	58	39	24	56	39	5	53	61	3	55	34	32
XMTI4ODI5ODYwNA==	375	127	41	30	119	15	25	17	19	13	14	13	16	17	67	179	14	22	13	29	20	23	14	20	12	12	21	284	40	43
XMTI4ODI5OTM5Mg==	1299	413	311	163	209	75	117	70	60	62	57	60	31	44	18	18	10	17	18	8	24	18	15	21	17	20	24	10	7	11
XMTI4ODIwMTIxNg==	1969	561	492	235	212	169	270	110	97	94	82	77	76	72	84	43	36	28	73	74	60	54	55	59	37	32	47	31	51	53
XMTI4ODIwMzI3Mg==	282	96	46	37	47	20	23	9	15	18	23	9	6	7	12	7	6	6	12	1	5	1	10	3	3	10	9	5	0	5
XMTI4ODIwNDkzMg==	1802	675	64	29	25	20	22	24	14	11	23	5	16	24	15	8	12	5	12	9	18	9	8	4	9	8	8	3	13	15
XMTI4ODIwODUzNg==	850	250	118	53	79	59	63	55	73	64	36	57	39	42	64	30	58	60	22	43	44	36	31	58	34	53	31	31	33	34
XMTI4ODIwOTYzMg==	272	69	12	3	7	5	17	7	3	1	0	1	0	1	2	0	1	0	0	0	1	2	0	0	0	0	0	0	2	2
XMTI4ODIwOTc0NA==	330	89	48	40	42	32	40	32	73	49	53	58	36	38	21	19	510	142	46	37	48	36	50	48	34	6	16	19	13	22
XMTI4ODIxMjc2NA==	394	138	59	41	47	37	37	13	6	6	4	4	6	10	6	16	16	12	11	16	22	15	20	30	16	18	18	21	25	19
XMTI4ODIxMzA0MA==	523	167	12	23	11	12	126	4	3	1	2	3	3	2	2	4	2	3	6	3	4	1	0	1	0	0	2	1	3	1
XMTI4ODIxNTg3Ng==	864	293	204	119	140	66	65	41	39	39	38	42	17	37	26	34	21	26	30	15	23	22	18	24	13	27	20	25	11	21
XMTI4ODIxNjk1Mg==	909	238	34	38	34	13	17	13	11	11	16	9	4	5	0	5	6	4	2	3	6	0	6	0	1	5	1	5	2	2
XMTI4ODIxNzIwNA==	80898	33737	1366	797	997	1366	1015	479	134	91	73	51	48	36	28	37	43	30	13	19	22	13	68	57	7	3	16	8	4	6
XMTI4ODIyMDc0MA==	873	266	75	35	57	54	23	18	21	26	12	11	9	18	15	9	9	18	17	15	10	16	12	13	11	10	14	21	9	6
XMTI4ODIyNDQ2MA==	701	212	113	50	64	54	49	41	31	32	47	30	41	36	38	19	15	12	9	11	17	15	7	10	14	14	15	9	11	6
XMTI4ODIyNTgxNg==	4560	2298	548	403	495	289	320	269	214	282	257	233	220	197	236	230	274	414	357	336	247	226	213	167	153	110	157	131	154	104
XMTI4ODIyNjU0OA==	12874	4566	3567	2229	2109	1446	1633	1389	1140	1069	1131	889	836	739	627	558	434	402	421	509	514	567	457	452	414	271	347	352	349	263
XMTI4ODIyNjg4NA==	327	98	66	44	34	19	35	33	25	24	19	10	11	6	11	15	13	11	10	13	8	8	7	13	6	3	2	2	6	4
XMTI4ODIyOTY4OA==	246	67	44	33	43	14	16	12	11	15	15	76	12	8	13	13	9	10	9	17	13	17	25	11	9	12	11	15	18	9
XMTI4ODIzNDA4OA==	496	144	112	41	62	68	54	24	23	28	12	8	15	15	9	17	5	2	3	5	7	3	3	8	6	7	7	5	2	0
XMTI4ODIzNDc1Ng==	372	95	46	26	48	17	18	11	6	5	11	6	1	6	7	2	8	13	6	3	2	2	2	3	5	0	6	4	5	2
XMTI4ODIzNzM2OA==	6741	2359	341	162	188	150	123	136	85	86	142	51	41	49	71	30	65	35	41	38	39	45	45	76	24	19	44	54	43	33
XMTI4ODM1NDg4NA==	291	142	49	38	21	17	16	21	13	12	13	10	12	10	8	15	5	8	4	4	4	2	7	6	8	4	8	3	1	3
XMTI4ODM1NjQzMg==	1380	498	288	243	243	202	243	220	170	150	125	115	138	102	169	105	89	85	101	67	90	84	81	92	94	69	56	70	61	53
XMTI4ODM1NzY5Ng==	1129	256	151	48	78	60	58	37	23	4	22	11	10	7	11	13	11	3	9	6	3	6	0	5	0	0	0	1	3	5
XMTI4ODM1ODE5Ng==	310	102	33	22	25	17	17	6	6	3	8	1	4	5	4	4	6	11	13	17	16	19	20	17	13	9	17	12	10	14
XMTI4ODM2MTI0MA==	528	145	80	19	42	28	26	25	18	18	30	20	10	14	12	12	17	13	20	11	13	14	18	30	15	16	27	23	17	20
XMTI4ODM2NjI0NA==	7878	2096	1884	646	610	365	286	216	145	138	130	94	90	92	88	84	52	42	37	31	24	28	24	32	8	35	58	8	19	7
XMTI4ODM3ODk3Mg==	418	155	52	32	28	17	31	14	38	24	15	10	6	15	7	6	10	2	2	9	9	5	7	1	3	7	4	8	3	6
XMTI4ODM4NDI3Ng==	3908	1516	745	376	277	180	125	91	43	56	55	66	46	47	39	53	34	43	31	40	54	48	24	39	41	28	24	26	40	24
XMTI4ODM5MjM2MA==	3639	2034	983	411	415	341	235	204	165	163	121	134	187	141	120	131	13	80	11	38	59	7	97	8	81	35	117	105	77	78
XMTI4ODM5NTk2NA==	486	240	93	46	52	27	21	17	17	18	20	10	7	14	6	9	1	1	4	7	5	6	3	4	4	1	4	8	2	2
XMTI4ODMwMzc4MA==	79547	32356	622	356	435	470	481	201	28	13	10	5	8	12	9	5	3	5	8	3	13	4	6	5	8	4	70201	37944	15	7
XMTI4ODMxMzAyMA==	372	95	56	28	49	29	23	15	8	17	18	5	11	12	7	1	9	6	4	10	6	1	2	10	6	7	11	8	8	1
XMTI4ODMxNzk0OA==	1052	326	34	19	21	252	23	22	30	44	29	30	50	34	49	49	26	0	3	0	1	0	1	0	5	1	0	0	2	1
XMTI4ODMyNDI4NA==	1471	413	298	108	65	38	24	27	20	23	10	22	13	14	14	17	12	13	22	20	28	30	23	33	20	24	19	17	18	59
XMTI4ODMzNTMxMg==	2550	841	711	272	311	256	221	148	130	91	84	101	67	83	77	56	50	58	33	35	27	30	36	38	34	26	31	18	18	19
XMTI4ODQ1MDgxNg==	45437	12312	5361	4328	3888	3077	2565	2253	2830	1560	1098	56	1629	61	1738	74	1243	75	1382	28	42	1190	44	51	1745	24	30	23	1471	17
XMTI4ODQ1MjA0OA==	874	257	138	100	98	100	90	41	38	22	23	26	19	23	16	14	14	16	16	15	14	24	21	27	20	22	19	17	26	20
XMTI4ODQ1MzEwOA==	8043	2167	1482	757	715	333	342	297	237	186	226	188	212	201	300	263	321	315	293	328	312	331	278	302	345	295	362	298	392	284
XMTI4ODQ1Mzk3Mg==	147	48	11	14	8	8	14	10	9	46	18	7	25	7	7	9	10	12	9	8	3	10	6	5	4	6	3	8	9	12
XMTI4ODQ1NzEyOA==	316	153	57	26	23	10	16	12	13	6	7	3	7	10	5	6	8	0	4	4	4	6	1	8	3	3	2	4	6	2
XMTI4ODQ2MTM5Ng==	499	146	101	75	43	29	30	19	20	19	16	26	13	10	2	10	0	11	2	5	2	7	9	7	2	0	2	1	6	4
XMTI4ODQ3MDMwNA==	7239	1888	1324	837	883	384	432	320	1591	346	284	430	222	157	165	188	190	218	134	93	106	84	90	101	97	81	80	55	59	56
XMTI4ODQ3NDg1Mg==	54054	153473	24600	10311	9484	7058	7783	7708	6786	6482	6710	5288	4293	3741	4858	5917	4432	3614	704	2347	1174	2274	2123	1976	2101	861	1502	1453	1334	1302
XMTI4ODQ4NzE2OA==	359	86	72	26	18	11	19	10	12	13	13	11	11	10	22	5	10	7	5	5	3	3	11	9	3	1	4	5	3	3
XMTI4ODQ4OTU2MA==	45065	14284	5308	3164	4015	2820	2817	3167	3527	971	2718	898	2565	1462	3735	2520	1338	2689	1298	1237	2782	1160	1186	2247	1147	1064	1113	2173	981	1028
XMTI4ODQ5NTYyOA==	7046	2387	1086	592	378	311	224	150	138	86	98	89	65	84	69	48	55	65	69	41	80	84	61	45	36	61	42	28	48	53
XMTI4ODQ5NzY2MA==	445	152	126	77	87	45	34	38	31	42	43	43	26	27	27	29	26	25	26	18	25	22	14	18	13	15	11	8	11	15
XMTI4ODQwMjMyOA==	32305	11524	5234	6455	1970	4986	1876	1385	1038	1112	1232	409	330	318	838	1074	815	856	650	613	549	555	532	578	535	549	564	508	577	539
XMTI4ODQwODE2NA==	2366	9730	49	705	39	49	41	151	37	45	40	49	22	83	39	19	33	9	9	39	22	17	17	13	23	19	26	31	32	21
XMTI4ODQxMDU3Mg==	241	84	30	24	76	26	22	16	67	11	8	14	11	7	14	95	11	9	18	8	13	5	12	2	7	7	12	5	8	170
XMTI4ODQxMTA4OA==	13558	4979	2842	1878	1496	1212	1141	886	707	623	627	487	455	542	468	384	409	339	335	340	345	306	260	212	232	232	216	227	219	219
XMTI4ODQxNDAxMg==	22852	7325	1604	1465	1233	594	506	299	302	306	265	252	254	328	234	216	224	215	190	185	201	187	200	210	149	134	138	124	149	143
XMTI4ODQxNzc1Ng==	149	56	45	28	26	22	16	17	20	7	15	7	8	2	4	6	2	5	10	6	3	3	2	3	6	7	7	1	11	4
XMTI4ODQyNTgyOA==	644	162	147	70	35	26	23	12	16	14	15	14	9	16	16	10	10	8	11	17	10	21	21	7	18	21	5	10	16	15
XMTI4ODQzNzUyMA==	2514	1255	611	360	358	202	209	103	95	91	96	82	111	104	59	71	85	52	53	64	48	46	56	70	43	71	47	65	41	28
XMTI4ODU0NjM0OA==	305	111	6	31	38	16	17	17	5	12	15	3	6	1	0	2	1	2	3	0	2	2	0	1	0	5	0	1	0	0
XMTI4ODU0NzQ1Ng==	2421	933	629	336	230	148	135	97	86	75	57	64	38	42	45	28	43	30	35	20	37	26	50	28	32	25	11	39	20	15
XMTI4ODU1NDI0NA==	327	102	77	33	39	21	19	13	21	29	35	20	23	30	8	4	13	8	5	8	4	6	6	7	9	8	2	11	7	4
XMTI4ODU1NzQ3Ng==	193	84	34	32	33	23	29	5	5	2	2	3	1	3	5	3	4	5	2	2	4	0	1	5	4	1	4	0	2	0
XMTI4ODU1OTAzMg==	652	144	77	31	18	27	15	13	25	9	14	6	11	11	9	17	24	21	44	47	54	38	60	51	49	36	43	35	46	41
XMTI4ODU2MDM4MA==	5584	5580	169	92	73	36	51	25	1037	18	13	20	21	14	18	16	12	2	15	9	4	6428	16664	138	63	29	25	55	39	44
XMTI4ODU2MjIxNg==	1415	278	52	26	31	19	21	213	41	34	23	18	19	15	23	19	11	23	6	17	29	18	6	9	9	11	11	9	9	13
XMTI4ODU2MzY1Mg==	128	54	27	13	12	12	19	12	8	9	4	24	72	14	13	6	11	17	8	11	11	5	6	10	0	0	1	8	5	5
XMTI4ODU2NTE2OA==	156	77	48	19	22	18	15	20	14	11	6	13	8	2	8	6	4	6	6	5	7	8	9	6	7	2	4	5	5	6
XMTI4ODU2NTgxNg==	22516	6304	1665	138	152	55	53	1200	23	19	25	16	15	7	6	16	6	3	5	6	5	14	9	15	4	3	10	5	5	5
XMTI4ODU2NjY1Ng==	9769	3796	2637	1078	852	434	434	338	259	279	225	178	143	140	112	106	148	110	160	162	207	277	146	91	92	69	89	74	83	70
XMTI4ODU3NDg0NA==	13804	7712	3052	1252	1027	668	751	510	399	416	383	366	360	394	264	392	528	367	304	249	51	201	7	269	3	279	2	231	249	258
XMTI4ODU3NzEyNA==	3321	861	238	125	534	49	30	25	54	41	73	160	81	56	51	43	46	255	306	253	163	121	110	125	252	489	559	510	555	689
XMTI4ODU3OTg1Mg==	1453	3884	38	64	57	64	50	53	49	54	52	51	40	54	29	50	37	50	52	58	43	40	54	42	39	47	70	34	44	43
XMTI4ODU4MjI3Mg==	2044	744	457	176	161	54	51	61	62	53	52	32	29	18	8	43	87	88	25	29	23	25	16	62	50	44	44	41	3	4
XMTI4ODU4NjA0NA==	324	111	77	26	36	34	29	28	24	19	13	12	16	18	4	12	16	10	28	12	12	21	15	13	14	16	24	27	16	18
XMTI4ODU5MTgwMA==	62967	27536	14301	5557	5890	4913	2935	5205	4649	2526	2798	1367	1098	1008	2177	918	1085	776	710	667	723	1803	565	628	524	477	445	498	537	490
XMTI4ODU5ODEyMA==	338	94	61	34	23	14	21	4	5	4	3	1	4	5	3	1	3	0	13	0	1	0	0	3	1	0	0	5	1	3
XMTI4ODU5ODc2OA==	2747	1081	463	183	194	94	58	83	53	56	46	34	31	24	27	29	23	34	32	34	26	37	32	26	23	10	17	21	12	14
XMTI4ODUwMTQyOA==	5706	2071	1564	495	502	411	306	210	214	221	196	191	168	178	158	115	48	89	121	105	123	128	186	197	127	123	120	105	82	93
XMTI4ODUwNjE0OA==	6371	6818	1324	700	199	193	221	150	108	465	231	113	115	127	66	59	124	283	201	121	109	142	131	121	163	148	102	102	116	89
XMTI4ODUwNjkyOA==	11864	3511	2582	2333	962	411	367	278	310	298	279	314	310	1533	393	234	81	153	276	267	285	269	295	270	227	257	239	276	298	264
XMTI4ODUwOTkyMA==	659	313	186	72	64	73	56	48	44	36	20	47	27	38	25	35	43	40	17	19	21	25	39	30	29	22	32	15	12	17
XMTI4ODUxNDY0NA==	383	132	85	50	42	22	18	12	9	9	12	5	4	3	2	5	6	6	8	13	7	0	3	3	9	5	1	0	2	1
XMTI4ODUxNzQ1Mg==	946	239	34	17	17	16	17	9	12	13	19	10	13	3	5	8	4	7	12	6	8	1	4	2	4	5	6	2	10	0
XMTI4ODUyMzI2NA==	2867	1220	393	116	128	80	57	32	46	36	20	23	23	19	37	17510	11532	401	384	161	107	106	71	82	52	77	43	31	38	38
XMTI4ODUyNjU0MA==	16343	6823	4519	2306	887	1087	1006	821	780	869	612	544	557	493	551	681	522	415	488	463	380	494	445	476	312	305	299	276	328	320
XMTI4ODUzMTI4NA==	390	164	118	46	43	30	38	24	38	47	61	51	51	40	34	35	58	44	43	23	37	36	34	42	36	30	25	36	44	13
XMTI4ODUzNjM0OA==	265	1246	148	30	34	27	32	17	11	9	13	16	19	16	22	19	9	23	13	8	13	18	6	12	18	13	4	9	3	8
XMTI4ODY0NDkwNA==	25475	5626	3025	1830	1601	904	727	604	501	412	389	323	308	242	209	224	255	250	258	258	256	218	207	165	182	180	227	187	256	222
XMTI4ODY1Mjk3Ng==	840	163	34	23	32	32	14	19	8	10	12	3	3	2	6	5	18	4	9	1	3	2	3	2	5	2	4	3	1	1
XMTI4ODY1NjcyOA==	473	142	58	23	35	20	14	14	5	1	9	4	2	3	2	4	2	0	3	4	5	1	7	8	6	3	6	10	7	4
XMTI4ODY2MDE2NA==	2523	1046	510	272	251	196	178	125	104	108	95	93	109	93	78	68	65	70	46	72	95	59	80	59	61	47	47	54	40	46
XMTI4ODY3MDk1Ng==	45438	35886	6252	2948	2333	1809	1595	1124	967	852	813	624	643	627	516	610	735	599	415	415	1408	323	510	486	291	224	263	245	263	339
XMTI4ODY3NTMwMA==	217	70	45	33	44	65	14	9	9	8	9	18	12	12	12	8	18	18	19	9	15	16	9	12	14	22	11	10	21	13
XMTI4ODY3NjkzNg==	1633	578	406	286	275	165	292	94	52	87	72	39	27	33	30	26	23	22	28	25	34	16	19	17	18	8	28	12	16	12
XMTI4ODY4MTg4MA==	683	237	61	25	46	28	20	18	25	16	19	14	13	17	7	7	7	17	10	13	22	5	7	6	10	5	4	7	7	7
XMTI4ODY4Mjg0NA==	509	1288	41	61	43	20	15	18	3	7	18	3	3	3	12	7	7	3	89	19	7	6	2	2	0	4	1	1	2	1
XMTI4ODY5MTExMg==	3479	1201	705	266	303	308	292	251	318	298	255	209	197	301	402	83	61	74	64	68	66	73	86	55	62	55	44	58	41	42
XMTI4ODYxMTEzMg==	421863	199348	5532	3690	3260	3751	2942	39186	22549	2943	2646	528	1700	524	35024	23036	1728	1892	1369	1193	1148	31650	22626	2697	1585	1397	1213	1193	18975	12069
XMTI4ODYxNjk0MA==	226	90	45	23	31	11	17	25	12	11	6	13	12	5	15	11	13	11	10	13	19	21	11	11	9	9	34	34	25	12
XMTI4ODYxODk0MA==	4456	1835	652	548	886	673	804	386	140	111	131	101	88	88	63	68	65	55	39	39	49	45	16	16	13	15	9	6	9	8
XMTI4ODYyMDM4NA==	371	89	38	21	15	12	19	16	5	4	11	15	16	19	15	13	12	9	14	7	5	3	1	5	15	8	11	9	13	5
XMTI4ODYyMTkzNg==	8454	2591	873	616	436	395	324	463	248	181	224	130	134	121	68	174	584	586	189	134	119	131	119	191	147	173	222	134	193	205
XMTI4ODYyODI1Mg==	7836	2022	794	253	301	225	220	106	106	125	110	99	65	53	103	46	71	105	69	26	63	91	64	6	69	111	25	269	108	182
XMTI4ODYyOTkzMg==	167	79	50	22	19	18	19	13	9	7	5	3	1	0	1	3	3	5	2	3	1	3	0	1	0	1	1	3	2	1
XMTI4ODYzMzc2MA==	51396	23594	2088	1498	1166	1005	1349	854	242	230	165	141	109	103	120	91	111	210	84	62	55	67	70	66	67	32	37	44	38	41
XMTI4ODYzNDcwMA==	2249	799	539	296	270	222	219	225	150	154	174	206	168	117	123	102	102	100	90	110	101	68	93	96	83	62	84	57	61	57
XMTI4ODYzNzU5Ng==	1270	393	48	131	100	96	46	20	20	19	21	4	13	6	11	5	6	3	3	5	1	0	0	3	0	2	0	1	4	2
XMTI4ODc1MDI0NA==	3342	1394	696	346	420	227	204	297	264	223	201	236	207	131	170	141	143	135	161	165	82	119	94	63	138	93	103	97	126	160
XMTI4ODc1Mzk2MA==	4576	1448	644	399	476	414	378	394	330	284	259	245	263	209	150	52	99	70	93	75	104	58	50	47	56	68	57	23	22	30
XMTI4ODc1NjM3Ng==	2424	1663	50	250	248	170	167	163	100	83	72	76	61	56	76	42	29	31	43	38	30	29	42	45	28	42	26	23	27	20
XMTI4ODc2NTgxMg==	36965	79077	7664	2803	1361	362	124	405	3	275	234	259	229	33	107	9	62	59	26	11	55	46	8	55	40	33	18	38	56	113
XMTI4ODc2NjUwOA==	2472	3568	630	275	348	254	244	307	317	309	1461	453	346	421	360	146	128	110	130	124	108	135	127	105	114	107	109	86	95	119
XMTI4ODc5NTMyNA==	294	183	68	19	14	31	38	17	30	33	21	15	104	19	18	31	24	37	36	14	15	11	20	82	45	69	92	51	45	49
XMTI4ODcwMDcwMA==	378	373	48	21	22	13	24	5	22	9	8	8	2	8	6	8	10	10	6	7	8	15	10	5	11	11	19	6	4	6
XMTI4ODcwNzMxMg==	1041	414	114	157	128	107	40	48	24	24	10	11	8	5	11	4	2	5	4	5	6	2	2	3	2	0	1	4	0	4
XMTI4ODcwNzk5Ng==	714	600	140	56	53	13	41	46	33	24	35	25	17	20	12	22	11	15	19	22	16	12	25	8	9	12	4	2	3	3
XMTI4ODcwODIyOA==	224	96	67	14	19	38	21	10	5	6	4	4	4	6	12	7	4	13	17	1	3	3	0	0	2	0	0	1	0	0
XMTI4ODcyODQ5Mg==	3346651	761731	13036	18849	10842	11258	13366	9604	6075	3290	3219	1458	2436	2338	1134	1611	1307	1014	518	291	570	1135	1100	607	583	493	16	491	17	586
XMTI4ODg0ODE2MA==	1520	743	268	104	113	98	126	123	63	51	34	30	42	40	32	32	45	63	56	63	42	26	39	41	29	41	64	43	45	18
XMTI4ODgyNjAwNA==	15205	29071	6849	2928	4574	3270	3518	1784	1853	1451	1170	1114	881	763	659	627	617	1128	830	705	745	654	761	591	3053	2073	824	624	542	418
