XMTM2MDk4Nzc3Ng==	33361	349	22	43	39	34	15	86	35	4	12	23	18	8	6	167	22	58	27	7	8	5	12	13	11	16	8524	78	56	2
XMTM2MDkxNzQ2NA==	52798	487	48	35	19	26	14	15	4	0	1	2	2	3	0	128	10	24	1	5	8	1	1	5	29	11	13998	291	49	3
XMTM2MDkzMDM0NA==	219	46	0	17	0	35	66	57	16	15	8	3	1	3	3	0	3	36	4	3	8	12	0	0	2	3	5	10	7	7
XMTM2MDkzNDA4OA==	105736	9061	10945	9878	1710	10624	10636	10734	10644	9750	1	3	204	6421	0	0	0	0	0	4	0	0	0	0	3316	577	3646	7204	4	0
XMTM2MTI0OTMwMA==	6601	473	0	146	3125	1896	519	5	2491	2219	423	1764	8	93	6649	1224	2008	65	7	227	7	17840	1808	1	4794	706	0	42518	30169	93162
XMTM2MDkxMTc5Ng==	948	106	12	15	2	19	16	4	0	22	5	1	10	0	0	2	3	1	47	9	9	2	16	5	6	2	11	5	5	24
XMTM2MDYwMzE5Mg==	1135	152	13	12	13	22	15	19	4	2	1	1	5	2	0	0	6	0	2	1	1	2	1	0	0	0	24	34	20	0
XMTM2MDc4MTIwOA==	22120	1715	47	68	14	12	16	14	5	14	4	9	6	48	39	21	1	7	8	4	5	1373	108	108	42	13	2668	186	253	12
XMTM2MDgyNTY2OA==	2145	377	29	23	25	20	26	6	10	14	2	1	3	4	0	1	0	5	6	0	1	1	10	1	10	2	5	26	8	192
XMTM2MDkxODc5Mg==	93813	9352	2319	714	579	335	414	373	157	294	128	96	158	73	89	210	244	246	527	120	2404	295	199	207	280	173	6827	194	1009	342
XMTM2MDg0NzAyOA==	148040	15254	1562	1029	592	637	610	327	166	130	155	259	142	80	315	544	211	78	195	4681	1184	297	141	69	319	154	9981	218	1758	442
XMTM2MTM0NTE2NA==	353605	516	183	245	123	123	184	172	57	40	79	86	95	51	129	50	67	56	44	13512	71295	4157	467	135	1715	3093	2564	2037	905	1689
XMTM2MDg4NjMxNg==	691	115	42	1	8	7	14	30	31	13	17	9	3	4	30	29	2	17	52	55	27	15	30	4	6	17	13	28	20	28
XMTM2MTE1ODc2MA==	19808	3265	411	141	66	26	88	124	43	99	77	63	72	3	53	131	64	55	57	51	29	44	37	86	79	93	1419	463	458	33
XMTM2MDk0MDk4OA==	45988	4957	149	106	89	50	33	48	66	71	28	30	40	26	35	46	62	20	35	73	34	44	22	18	78	252	6368	417	866	52
XMTM2MDgzNDg2MA==	40273	93	70	63	63	55	44	135	63	47	94	43	45	28	4	6	2	14	3	2	4	602	3460	295	258	31	2296	9	2641	32
XMTM2MDk3MTMzMg==	27344	4920	477	850	555	182	272	154	157	228	457	394	134	96	57	99	70	373	276	45	42	103	38	91	184	101	108	518	535	35
XMTM2MDgzNTQzMg==	2154	296	67	28	44	74	15	61	1	2	17	20	0	8	9	48	0	2	0	2	1	0	2	1	1	0	44	48	54	8
XMTM2MDc2NDg0MA==	45	13	8	5	0	3	20	2	1	1	0	0	0	0	2	0	1	1	4	11	0	3	2	0	1	1	0	1	0	2
XMTM2MDc3MDc0MA==	11828	395	63	35	59	49	19	78	75	38	6	2	4	15	11	276	10	17	35	1	4	2	3	16	6	5	2350	82	56	10
XMTM2MDgzOTEwOA==	7199	1261	101	109	68	107	68	79	65	61	34	35	33	32	47	55	24	34	51	14	15	12	41	23	45	30	27	16	128	51
XMTM2MDcxODkxMg==	165	30	9	2	2	0	132	36	7	4	0	0	1	2	3	0	1	0	0	14	2	1	0	1	2	0	1	1	0	1
XMTM2MDg1MzYzNg==	11377	1416	145	49	44	36	19	23	17	5	10	37	53	10	9	5	3	3	2	9	17	56	5	117	20	3	1227	296	208	22
XMTM2MDgwNjQxMg==	108551	0	0	0	0	5542	611	1106	2188	2	0	0	0	0	1	1	0	3	1532	0	0	1	0	1	2	0	31278	974	6285	173
XMTM2MTAyNTcxNg==	63	13	11	4	3	0	25	2	2	23	0	7	2	3	1	0	5	1	0	6	0	0	0	0	0	9	0	0	0	0
XMTM2MTIwNzYxNg==	654	205	89	177	30	204	146	1	1	1	0	0	1	0	1	0	2	0	0	9	3	1	0	1	0	0	0	0	1	0
XMTM2MTAyMTIzMg==	106	31	0	1	2	38	57	8	7	6	9	0	3	8	2	15	16	23	22	21	5	1	7	6	4	8	6	5	0	1
XMTM2MTUzMTA5Ng==	76495	15026	10482	2879	51	103	660	10052	1167	53	90	458	434	451	980	511	268	426	199	285	465	427	98	114	92	175	167	237	159	939
XMTM2MDk2NzI0OA==	1512	281	96	58	23	5	56	1	40	6	5	34	63	48	60	7	26	34	19	54	12	7	8	7	8	9	13	9	9	14
XMTM2MDk5NTM3Ng==	16	3	2	1	0	0	14	2	6	5	1	2	0	1	0	3	0	1	1	17	5	2	0	1	0	1	4	0	4	3
XMTM2MTQwOTg0NA==	2618	363	59	17	14	1	15	0	0	1	2	1	1	21	1	0	0	2	0	1	2	158	43	19	7	8	190	5	10	0
XMTM2MTUwNjc0OA==	29370	4591	583	1722	593	382	215	413	280	250	28	663	312	247	178	72	71	171	199	160	33	116	281	176	125	181	62	77	144	131
XMTM2MDg1NDI1Ng==	4129	577	99	63	34	33	89	114	47	26	5	5	4	6	2	25	2	23	6	1	0	2	1	0	5	3	22	80	79	12
XMTM2MDg0OTUyMA==	53986	2451	124	25	16	8	19	12	5	0	11	3	10	4	23	3	7	1	3	1	2	2	2	3	3326	241	5175	285	301	8
XMTM2MTA1MTc5Ng==	155048	2506	45	48	31	25	42223	801	461	12	7952	284	252	144	14	149	92	218	64	51821	8	38	15	12	8	24	12	32	7	20
XMTM2MTAzMDU2NA==	156768	6614	419	361	497	496	248	220	213	230	185	128	12	22	44	494	106	59	37	66	23	6	53	67	55	32	36811	1472	912	176
XMTM2MTExNjIwNA==	3644	456	17	10	6	14	17	1	1	16	0	6	1	4	0	60	1	7	4	0	129	64	2	4	4	1	512	124	30	10
XMTM2MTEzMjI2MA==	316	47	17	1	11	2	14	5	2	0	7	19	1	5	0	2	0	33	2	6	4	2	0	1	14	2	6	0	2	98
XMTM2MDg2MzEzMg==	11885	963	125	60	49	27	27	44	3	3	21	31	87	28	13	51	18	12	9	3	7	20	1	9	5	101	1230	178	146	12
XMTM2MDcwNTgyNA==	31381	133	3092	28	13	8	22	33	32	13	17	42	21	34	22	31	17	12	0	53	15	14	3	8	14	3	7	3	17	31
XMTM2MDkxNDcwMA==	84082	409	280	108	103	88	77	119	118	414	179	186	95	21	3	31	7	51	17	5	12519	1065	391	581	58	473	1235	28	413	81
XMTM2MDM0Mzc1Ng==	11063	556	33	44	24	13	28	87	76	65	53	48	40	45	32	65	69	19	55	41	17	43	19	44	59	45	1305	179	74	2
XMTM2MDgyNTg3Ng==	3906	323	130	52	26	19	35	7	19	36	18	21	12	2	11	8	14	23	37	12	4	89	59	122	19	11	62	88	74	5
XMTM2MDc2ODgxNg==	5197	753	105	193	53	38	25	6	22	17	44	5	36	3	5	6	1	2	3	6	5	9	2	5	98	7	211	53	7	17
XMTM2MDg5MDQ4MA==	1565	246	40	52	54	43	32	66	8	2	49	1	2	42	37	8	5	11	1	110	3	6	4	8	3	13	10	1	16	7
XMTM2MTMxOTgwOA==	10852	137	13	31	31	12	23	22	19	5	1	21	7	2	14	58	27	26	19	8	11	3	6	25	18	19	2445	10	40	1
XMTM2MTI2NzkzNg==	1192622	6108	5919	1464	1144	796	1021	9190	1063	1386	284	521	500	6777	874	311	121	305	4073	769	1153	308	34490	197144	358	65932	531	3348	1933	2543
XMTM2MDg2MTU2NA==	36979	2842	117	59	51	66	40	41	45	25	20	19	26	12	66	20	45	12	10	2	22	25	21	22	1495	102	5194	729	244	46
XMTM2MDk0MDY3Mg==	26240	4295	556	561	256	163	73	110	91	117	131	94	62	173	34	64	66	27	33	19	26	54	22	38	24	32	1564	841	847	91
XMTM2MDgyNjAyOA==	5557	948	66	137	126	77	38	30	18	37	1	3	10	34	19	34	24	42	19	19	1	5	9	1	2	0	15	5	10	291
XMTM2MTMyMTI5Ng==	1589	265	52	48	59	33	33	30	40	2	25	15	19	22	1	2	6	10	20	20	29	22	23	26	13	25	12	22	25	22
XMTM2MDgxNTQwOA==	322	78	27	28	37	37	21	1	15	108	31	44	33	33	36	18	11	3	0	81	10	2	21	328	362	306	172	188	145	234
XMTM2MTE5MDUyOA==	1403	55	20	33	15	4	19	21	0	10	23	8	7	14	18	26	19	31	10	2	5	1	1	2	3	10	16	4	0	117
XMTM2MDg1MzQ0NA==	35211	3508	525	459	233	255	22	16	23	49	36	2	4	3	6	83	20	18	19	4	1	12	8	22	20	11	5677	988	918	101
XMTM2MDgyNTM0MA==	6326	603	52	42	11	18	35	17	10	3	3	10	6	0	8	177	26	8	16	1	9	28	11	23	10	11	810	116	87	4
XMTM2MDk0MDY3Ng==	4352	224	500	35	170	150	42	0	199	136	303	92	134	5	314	117	124	161	81	164	283	91	54	89	113	66	150	214	63	214
XMTM2MDc4NzQyNA==	111568	13975	651	107	85	64	140	370	110	50	58	157	65	51	23	23	21	61	42	796	151	68	169	163	48	93	20329	164	121	46
XMTM2MDg1Mzc4MA==	6640	527	115	86	72	58	36	86	54	34	46	30	71	27	39	25	28	2	17	23	10	20	10	27	12	13	308	14	22	10
XMTM2MDg2ODE3Mg==	1648	304	57	108	70	27	16	4	9	11	13	12	2	13	0	28	2	2	1	18	8	22	29	5	0	13	18	17	30	32
XMTM2MTExMDc5Ng==	16888	748	33	25	19	25	14	18	12	4	16	11	15	18	1	43	8	4	7	7	1	10	2	1	4	5	3185	204	132	10
XMTM2MDc1NTcwNA==	3057	554	112	139	104	18	14	16	2	27	64	36	16	10	13	10	27	10	7	38	31	3	17	3	1	7	11	19	15	24
XMTM2MTEzOTM3Mg==	288191	656	945	4285	11827	32855	1165	386	417	1415	7838	395	601	620	197	300	1377	510	223	204	199	154	515	1910	281	382	16591	14	17163	11807
XMTM2MTUwMjA0MA==	24730	2416	471	1567	594	345	223	298	274	220	518	108	91	133	194	112	46	7	141	152	209	313	255	184	88	152	50	61	149	128
XMTM2MTQ1MTE3Mg==	400	64	19	16	27	21	15	6	1	4	1	6	1	4	5	12	9	7	0	30	1	2	2	3	3	3	6	0	1	12
XMTM2MTQ0MjQ0NA==	22470	133	128	52	48	13	25	2	1	58	28	2	2	12	86	38	36	20	3	1	0	5	19	17	7	8309	1449	7894	170	9
XMTM2MDg2MDIxNg==	12983	2189	59	54	31	21	25	22	36	46	14	28	20	7	28	0	3	10	9	26	39	401	34	15	159	9	1123	565	130	11
XMTI4NjQyNzgzMg==	355	64	62	38	35	28	54	25	23	17	12	8	17	21	27	133	12	14	21	21	13	11	4	15	11	14	13	10	13	9
XMTI4NzI1NDM0MA==	1762	286	249	80	58	23	27	33	10	22	9	14	4	7	13	8	12	6	4	7	7	19	6	4	2	0	2	25	211	197
XMTI4NzI4OTAxMg==	1264	216	227	240	69	49	217	240	97	47	17	16	17	25	26	22	27	17	114	82	172	116	220	136	154	109	96	135	102	111
XMTI4NzU0MzU2MA==	2829	552	520	360	320	45	145	8	108	120	7	108	75	52	71	83	60	67	67	72	63	55	59	76	52	53	46	78	83	740
XMTI4NzY0MTg3Ng==	706	112	82	49	51	29	42	28	27	24	33	16	13	15	26	26	35	23	7	14	12	16	12	18	15	20	7	16	10	10
XMTI4Nzc2NjU4MA==	131	29	12	9	17	13	14	8	6	4	8	2	3	0	9	2	4	6	0	2	5	2	3	6	0	0	0	0	0	3
XMTI4NzcwNTI5Mg==	56	11	11	12	3	6	15	6	3	6	1	2	9	0	1	3	2	4	1	7	7	2	2	1	0	3	2	0	4	0
XMTI4Nzg0ODM2NA==	3883	1048	841	636	647	373	223	156	156	156	133	113	66	76	89	100	92	118	72	64	49	62	57	54	76	67	50	43	45	52
XMTI4Nzg4MDQyNA==	905	147	131	87	97	88	121	59	60	45	59	58	41	34	35	44	40	44	33	31	24	19	17	24	15	24	22	16	20	14
XMTI4Nzg5MTI4OA==	2212	310	274	122	130	99	64	49	39	44	56	45	11	12	18	22	24	17	14	21	16	12	15	13	5	9	6	6	19	13
XMTI4NzgwODkyNA==	539	124	79	33	36	44	44	28	28	28	37	11	19	22	13	46	81	36	22	22	39	27	28	25	19	10	20	24	26	23
XMTI4NzgyMTgwMA==	108	23	2	5	8	8	15	20	13	1	8	30	24	17	19	32	18	10	8	21	7	9	20	24	33	14	21	14	17	15
XMTI4Nzk0MTEwOA==	1692	219	194	123	150	254	246	203	210	160	110	130	107	103	98	89	129	99	69	88	84	90	61	63	80	57	132	85	110	144
XMTI4Nzk0MzA2NA==	5686	1095	539	331	299	359	257	155	147	101	118	74	79	92	64	99	61	68	45	64	52	50	38	65	61	47	39	81	31	47
XMTI4Nzk0ODAxNg==	260	70	53	26	33	29	21	14	11	16	9	16	7	7	34	16	21	27	22	19	26	16	15	24	17	22	24	18	16	11
XMTI4Nzk1OTgwOA==	3940	786	656	359	423	354	360	324	205	125	138	146	86	89	315	105	90	79	58	66	87	50	42	47	38	67	42	61	46	50
XMTI4Nzk2MTI3Mg==	68	13	7	4	2	3	42	1	1	2	1	1	1	0	0	0	0	2	0	0	0	0	1	0	1	0	1	0	1	1
XMTI4Nzk2MTcyMA==	425	86	75	39	27	26	22	12	17	8	10	8	4	14	4	4	7	5	4	0	8	6	3	4	5	7	2	4	2	2
XMTI4Nzk2MjMyOA==	361	91	66	25	38	43	77	63	52	2	21	7	36	4	28	29	19	14	22	36	26	28	29	35	20	20	38	31	29	21
XMTI4Nzk2NjM3Ng==	11064	2801	2526	1964	1534	622	353	246	177	166	139	130	91	49	53	42	63	40	64	83	66	26	29	42	18	33	20	32	16	18
XMTI4Nzk3MTU5Mg==	15346	2605	1677	706	743	498	448	439	328	374	239	211	177	181	185	229	230	201	149	143	154	123	149	120	156	129	131	123	102	88
XMTI4Nzk3MjEyNA==	17550	3194	1702	1218	1247	2091	1298	866	767	733	679	563	541	623	602	513	471	573	592	538	572	666	573	500	434	463	363	399	477	409
XMTI4Nzk3NjQ0OA==	494	51	64	25	24	14	16	21	5	10	18	5	1	3	11	6	3	7	8	15	11	15	29	23	13	5	10	13	10	4
XMTI4Nzk3ODcwNA==	76	20	9	6	10	6	16	6	12	8	4	14	2	8	8	28	18	16	6	5	22	14	1	2	9	2	2	3	0	4
XMTI4Nzk3OTI4NA==	2447	36	1470	25	18	466	27	30	28	11	10	10	12	15	12	3	10	544	20	17	23	18	10	16	11	18	15	17	16	13
XMTI4Nzk4NTQ0MA==	1185	303	237	91	231	128	107	60	46	26	41	36	12	34	19	24	44	28	17	8	13	5	5	4	5	4	6	3	10	1
XMTI4Nzk4ODI4OA==	43892	8727	7035	3979	3557	1942	1271	859	826	677	687	587	108	453	124	466	332	386	382	420	520	500	479	508	475	452	397	395	328	292
XMTI4Nzk4ODUyOA==	795	129	139	88	87	68	155	91	85	81	86	109	70	93	141	112	150	113	107	92	117	122	86	80	73	63	59	62	85	58
XMTI4Nzk5MTEwMA==	5320	587	503	261	307	129	129	1265	14936	99	113	46	75	77	46	90	39	43	48	41	27	35	39	26	28	30	34	30	27	35
XMTI4Nzk5MzM4MA==	58	7	1	2	4	2	16	5	1	1	2	3	0	2	0	1	0	1	1	0	4	2	2	1	4	0	7	0	2	1
XMTI4Nzk5NDUyNA==	2270	333	120	37	32	24	40	18	19	7	5	5	10	11	5	7	11	18	9	17	5	9	11	17	8	6	17	10	4	12
XMTI4Nzk5NzMyNA==	348	73	67	40	44	47	44	25	23	27	38	37	31	29	24	14	22	9	8	14	11	10	9	12	14	21	6	9	12	8
XMTI4Nzk5NzQ4NA==	5329	488	153	89	111	84	56	72	50	11	12	9	33	60	30	11	6	7	21	9	15	18	8	23	13	6	12	26	6	13
XMTI4Nzk5OTQ4NA==	52147	240	132	61	53	21	27	10	7	1	8	0	0	1	4	4	3	1	2	1	0	3	5	51	44	8	4	3	3	1
XMTI4Nzk5OTcyNA==	7350	1180	1162	573	541	416	471	243	290	331	293	219	218	197	234	234	159	147	140	162	151	151	113	151	87	112	117	106	109	100
XMTI4NzkwOTk3Ng==	296	55	42	21	23	13	18	11	7	6	5	1	4	4	4	7	9	3	3	10	2	5	2	3	4	4	1	3	9	5
XMTI4NzkyMTQ4NA==	2053	318	206	151	159	2	103	1	96	25	77	96	96	85	78	82	27	53	78	100	60	97	73	88	107	106	48	42	22	22
XMTI4ODA0MDQxNg==	23871	3222	641	350	383	181	14155	11212	736	263	173	129	119	1146	441	131	90	75	48	54	61	63	24	34	20	17	26	31	21	15
XMTI4ODA0MjYxNg==	7743	1443	1321	776	2	223	156	134	104	85	9	73	62	57	79	56	47	58	28	51	47	28	21	81	30	27	10	15	10	18
XMTI4ODA0MzYxMg==	96	10	16	21	13	3	21	3	0	10	11	3	7	8	2	5	27	1	6	3	0	3	1	0	0	5	0	0	1	1
XMTI4ODA0NDI5Ng==	62645	14255	14024	8179	8796	5631	3877	3772	3873	3886	3641	2005	2922	2852	3269	2295	1795	2071	1056	1723	1764	1866	1827	1761	1749	1919	1929	1823	2006	2069
XMTI4ODA0NjEyNA==	2468	407	438	250	365	289	344	167	36	26	33	22	21	23	31	20	10	20	28	20	17	9	13	7	14	14	15	9	10	12
XMTI4ODA0Njk0NA==	439	64	49	31	34	31	14	17	12	14	14	16	11	13	12	17	11	12	19	10	11	13	12	21	19	19	21	7	12	15
XMTI4ODA0NzAyMA==	3084	835	824	1010	413	224	220	174	178	156	155	93	72	91	77	67	55	55	46	47	47	45	59	62	38	43	54	47	39	40
XMTI4ODA0Nzg1Mg==	507	73	56	29	24	19	26	29	34	16	13	12	15	21	13	9	16	11	9	11	10	15	8	7	16	10	9	7	19	17
XMTI4ODA0OTQyMA==	420	42	25	27	15	13	14	10	17	68	39	18	16	7	5	13	7	14	10	15	9	8	15	12	15	19	14	14	4	10
XMTI4ODA0OTkxNg==	3681	49	32	7	20	14	20	6	0	4	2	3	6	4	3	9	2	2	1	5	1	1	1	0	1	5	0	0	0	2
XMTI4ODA1MDU0OA==	1952	203	289	18	24	17	17	8	9	5	10	9	8	7	10	13	4	10	7	7	13	15	9	13	7	2	10	7	2	13
XMTI4ODA1MDcxNg==	958	115	102	83	79	63	59	65	58	50	57	38	29	37	37	35	17	22	15	29	18	21	22	10	16	20	18	30	16	8
XMTI4ODA1MTA2NA==	16076	1273	1289	674	628	499	443	392	359	345	295	225	220	244	289	295	342	284	211	240	224	154	172	134	101	113	100	141	157	192
XMTI4ODA1MjE4OA==	610	85	174	29	33	34	33	42	38	47	43	37	26	29	32	29	32	30	37	19	17	11	13	11	14	14	21	22	18	15
XMTI4ODA1MzEwOA==	14156	2031	2358	409	3891	1965	1466	927	803	778	756	822	802	719	882	847	727	399	669	617	309	280	363	352	349	306	286	295	327	350
XMTI4ODA1MzM2NA==	2305	456	317	183	142	97	101	123	67	43	49	28	37	28	31	33	51	40	56	29	33	35	26	50	38	38	52	52	29	27
XMTI4ODA1NDI3Mg==	9889	743	459	353	224	155	131	130	122	89	86	63	103	85	117	88	69	85	136	123	84	58	61	60	73	49	37	54	83	42
XMTI4ODA1NDg2MA==	4534	839	766	623	662	361	336	235	201	135	153	99	87	112	79	129	109	92	101	67	81	72	54	55	51	60	59	37	45	34
XMTI4ODA1NTMyMA==	2074	151	108	45	59	28	33	29	22	35	39	39	20	27	38	29	22	300	38	39	28	28	21	18	34	31	41	26	24	27
XMTI4ODA1NjE2NA==	373	69	47	32	47	32	19	21	17	19	10	13	10	11	15	19	20	1	17	1	11	1	4	8	3	11	0	8	10	6
XMTI4ODA1NzE2NA==	417	57	48	31	44	27	19	29	25	17	16	8	4	8	12	8	6	1	2	2	6	5	2	14	6	5	3	2	2	1
XMTI4ODA1OTA0MA==	840	103	67	42	31	42	39	17	14	10	11	19	27	10	13	7	2	6	6	13	8	4	12	5	4	2	2	5	4	5
XMTI4ODA1OTcyMA==	3776	964	1089	996	875	658	371	257	424	398	248	315	210	302	292	297	327	312	333	384	392	418	611	467	923	1086	807	950	1335	1426
XMTI4ODA2MTA5Ng==	168	35	27	23	18	10	26	11	13	7	11	10	9	17	11	15	24	23	13	11	5	7	10	12	15	15	9	15	11	6
XMTI4ODA2MTE2OA==	486	96	65	49	23	19	35	17	12	5	8	11	10	21	1	5	2	2	1	6	3	1	2	3	0	2	2	2	2	11
XMTI4ODA2MTEzMg==	963	168	143	109	93	48	23	37	34	29	22	19	30	24	27	23	20	30	22	30	23	21	14	17	42	17	19	26	7	14
XMTI4ODA2MTk2OA==	1156	140	122	59	75	72	85	57	52	49	206	643	30	31	37	38	18	22	14	19	17	9	25	16	12	17	15	14	16	12
XMTI4ODA2MjI3Ng==	29235	68	12	11	6	14	14	4	4	8	7	2	4	3	2	9	5	4	4	5	3	2	7	3	1	1	9	1	6	3
XMTI4ODA2MjcxNg==	2551	415	334	727	124	81	96	38	41	27	33	19	29	24	13	5	17	12	20	26	22	32	126	41	13	20	11	11	14	19
XMTI4ODA2NDMwMA==	3355	221	89	45	76	38	24	16	13	16	14	14	14	10	17	20	7	7	16	13	8	5	14	5	7	7	12	7	6	7
XMTI4ODA2Nzg2MA==	75	2	3	0	6	6	22	1	1	0	0	0	0	0	0	0	0	0	0	1	0	0	0	0	0	0	0	1	0	0
XMTI4ODA2ODQzMg==	323	55	41	24	22	16	23	18	16	16	11	3	10	6	14	4	15	13	13	15	7	13	10	15	12	11	7	9	10	7
XMTI4ODA2ODg1Mg==	374	77	54	38	33	31	33	17	14	14	20	8	10	15	16	7	5	16	13	15	7	14	14	9	15	1	5	11	3	3
XMTI4ODA2OTA3Ng==	428	70	71	32	40	65	41	38	23	23	21	19	23	21	17	20	21	17	22	15	8	14	5	10	25	20	19	22	16	15
XMTI4ODA2OTY2MA==	902	41	11	18	10	8	16	23	14	13	12	11	10	12	9	11	25	13	3	3	2	4	3	7	2	5	6	1	36	14
XMTI4ODA3MDU1Mg==	8421	1870	1578	993	606	369	278	199	179	131	125	127	120	82	90	91	60	42	40	49	57	26	34	20	25	22	23	34	18	26
XMTI4ODA3MDg1Mg==	92765	12249	10430	3012	4519	3234	1915	2059	1837	1636	1607	1189	1414	1335	232	1325	1284	1233	1170	907	1027	1125	987	891	876	960	912	899	848	724
XMTI4ODA3MTcyNA==	399	71	71	42	45	36	21	43	72	72	74	47	29	30	28	50	48	49	61	80	108	101	161	137	93	101	77	85	98	229
XMTI4ODA3MjIwOA==	1096	310	322	180	184	136	166	155	119	180	173	165	103	159	145	224	209	182	180	185	165	177	155	171	140	121	145	101	131	129
XMTI4ODA3MzUyNA==	23907	3115	3793	1875	1653	993	679	540	455	407	365	348	297	336	348	318	319	359	261	270	254	233	199	220	262	490	314	250	244	257
XMTI4ODA3NDA3Ng==	2567	77	65	35	51	39	46	23	20	52	89	51	40	49	43	46	16	33	27	29	18	15	20	17	16	19	12	13	13	14
XMTI4ODA3NDU4OA==	19545	1506	1150	653	599	441	445	362	347	332	272	220	217	236	304	325	266	228	197	233	197	163	146	121	115	106	115	129	146	174
XMTI4ODA3NDczMg==	452	50	21	27	23	19	23	8	8	4	8	4	3	5	2	3	2	2	3	1	2	3	1	3	3	4	0	0	3	3
XMTI4ODA3NTA0MA==	92019	14110	15824	8489	7262	4311	2370	2027	2169	1988	1850	1481	1812	2055	3525	1906	1502	1551	1637	2352	1523	1305	1168	1348	2646	1725	2356	1332	969	664
XMTI4ODA3NTA2OA==	13354	2530	4452	2695	1265	2458	2708	2055	1589	1218	920	735	111	764	657	503	490	491	418	359	452	345	279	221	219	220	255	229	194	164
XMTI4ODA3NTk1Mg==	16794	3447	1435	917	1068	992	1090	597	475	393	327	276	306	202	179	266	246	270	272	288	271	297	265	253	266	196	166	139	186	158
XMTI4ODA3NjQ5Mg==	3424	494	394	218	234	155	165	139	130	137	146	110	120	132	127	115	125	128	123	113	118	100	110	102	120	106	108	88	77	68
XMTI4ODA3NzE0OA==	20588	2527	1632	888	888	496	371	347	323	287	292	275	268	216	261	304	273	283	250	211	219	202	180	169	249	199	209	183	189	125
XMTI4ODA3Nzc2NA==	4697	1063	745	394	391	301	207	151	179	118	85	63	54	89	57	52	69	57	70	83	88	80	60	46	47	73	86	117	74	131
XMTI4ODA3ODY2OA==	296	82	37	53	45	36	35	66	55	0	50	5	22	30	38	43	17	26	30	16	33	30	16	28	35	25	38	45	30	34
XMTI4ODA3OTE4NA==	1097	129	57	28	31	12	14	14	5	5	7	4	11	9	6	6	7	7	6	1	6	5	5	9	2	4	2	0	2	2
XMTI4ODA4MjE0MA==	10183	2460	2500	1148	1046	244	230	173	149	155	103	98	102	158	160	182	208	221	223	202	194	229	291	322	358	291	202	229	231	205
XMTI4ODA4MzE5Ng==	331	56	45	73	81	45	49	42	32	39	60	57	46	46	30	54	59	71	59	44	56	32	34	29	69	48	47	42	32	38
XMTI4ODA4MzY5Ng==	1569	313	278	187	223	151	126	141	104	95	76	104	115	171	73	115	119	134	159	150	112	126	128	108	128	142	128	134	136	118
XMTI4ODA4NTE2NA==	288	71	74	40	72	48	51	41	21	38	52	24	13	25	19	21	41	36	34	16	28	23	30	19	23	41	64	81	66	93
XMTI4ODA4NzYwOA==	1593	335	380	249	274	124	148	57	17	36	34	30	41	28	37	81	161	119	44	32	56	81	121	91	97	57	43	48	25	41
XMTI4ODA4Nzk5Mg==	219	27	45	41	43	22	18	9	12	12	4	7	6	7	4	2	2	1	3	2	2	4	2	3	4	5	3	7	4	4
XMTI4ODA4OTIyMA==	389	64	36	20	31	18	14	9	7	5	7	3	11	4	3	7	8	9	9	1	3	6	10	12	9	16	10	5	23	9
XMTI4ODA5MDM4MA==	933	110	71	68	43	43	46	46	28	36	24	15	36	53	51	42	74	36	45	21	21	22	21	31	21	27	12	13	14	13
XMTI4ODA5MTgwOA==	1160	121	153	110	83	63	79	87	207	563	531	239	179	101	120	200	155	168	147	179	262	240	305	184	135	168	141	154	140	122
XMTI4ODA5MjE1Ng==	3746	558	578	217	198	139	119	91	62	72	92	81	71	81	62	83	59	64	40	76	78	76	46	34	33	31	50	43	35	31
XMTI4ODA5Mjk4MA==	15019	1769	1879	726	639	420	382	301	357	295	247	211	184	197	154	185	107	111	119	116	119	111	148	142	136	124	109	146	148	102
XMTI4ODA5MzQwNA==	2842	605	127	618	141	96	118	80	88	173	462	340	146	120	110	148	181	206	105	89	87	126	102	85	46	37	58	49	31	34
XMTI4ODA5NDMyMA==	3266	718	814	564	550	376	381	360	206	208	215	185	141	170	169	174	160	174	137	181	185	174	170	152	146	155	141	130	131	99
XMTI4ODA5NDUyNA==	1110	130	126	142	70	37	28	52	111	32	34	27	5	36	25	16	7	15	154	156	71	43	130	100	67	60	66	55	50	39
XMTI4ODA5NjA2NA==	394	47	39	33	41	31	17	4	12	2	2	2	2	3	3	9	5	3	3	0	1	3	1	3	1	1	9	6	0	0
XMTI4ODA5NjEwOA==	22856	3854	4360	2991	2036	2134	1891	1082	604	731	850	689	561	482	495	400	302	423	358	327	347	367	334	399	376	313	386	299	274	324
XMTI4ODA5NjI3Mg==	832	130	65	29	27	34	28	28	23	10	12	1	13	6	17	9	14	15	11	4	7	10	6	11	11	10	3	3	2	7
XMTI4ODA5NjQzNg==	725	103	82	33	28	30	28	23	28	38	11	6	24	37	44	36	62	50	41	34	51	41	27	29	31	26	15	20	24	17
XMTI4ODA5Njg2NA==	1218	247	97	55	64	31	24	13	13	18	10	12	12	10	9	6	9	5	11	6	2	3	6	4	6	6	4	7	6	1
XMTI4ODA5ODA4MA==	293	60	52	31	32	121	29	21	16	8	18	17	11	11	7	8	5	3	5	3	6	8	3	0	1	5	0	0	0	0
XMTI4ODA5ODM3Mg==	498	129	102	58	57	45	49	37	47	18	46	18	8	7	8	8	10	14	13	11	9	13	4	10	10	8	6	6	3	1
XMTI4ODA5ODUzNg==	3902	454	321	120	108	77	93	58	55	52	62	41	37	69	36	57	48	45	32	50	50	57	23	15	23	26	28	18	29	18
XMTI4ODA5OTc2OA==	462	59	81	31	60	50	59	67	55	52	56	66	54	79	73	86	126	134	75	96	122	99	126	99	106	43	83	65	78	70
XMTI4ODAwMDE2OA==	1114	229	231	119	12	15	30	21	15	9	0	13	8	8	9	6	1	4	4	5	3	4	3	0	1	2	4	2	7	3
XMTI4ODAwNTE5Mg==	949	143	47	21	20	21	17	7	5	9	9	6	8	3	7	2	6	3	3	5	4	2	4	1	2	4	3	1	1	3
XMTI4ODAwNjcyMA==	25175	2488	1861	1134	1224	836	685	675	492	456	411	444	466	365	373	327	320	324	338	300	302	277	247	202	261	260	246	281	203	210
XMTI4ODAwNzE2NA==	590	147	69	56	76	42	56	27	9	13	14	34	20	14	11	21	21	24	22	17	38	31	27	24	18	25	27	34	20	29
XMTI4ODAwOTMyMA==	553	95	60	37	34	23	19	16	22	26	11	11	11	18	21	14	7	13	18	10	7	10	14	10	16	14	6	5	2	4
XMTI4ODAwOTg2NA==	343	3	2	5	2	1	67	3	4	5	2	3	8	0	1	0	0	3	5	2	3	0	0	0	1	0	0	0	0	1
XMTI4ODAxMDAxMg==	77883	160	102	41	67	43	49	15	5	6	9	0	10	2	5	9	11	6	5	5	6	11	5	6	3	5	3	10	10	9
XMTI4ODAxMDMxMg==	10733	2218	3253	2932	1427	1489	1039	974	811	851	910	606	253	612	685	604	711	614	583	495	466	428	437	442	358	365	332	292	320	309
XMTI4ODAxMTAyNA==	1292167	288343	247663	152970	145084	138952	163053	94669	69992	63649	51844	41721	38617	43344	32122	24090	22079	22754	19628	18887	20318	17025	14646	17168	15621	15015	14688	14677	13115	11982
XMTI4ODAxMjMyNA==	52820	7341	5004	2874	2526	1977	1711	1293	849	884	841	659	595	603	551	587	525	621	454	498	426	418	431	408	390	367	385	303	344	317
XMTI4ODAxMzE1Mg==	69	7	2	3	2	3	58	1	0	1	0	0	0	1	1	1	38	0	1	1	0	2	0	1	4	1	0	1	0	0
XMTI4ODAxNDI2MA==	1930	30	50	32	35	24	33	35	57	59	32	19	34	50	20	16	10	22	34	41	34	40	28	35	25	25	10	3	3	3
XMTI4ODAxNTE4NA==	755	110	80	52	32	38	25	23	18	16	13	17	11	7	26	12	19	12	7	11	7	12	9	5	3	5	3	10	3	5
XMTI4ODAxNTY4NA==	186	36	50	22	37	24	41	39	45	51	41	30	33	44	43	42	41	51	37	43	31	31	49	40	53	32	40	25	50	47
XMTI4ODAxNjM0OA==	2377	422	326	174	109	103	70	55	39	38	55	31	41	31	25	24	41	31	23	21	24	15	12	20	18	20	9	22	17	11
XMTI4ODAxNjQyOA==	35549	2465	235	120	11829	555	547	413	283	284	143	53	35	42	52	59	45	46	51	14243	76	129	1776	37	33	35	25	25	18	19
XMTI4ODAxNjUwOA==	1449	14	20	17	24	27	25	2	1	1	0	0	0	1	0	0	0	0	0	1	1	0	0	0	0	3	0	0	0	0
XMTI4ODAxODcwMA==	433	61	44	12	17	9	29	8	2	2	7	5	6	0	7	4	5	3	2	1	3	1	3	2	2	2	1	1	0	0
XMTI4ODAxOTMyMA==	714	103	93	63	47	16	36	12	20	14	15	9	13	131	21	6	13	9	6	9	10	6	7	7	11	9	5	6	6	8
XMTI4ODAyMDA4NA==	454	37	206	171	24	22	32	174	11	3	11	9	13	9	8	13	3	4	3	6	3	0	4	8	3	2	2	0	7	5
XMTI4ODAyMDg2NA==	751	5	232	7	7	9	183	3	3	0	1	2	6	3	0	1	3	0	0	1	0	0	0	1	0	1	0	1	1	1
XMTI4ODAyMjI2NA==	1168	141	51	44	30	37	23	21	36	28	32	27	17	17	8	17	18	16	12	18	18	3	19	12	6	15	7	12	15	14
XMTI4ODAyMzAyMA==	615	79	55	31	26	32	41	45	28	33	30	34	24	25	34	25	22	25	21	16	27	32	31	21	13	7	10	8	17	10
XMTI4ODAyNDc5Ng==	1044	197	191	147	161	67	64	58	64	49	38	30	29	16	17	15	11	13	7	13	13	11	13	10	5	3	6	11	5	2
XMTI4ODAyNjMyNA==	750	83	65	72	63	26	24	47	59	33	29	14	19	19	19	13	13	20	21	17	27	31	22	20	22	22	17	25	17	10
XMTI4ODAyNjcxMg==	888	46	24	12	16	11	14	8	7	12	10	6	8	12	44	18	6	18	13	8	7	5	5	7	3	3	2	0	0	0
XMTI4ODAyNzEzNg==	320	63	118	65	64	64	51	26	17	21	17	21	5	16	13	9	5	6	12	8	6	4	3	5	3	0	2	1	3	8
XMTI4ODAzMjI5Mg==	9695	1661	1277	747	155	155	160	126	20	85	84	74	60	2	44	48	43	51	26	48	29	33	28	78	26	6	9	15	10	10
XMTI4ODAzMzM0NA==	317	77	46	42	21	29	22	25	18	13	6	5	8	7	4	13	7	6	2	11	7	2	9	12	28	4	17	3	6	11
XMTI4ODAzNDU4OA==	144	15	16	9	6	6	16	10	3	5	1	4	1	3	2	2	1	3	5	2	8	1	2	1	0	2	2	0	1	2
XMTI4ODAzNTAzMg==	846	181	113	69	66	48	42	47	32	36	29	14	16	23	22	20	17	30	33	28	28	34	25	26	31	31	18	35	26	19
XMTI4ODAzNTUzMg==	8790	775	442	346	234	85	65	56	45	40	46	39	39	29	36	37	39	46	34	41	38	27	95	23	29	201	57	18	13	23
XMTI4ODAzNTYxNg==	823	171	61	39	63	38	75	30	21	23	25	21	54	89	40	33	16	26	201	62	75	53	43	31	47	39	23	62	45	39
XMTI4ODAzNjA4NA==	37509	7469	5353	1691	2566	1978	1569	1397	1299	1329	1364	1120	848	884	1050	5	791	934	805	828	943	766	768	899	733	564	641	601	659	778
XMTI4ODAzNjUyOA==	225	51	52	47	22	20	27	26	40	41	35	22	32	21	24	23	31	25	23	17	22	34	42	38	35	53	43	53	50	51
XMTI4ODAzNjk1Mg==	876	105	50	43	35	20	18	6	13	3	10	5	6	9	13	2	3	2	2	12	4	3	7	7	1	6	7	5	5	8
XMTI4ODAzNzM0OA==	437	73	38	9	18	15	15	9	14	7	8	6	4	3	1	8	9	6	4	4	7	6	6	1	4	11	4	3	6	8
XMTI4ODAzNzY3Ng==	2369	272	263	119	143	53	75	44	70	44	24	34	28	20	24	24	21	16	7	6	10	12	4	3	7	6	7	6	4	5
XMTI4ODAzOTA2OA==	8359	2000	1655	890	919	774	492	365	261	242	191	194	155	162	149	113	105	126	144	124	144	139	57	97	67	76	128	87	80	108
XMTI4ODAzOTY2MA==	1759	177	107	74	56	23	38	20	19	23	23	17	8	18	20	12	5	5	7	11	10	7	7	6	18	5	5	6	5	1
XMTI4ODE0MDUwNA==	1137	28	179	12	27	24	30	18	4	5	2	19	26	4	2	14	6	2	0	2	2	10	9	2	1	1	0	0	1	1
XMTI4ODE0MjEzNg==	788	59	37	25	27	34	128	152	75	28	18	23	16	29	33	11	10	7	5	13	14	8	13	7	15	5	9	5	7	6
XMTI4ODE0NDEwNA==	85	10	24	8	4	6	15	0	4	3	1	3	3	8	3	6	3	4	4	0	8	0	7	3	0	1	0	3	2	0
XMTI4ODE0NTczNg==	554	100	67	28	24	42	18	15	21	7	8	7	10	20	18	2	15	16	7	29	10	20	2	5	5	3	5	4	4	3
XMTI4ODE0NjM4OA==	35	1	1	0	2	1	29	0	0	0	0	0	0	0	0	0	0	0	0	0	0	0	0	0	0	0	0	0	0	2
XMTI4ODE0ODYwNA==	1037	144	182	85	69	37	67	47	46	36	21	14	22	16	28	12	25	18	31	12	22	18	27	5	14	28	9	12	13	5
XMTI4ODE0OTQzNg==	2936	202	191	60	55	24	21	19	22	16	8	4	12	10	7	9	8	4	6	6	4	2	3	6	2	1	1	5	2	4
XMTI4ODE1MTY4NA==	1455	174	149	108	94	44	65	45	46	56	19	34	22	35	35	24	13	21	22	14	16	14	3	13	6	16	10	21	16	25
XMTI4ODE1MTg5Ng==	587	49	25	24	20	11	14	8	6	11	4	4	6	1	5	5	4	4	2	7	3	6	2	1	0	3	0	1	1	0
XMTI4ODE1MjM4OA==	1869	484	124	53	93	138	634	131	145	137	86	71	80	77	115	515	91	90	92	81	127	106	72	77	94	128	105	84	79	82
XMTI4ODE1MzI2MA==	976	71	54	57	54	52	40	38	42	21	13	28	25	28	75	84	108	95	118	135	76	58	69	55	44	39	32	12	25	21
XMTI4ODE1MzM3Mg==	276	0	0	0	4	0	193	1	0	0	1	2	0	0	0	0	0	232	2	0	0	0	1	3	0	1	1	0	0	2
XMTI4ODE1Mzc4MA==	2558	289	157	81	75	62	67	60	101	58	12	7	10	6	5	3	9	10	7	10	6	12	2	5	1	5	3	3	4	7
XMTI4ODE1NDk1Ng==	1548	274	151	92	106	115	43	59	36	84	25	6	2	6	3	2	8	5	4	5	1	1	3	6	0	0	1	5	3	1
XMTI4ODE1NTM0MA==	2111	156	114	54	37	20	33	23	17	23	37	15	7	8	16	12	1	16	9	11	7	15	7	5	6	7	5	4	4	3
XMTI4ODE1NjQwNA==	2151	261	200	82	65	36	40	23	21	418	6	11	6	8	18	11	7	208	481	16	7	15	9	6	5	340	1940	357	891	29
XMTI4ODE1NzA2OA==	6433	1219	1060	875	752	285	257	211	187	180	184	190	69	64	75	97	155	155	110	119	77	92	112	73	82	66	52	47	57	58
XMTI4ODE1NzY1Ng==	599	58	121	24	61	213	83	60	49	180	35	25	26	53	41	69	91	74	71	66	346	47	111	90	76	62	66	68	83	71
XMTI4ODE1ODc0OA==	386	32	21	3	10	16	18	6	25	20	12	12	7	5	4	1	4	8	13	3	7	1	8	5	6	8	9	4	7	0
XMTI4ODE1ODkzMg==	443	51	51	24	33	25	22	9	12	16	14	13	11	12	4	11	10	13	16	17	7	8	27	18	15	21	4	6	9	9
XMTI4ODE1OTIwMA==	104	1	0	0	0	1	58	0	0	0	0	1	0	0	0	0	0	0	0	0	0	0	0	0	0	0	0	0	0	0
XMTI4ODE2MDUwOA==	42	8	7	7	11	8	15	10	13	13	11	13	8	6	7	13	10	7	14	13	6	18	18	21	22	10	7	12	11	4
XMTI4ODE2MTA0NA==	3307	378	324	191	254	154	206	155	130	140	130	123	99	162	198	151	157	149	124	143	127	97	134	142	127	100	69	84	61	98
XMTI4ODE2MTMyOA==	44	7	8	2	3	16	14	30	3	4	8	4	2	3	3	10	1	0	1	0	9	5	3	3	1	1	1	0	2	3
XMTI4ODE2MTYwMA==	37579	4872	4173	2383	2228	1393	1289	957	789	797	711	620	655	645	521	512	427	487	426	382	371	364	459	424	381	399	419	349	398	407
XMTI4ODE2MjgwOA==	5854	826	592	202	165	143	130	119	86	78	82	70	79	97	62	71	33	43	41	41	51	36	41	29	36	31	32	57	39	18
XMTI4ODE2NDY0MA==	434	54	82	147	21	9	14	55	41	19	21	56	63	2587	3306	5043	522	4271	3257	1751	570	27	3263	5898	544	1122	956	39041	1351	7438
XMTI4ODE2NTIwMA==	909	72	56	47	44	55	60	39	19	25	41	126	147	136	58	58	30	51	38	23	29	15	33	17	11	7	13	23	38	30
XMTI4ODE2NTQ2OA==	1634	272	127	95	73	49	41	34	24	30	34	32	27	32	22	21	15	12	13	11	26	18	20	15	7	8	9	11	22	13
XMTI4ODE2NjA2OA==	1768	237	365	42	26	11	31	38	17	11	6	12	3	3	2	6	2	7	3	3	5	8	1	1	0	1	2	0	2	0
XMTI4ODE2NjMwNA==	4585	952	902	461	421	139	94	63	49	59	41	34	36	43	40	47	42	29	17	35	37	28	33	24	17	29	91	49	20	24
XMTI4ODE2NzM0OA==	21064	4353	2918	3112	1925	1235	1253	872	811	945	836	719	911	770	631	504	494	535	499	520	527	461	405	426	433	475	411	372	313	259
XMTI4ODE3MDI2OA==	635	127	127	170	66	50	58	36	58	31	42	46	47	52	36	65	39	55	48	36	56	32	37	27	27	29	30	31	25	18
XMTI4ODE3MTU2OA==	14869	2771	2481	1081	1103	525	280	246	176	113	118	95	58	52	48	41	40	44	39	12	16	16	16	27	10	11	24	18	14	13
XMTI4ODE3MjA5Mg==	275	73	61	43	27	21	26	9	13	4	9	5	12	2	7	6	10	2	1	2	2	4	4	2	0	1	1	0	1	0
XMTI4ODE3MjM2MA==	1045	123	67	37	48	22	28	36	7	10	8	9	10	11	8	7	4	12	6	9	6	4	5	1	6	7	7	0	3	4
XMTI4ODE3Mjc0OA==	409	81	143	41	64	33	18	19	22	19	14	9	13	16	19	22	11	21	17	7	12	8	12	12	15	10	14	15	4	4
XMTI4ODE3MzMxMg==	2129	256	147	62	155	80	56	40	31	27	33	13	7	7	8	6	22	23	5	6	11	7	6	7	14	5	7	5	13	9
XMTI4ODE3Mzg0OA==	455	40	62	37	31	20	18	13	20	5	25	9	0	5	2	5	3	1	2	0	1	1	1	3	0	1	0	5	0	0
XMTI4ODE3NTgyMA==	100153	689	335	146	124	119	107	38	15	24	26	25	19	13	16	23	21	27	31	25	28	20	26	20	8	21	19	7	29	29
XMTI4ODE3NjUyMA==	3848	874	1370	839	890	541	343	293	252	244	293	233	165	189	135	134	142	139	164	111	146	136	104	120	101	128	136	153	138	104
XMTI4ODE3Njc0MA==	704	96	82	52	49	39	34	27	38	51	30	77	133	98	39	36	20	34	31	35	25	23	22	24	30	15	37	20	19	15
XMTI4ODE3NzM2OA==	270	55	21	48	28	12	17	8	12	18	8	10	4	6	8	12	10	7	37	45	61	36	52	42	55	48	78	43	53	61
XMTI4ODE3Nzk0OA==	304	22	91	54	84	42	40	37	57	79	17	2	10	10	6	6	10	8	8	16	7	17	4	13	3	2	2	6	5	2
XMTI4ODE3ODU5Ng==	1911	170	179	151	138	59	57	59	38	29	28	32	45	30	20	28	11	8	63	24	23	12	13	27	22	17	15	14	9	12
XMTI4ODE3ODc5Ng==	2300	439	293	166	145	71	31	21	29	15	9	16	12	13	9	6	6	12	11	4	6	8	6	4	4	8	4	1	8	4
XMTI4ODE3ODg4OA==	956	151	265	59	64	20	37	36	30	33	30	23	14	14	24	31	21	18	25	10	16	15	25	19	7	13	15	12	7	6
XMTI4ODE4MDQ4NA==	419	101	92	162	47	37	30	10	10	14	8	9	6	6	6	2	5	3	10	7	1	6	12	2	0	0	1	1	0	1
XMTI4ODE4MDUzNg==	269	43	30	7	10	17	26	20	24	18	15	13	8	8	7	6	9	7	6	1	4	6	15	11	5	6	15	9	10	8
XMTI4ODE4MTEwMA==	389	100	112	54	53	36	46	49	78	62	58	67	55	57	67	64	104	73	58	84	103	98	119	88	81	50	53	38	34	35
XMTI4ODE4MTk4OA==	848	180	190	78	78	70	56	38	23	34	13	10	10	15	17	17	13	11	14	4	6	8	4	7	7	11	5	5	1	3
XMTI4ODE4Mjk3Ng==	4757	781	559	271	323	322	290	195	164	134	132	142	108	110	114	93	95	89	96	65	73	58	57	77	81	74	65	64	60	33
XMTI4ODE4MzU3Ng==	1170	151	86	60	36	23	20	67	125	101	117	47	40	23	39	122	148	153	119	139	175	171	207	231	208	183	209	228	213	208
XMTI4ODE4NDI4MA==	1943	210	55	1	51	45	28	2	15	17	12	12	12	13	15	10	6	8	17	14	8	13	4	7	12	4	1	3	5	3
XMTI4ODE4NDcxMg==	72	3	2	1	3	9	32	5	1	1	2	3	2	5	19	3	3	4	5	11	5	5	2	5	5	5	4	3	1	0
XMTI4ODE4NTMxNg==	2053	356	107	146	187	122	140	116	92	55	48	19	35	27	30	44	43	30	15	21	27	24	17	11	15	24	13	10	10	28
XMTI4ODE4NjUwOA==	1466	88	33	21	25	23	28	29	27	27	102	33	28	16	15	28	24	15	19	31	23	35	29	30	47	43	27	25	19	29
XMTI4ODE4NjcwOA==	304	65	58	32	35	54	55	51	49	44	83	38	26	28	65	95	85	41	32	33	47	251	39	57	102	104	90	138	150	175
XMTI4ODE5MTcwNA==	1763	115	85	40	37	39	23	14	16	10	9	6	4	10	8	12	15	8	3	6	5	7	6	13	13	10	14	7	10	10
XMTI4ODE5Mzk4MA==	1313	249	66	53	90	59	63	47	59	54	54	39	48	26	25	281	46	47	53	48	44	35	253	351	262	312	373	294	325	219
XMTI4ODE5NDE2MA==	141	8	17	10	13	13	19	4	12	5	10	14	8	17	14	14	25	16	24	20	12	17	35	34	25	21	39	25	35	30
XMTI4ODE5NDIwOA==	266	51	54	34	29	26	19	16	6	2	7	4	9	8	6	5	4	6	3	8	4	3	3	7	3	5	9	1	1	0
XMTI4ODE5NTM5Mg==	394	82	42	33	37	36	17	3	11	4	4	2	10	8	9	7	12	6	5	3	10	4	5	6	5	5	6	3	2	8
XMTI4ODE5NjUzNg==	157068	933	3466	1892	381	1241	91	503	309	313	347	201	494	7937	55648	17424	1774	1159	286	410	110	829	3016	140	267	156	329	1240	8512	146
XMTI4ODE5Njk5Mg==	4082	969	835	486	588	416	345	340	214	181	148	121	121	130	109	103	184	163	115	153	133	150	124	98	112	70	53	54	39	40
XMTI4ODE5ODM5Mg==	1660	82	29	13	9	9	14	6	6	5	3	4	2	0	2	1	0	2	0	1	0	1	0	1	0	0	3	0	2	0
XMTI4ODE5OTI3Mg==	3082	395	358	303	200	134	124	75	108	85	65	48	41	37	54	45	27	36	23	34	29	27	29	15	23	13	21	20	22	21
XMTI4ODEwMDY2NA==	11049	1295	2375	1002	243	1048	1214	1022	945	839	1131	999	79	1127	1182	827	549	471	518	468	523	467	405	215	211	140	260	56	299	340
XMTI4ODEwMzE2MA==	1093	253	208	146	138	119	124	66	85	73	128	69	82	80	73	78	80	96	77	53	62	51	34	50	40	43	43	48	34	39
XMTI4ODEwMzM4OA==	344	60	35	30	16	19	29	24	25	9	22	21	11	15	13	13	7	11	4	6	12	10	1	12	6	5	12	6	11	8
XMTI4ODEwNDQ5Mg==	7149	1824	1835	899	919	737	767	585	631	532	563	467	468	475	329	336	242	220	191	197	254	258	160	172	132	134	143	125	106	112
XMTI4ODEwNDk3Mg==	767	45	45	65	33	32	22	19	26	73	127	56	38	42	32	43	26	25	54	125	63	79	81	155	122	223	261	261	218	244
XMTI4ODEwNTYxNg==	2051	362	320	227	207	183	174	143	256	112	177	143	116	166	200	230	228	236	210	207	201	143	139	126	100	119	139	116	107	56
XMTI4ODEwNjc5Ng==	14214	1555	862	410	174	495	422	363	304	297	381	285	320	313	301	313	298	303	252	227	283	240	211	181	187	189	168	151	132	160
XMTI4ODEwNzE4MA==	771	97	58	30	41	24	59	54	61	70	54	27	23	20	16	19	22	26	31	29	17	8	4	9	10	9	17	22	25	17
XMTI4ODEwODE0NA==	63133	4623	552	165	136	65	54	61	53	39	42	31	30	28	31	33	33	22	27	23	15	22	11	15	18	10	17	12	12	16
XMTI4ODEwODU0MA==	394	44	41	29	12	8	14	16	12	19	4	7	13	12	8	8	8	10	3	5	4	12	8	1	8	2	3	10	4	4
XMTI4ODEwOTk0NA==	799	131	81	41	55	29	62	56	51	16	15	10	22	17	13	10	5	19	7	11	9	17	11	14	11	8	21	14	11	8
XMTI4ODExMDQ3Ng==	933	169	186	91	93	64	73	98	64	64	59	59	55	59	54	58	57	65	78	62	58	61	64	54	54	44	40	50	55	47
XMTI4ODExMTE3Mg==	3809	392	403	230	216	128	80	49	67	75	42	31	27	17	14	35	34	3	3	6	2	8	4	4	1	6	0	1	0	3
XMTI4ODExNTc5Mg==	31175	1157	1614	414	298	265	491	139	113	75	75	74	128	112	90	105	70	62	38	110	68	53	93	60	33	23	30	28	26	24
XMTI4ODExNjcyMA==	639	89	49	24	45	17	21	16	7	4	7	8	8	9	12	12	50	80	58	48	47	41	31	32	49	34	53	43	42	29
XMTI4ODExNzE5Mg==	3532	198	70	34	36	20	32	15	10	6	7	3	15	6	6	0	6	6	6	9	4	2	11	2	4	0	5	7	1	4
XMTI4ODExNzIyOA==	803	62	32	25	44	11	15	9	9	7	11	10	7	8	8	9	8	10	9	19	10	6	19	13	9	16	18	9	13	13
XMTI4ODExNzUwMA==	80512	4536	715	115	91	51	42	42	35	26	19	19	13	8	5	11	19	5	10	9	9	9	5	7	3	3	6	5	6	1
XMTI4ODExODM4MA==	585	97	89	65	55	47	39	20	34	37	31	25	9	11	9	30	13	8	4	9	2	9	4	7	5	19	12	7	1	5
XMTI4ODExOTg0OA==	1597	261	219	118	148	106	246	295	363	419	280	141	98	75	79	113	110	77	83	91	75	40	38	51	45	59	61	61	60	65
XMTI4ODEyMTI4OA==	82	15	27	12	17	16	19	8	6	9	9	12	10	6	5	5	12	15	8	8	13	5	12	9	15	29	21	10	10	21
XMTI4ODEyMzMxMg==	894	107	52	35	50	46	33	71	56	61	52	31	22	33	23	26	18	18	18	25	21	15	13	12	22	19	23	21	31	9
XMTI4ODEyNDAzNg==	143	42	39	22	24	17	19	32	24	15	7	11	6	4	3	10	9	11	3	11	17	7	4	4	3	8	10	2	2	12
XMTI4ODEyNDI5Ng==	4402	900	997	705	668	491	509	461	417	494	512	437	400	440	470	627	937	1040	865	1163	1527	1569	1640	1652	1516	1465	1519	1908	2352	2206
XMTI4ODEyNDU4OA==	2890	221	186	119	105	94	73	76	60	45	50	67	44	90	50	90	80	62	72	54	61	53	58	45	62	44	62	51	69	69
XMTI4ODEyNTY5Mg==	187	22	27	18	11	10	15	10	5	11	13	7	3	8	6	5	11	5	3	4	0	1	1	0	2	2	4	5	3	3
XMTI4ODEyNjM1Mg==	640	145	54	70	88	57	27	13	12	5	3	1	9	23	1	6	5	4	1	7	7	7	1	3	2	5	6	4	9	1
XMTI4ODEyOTA2MA==	658	72	65	46	52	43	31	21	28	22	12	15	7	6	6	7	39	9	14	10	14	16	24	4	17	4	12	10	12	9
XMTI4ODEyOTMwMA==	41646	7900	3778	2765	2612	1654	1411	850	448	455	397	371	338	206	172	151	143	122	95	128	105	88	84	72	48	41	51	59	48	50
XMTI4ODEzMDAxNg==	289	84	83	42	47	35	24	22	17	25	26	9	26	24	31	24	36	45	47	44	34	28	49	38	44	37	37	30	28	15
XMTI4ODEzMDM2MA==	937	62	40	30	32	24	15	12	8	10	8	12	6	9	10	3	5	2	1	5	0	5	0	3	3	0	0	0	5	0
XMTI4ODEzMjc0MA==	216	20	50	41	24	13	19	12	9	13	12	19	20	21	19	27	24	19	28	24	23	38	33	28	25	23	24	18	25	30
XMTI4ODEzMzIwOA==	366	23	28	40	20	20	28	12	12	15	13	14	13	13	9	15	18	9	9	12	15	14	90	13	11	11	15	13	12	7
XMTI4ODEzNDY0NA==	2116	616	601	493	403	306	361	366	255	202	299	254	213	229	233	350	307	216	194	250	219	181	209	243	224	169	192	143	143	98
XMTI4ODEzNTYwMA==	464	36	15	13	6	11	200	177	61	15	11	7	8	7	13	7	10	13	3	5	12	13	20	6	4	2	5	5	6	5
XMTI4ODEzNzYwMA==	1104	252	228	141	205	160	145	81	62	76	82	66	75	69	77	86	166	115	49	80	61	69	70	102	143	183	213	212	115	166
XMTI4ODEzNzkzMg==	748	121	67	45	47	16	17	22	20	10	10	11	11	9	23	30	7	6	11	15	15	10	10	14	4	6	7	6	3	9
XMTI4ODEzODU5Mg==	927	67	47	38	40	15	35	13	18	8	22	10	14	26	9	12	15	17	18	10	16	5	8	9	10	11	20	12	20	42
XMTI4ODEzOTg3Mg==	25605	783	557	202	164	89	150	543	199	136	93	124	109	100	95	60	11	65	73	79	77	63	70	66	61	57	53	60	81	44
XMTI4ODI0MDMwNA==	1315	264	187	84	72	71	60	48	51	50	50	27	32	46	29	23	19	17	31	47	43	47	26	48	44	36	32	32	27	29
XMTI4ODI0MTQ5Ng==	4531	384	71	29	30	55	80	61	61	68	75	59	79	79	50	33	24	7	11	9	10	4	3	6	9	10	12	17	9	11
XMTI4ODI0MTU5Mg==	1131	176	91	44	35	31	35	42	37	15	19	16	25	19	7	5	10	20	25	8	1	7	4	12	13	8	3	10	5	5
XMTI4ODI0MzQ4NA==	33669	1604	1097	710	632	467	355	263	324	223	158	201	177	196	153	120	169	187	141	160	126	113	95	95	87	86	62	62	50	53
XMTI4ODI0MzcwOA==	623	50	61	45	37	29	19	29	30	35	34	60	32	33	20	47	64	45	34	34	26	26	29	43	42	24	31	56	22	17
XMTI4ODI0Mzg5Ng==	428	64	52	40	38	28	20	24	15	9	22	3	6	13	11	2	9	8	1	6	8	1	7	10	0	5	6	15	7	9
XMTI4ODI0NTI0NA==	376	48	35	13	5	33	56	91	136	203	208	188	242	324	287	363	317	251	322	348	350	338	297	331	302	252	228	205	147	172
XMTI4ODI0NTYxNg==	18813	2799	2071	1328	1332	898	658	582	537	547	559	471	418	400	340	28	313	34	289	101	363	368	299	366	355	346	334	356	367	366
XMTI4ODI0OTQ3Mg==	406	53	63	11	23	13	18	19	12	10	19	13	4	7	8	2	5	3	5	6	0	3	8	2	11	3	2	2	3	1
XMTI4ODI1MDY5Mg==	449	49	118	37	41	17	31	18	7	11	9	9	4	4	5	4	4	8	2	7	2	0	7	2	4	5	3	0	3	1
XMTI4ODI1NzM0MA==	3505	579	781	400	368	188	217	147	119	105	78	50	57	68	78	98	133	81	65	89	77	87	79	79	66	53	62	45	79	50
XMTI4ODI1OTE4OA==	180	40	44	55	33	14	19	28	69	25	25	16	12	21	26	14	27	99	15	17	22	33	18	19	18	15	26	22	13	8
XMTI4ODI1OTM1Ng==	39435	2910	295	135	165	137	136	84	63	77	44	76	70	42	60	36	57	55	48	55	57	32	53	37	25	32	38	37	46	29
XMTI4ODI1OTg1Ng==	2698	271	160	79	69	51	40	26	23	28	24	15	17	19	13	11	13	7	11	21	6	12	6	7	8	5	7	8	10	5
XMTI4ODI2NTc0MA==	3849	424	350	199	259	162	259	71	11	7	6	1	1	8	3	0	0	0	1	1	1	26	145	106	152	83	15	5	9	19
XMTI4ODI2NjQ1Mg==	6967	1216	655	270	226	159	150	125	68	79	73	39	45	42	35	45	26	44	29	30	27	25	18	26	14	13	14	19	10	14
XMTI4ODI2Nzg5Ng==	1034	147	90	47	29	12	27	7	12	23	5	6	6	6	2	8	5	2	4	7	4	7	6	4	3	5	2	6	1	0
XMTI4ODI3MTk2OA==	1667	199	162	98	73	48	64	40	42	43	58	49	58	38	54	44	41	35	69	55	51	35	56	53	33	53	31	45	55	49
XMTI4ODI3Mzc3Ng==	4555	514	284	101	87	70	51	30	29	36	29	13	9	33	27	17	27	8	26	14	6	5	12	8	3	12	9	7	10	10
XMTI4ODI3NjE4OA==	1960	312	184	138	157	148	139	76	97	128	88	108	97	100	108	116	163	137	246	266	278	176	279	374	286	264	236	289	247	202
XMTI4ODI3NjU0OA==	1753	252	132	52	31	28	24	15	14	14	8	11	10	10	8	10	6	7	7	9	3	1	3	1	5	2	2	1	5	3
XMTI4ODI3Njk2NA==	682	175	107	170	91	81	78	60	98	94	56	47	57	59	50	58	93	75	62	73	78	47	50	64	46	59	40	42	43	40
XMTI4ODI3NzYwOA==	715	124	118	34	31	14	27	23	28	24	7	8	8	17	12	11	9	16	21	15	7	13	10	9	10	7	10	16	4	3
XMTI4ODI4MDIwNA==	179	26	19	15	40	8	24	4	6	5	6	9	6	3	8	8	5	5	4	6	5	4	1	5	4	5	1	2	1	3
XMTI4ODI4MDQ4OA==	3725	767	568	374	414	406	461	186	47	47	31	40	38	32	32	30	48	37	46	31	27	15	15	16	19	15	15	9	6	13
XMTI4ODI4MTE2NA==	490	90	115	54	28	23	27	19	25	28	28	24	18	17	15	22	15	26	19	18	16	12	14	11	7	13	9	17	8	14
XMTI4ODI4NjE2MA==	6210	939	591	445	353	162	100	101	113	109	105	90	81	94	133	115	70	106	111	73	114	67	104	81	52	39	59	54	52	40
XMTI4ODI4Njk0MA==	1217	36	195	96	114	48	43	22	22	23	21	11	5	8	14	16	12	14	10	7	11	14	6	3	10	9	7	10	8	4
XMTI4ODI4OTY4OA==	2691	525	662	422	467	261	230	186	138	159	181	104	103	130	91	85	104	106	88	89	88	89	92	99	87	82	83	62	67	72
XMTI4ODI5MDAwOA==	196	22	29	18	23	24	31	18	19	21	24	49	25	9	11	19	11	35	36	16	16	18	19	16	19	8	7	7	13	11
XMTI4ODI5MjAzMg==	1039	218	170	342	220	95	102	81	90	88	67	56	52	75	70	78	90	47	57	88	97	66	83	82	118	97	122	71	96	71
XMTI4ODI5NDYxNg==	4392	573	761	537	460	352	354	360	210	187	184	188	238	217	180	148	123	171	126	94	125	90	99	109	105	77	60	95	80	82
XMTI4ODIwMDU2NA==	5341	911	701	491	367	122	128	128	120	80	96	90	79	68	52	81	205	159	323	197	208	147	253	338	81	52	42	55	52	50
XMTI4ODIwMTcwMA==	718	88	77	54	40	36	30	20	45	32	27	24	31	20	28	29	26	20	16	17	11	9	14	13	11	20	14	8	5	14
XMTI4ODIwMTgxNg==	489	122	129	87	60	66	80	120	114	103	105	162	113	129	133	172	107	138	168	206	153	130	130	158	355	397	404	496	352	307
XMTI4ODIwNDI4MA==	3605	214	246	737	162	97	120	73	81	67	145	99	109	98	678	113	74	93	108	136	97	96	127	133	104	99	108	89	89	99
XMTI4ODIwNDc0OA==	26754	2999	895	488	678	535	501	294	127	109	98	69	93	82	76	89	57	82	123	65	70	54	47	48	55	48	47	37	40	30
XMTI4ODIwNjA1Mg==	2153	404	191	120	94	78	90	47	89	96	91	70	93	80	71	97	65	107	110	115	107	143	483	276	242	202	146	132	122	123
XMTI4ODIwNjM4NA==	1908	268	341	210	290	193	137	79	114	82	191	93	134	73	57	139	111	86	174	194	86	123	134	155	176	248	210	218	171	210
XMTI4ODIwODA3Ng==	30663	1284	833	385	514	267	142	100	75	69	73	54	49	41	27	38	32	31	38	22	24	17	22	17	13	15	17	14	13	8
XMTI4ODIwOTEzMg==	5356	819	521	208	193	152	186	155	93	130	104	54	95	70	60	53	32	29	44	54	54	45	40	35	22	29	39	45	33	26
XMTI4ODIwOTkwMA==	321	82	77	33	1	37	26	27	14	23	21	9	13	12	20	18	16	19	12	20	22	22	15	22	16	14	11	17	13	4
XMTI4ODIxMTMwMA==	503	93	64	59	196	83	84	46	2	4	0	0	0	2	0	0	1	1	0	0	1	2	2	0	0	3	0	0	0	2
XMTI4ODIxMTgyOA==	106	13	19	28	4	11	14	13	5	1	4	7	1	6	2	5	0	2	4	2	6	9	5	12	3	4	0	2	2	3
XMTI4ODIxMzQwNA==	1250	73	59	49	34	49	27	23	22	17	6	14	6	2	2	8	9	7	10	2	5	9	9	11	13	4	10	4	4	4
XMTI4ODIxODA4OA==	728	91	62	41	67	31	41	26	31	14	21	18	21	18	15	16	31	20	20	11	6	8	4	5	4	2	17	9	4	5
XMTI4ODIxOTc5Mg==	519	44	35	33	25	17	21	12	10	5	8	2	2	1	2	1	3	2	1	0	1	2	1	2	5	1	3	0	3	0
XMTI4ODIyMzgwOA==	63	14	7	8	6	5	14	5	3	4	1	5	5	1	3	1	5	1	0	2	2	0	2	2	1	3	2	0	1	0
XMTI4ODIyNjgyOA==	6472	765	454	190	132	108	98	68	56	53	54	23	40	38	38	40	26	30	24	20	29	28	33	29	17	10	9	14	8	11
XMTI4ODIzMTc0NA==	4792	793	637	426	346	45	38	39	21	28	35	18	6	23	21	17	4	18	12	8	18	10	5	3	6	6	4	2	6	0
XMTI4ODIzMjM0NA==	4610	409	292	129	124	138	652	144	23	20	21	16	13	30	18	2	7	5	2	4	10	6	5	3	1	6	5	8	4	7
XMTI4ODIzMzE4MA==	613	85	51	43	28	45	24	38	39	41	40	50	42	35	48	52	64	52	44	52	76	57	45	46	45	76	60	55	47	79
XMTI4ODIzMzk2NA==	348	42	33	17	40	17	69	18	23	18	21	8	15	28	11	30	105	28	3	11	9	14	10	11	10	8	111	4	10	12
XMTI4ODIzNDQyNA==	296	34	34	9	8	11	16	4	11	11	7	8	7	3	3	3	7	18	18	6	6	7	9	7	3	4	3	0	9	25
XMTI4ODIzODA3Ng==	1658	277	155	77	56	35	37	18	23	29	14	15	11	14	14	14	11	6	17	14	7	8	5	11	10	8	4	9	7	6
XMTI4ODIzOTQ1Mg==	541	43	64	21	44	62	48	45	43	38	32	40	33	29	15	39	60	57	28	37	37	37	40	26	31	30	80	33	48	24
XMTI4ODM0MDY2NA==	169	40	34	23	17	9	15	10	4	8	11	10	16	4	12	9	9	14	3	1	9	5	6	9	3	8	7	3	10	13
XMTI4ODM0MTYyMA==	395	11	15	0	6	2	51	3	8	9	11	6	2	11	3	2	2	5	3	1	3	3	1	4	1	0	3	2	4	3
XMTI4ODM0Nzc5Mg==	479	62	146	93	96	46	22	18	24	30	46	27	25	9	3	5	4	2	3	7	16	11	15	12	10	17	7	19	9	5
XMTI4ODM0OTcxNg==	346	100	74	72	33	65	54	27	17	20	8	11	5	2	1	2	2	7	0	2	3	0	2	1	0	1	2	1	0	0
XMTI4ODM1MTA2OA==	577	34	201	11	26	10	164	5	3	13	3	31	16	18	11	6	11	7	9	151	8	5	4	6	2	4	7	10	11	1
XMTI4ODM1MzIzMg==	1280	220	170	69	51	22	25	19	33	17	12	12	14	13	6	21	17	19	17	14	10	2	6	4	1	2	4	4	11	7
XMTI4ODM2MDIwMA==	237	60	27	22	30	31	33	9	13	13	12	13	9	15	18	3	12	14	11	10	13	18	13	7	12	7	16	25	16	17
XMTI4ODM2MjAwOA==	693	90	53	18	35	29	34	26	21	20	17	15	15	25	42	31	30	20	32	14	18	13	24	25	21	22	21	20	16	21
XMTI4ODM2MzUyMA==	337	68	30	26	20	15	20	9	12	11	6	4	2	13	3	6	3	6	6	8	10	6	7	8	4	7	10	10	8	3
XMTI4ODM2MzgzNg==	30998	2522	787	319	236	81	81	61	48	34	41	32	23	37	16	32	34	26	52	12	16	10	7	7	5	12	6	9	9	3
XMTI4ODM2NTc4MA==	370	82	78	54	61	21	24	27	41	25	28	16	18	24	26	12	15	14	7	14	15	16	4	18	8	11	8	7	3	6
XMTI4ODM2OTc3Mg==	8123	1247	753	346	372	1361	227	140	87	163	95	85	66	82	64	80	90	69	44	37	31	28	30	26	22	20	28	15	22	14
XMTI4ODM3MDI2MA==	461	42	31	28	29	21	21	13	20	16	20	43	51	28	27	50	57	14	12	14	30	51	53	40	24	22	22	18	12	11
XMTI4ODM3Mzg1Mg==	692	123	51	31	16	22	21	20	23	17	11	14	13	16	22	66	147	271	106	256	74	55	28	36	46	29	26	16	20	15
XMTI4ODM3Nzc1Ng==	260	70	38	35	26	18	48	14	21	15	11	15	9	12	8	17	25	13	20	9	15	15	8	10	3	14	6	14	12	12
XMTI4ODM4MDA3Mg==	669	128	123	84	70	29	54	57	60	57	18	14	11	31	23	34	33	28	90	68	86	96	70	95	87	56	67	91	82	100
XMTI4ODM4MzUyMA==	565	83	49	26	22	18	24	11	6	8	17	14	11	16	9	14	10	12	5	13	7	12	9	18	16	21	18	11	13	10
XMTI4ODM4OTczNg==	930	111	104	47	36	52	65	23	20	30	15	28	29	36	28	59	86	102	134	104	146	121	135	90	113	97	78	40	31	25
XMTI4ODM5Mjc5Mg==	342	85	65	52	62	20	22	10	8	7	5	4	4	6	7	5	6	10	5	9	5	12	3	9	4	2	4	3	1	3
XMTI4ODM5NDk4NA==	212	48	75	7	13	30	23	3	1	5	4	4	0	0	8	5	6	5	1	1	0	0	1	0	3	0	0	0	0	0
XMTI4ODM5NjYzMg==	3781	382	304	184	180	96	72	36	47	38	77	70	42	32	10	15	87	13	7	5	4	4	3	7	1	9	9	3	4	5
XMTI4ODM5Njk4NA==	1420	308	420	274	234	144	98	62	55	46	57	30	35	47	65	56	33	71	30	35	30	41	36	27	18	25	28	16	17	14
XMTI4ODMwMDQzMg==	226	31	39	26	23	29	26	16	28	9	3	6	7	6	5	3	3	3	2	5	11	19	15	5	17	17	15	22	16	11
XMTI4ODMwMjE3Ng==	729	70	113	56	42	39	18	20	23	10	11	9	3	19	13	8	15	11	6	12	13	1	3	2	12	6	2	4	3	2
XMTI4ODMwMzM5Ng==	368	51	51	30	34	22	18	12	18	15	14	10	10	5	12	2	11	5	10	11	11	6	9	14	8	13	14	13	10	11
XMTI4ODMwNTM1Ng==	2727	95	60	43	62	30	67	162	40	51	54	28	28	13	16	38	68	65	29	18	20	20	26	30	39	27	27	16	37	47
XMTI4ODMwNjgxMg==	529	53	37	31	38	30	14	73	77	32	40	53	63	38	22	21	34	27	27	16	11	12	14	11	17	6	14	6	14	14
XMTI4ODMwNzE0NA==	1073	71	151	72	75	67	32	18	26	28	45	50	16	16	22	19	17	9	20	5	6	6	4	5	3	4	3	12	10	1
XMTI4ODMwNzQ2NA==	4112	397	249	118	120	90	95	63	50	81	38	55	40	36	37	42	35	16	28	18	28	13	20	20	24	11	8	15	6	16
XMTI4ODMwODI2NA==	774	79	44	25	49	23	400	60	281	36	31	71	40	71	72	30	24	23	25	21	24	12	9	21	18	13	10	9	9	15
XMTI4ODMwOTkyOA==	3044	452	256	150	181	88	139	68	87	174	124	50	40	36	35	44	36	35	43	37	23	25	55	46	25	25	47	23	27	24
XMTI4ODMxMTU0MA==	285	29	23	16	20	14	23	14	15	11	7	13	9	9	10	8	9	2	14	3	3	9	9	11	9	11	7	14	9	7
XMTI4ODMxNjUxNg==	4900	446	359	270	212	110	102	52	29	58	45	37	27	17	21	13	27	6	9	12	6	6	13	7	4	1	3	3	8	1
XMTI4ODMxNzMxNg==	5063	130	73	24	31	23	21	28	22	35	13	23	13	21	17	18	5	17	23	26	22	11	17	11	17	13	14	15	14	17
XMTI4ODMxOTEyNA==	577	46	38	21	29	30	34	27	20	14	6	5	2	1	6	2	5	3	11	6	8	1	1	3	5	0	0	2	1	4
XMTI4ODMyMTAzNg==	1195	51	157	82	55	31	39	50	38	8	7	7	4	6	5	10	80	160	9	2	1	7	4	3	6	0	2	2	3	2
XMTI4ODMyNTk2NA==	18625	3833	4242	2332	3541	2512	784	2216	2806	4344	6479	3956	4444	3001	3978	2498	2616	2107	1663	2277	1908	2641	2479	1557	2656	2618	2957	3121	2660	2407
XMTI4ODMyNjYwOA==	337	59	59	10	11	14	14	11	8	8	29	215	7	7	11	19	12	14	8	9	5	10	18	5	21	34	28	22	25	12
XMTI4ODMyNzM1Ng==	532	35	23	16	21	13	28	27	6	3	2	0	10	1	6	1	1	3	0	5	2	0	0	7	1	2	2	0	0	4
XMTI4ODMyOTU0OA==	187	44	30	29	31	18	20	17	12	15	14	10	19	12	11	5	3	10	10	9	10	13	8	16	8	13	15	13	18	12
XMTI4ODMzMzI3Ng==	516	138	186	78	83	58	77	43	54	63	69	43	52	49	37	47	34	37	48	47	50	21	34	34	34	40	36	29	30	27
XMTI4ODMzMzUwNA==	1266	169	89	46	52	38	64	47	19	18	19	20	26	35	32	31	29	14	9	14	21	25	11	15	5	5	4	13	2	12
XMTI4ODQ0MTg2MA==	1009	123	146	106	105	83	91	70	44	42	49	12	23	16	20	35	67	41	18	13	17	18	32	11	13	24	22	42	46	52
XMTI4ODQ0NDQ0OA==	26071	5706	9245	3130	5336	4819	6505	4033	2829	2491	2734	2100	2262	2453	2102	1803	1729	1813	1386	550	1183	1036	1144	1076	987	836	792	760	752	725
XMTI4ODQ0ODg5Mg==	511	85	108	61	51	42	54	21	40	23	21	20	8	15	12	19	26	14	15	2	20	9	15	18	16	15	17	12	15	22
XMTI4ODQ0OTY2OA==	222	28	27	14	14	13	21	8	13	5	8	8	8	5	4	6	2	1	4	4	1	2	1	1	2	6	1	5	5	4
XMTI4ODQ1MzUwNA==	716	107	113	81	64	63	64	35	50	31	39	20	33	40	29	18	25	27	9	21	15	23	10	16	17	15	17	11	12	16
XMTI4ODQ1ODE1Mg==	142	15	33	10	32	13	24	36	29	28	37	28	39	36	25	28	35	37	35	30	37	41	28	50	7	40	33	14	12	10
XMTI4ODQ2MjUyNA==	3262	308	181	78	59	47	31	28	27	25	12	19	15	22	10	18	10	19	12	5	10	2	5	11	6	8	6	9	1	13
XMTI4ODQ2MzgyNA==	50949	2507	1556	853	974	882	760	635	514	179	163	130	143	159	138	81	68	74	70	33	30	71	65	49	39	58	38	46	44	40
XMTI4ODQ2Nzk0OA==	2515	207	144	39	63	35	36	17	38	36	17	10	10	2	4	16	11	0	2	5	1	6	1	3	0	1	5	4	1	0
XMTI4ODQ2OTkyMA==	1178	258	421	63	62	42	37	38	26	25	24	21	23	18	16	25	25	5	9	18	15	10	10	9	4	15	15	6	10	3
XMTI4ODQ3NjIxMg==	755	194	161	95	114	43	30	34	33	19	32	27	19	19	19	40	58	34	20	19	19	24	20	20	26	7	17	13	15	20
XMTI4ODQ3NjU2MA==	10648	239	97	106	53	68	66	63	52	37	16	20	36	34	46	67	50	55	60	32	21	33	101	145	62	27	12	37	4	5
XMTI4ODQ3NzA3Mg==	1136	168	304	159	170	46	54	53	32	26	23	7	17	25	17	18	18	23	24	19	20	9	30	28	14	20	16	13	20	11
XMTI4ODQ3NzQ1Mg==	16923	202	92	82	61	70	53	58	42	25	28	15	27	44	23	40	26	27	14	20	26	89	131	12	36	18	19	11	292	19
XMTI4ODQ3ODM2NA==	295	69	97	49	37	25	15	6	9	6	11	6	6	6	1	4	7	6	2	2	2	1	5	0	8	1	2	3	3	3
XMTI4ODQ3ODQxMg==	372	72	54	19	18	24	14	16	16	4	5	12	17	12	7	9	4	8	4	7	5	1	2	7	7	12	4	4	2	8
XMTI4ODQ3OTM0NA==	1282	139	171	102	83	51	30	51	34	16	19	33	34	14	7	10	21	23	21	13	17	15	6	7	7	7	6	4	5	2
XMTI4ODQ4MDgwMA==	8943	949	331	137	115	81	78	447	188	59	68	36	55	23	11	36	63	34	21	31	31	76	132	81	266	246	234	214	216	221
XMTI4ODQ4MTExNg==	609	118	63	35	32	25	29	4	6	2	0	4	2	7	6	9	3	6	1	0	1	1	0	1	2	1	0	2	0	3
XMTI4ODQ4MjE2MA==	939	186	194	89	91	84	65	76	72	73	63	34	39	60	48	36	85	51	92	48	60	64	45	45	45	44	49	64	55	359
XMTI4ODQ4MzY4OA==	164	41	11	38	22	20	22	23	15	18	14	11	12	1	8	9	5	5	13	5	4	10	6	6	4	7	0	1	12	3
XMTI4ODQ5MjQzMg==	531	49	45	20	24	18	16	12	6	4	6	8	3	10	6	8	3	6	16	9	7	6	11	12	3	4	4	3	2	2
XMTI4ODQ5NjU3Ng==	1470	223	205	105	152	92	86	110	122	128	234	268	255	284	164	225	118	100	102	118	116	121	20	68	7	122	1	100	25	93
XMTI4ODQ5ODI0NA==	632	143	110	57	49	23	29	22	25	21	27	26	20	22	23	13	17	15	8	6	6	10	2	5	3	2	4	0	5	2
XMTI4ODQwNDEyOA==	872	54	38	39	51	73	80	58	108	106	98	140	88	97	90	91	105	87	101	125	115	114	108	111	136	79	151	99	112	124
XMTI4ODQwNDc4NA==	111	28	36	7	13	15	14	27	23	31	36	45	31	40	50	52	45	802	73	55	249	16	34	18	276	99	134	92	64	360
XMTI4ODQwNTQ1Ng==	184	32	16	11	9	4	29	14	13	14	10	3	14	6	1	1	3	3	3	4	2	0	0	5	5	4	1	0	1	6
XMTI4ODQxMzI5Ng==	284	79	92	56	50	28	37	22	7	27	13	4	15	5	5	6	9	14	7	6	7	4	5	2	3	8	5	4	2	2
XMTI4ODQxNTYzNg==	548	75	55	39	25	12	18	8	12	12	14	14	12	7	4	3	7	2	10	3	14	6	1	4	6	2	3	2	2	7
XMTI4ODQyMDQzMg==	237	43	19	8	8	6	14	50	4	1	2	3	8	4	7	5	1	4	4	5	5	7	2	3	9	3	7	2	7	7
XMTI4ODQyNzY0OA==	3285	613	379	199	178	101	100	95	82	95	77	59	69	68	61	33	32	29	24	29	23	36	29	19	32	26	31	29	24	16
XMTI4ODQyOTE5Ng==	1141	184	155	74	74	34	61	31	21	14	21	17	9	9	7	8	11	19	9	17	10	3	7	5	7	9	3	3	3	6
XMTI4ODQyOTc1Mg==	1615	370	707	130	181	101	136	115	56	56	60	65	50	39	30	29	22	10	21	11	15	11	8	8	4	9	20	8	6	10
XMTI4ODQzMjAxMg==	597	163	229	23	16	14	124	14	15	4	3	0	4	1	2	1	4	1	0	1	3	3	1	1	4	2	1	0	0	3
XMTI4ODQzMzEwOA==	1233	236	193	89	106	32	28	20	29	18	22	18	16	13	6	12	16	14	12	11	9	11	10	8	6	11	1	8	8	3
XMTI4ODQzNDc0OA==	309	9	8	18	11	9	15	10	13	7	2	3	3	2	2	5	0	3	1	1	9	7	5	4	4	3	2	3	3	0
XMTI4ODU0MDEwNA==	2186	228	191	150	221	151	145	144	80	46	23	26	23	12	10	21	23	9	19	19	8	13	27	20	19	13	11	11	7	19
XMTI4ODU0MDcyOA==	2440	618	702	405	430	175	168	95	105	122	83	72	78	119	76	75	65	53	55	32	44	45	39	48	34	54	26	40	44	15
XMTI4ODU0NjYxNg==	567	131	67	33	35	41	59	48	51	36	45	38	42	39	29	32	76	59	32	40	33	30	32	34	27	32	29	23	25	20
XMTI4ODU0Nzc1Mg==	470	96	106	79	58	32	15	16	14	13	10	14	16	11	8	18	14	9	11	7	13	58	107	108	111	85	96	62	84	78
XMTI4ODU1MTY3Ng==	335	68	43	33	27	17	19	25	1	2	4	15	15	21	5	2	0	1	1	1	0	0	2	1	1	0	0	0	0	0
XMTI4ODU1Nzg5Mg==	701	83	142	56	63	15	16	8	7	10	4	5	19	14	8	2	7	3	3	5	2	2	2	2	1	2	3	2	1	1
XMTI4ODU1ODM1Mg==	2627	637	597	297	373	254	302	291	215	174	127	103	94	107	119	96	85	92	95	97	101	119	148	136	128	92	79	92	57	41
XMTI4ODU3MjIyMA==	461	107	94	43	43	24	25	28	23	22	34	28	14	9	42	33	57	33	90	84	51	70	19	56	37	10	6	20	12	21
XMTI4ODU3MzE0NA==	2109	174	110	71	48	27	30	46	30	15	23	7	11	7	4	4	6	3	27	55	26	20	26	29	16	19	33	17	14	31
XMTI4ODU3NzQ1Ng==	313	88	102	53	48	27	47	24	25	23	24	16	11	22	26	27	22	37	27	34	28	34	56	44	45	49	42	29	35	34
XMTI4ODU4MTM3Mg==	411	51	44	25	41	63	55	21	32	12	9	6	10	4	4	7	5	6	15	22	8	18	13	19	27	22	15	11	4	4
XMTI4ODU4MjYwOA==	348	83	108	13	25	28	18	15	12	8	13	13	10	5	5	1	4	1	6	21	12	10	15	24	9	11	5	6	3	9
XMTI4ODU5MDg4OA==	1150	275	238	91	117	95	116	70	72	41	37	20	37	23	19	26	27	24	33	76	44	42	34	47	46	30	26	36	15	19
XMTI4ODU5NjQyNA==	2261	165	152	77	105	84	85	72	68	63	13	37	143	8	52	62	407	363	117	151	213	129	81	85	119	175	150	153	109	125
XMTI4ODU5NzE3Ng==	4013	492	1267	366	431	164	280	140	68	60	58	50	50	52	89	138	128	114	116	45	38	16	27	41	35	27	14	19	11	11
XMTI4ODUwMzA0NA==	394	76	44	38	46	14	18	17	14	16	9	6	9	4	18	12	22	19	8	9	10	10	21	16	17	10	13	18	22	21
XMTI4ODUwNzQ0NA==	4068	839	827	275	307	146	139	108	77	51	46	28	33	37	41	57	64	81	52	39	59	44	53	47	51	54	48	50	37	23
XMTI4ODUxNjEwNA==	918	212	234	146	145	64	54	40	54	55	68	61	56	60	70	91	48	57	48	59	65	65	58	57	63	69	57	48	72	57
XMTI4ODUxNjU2OA==	953	181	108	60	48	38	49	31	20	28	20	16	15	24	22	8	13	19	7	4	13	7	8	14	3	6	10	7	9	7
XMTI4ODUyMTYzMg==	6963	299	32	176	36	61	46	52	59	130	20	11	12	41	16	26	1	26	37	25	5	5	19	17	11	17	8	8	19	10
XMTI4ODUyMzk2OA==	2035	436	343	140	87	79	77	51	37	57	54	47	45	32	29	41	16	40	45	25	31	28	34	25	28	25	11	15	23	20
XMTI4ODUyNDg1Mg==	156	37	36	13	13	10	33	13	13	15	8	16	93	49	7	5	3	6	9	36	24	24	22	21	1	3	7	3	0	2
XMTI4ODUyNTYwMA==	1168	178	88	34	20	15	29	23	13	26	20	21	11	10	4	11	18	16	17	23	19	21	24	38	38	24	28	18	15	15
XMTI4ODUzMDI5Mg==	559	115	85	40	43	53	25	33	35	34	31	18	30	36	32	36	23	30	53	114	93	52	53	51	53	55	92	53	42	25
XMTI4ODUzMDk3Mg==	520	50	17	12	9	9	19	5	7	10	15	16	1	5	7	1	7	17	19	13	17	13	13	4	9	7	2	7	4	5
XMTI4ODUzMTk0OA==	198	40	47	21	36	22	14	26	20	16	32	23	24	21	25	15	19	19	20	8	12	11	19	13	19	18	14	13	28	16
XMTI4ODUzMjU4NA==	144	34	22	13	5	17	20	5	6	4	7	8	3	10	10	1	1	7	5	0	7	6	9	1	11	6	11	5	0	7
XMTI4ODUzMjYzMg==	12294	1507	3518	177	564	359	318	326	221	245	188	122	122	92	129	161	60	25	40	32	38	34	23	29	65	80	95	145	65	73
XMTI4ODUzNTAzMg==	614	90	25	6	35	21	14	6	10	3	2	1	1	0	0	1	3	2	3	0	0	1	0	0	0	0	0	0	0	0
XMTI4ODUzNjU4NA==	81	12	7	18	9	5	51	3	3	8	3	6	8	4	0	2	2	2	1	1	1	0	1	1	0	0	0	0	0	0
XMTI4ODUzOTQ2NA==	202	21	44	18	18	25	19	9	14	8	3	12	13	12	4	9	5	6	1	4	6	1	0	1	0	1	4	2	1	4
XMTI4ODY0ODMwNA==	35801	5286	36	28	19	25	17	15	14	13	13	8	12	9	8	4	4	9	2	5	11	12	8	3	12	8	3	12	7	7
XMTI4ODYwNDc4OA==	209	32	23	17	22	17	19	10	3	2	9	28	0	7	14	5	10	6	3	7	4	9	9	16	10	6	4	0	3	5
XMTI4ODYxNDI3Ng==	1242	224	168	85	61	64	476	97	77	54	48	50	37	25	47	32	20	45	46	19	30	73	40	29	29	40	43	41	21	31
XMTI4ODYxNTU0OA==	1263	167	68	15	9	36	19	8	13	15	5	12	3	4	3	8	9	17	34	51	35	18	20	24	20	17	25	19	14	24
XMTI4ODYyNDE4MA==	768184	15465	7251	4247	2759	2527	2556	1498	1666	117	817	1123	4	812	757	4	540	57	319	362	388	24	266	139	194	156	126	299	429	259
XMTI4ODc1MTkwNA==	2010	334	195	104	110	45	78	51	42	13	18	15	14	26	30	18	29	15	8	12	32	10	14	21	14	26	22	23	19	22
XMTI4ODgwNjc0NA==	758	58	36	11	9	11	15	7	11	4	4	3	8	5	2	2	1	1	9	9	2	5	0	5	9	3	0	3	2	0
XMTI4ODgxMzIyOA==	215	34	51	21	26	24	20	13	23	21	25	29	17	14	15	13	13	3	14	5	3	12	7	0	7	3	6	5	8	5
