XMTM2MTEyMjA4MA==	3719	2205	1648	127	388	17	322	413	453	410	402	337	283	229	474	417	111	40	117	146	66	41	28	23	116	38	47	27	50	59
XMTM2MTMxMDI3Ng==	23496	17237	7780	2870	2378	37	93	606	1585	440	1322	377	296	582	613	522	622	265	951	254	25	175	125	174	166	119	163	153	39	57
XMTM2MTM3NTM0OA==	367	192	119	49	3	8	74	92	41	218	166	261	426	39	145	131	133	155	171	370	205	559	396	139	76	133	137	221	450	351
XMTM2MTU4MjAyOA==	1948	2444	893	232	56	8	46	8	44	7	18	30	4	3	1	20	26	13	5	91	5	8	7	4	6	3	6	10	7	11
XMTM2MDg4MTM0OA==	4218	2530	1522	619	185	43	285	328	248	235	211	249	277	217	215	250	267	337	294	438	199	125	136	130	111	197	268	296	145	85
XMTM2MDg3MTg4MA==	1295	778	473	254	7	1	193	176	113	193	75	110	74	84	87	73	64	74	37	99	77	47	55	16	5	68	37	67	35	51
XMTM2MDkwMTY5Ng==	1049	476	373	246	39	170	92	26	16	2	9	2	8	39	22	18	2	9	44	16	22	10	2	3	1	3	1	1	2	73
XMTM2MTQ4MTk0NA==	3720	6646	2118	873	128	102	301	299	69	937	236	146	140	149	59	57	40	65	103	53	41	52	69	34	55	42	34	180	479	175
XMTM2MTQyMzUzNg==	72	36	26	0	2	10	17	5	5	3	5	2	1	0	0	1	0	1	1	16	1	0	0	2	1	1	1	0	1	0
XMTM2MDk0NjQ5Ng==	1190	523	360	140	2	86	108	159	77	33	34	44	393	1100	91	60	581	278	55	270	48	95	117	88	32	43	10	29	41	41
XMTM2MDc2NDE5Ng==	215	496	134	28	5	13	23	20	57	18	12	8	2	1	22	4	11	5	1	75	9	1	5	3	6	7	3	3	7	3
XMTM2MDcyMjgxNg==	575	212	164	15	19	16	21	12	5	1	0	0	2	5	1	1	4	11	12	8	13	6	0	4	0	0	3	2	1	0
XMTM2MDg5NTU0NA==	1208	629	364	115	67	21	58	125	70	76	85	73	72	73	6	27	78	68	54	117	40	44	64	46	35	62	31	69	24	32
XMTI4NzA2MDg5Ng==	1899	763	754	216	184	113	100	120	88	76	56	80	60	68	65	69	58	51	71	54	58	56	65	46	48	40	45	82	47	38
XMTI4NzY1ODI1Mg==	722	254	234	131	18	10	16	10	3	11	7	8	6	4	2	7	3	3	1	171	3	1	3	4	4	2	3	3	4	5
XMTI4Nzk5NTg3Mg==	446	199	149	67	46	65	39	24	12	18	16	15	23	14	25	26	43	28	22	38	37	34	37	46	32	27	34	29	26	20
XMTI4ODAyOTg1Mg==	9664	2620	2659	221	1138	695	501	365	311	275	186	175	0	45	14	45	38	35	40	26	19	106	95	50	86	67	48	74	47	30
XMTI4ODE1NTg0NA==	1485	440	652	96	53	43	31	28	19	10	15	16	12	14	7	11	8	8	6	5	16	14	3	10	7	3	1	3	9	5
XMTI4ODE5MjQyNA==	818	355	232	74	63	21	17	14	11	7	10	3	1	7	7	6	4	5	7	2	2	1	4	0	2	7	2	2	3	3
XMTI4ODM5MDQzNg==	644	1520	654	76	50	32	40	24	22	32	29	24	21	24	28	19	14	22	21	21	22	16	12	14	6	7	9	2	4	4
XMTI4ODMyOTg1Ng==	52147	17234	16918	8490	6802	4553	3974	3222	3077	2453	2089	1523	1374	1405	1325	1110	934	949	1053	1085	1141	1022	862	797	736	618	793	826	1181	889
XMTI4ODQ3MDk5Mg==	1237	383	419	148	176	51	33	27	29	16	21	14	22	19	23	11	10	20	11	17	12	10	18	7	12	11	14	4	8	12
XMTI4ODQ3ODExNg==	1283	624	469	142	167	63	67	78	91	89	64	35	22	15	15	24	18	38	19	22	22	33	28	18	16	39	20	20	8	22
XMTI4ODQ5OTkyNA==	395	159	126	18	31	27	100	119	81	83	135	182	96	51	98	89	135	133	93	96	188	130	128	135	150	118	168	144	104	104
XMTI4ODUxNTM4OA==	352	163	127	47	37	26	30	32	29	10	24	22	25	21	24	22	30	33	46	57	48	59	44	67	52	41	40	40	27	58
XMTI4ODUxOTI3Mg==	266	122	109	28	24	23	37	17	5	17	9	16	10	4	4	6	1	10	7	6	8	2	4	6	2	6	4	1	5	7
XMTI4ODUzNTU3Mg==	156	85	58	20	20	9	15	10	6	14	9	6	4	5	5	6	6	4	4	5	8	3	0	2	2	3	2	1	3	2
XMTI4ODcyODI1Mg==	1627	785	495	6	68	20	30	25	22	17	4	5	18	7	7	6	11	6	7	5	15	11	9	10	17	6	5	11450	213	2321
