XMTM2MDk2Mzk4OA==	8380	13531	5417	4102	79	1703	1888	1302	1719	1863	1412	1526	1375	1110	1217	2063	1286	1368	691	701	816	1365	1443	626	385	1059	487	823	840	768
XMTM2MTYwNzM2MA==	103	184	130	59	8	12	42	52	27	14	30	28	8	20	5	26	23	9	5	44	24	17	32	14	15	28	25	14	10	14
XMTM2MTUzMTc3Mg==	16626	10500	2851	2514	12426	1228	12334	8439	1168	556	365	691	504	503	1161	603	351	279	229	277	411	662	608	298	140	244	77	146	286	195
XMTM2MTI3MDU0MA==	173455	394972	372930	332454	264788	376461	413161	402235	384961	461203	343017	322144	364677	291589	446470	141376	563844	4457	227387	294777	379208	396904	374442	206195	334011	97294	205576	48422	71210	130309
XMTM2MTE1OTUwOA==	2612	1386	642	1931	507	768	523	400	236	233	169	198	158	138	122	86	87	51	38	60	44	61	55	44	23	55	34	61	49	38
XMTM2MTQzNzU4NA==	87	53	13	18	11	3	29	7	10	12	11	9	10	16	1	4	3	5	0	60	13	5	5	3	2	12	3	4	5	11
XMTM2MTcxMjk3Mg==	710	1045	463	519	85	359	337	303	289	240	156	195	235	262	170	266	193	153	157	168	168	116	211	167	143	190	153	143	150	135
XMTM2MTIzMDYyMA==	132	128	43	61	7	52	55	67	36	41	46	75	117	42	9	27	119	10	45	312	100	36	77	86	34	82	55	87	46	48
XMTM2MDgzNDcyNA==	32	22	8	21	5	17	15	15	4	22	9	46	2	2	5	2	16	0	2	122	19	33	23	1	14	33	12	31	39	25
XMTM2MDk0NzI0NA==	213	112	72	84	16	247	441	118	4052	14221	10903	13589	13127	12898	13780	12928	13369	12708	9987	14423	14118	19162	18719	24691	3775	20334	22449	23965	35532	29884
XMTM2MDgyODE4NA==	94	80	39	56	13	72	165	93	91	127	106	229	102	91	42	43	60	40	50	23	36	19	40	21	17	13	10	10	11	17
XMTM2MTExOTcxNg==	86	67	100	670	363	397	416	572	418	675	348	821	396	434	345	140	445	1523	1939	2592	2399	3481	3653	1914	733	1748	2074	3900	3583	3429
XMTM2MTE2NzUzNg==	284	155	31	54	118	86	22	13	6	14	8	5	1	0	5	7	5	1	0	24	5	8	5	1	2	3	1	7	6	2
XMTM2MTMzMTk3Ng==	108	108	64	78	12	47	79	97	65	55	35	20	28	46	49	41	21	18	18	45	59	92	112	57	30	36	74	1	57	45
XMTM2MTcxNjg5Mg==	130	214	61	46	3	24	27	28	33	20	18	21	10	3	1	17	23	16	0	83	15	15	5	19	5	2	9	20	12	14
XMTM2MTA2NzY2MA==	177	172	59	44	11	41	20	36	35	37	22	13	15	17	49	19	22	32	20	56	16	26	27	10	6	19	9	24	31	26
XMTM2MTAyNzM5Mg==	453	343	219	132	10	0	24	54	15	29	14	8	30	23	13	20	11	4	0	20	30	25	17	3	4	13	19	16	41	18
XMTM2MTIwODcyOA==	440	539	711	591	48	259	245	254	104	216	160	165	163	166	118	116	134	106	65	130	150	94	120	61	56	127	95	101	134	96
XMTM2MDkyMTU4MA==	198	165	130	49	3	48	25	25	21	15	11	25	7	26	3	11	18	5	0	127	15	1	2	13	1	10	10	5	17	8
XMTM2MDg5MTkyOA==	4854	3814	1759	995	214	290	792	756	683	723	447	1003	580	719	598	725	616	581	480	470	480	544	535	409	197	522	261	425	362	418
XMTM2MTI0Nzc4MA==	242	226	105	57	5	6	24	33	27	17	27	25	8	4	25	14	35	47	0	94	30	21	31	1	15	23	5	34	15	22
XMTM2MTU4MDEwNA==	213	240	100	94	143	103	108	79	149	97	85	99	88	58	82	93	54	55	15	98	149	399	256	124	154	2056	2012	2799	2374	2871
XMTM2MTM3ODM5Ng==	855	569	226	162	17	94	242	196	119	182	102	188	220	295	456	206	260	303	236	266	189	337	216	180	55	177	127	188	179	154
XMTM2MDkxMzU4NA==	5026	8604	3542	9478	5970	6623	4116	4208	3169	2365	3089	6047	4305	2797	2476	1844	1149	2888	2581	1346	1304	2086	1852	898	946	4012	1430	2460	1941	1850
XMTM2MDc0NDUwMA==	311	350	118	255	359	276	240	324	382	317	240	273	583	574	416	251	135	236	403	234	60	171	314	144	67	304	148	256	342	444
XMTM2MTMxODU5Mg==	309	366	84	98	4	2	43	22	25	27	13	30	13	4	39	12	35	33	17	54	38	21	45	31	11	49	25	26	26	10
XMTM2MTA5NzM1Mg==	665	603	142	117	9	141	790	8	7	1	0	0	1	2	2	4	28	10	7	0	4	15	1	13	16	4	3	254	81	35
XMTM2MTM0OTcyNA==	2997	3949	1634	1626	106	542	1181	906	523	558	571	496	486	575	392	278	207	220	206	223	234	158	218	150	177	245	105	195	139	158
XMTM2MTQyOTQ2NA==	183	191	67	29	13	5	28	12	62	29	17	5	28	20	2	0	9	6	3	108	2	3	0	0	0	1	0	3	3	1
XMTM2MTU3NTgyMA==	101	207	145	283	1183	985	485	71	31	16	30	59	44	21	28	12	5	2	3	0	0	1	0	0	2	2	2	6	7	0
XMTM2MTEzODk2OA==	134	87	15	36	3	35	74	43	40	67	106	100	108	154	146	93	194	191	204	249	124	112	107	92	91	313	103	188	95	149
XMTM2MTMyOTQ4NA==	470	305	153	127	30	101	137	130	95	232	193	157	91	95	89	65	72	18	25	207	62	11	25	16	0	34	4	7	12	17
XMTM2MTIxODYzMg==	4195	3705	5766	3030	247	72	601	715	547	497	263	383	295	299	14	73	72	6	122	690	119	179	120	83	29	8	123	131	151	139
XMTM2MDgzOTA0MA==	147779	243164	137894	67863	1554	1104	763	804	591	631	855	1541	4338	3180	1650	562	354	389	518	738	544	387	296	460	283	604	286	287	30509	494
XMTM2MTYwMTI5Mg==	2578	1963	464	689	132	91	322	114	99	70	69	72	54	77	73	55	30	45	21	31	42	51	85	31	31	54	11	60	27	50
XMTM2MTE4ODI1Mg==	25	21	52	88	14	20	23	28	25	15	2	1	22	4	4	17	7	10	0	67	34	23	12	4	2	9	45	36	29	7
XMTM2MDczMTk1Mg==	56487	56949	37107	8038	3720	210	407	1529	1393	2532	1103	1488	697	430	373	538	482	497	408	359	466	281	1051	337	935	788	255	294	243	268
XMTM2MTI0ODk1Mg==	1348	494	1348	519	34	253	110	23	21	591	446	164	30	33	7	10	0	4	0	96	28	4	6	19	2	1	21	32	19	7
XMTM2MTMwMzg0OA==	336	253	89	74	6	42	81	117	342	387	390	248	121	20	39	31	13	7	1	19	6	110	3	4	7	5	2	2	11	0
XMTM2MTYzNzU3Ng==	61	71	34	19	5	9	19	20	18	9	6	16	7	0	1	0	0	6	0	26	2	6	4	5	2	0	2	3	3	6
XMTM2MTEwOTIwMA==	1729	653	246	416	63	669	668	82	16	9	13	18	50	33	85	32	44	33	37	33	18	34	70	81	85	37	35	20	360	129
XMTM2MTQzMDg1Mg==	15	49	10	14	23	9	22	40	21	14	3	3	5	4	15	0	3	1	7	26	21	8	1	1	0	2	3	4	2	16
XMTM2MTEyMjczNg==	2186	1907	878	878	58	441	419	373	279	184	161	246	601	711	388	237	223	278	172	154	174	212	161	149	103	146	89	181	111	90
XMTM2MTI2MzYyMA==	1615	1158	820	646	28	1192	1252	570	462	371	382	367	248	135	201	258	226	246	211	302	209	325	335	246	189	301	184	296	158	165
XMTM2MTUzMTgwNA==	24	43	40	13	113	154	16	0	2	0	0	0	0	0	1	0	2	4	3	1	0	0	2	0	0	1	0	0	1	49
XMTM2MTQ3OTYzMg==	2947	2251	1307	1316	57	86	403	186	282	138	287	117	134	94	53	59	141	111	26	30	15	63	37	12	26	46	42	32	47	54
XMTM2MDg0MDQwMA==	175	62	27	17	2	49	156	671	190	2227	1222	324	165	242	325	296	486	331	225	205	408	175	193	183	141	303	138	197	134	152
XMTM2MDk2MDM3Ng==	27950	22439	10134	9544	5984	12723	8447	10649	8515	5885	2790	5099	3145	3845	7183	9168	3774	4102	3793	3353	2148	6116	7755	3246	1244	6292	2047	6399	8017	6697
XMTM2MTI1ODQwOA==	49	28	10	7	0	3	19	11	2	6	4	5	1	1	2	0	4	2	0	23	1	1	1	1	1	2	3	5	1	5
XMTM2MDk3ODEzNg==	545	271	368	280	20	86	96	49	43	58	93	58	65	9	2	20	30	74	40	177	46	36	47	42	38	45	16	31	37	27
XMTM2MDk0OTU4MA==	482	198	33	188	57	212	228	578	506	269	219	290	288	305	567	538	218	252	245	244	361	608	633	323	182	344	259	399	439	408
XMTM2MDgxNTQwMA==	2089	791	586	614	84	588	528	147	181	32	58	96	208	50	85	110	108	64	66	42	47	67	77	48	30	78	42	52	34	46
XMTM2MTAwNzA0MA==	1140	663	381	263	118	116	121	78	69	61	37	50	79	34	18	32	28	35	7	29	21	26	7	12	13	8	11	13	11	8
XMTM2MTM0MDI4OA==	73	45	4	6	57	20	19	9	19	22	10	9	15	5	20	6	2	8	1	55	18	6	123	5	14	11	5	12	13	14
XMTM2MTQ4ODQxNg==	190	171	50	61	16	16	87	81	55	76	55	57	53	63	108	54	101	120	86	90	63	57	69	38	30	28	17	20	19	7
XMTM2MTIwMTAzNg==	290	342	46	105	135	729	756	487	278	315	327	300	323	173	225	271	181	185	191	237	232	277	330	277	237	344	233	390	292	293
XMTM2MDY3MDc0MA==	92	54	81	65	4	9	27	22	18	26	35	0	0	3	1	20	3	8	26	207	64	29	5	41	2	8	21	4	9	10
XMTM2MTMyODE2NA==	1714	1567	392	333	28	58	302	303	237	277	129	212	221	173	114	152	142	97	131	173	198	242	227	97	49	140	61	157	102	82
XMTM2MTQ1NTM0OA==	106	70	30	24	2	29	39	30	27	20	13	20	17	4	17	17	14	9	19	31	8	14	14	8	12	5	8	16	9	11
XMTM2MDgzMjcyNA==	191	103	60	56	14	42	112	159	101	78	98	111	128	40	41	74	19	8	5	3	0	1	2	2	0	3	2	4	3	1
XMTM2MTIwNTQzMg==	145	310	118	98	10	21	23	44	25	16	9	38	33	14	2	41	62	15	1	66	2	0	2	1	0	74	5	5	0	0
XMTM2MTIyODIyOA==	226	311	128	115	5	44	50	19	9	16	12	2	5	1	10	2	2	2	1	53	7	3	1	1	1	3	1	5	2	4
XMTM2MDgxNjkzMg==	339	163	101	105	58	125	206	289	534	558	740	561	842	857	684	990	523	1325	835	2616	4035	6117	5941	2499	1925	3690	1799	3231	2650	2656
XMTM2MTAwNjQ3Ng==	661	386	219	202	17	97	112	110	76	100	67	73	73	74	11	26	71	72	40	125	40	45	57	39	29	73	26	44	19	31
XMTM2MTYyNjA4NA==	1379	1560	1609	1082	1083	1715	1426	1454	951	856	1187	695	925	576	537	566	363	439	346	371	316	231	223	178	105	141	154	206	171	190
XMTM2MDc3MjA5Ng==	39	35	16	13	5	9	14	18	16	20	10	19	13	5	1	0	14	6	5	67	11	11	12	11	5	24	17	27	17	10
XMTM2MTE2MDUzNg==	52	43	41	46	37	68	104	124	78	73	47	48	113	75	132	99	66	60	64	74	75	101	121	62	42	78	86	169	101	226
XMTM2MDcyNTAyNA==	822	701	234	150	48	17	19	62	51	49	61	48	40	25	21	37	13	17	9	11	10	9	10	5	10	7	3	10	4	4
XMTM2MDk4MzY0MA==	938	797	318	944	145	119	77	80	74	113	60	73	3	8	0	12	16	30	6	501	8	47	7	15	13	37	6	10	19	37
XMTM2MTM0NDczMg==	1325	1209	337	37	99	80	21	21	3	59	34	64	17	1	19	39	32	42	28	206	40	66	52	23	15	28	15	30	19	37
XMTM2MTA3NzYwMA==	2078	2329	2588	941	289	99	327	1250	1065	953	448	355	110	1229	591	73	378	561	210	897	641	1282	1102	455	224	455	394	493	1064	768
XMTM2MTMwMzMzNg==	221	629	1111	629	2043	2952	2497	1921	728	945	537	587	450	337	320	315	373	281	187	226	292	297	177	123	76	120	151	238	152	177
XMTM2MTQ5MDk5Mg==	1474	2038	1249	655	237	277	487	199	108	254	67	142	92	107	86	71	86	66	78	62	56	68	16	30	10	4	32	45	36	26
XMTM2MDg0MzY0MA==	78138	86851	23266	9951	6282	1049	497	214	1285	2140	5335	21168	3438	1873	1220	1790	1228	968	4045	1117	967	283	901	1857	1229	818	74	523	526	512
XMTM2MTEwNjA2OA==	23	12	9	7	2	30	40	30	32	22	15	21	73	37	22	32	44	49	4	83	57	21	13	20	6	8	41	37	26	10
XMTM2MDg1NzIyNA==	85	59	29	34	1	16	34	26	25	30	9	6	2	5	4	10	5	25	9	63	9	5	1	15	2	8	1	13	13	10
XMTM2MTM0MjQ2NA==	1134	767	278	321	11	11	233	78	75	70	69	131	91	80	93	81	115	52	49	20	28	42	79	92	76	73	73	156	72	42
XMTM2MTQ1NDYwMA==	73	56	170	209	375	186	83	16	24	29	21	23	2	0	0	31	15	8	0	37	3	5	4	1	3	6	3	3	2	0
XMTM2MTEyMjcxNg==	424	310	658	1023	882	1250	503	103	38	121	93	135	29	72	42	27	81	4	31	33	34	65	10	8	43	13	28	24	17	27
XMTM2MTMzMjQwOA==	89	54	213	237	200	241	169	131	101	72	38	44	49	43	32	39	31	43	4	49	17	13	24	21	16	0	4	22	14	14
XMTM2MTU0NjUyOA==	30	38	58	31	73	176	72	77	88	140	89	103	147	124	103	117	104	155	96	79	68	9	11	3	15	5	6	9	8	3
XMTM2MTMzNjA4OA==	1676	1777	2743	2088	360	2865	441	391	248	323	563	329	210	233	185	595	325	176	222	250	131	138	110	394	116	109	4	253	56	201
XMTM2MTQyOTE4MA==	324	224	69	41	0	108	51	30	56	30	35	33	30	31	17	26	27	4	8	91	29	23	25	2	3	17	17	29	28	18
XMTM2MTE0NTUyNA==	274	213	96	45	1	28	46	41	24	58	23	41	7	16	47	33	17	39	44	114	67	44	44	18	2	81	36	102	30	36
XMTM2MDc0NDM2OA==	1201	697	160	166	1759	716	150	37	16	1	4	12	2	7	6	17	14	8	11	77	15	7	4	8	3	3	5	12	29	54
XMTM2MTMwMDgyNA==	428	464	222	1174	1434	587	517	449	284	369	169	109	190	116	159	161	187	109	95	86	124	137	147	95	68	127	89	129	150	94
XMTM2MDg4NTc4OA==	2633	2119	1096	2002	3037	4725	6323	789	85	184	77	82	758	125	149	247	189	81	84	79	52	37	20	76	136	35	90	67	70	1881
XMTM2MTQyMzg3Ng==	222	112	23	66	150	158	194	508	127	264	63	148	107	282	382	63	24	31	61	870	147	287	117	12	109	92	86	100	127	46
XMTM2MTYwNzM4OA==	106	102	26	26	3	12	32	28	17	13	13	23	21	23	6	19	6	1	6	66	12	7	32	2	3	7	10	14	4	8
XMTM2MTY3MzcxNg==	6733	6465	1846	173	498	471	59	11	455	263	202	220	210	157	214	169	173	137	92	134	120	148	139	78	30	66	35	90	58	125
XMTM2MTU0MTUwNA==	80	83	30	56	10	43	50	26	38	26	23	19	3	0	0	2	0	2	20	99	12	14	19	2	2	11	22	37	46	19
XMTM2MTI0OTI0OA==	248	148	99	62	7	2	33	14	12	25	15	18	1	0	3	1	21	3	9	59	6	18	9	10	10	17	10	12	9	13
XMTM2MDY3MDY0MA==	36	19	7	3	0	2	27	14	4	13	24	28	11	32	1	4	25	14	13	75	11	18	21	38	20	13	17	16	33	25
XMTM2MTMzNTkwMA==	3323	2789	11463	9878	6099	17944	2522	3857	641	1643	2459	1182	189	501	388	2387	1546	374	367	140	260	275	384	223	388	108	111	274	191	248
XMTM2MDkwNjQ3Mg==	1477	1137	400	309	19	37	158	36	124	296	206	299	404	236	408	308	436	18	154	176	186	295	295	162	321	148	97	178	487	196
XMTM2MTU2MjE1Mg==	4444	6924	3532	1297	339	462	589	388	263	54	261	311	94	122	81	18	96	84	86	74	67	241	6	186	359	60	93	2	51	67
XMTM2MTM2OTI2OA==	202	170	274	100	12	44	29	47	28	25	13	7	6	2	0	4	0	2	2	49	7	11	26	2	12	7	3	10	10	10
XMTM2MDkxMDE2OA==	108	51	19	23	0	48	100	40	18	54	28	14	36	36	167	39	25	8	22	13	14	47	54	5	12	17	26	25	27	18
XMTM2MDgyOTAxNg==	371	283	351	332	320	424	524	495	450	734	640	582	725	821	637	394	564	707	478	586	656	496	590	541	508	1367	223	866	489	357
XMTM2MTM2MTU2MA==	33	19	32	38	29	31	14	0	0	0	0	1	1	0	0	1	1	0	0	0	2	1	1	0	3	1	1	2	3	1
XMTM2MTIwODY2OA==	243	285	146	294	424	598	32	1	0	2	1	1	4	11	2	2	1	1	0	0	1	0	0	0	43	15	0	222	22	13
XMTM2MDg1MzI4OA==	87	108	29	54	5	7	31	35	48	44	7	2	2	1	1	1	0	5	2	6	6	5	3	6	1	0	1	5	3	2
XMTM2MDY0MjIyNA==	123	115	32	16	3	25	46	49	27	37	12	43	20	13	33	19	4	3	1	72	3	0	8	10	5	3	5	5	2	79
XMTM2MTM4OTQ4OA==	299	2051	921	819	192	1009	431	291	364	231	151	639	317	392	456	423	386	419	484	471	857	597	867	538	389	1538	778	754	1075	952
XMTM2MTUwNTM2MA==	2049	2116	540	437	63	0	406	996	494	335	128	154	149	221	307	340	86	104	39	126	82	268	299	78	46	79	57	89	112	124
XMTM2MDkwNTUwOA==	2544	2533	2800	322	11	3	108	76	53	37	30	88	27	8	24	25	1	7	0	101	16	2	11	3	5	8	1	5	12	7
XMTM2MTU1Mzk0MA==	3961	3442	1011	6569	3192	1255	808	1079	642	379	364	359	421	414	366	354	231	337	214	217	215	231	374	144	135	196	107	153	128	137
XMTM2MTI0ODU4NA==	263	222	161	124	51	106	108	113	69	135	123	129	112	200	128	127	136	145	95	145	151	101	178	79	34	243	55	260	102	92
XMTM2MTE0ODY4MA==	189	133	31	20	2	33	40	41	34	23	18	41	3	13	15	92	20	28	9	59	7	6	4	12	1	2	6	9	9	12
XMTM2MTU4NTQ2MA==	31	34	27	37	22	13	14	11	8	4	1	0	0	1	1	1	2	0	0	3	0	1	0	0	0	1	0	0	0	0
XMTM2MDkzODM0OA==	815	786	201	35	25	32	29	13	7	16	21	11	17	31	6	10	3	2	2	46	3	15	25	9	11	22	13	21	29	39
XMTM2MDcwODE4MA==	42	15	10	8	2	86	71	38	21	12	6	0	2	2	0	1	2	4	0	32	0	0	1	2	0	1	2	2	1	0
XMTM2MTIzNzAyMA==	7146	6018	3599	5380	404	2474	2759	3385	2083	5608	2405	4113	4783	7296	11459	24390	23049	25355	14917	37739	47958	77795	107204	55307	27865	48789	43022	54024	43539	51902
XMTM2MTczMjMwNA==	67	61	28	6	3	34	36	34	4	1	1	0	0	1	0	1	0	1	0	2	0	0	0	0	0	1	0	0	0	0
XMTM2MDg2OTY1Mg==	32	13	8	11	8	34	16	22	7	30	0	3	0	5	4	1	1	10	2	67	12	15	7	1	4	4	1	0	6	3
XMTM2MDk4Mzg1Mg==	1511	1211	615	853	1458	1016	980	1171	736	912	591	297	252	140	133	106	113	150	82	193	176	77	76	45	88	159	62	125	95	84
XMTM2MTE3MjkwNA==	738	288	105	545	12	15	24	11	4	2	0	1	0	2	2	1	1	12	10	0	0	1	0	0	0	2	0	0	6	0
XMTM2MDk5MTUxMg==	156	81	34	29	3	35	39	32	20	29	24	23	26	40	27	26	21	2	11	43	23	20	11	27	16	44	13	30	15	33
XMTM2MTE5NjYwMA==	81	233	65	70	21	50	62	77	40	24	16	18	17	5	11	25	0	0	4	70	8	7	0	19	3	4	7	35	11	22
XMTM2MTA1MjE5Ng==	535	392	289	99	1	35	75	106	83	71	54	52	56	63	68	40	52	75	59	43	75	66	85	62	44	67	42	60	53	32
XMTM2MDczNDI4MA==	642	411	179	164	39	116	140	102	62	70	23	36	71	51	45	46	28	31	2	71	59	39	17	27	14	10	33	54	11	30
XMTM2MDg5NDQ3Mg==	6681	7062	744	357	440	139	2236	3510	2218	1753	907	1367	1708	1763	2630	3140	1878	1682	3109	2841	1295	2093	498	796	851	1241	3628	4601	1854	2290
XMTM2MTA3OTg2OA==	14638	13021	5685	2974	18	14	1973	1894	1569	1688	1228	1293	1217	1189	1020	1281	901	961	620	827	922	844	1042	644	407	891	461	740	625	639
XMTM2MTM2OTg4NA==	64657	38466	6943	14270	2127	51340	26271	6519	4941	3495	2153	2853	2088	2630	2496	1702	1291	1290	1117	1074	1073	862	1138	805	534	894	598	1080	601	740
XMTM2MTE3MjM4MA==	520	2841	2273	1182	1588	1022	507	3275	1433	714	367	357	490	227	228	242	124	181	144	149	170	131	323	112	86	70	80	88	67	99
XMTM2MTQyNDE2OA==	734	411	91	47	3	298	276	157	87	192	111	58	102	55	18	1	4	10	2	288	13	38	2	24	12	25	11	1	21	29
XMTM2MTQ0NDUzNg==	90	49	47	93	103	44	17	10	0	6	5	1	2	2	3	0	0	1	1	16	0	0	1	2	1	2	0	12	0	1
XMTM2MTMzMjM1Ng==	269	277	63	78	150	89	80	63	56	45	42	36	35	67	41	28	14	4	12	90	232	26	4	2	1	9	5	13	24	7
XMTM2MDkxNTIyNA==	3797	4154	3368	2442	1896	2518	3930	3877	1866	891	628	947	116	686	1068	559	411	346	118	319	457	973	973	339	172	225	134	345	390	387
XMTM2MDY3NzQ3Mg==	375	317	141	119	26	109	124	137	78	55	48	65	23	103	4	26	20	16	7	261	43	45	62	22	2	57	30	129	47	42
XMTM2MDg3ODYyMA==	705	457	202	135	24	70	152	153	125	63	67	79	78	34	90	68	53	53	32	77	65	78	100	62	36	69	59	111	96	91
XMTM2MTU4NzU2OA==	349	370	167	75	10	1	19	8	6	7	4	1	0	2	0	4	0	0	1	10	1	1	5	0	3	1	3	2	1	2
XMTM2MTI5MTc4MA==	76	38	48	32	3	13	20	14	13	8	14	14	6	12	3	10	4	1	4	47	15	19	14	13	2	16	6	12	14	15
XMTM2MTQ5NzM4NA==	93	77	205	86	56	53	52	61	81	116	59	73	50	9	5	21	1	40	0	127	16	3	6	9	13	1	9	39	17	17
XMTM2MTIwNTI4OA==	11184	15483	5180	4959	1453	3767	2218	1692	1245	4088	1665	1377	1508	1366	1565	1165	725	560	702	785	537	630	864	718	763	1081	592	1211	900	656
XMTM2MDg4MjcwNA==	60	39	13	8	7	12	17	7	3	16	7	4	3	0	1	0	2	1	1	42	3	6	6	0	1	5	2	6	5	3
XMTM2MTM3NDU2MA==	5288	6435	3099	1111	228	246	109	48	49	196	106	243	92	26	42	25	25	35	26	25	12	26	34	12	8	25	11	8	10	12
XMTM2MTU3NTcwMA==	988	1923	1039	2667	8343	9456	4701	1582	578	594	294	597	468	753	319	329	107	136	111	158	189	73	74	104	164	211	196	164	223	1042
XMTM2MDgyMjEzMg==	5508	4470	2280	5362	6465	6460	9226	12714	10188	11276	6692	9190	8689	6297	4814	6305	4037	3952	2941	3510	3267	5201	4688	2888	1849	2691	1020	1890	1560	1914
XMTM2MTE4Nzk5Ng==	50	36	23	18	6	10	17	14	13	7	6	3	3	7	11	3	0	12	2	26	4	1	1	2	0	1	2	2	4	3
XMTM2MDk0Nzc5Mg==	1634	3087	2331	2343	1608	2843	905	471	417	163	142	90	33	73	39	33	42	65	29	17	31	26	27	49	19	32	32	24	604	1093
XMTM2MTIxMDQ3Ng==	351	223	62	95	235	161	142	122	308	172	91	67	63	50	2	19	222	246	431	254	120	97	111	71	111	91	82	150	94	156
XMTM2MTU3MjY0MA==	135	129	72	56	8	12	37	33	24	55	24	6	19	5	10	4	36	22	27	131	43	46	42	11	10	22	27	38	75	31
XMTM2MTQwNzM5Mg==	76	49	22	14	3	4	17	26	24	15	3	12	9	3	0	8	5	2	2	49	13	6	14	4	4	2	1	12	6	4
XMTM2MTYwODU0NA==	801	879	447	376	10	125	165	189	95	124	77	140	87	78	80	54	35	65	47	52	44	52	69	31	25	52	36	57	40	30
XMTM2MTQ3NTcyOA==	182	243	34	52	1	36	42	81	76	5	27	34	36	33	54	31	4	4	1	58	39	21	31	2	1	1	18	18	17	59
XMTM2MDkyNDM2NA==	2671	1235	181435	164654	35411	25968	18540	14302	11249	14205	7164	2235	2141	472	1554	1260	1794	1572	5427	3914	1110	896	726	1130	1262	810	231	718	453	379
XMTM2MTA2ODg5Ng==	505	339	106	169	35	62	88	259	141	67	51	41	40	69	109	84	101	102	43	54	72	104	147	252	175	270	118	245	145	158
XMTM2MTExMjQyMA==	124	142	380	154	19	66	21	34	13	8	31	2	2	2	15	10	81	15	2	42	7	2	1	15	2	0	5	0	4	7
XMTM2MDkxNDE4NA==	1739	779	426	1123	311	978	226	56	4	72	28	38	27	14	1	30	24	13	5	0	2	0	7	10	15	496	85	7	21	76
XMTM2MDkxMTU3Ng==	74	22	51	30	16676	16239	7594	9486	5913	3162	2615	3402	3651	3018	3192	3227	2463	1689	960	1310	1448	1460	845	168	362	793	653	789	690	735
XMTM2MDkxODg2NA==	924	467	54	77	9	456	659	949	621	219	365	210	297	399	556	347	144	169	157	197	173	318	343	17	29	227	127	253	322	299
XMTM2MDkwNDQ4NA==	8728	6962	3906	7385	5648	2126	606	56	448	483	441	186	205	167	139	155	185	181	131	102	28	56	24	32	22	38	41	62	27	56
XMTM2MTE0NzI2OA==	345	170	39	102	12	121	172	170	145	298	277	286	469	243	555	548	315	309	352	317	219	323	423	254	261	277	207	226	193	231
XMTM2MTI1OTg1Ng==	465	398	207	130	18	80	122	55	39	57	53	1	10	10	2	18	20	37	1	110	2	6	2	5	7	4	5	1	1	5
XMTM2MTE4NzE5Mg==	225	151	98	75	4	38	46	32	32	40	23	426	626	119	16	56	36	15	16	71	26	21	11	16	8	18	79	47	21	17
XMTM2MTU3MjE1Mg==	74	30	30	23	9	26	27	45	20	26	12	26	30	10	5	5	5	4	1	30	4	5	7	1	2	0	3	4	5	2
XMTM2MTAwODYyOA==	1044	1560	1117	1110	469	756	1045	1136	1419	491	436	304	405	347	491	668	302	253	119	211	125	281	346	155	97	109	89	126	134	150
XMTM2MDgzODM2NA==	24	16	8	12	13	8	15	11	7	15	2	1	0	0	2	4	0	1	1	28	7	0	0	0	1	2	1	6	3	1
XMTM2MDg4MzgwOA==	466	339	186	1181	5086	5365	7010	7612	5378	4930	4102	4110	6053	7336	5925	4967	3720	3276	2607	3494	3648	7193	8157	3036	824	567	487	1771	781	12798
XMTM2MTIwNTA4OA==	1508	8632	7559	3249	173	541	440	547	449	564	377	343	357	232	670	760	757	332	124	117	138	382	726	227	332	261	357	195	184	287
XMTM2MTUxNTI0MA==	105	111	41	34	1	1	85	26	17	39	15	22	4	10	3	3	1	1	1	72	8	4	15	0	3	6	40	7	9	0
XMTM2MTI0NjIwMA==	966	544	396	396	29	21	18	8	5	13	4	4	4	3	1	4	1	4	5	11	2	2	3	0	0	1	3	0	0	355
XMTM2MDk3Nzk4NA==	332	166	49	66	3	81	433	49	51	37	47	49	59	17	67	60	22	53	74	124	113	101	246	87	89	155	76	187	83	104
XMTM2MTM4MzE2OA==	18	102	44	142	83	162	105	61	131	37	1	1	0	1	0	1	0	1	0	4	1	2	0	1	0	0	0	1	0	0
XMTM2MTI5NTM3Mg==	64	85	11	519	510	333	630	820	592	226	189	179	399	361	727	388	1579	1373	228	115	271	340	443	295	174	319	58	453	623	727
XMTM2MTMyNjM3Ng==	129	82	24	21	7	8	51	74	32	24	11	11	18	18	51	44	17	20	20	41	25	44	54	25	8	8	20	24	18	47
XMTM2MDk5NTA3Mg==	202	133	63	59	2	6	38	48	27	65	37	40	43	48	16	54	21	8	4	113	50	34	68	65	43	63	54	72	50	42
XMTM2MDg3NDcwOA==	37580	26708	10347	5618	2312	1149	7402	6883	6212	10119	6318	2902	3203	2383	2192	5750	5214	2139	1075	1141	1073	1325	1342	739	523	863	671	729	601	632
XMTM2MTE4NDQ4NA==	338	250	82	104	3	18	75	3	17	23	26	23	12	18	0	0	2	0	4	154	27	11	17	10	11	56	13	54	24	36
XMTM2MDgwNTk3Mg==	586	648	298	159	60	93	161	194	153	132	114	172	238	155	132	179	92	128	94	97	84	87	127	105	77	132	125	168	77	69
XMTM2MTE4MTM4MA==	469	392	164	93	30	60	81	77	57	96	42	47	40	44	6	56	19	57	59	190	51	36	65	75	27	50	38	25	51	30
XMTM2MTYzNDU4NA==	33	47	13	3	3	0	15	6	0	2	1	0	0	1	0	1	0	1	1	9	6	5	8	1	0	1	0	1	2	3
XMTM2MTE1MDUyMA==	1841	2651	1246	757	427	1351	964	448	534	548	377	322	479	534	530	434	396	558	315	150	196	163	276	90	137	202	80	95	65	40
XMTM2MTUwNjIwMA==	1523	1399	2412	994	547	196	558	718	157	308	388	407	279	119	66	161	122	125	56	53	53	64	49	30	23	34	15	31	39	26
XMTM2MTA2Nzg0MA==	138	160	66	36	5	24	26	34	23	28	13	10	9	8	22	17	0	10	1	74	14	28	27	7	7	15	12	30	17	14
XMTM2MTMxNDk0NA==	3027	2002	640	491	142	321	646	820	839	927	864	938	907	908	380	347	219	243	131	171	185	180	224	160	109	193	117	179	242	214
XMTM2MTQxNDMzMg==	15375	14195	7930	4922	875	2441	2510	2112	2123	1809	1243	1868	1461	1268	1203	1130	1014	997	932	903	734	882	1123	646	446	635	598	738	492	529
XMTM2MTM5NDQwNA==	304	156	48	95	10	78	108	100	28	6	4	7	1	3	2	0	1	3	0	11	1	1	2	0	0	1	2	1	2	0
XMTM2MDkzNDU3Mg==	208	123	30	29	2	77	35	29	26	21	12	8	3	4	8	2	5	2	1	36	3	3	5	1	1	9	3	6	13	1
XMTM2MTU0MDUyOA==	106	85	59	1	18	1	22	35	17	16	24	9	2	3	2	3	0	7	3	59	11	5	9	8	0	7	3	4	5	3
XMTM2MTM3MjIyMA==	685	590	269	123	71	3	64	126	94	82	45	64	52	42	72	40	41	45	24	35	22	38	53	27	19	38	23	40	40	48
XMTM2MTE0NTM1Ng==	528	446	75	85	74	284	442	155	122	80	42	54	74	101	109	185	124	106	69	85	147	294	325	125	136	161	62	168	195	161
XMTM2MTY1OTY0OA==	4059	4628	2219	1947	41	16	615	380	317	260	248	290	250	270	230	241	169	187	123	113	267	142	81	74	94	7	67	66	61	102
XMTM2MDgzMDE1Mg==	52	38	17	2	52	17	22	3	2	4	2	6	3	3	4	17	2	1	0	20	1	1	1	0	1	0	1	0	0	0
XMTM2MTI1Njc2OA==	1784	1581	502	535	76	157	263	265	148	116	148	121	156	107	126	106	57	111	92	103	99	102	83	35	41	75	39	87	90	68
XMTM2MDkyNTQ4MA==	60	38	9	25	25	31	25	58	70	44	23	36	16	49	12	1	11	1	140	137	26	44	2	31	4	59	48	69	110	54
XMTM2MTE1NzU2MA==	49	67	35	47	14	34	23	37	18	32	37	30	10	4	23	3	1	6	18	212	58	63	44	22	14	107	46	12	2	5
XMTM2MTYwMDk0MA==	76	209	175	96	117	118	137	69	87	116	79	99	103	66	52	107	69	67	60	111	128	39	79	55	120	52	6	174	111	66
XMTM2MTA1ODU5Ng==	1828	2006	1910	1286	155	855	1221	924	586	602	496	478	474	419	498	419	403	492	416	477	471	325	347	319	277	371	254	389	245	317
XMTM2MTIwNTg4MA==	886	749	639	808	269	352	329	204	169	155	143	85	97	128	134	90	118	132	78	110	87	73	88	54	75	116	28	100	54	76
XMTM2MTU1ODcxNg==	177	316	211	86	12	49	61	62	58	53	27	41	55	69	50	16	37	15	33	70	35	43	31	19	18	18	7	25	65	37
XMTM2MTIwNjY5Ng==	1717	3132	889	819	357	621	638	2701	1183	813	80	626	413	535	898	753	162	116	68	128	659	1460	869	156	63	224	143	155	504	372
XMTM2MTMwOTUyOA==	1338	944	421	317	38	7	142	105	59	70	39	58	62	67	58	39	37	43	37	39	25	35	32	15	20	41	16	45	12	29
XMTM2MTQxODQzMg==	45	24	6	4	0	66	55	57	1	2	0	0	1	0	0	0	0	0	0	6	1	1	1	0	0	0	1	0	1	0
XMTM2MTQxMzg5Mg==	27	28	15	13	0	7	21	8	8	3	0	5	1	1	0	2	2	0	0	28	7	11	10	0	4	3	10	5	6	5
XMTM2MTIwNDI3Mg==	314	287	69	29	37	0	39	160	60	45	31	6	10	1	54	34	21	31	0	133	26	7	9	5	6	19	2	10	28	2
XMTM2MTA0OTk0OA==	600	387	125	170	23	96	226	404	565	351	332	248	826	522	778	549	450	377	399	1112	1061	2072	2872	1138	1096	1302	528	909	1143	1207
XMTM2MTEyMzU4NA==	2655	1816	3535	1641	924	1358	1780	394	182	680	542	52471	508	532	212	155	90	100	50860	96	56	106	122	77	46	110	66	111	56	69
XMTM2MTMwNDMyOA==	42	58	56	39	10	29	77	91	18	28	17	24	5	51	64	5	8	30	25	191	26	17	9	10	5	16	8	227	62	26
XMTM2MTI1ODA1Mg==	2709	2911	2021	1144	59	919	1018	1285	2499	3374	2223	5943	5740	4806	6978	10780	8249	8277	9258	8386	6654	7282	7970	6272	4209	6934	6299	4745	6793	4469
XMTM2MDkyODk2OA==	78	38	10	39	7	3	16	34	25	25	18	7	12	35	42	11	18	1	18	36	13	24	14	3	4	27	24	17	44	64
XMTM2MTQ5ODU5Mg==	118	261	320	356	253	167	342	323	321	190	115	314	278	339	480	619	303	305	375	217	378	474	786	406	404	724	589	1036	705	681
XMTM2MDk1NDgxMg==	8	11	105	49	35	32	167	67	29	14	6	7	0	0	4	2	16	2	3	38	4	1	0	0	2	0	2	1	1	0
XMTM2MTU1MTc3Mg==	42	119	82	31	10	18	20	15	9	8	9	4	2	0	0	0	0	1	0	17	4094	2533	3758	1311	362	393	217	241	144	141
XMTM2MTE0MTQwNA==	28	14	13	2	3	61	26	7	1	0	0	0	0	2	1	0	1	0	0	0	0	0	0	0	0	3	0	0	0	0
XMTM2MTAyMjM4MA==	16	9	3	6	6	8	20	12	3	6	1	5	0	3	4	0	3	2	0	13	8	3	1	1	2	3	1	1	7	5
XMTM2MDcwOTkwMA==	1664	846	456	449	402	679	586	495	211	123	15	534	498	84	377	321	251	20	284	188	87	261	86	81	154	352	107	100	176	205
XMTM2MTE5MDE0MA==	194	131	33	65	4	44	45	66	50	82	61	50	87	86	94	66	100	91	86	88	121	110	152	161	138	232	51	223	99	151
XMTM2MTEzMTA0NA==	227	196	71	64	6	16	20	14	6	4	6	0	1	1	1	1	1	0	0	25	3	5	0	1	2	3	2	14	11	4
XMTM2MTQyOTYzMg==	256	171	16	11	194	85	35	14	23	15	6	0	3	0	0	1	1	6	0	47	1	3	2	4	0	3	1	2	1	2
XMTM2MTQ0NDA4OA==	18	56	38	37	51	48	18	21	58	247	136	24	40	3	3	15	6	7	6	46	6	14	21	1	7	2	7	11	14	13
XMTM2MDk2MDE5Ng==	398	547	301	313	27	82	135	163	149	136	83	135	147	66	93	31	47	50	18	35	41	32	53	26	6	35	35	51	40	33
XMTM2MTM5NjM0NA==	338	123	80	139	67	150	106	63	72	130	6	4	5	0	1	10	1	4	1	30	4	3	1	2	1	2	1	10	5	1
XMTM2MDkwMzI5Ng==	1434	707	506	364	53	261	359	337	462	1137	288	253	168	213	263	306	292	265	147	176	130	78	201	134	115	195	106	180	103	79
XMTM2MTE0NzExMg==	654	294	168	288	124	219	348	306	333	298	387	163	352	349	517	448	544	359	384	362	298	286	365	271	266	286	220	386	293	297
XMTM2MTAxMzMxNg==	25	12	10	20	15	10	19	9	17	28	11	11	25	17	14	11	19	14	2	43	20	16	21	18	15	31	27	36	44	16
XMTM2MDkzNjkxNg==	4193	6271	1757	1798	71	877	1472	1331	1174	1173	872	1111	1151	808	582	656	692	624	279	201	159	194	190	175	98	251	203	159	126	127
XMTM2MTE4ODA5Mg==	1762	907	5484	8548	1768	781	705	705	276	177	117	108	16	648	622	372	192	223	128	284	223	144	98	93	49	101	45	547	151	110
XMTM2MDkzNDEzMg==	73	86	22	34	14	24	30	22	25	21	15	1	4	2	1	0	1	1	10	89	6	12	0	11	0	4	2	5	9	5
XMTM2MTAzNjUxMg==	425	294	289	286	251	546	760	456	398	508	407	631	770	848	586	542	516	638	362	515	565	985	1259	387	369	744	336	609	402	384
XMTM2MTQ0OTY4OA==	376	634	438	324	74	199	198	119	69	158	50	67	53	66	19	78	55	75	62	136	33	28	26	52	30	56	46	49	63	51
XMTM2MTQxNTY0OA==	739	2233	1526	2613	1223	1403	1210	692	423	478	327	500	467	595	423	467	198	226	255	304	260	205	328	249	173	221	170	198	207	195
XMTM2MDc4NDQyOA==	513	388	214	42	0	4	67	104	61	49	44	49	58	5	76	73	41	53	28	112	39	51	42	28	6	23	8	26	25	35
XMTM2MDUzMjc2MA==	6146	6097	3529	3199	140	539	1087	288	819	59	207	403	420	307	269	260	459	209	227	187	268	363	148	59	98	124	139	48	51	182
XMTM2MTM0Njk5Mg==	80	54	21	37	33	14	22	12	4	3	1	1	1	0	0	1	2	0	0	8	4	3	2	2	2	5	1	2	2	1
XMTM2MDg4MTAyOA==	2790	2805	2942	4477	1447	2795	2405	2539	2220	2249	1374	2378	2313	3132	2300	2062	2294	1710	1495	1287	1318	1576	1975	1028	757	1443	803	1496	1120	1130
XMTM2MTUxNTM0NA==	19	14	23	3	0	33	43	24	7	2	3	0	2	3	0	2	0	3	0	14	1	0	0	0	0	0	0	0	1	0
XMTM2MDczNzI3Mg==	72	36	123	146	113	112	106	157	107	155	8	96	117	144	198	32	406	1542	2121	2004	2071	3059	3492	2244	1465	3024	728	3777	3335	3245
XMTM2MTI4NDE2MA==	346	303	92	99	20	2	61	53	41	24	7	1	1	2	0	3	2	2	1	50	8	11	0	1	2	1	3	0	0	5
XMTM2MTQ5ODU2NA==	2947	3264	1267	418	99	154	188	187	64	62	46	37	55	46	47	44	45	43	35	35	41	75	105	61	45	107	33	90	57	55
XMTM2MDc1NTU1Ng==	58	46	7	19	10	11	14	13	10	15	11	22	12	9	16	9	9	12	0	40	15	27	8	5	1	19	14	38	8	11
XMTM2MDkzMjc2OA==	48	23	8	5	4	12	16	18	16	13	6	8	4	4	2	3	5	6	1	48	8	7	20	4	1	3	10	0	9	15
XMTM2MTYwNTA0NA==	92	131	82	100	50	76	109	185	208	157	124	128	157	223	246	267	78	375	424	579	561	1120	1190	1181	403	1164	547	1723	3203	3089
XMTM2MTEzMTgwMA==	408	269	80	126	33	170	159	71	83	120	61	49	87	51	14	37	37	62	37	94	42	47	52	31	27	30	9	34	10	15
XMTM2MTcwMjM2OA==	2289	3122	1005	1516	800	2013	3376	6362	3957	1632	1265	1424	2958	2343	6075	3358	1446	1503	749	881	2780	973	4228	800	878	1595	544	1765	3442	2106
XMTM2MTE5MDczMg==	318	210	177	202	4	34	50	111	81	37	28	48	65	29	40	28	23	29	20	155	70	27	35	71	17	38	11	29	41	48
XMTM2MTU3OTM5Mg==	129	107	49	46	14	18	22	32	45	48	19	3	5	12	8	5	4	8	3	98	0	0	4	6	1	1	3	1	0	6
XMTM2MDczMDc3Ng==	16	4	2	2	1	0	17	8	10	8	2	1	0	0	1	0	1	1	0	6	0	1	0	1	1	1	0	0	0	2
XMTM2MDkxMTkzMg==	83	62	12	19	3	2	16	16	7	4	9	1	2	1	4	1	6	0	3	21	1	6	2	1	0	2	0	5	2	3
XMTM2MDgzNDU3Mg==	110952	98280	36769	15451	556	3569	2029	1148	1583	403	779	535	1193	462	444	299	336	1067	372	339	228	224	306	179	386	216	5611	3549	427	6385
XMTM2MTE0NjM4OA==	90	31	69	18	1	12	16	4	1	9	5	2	1	2	0	0	1	0	3	44	3	0	6	2	4	0	0	0	0	2
XMTM2MTExMzA4NA==	708	439	94	74	173	119	104	93	19	42	43	41	16	15	38	22	9	1	2	168	21	30	32	3	20	0	5	15	24	18
XMTM2MTE0Mzc2OA==	611973	511148	173717	112073	2256	18632	34314	42997	29560	24849	15325	25361	19996	15057	11893	9175	8525	7263	4704	7549	6074	5829	5100	3223	1311	3725	2743	4499	3518	3881
XMTM2MTM0NDEwMA==	1026	871	373	331	37	119	335	557	232	105	70	78	82	112	155	87	54	49	36	34	28	14	46	22	20	27	27	53	24	22
XMTM2MTI4ODc2NA==	176	136	47	46	13	34	64	60	21	49	58	40	19	23	12	18	26	24	29	41	15	20	35	8	8	4	9	16	12	15
XMTM2MTA3Mjk5Ng==	334	211	101	123	65	155	111	188	97	73	69	100	149	161	1147	541	326	167	134	124	84	110	118	73	53	86	49	71	66	87
XMTM2MDg1OTY4NA==	120	100	93	1301	1684	561	419	192	93	214	35	103	93	132	4	27	41	82	45	117	50	59	322	168	46	95	95	62	48	49
XMTM2MTM4OTY5Ng==	216	122	28	38	1	37	64	47	21	39	65	19	15	9	2	0	1	6	0	32	4	2	6	2	2	2	1	2	3	2
XMTM2MTAxMTA2NA==	529	468	170	578	1540	986	831	862	672	396	218	588	564	286	821	102	525	391	126	730	562	454	536	344	136	367	347	505	551	361
XMTM2MTU3MTE0OA==	14	123	88	170	86	246	152	116	60	125	13	2	3	0	1	3	0	2	0	22	5	0	1	1	1	1	1	1	2	0
XMTM2MTE0MTg1Mg==	979	895	463	232	22	12	168	202	116	118	64	43	72	49	111	59	45	35	26	78	31	38	7	26	1	6	16	26	34	20
XMTM2MTAwNjEyNA==	47	57	54	97	71	118	88	126	131	151	100	142	191	162	170	176	186	168	192	149	225	190	225	154	174	310	194	294	166	175
XMTM2MDk4NjY5Mg==	1617	1654	903	574	264	538	698	618	629	668	263	964	101	643	22	12	176	296	71	3536	458	701	7	541	42	35	465	530	612	508
XMTM2MTA3Mjk4OA==	411	864	771	606	559	770	310	411	483	392	276	289	249	242	1910	825	264	288	278	163	259	226	333	316	144	256	206	252	186	174
XMTM2MTY3MDg5Ng==	156	63	40	44	44	135	36	30	20	40	48	37	25	34	2	31	11	11	12	129	15	12	21	20	11	47	16	44	11	10
XMTM2MTU0NTM0MA==	195	351	336	280	648	1098	963	836	706	741	508	735	1072	1635	846	590	575	757	542	433	366	491	525	380	352	659	288	484	438	393
XMTM2MDk5NTcxMg==	671	532	296	218	7	132	86	48	38	36	40	32	80	15	11	0	38	3	3	136	39	8	3	17	2	5	2	17	4	9
XMTM2MTExMTgyMA==	217	134	50	70	6	51	48	50	29	31	33	20	6	3	27	1	25	13	20	77	17	8	10	3	8	9	9	21	7	11
XMTM2MTA4MzM4OA==	384	522	152	68	2	137	27	50	13	40	17	1	1	4	3	30	9	9	2	110	19	4	5	0	2	1	5	10	2	7
XMTM2MTY2NDA5Ng==	39	65	2	66	25	28	17	3	7	1	2	1	2	0	0	1	0	1	3	13	1	4	1	3	0	0	0	3	1	2
XMTM2MTMyNDkyNA==	750	5403	3014	1505	461	1020	508	540	344	272	290	340	293	313	419	415	255	319	189	189	229	258	267	135	203	356	151	243	190	242
XMTM2MTI3Njk0NA==	5738	8409	2819	1681	153	3773	4283	2494	1547	3311	1617	1660	1126	1686	1012	677	436	364	294	304	688	448	243	294	254	371	196	319	250	225
XMTM2MTMyODY3Ng==	427	187	348	376	64	59	30	16	72	41	5	7	10	16	8	21	11	1	4	106	3	3	0	3	2	4	1	0	1	0
XMTM2MDc0OTE5Mg==	106	42	11	206	183	34	27	61	23	16	6	17	16	2	21	25	6	14	0	59	10	12	10	11	4	2	12	7	15	21
XMTM2MTI0ODAxMg==	2068	1801	2304	1734	2728	3984	1582	214	41	9	34	88	72	62	62	14	8	31	24	71	20	18	20	29	5	18	21	34	19	1447
XMTM2MTExMjAzNg==	179	121	98	41	7	1	25	19	16	8	5	9	9	2	7	5	13	1	3	79	12	17	2	11	3	4	6	15	7	13
XMTM2MDg3MTQ4OA==	189	158	71	87	58	70	87	89	44	96	66	29	53	63	55	72	55	54	45	51	52	58	67	38	45	59	18	53	47	42
XMTM2MTUzNzYyMA==	911	671	344	226	51	44	56	37	30	49	32	24	26	26	37	8	24	31	34	53	30	27	38	6	6	6	6	11	13	15
XMTM2MDkyOTIxNg==	4727	3854	2864	6440	1496	2314	1168	990	881	710	520	524	604	496	570	566	468	498	419	435	444	571	611	296	306	428	192	409	382	445
XMTM2MTU4MDM2OA==	85543	114218	1204389	1494981	140753	1015604	38838	30608	22967	13950	9789	12892	13284	1527950	12101	9067	6066	5007	5597	4715	4918	6886	5736	3305	2123	4574	3844	5141	3346	3590
XMTM2MDkzOTM0OA==	408	215	87	101	8	75	78	66	29	28	16	16	24	4	4	3	6	0	14	41	9	4	2	3	0	1	2	7	4	12
XMTM2MDgwOTMyNA==	7855	61925	241860	280295	152130	72232	25383	26211	29283	18206	19525	18827	10602	17544	28763	37739	13134	14759	15459	17077	14827	23903	34047	17305	14900	23450	21565	14977	20031	16826
XMTM2MTI3MjY2NA==	138	72	45	40	2	7	31	19	16	32	7	15	9	1	1	1	2	11	8	39	8	13	10	3	1	12	7	13	15	15
XMTM2MTE4NDY5Ng==	474	685	370	281	237	175	124	49	100	40	37	32	4	1	93	84	8	21	1	330	37	14	18	15	10	65	25	59	53	49
XMTM2MTU3MDU1Mg==	397	398	122	113	288	1208	1578	879	364	169	168	310	263	147	235	147	209	99	69	87	213	60	38	49	59	64	92	99	31	539
XMTM2MTMzNTI2OA==	3713	3465	1530	585	147	38	60	256	122	219	278	110	146	95	101	162	109	72	75	57	52	63	65	56	31	75	35	41	33	28
XMTM2MTcwNzYzNg==	1420	1012	561	2591	1295	1655	2492	4807	3533	1004	777	1303	1255	1319	2128	2087	535	649	493	331	622	2528	1777	547	1113	169	67	658	2593	1592
XMTM2MTU1MjMyOA==	146	111	187	68	14	160	436	768	159	89	43	35	39	44	26	33	10	16	13	44	6	12	15	7	5	8	7	7	6	7
XMTM2MTQ2ODYzMg==	1015	474	10797	11587	97	11597	587	266	151	100	40	31	58	37	50	40	38	25	30	1	29	27	37	15	16	30	6	16	19	15
XMTM2MTU3NjA0MA==	568	911	205	277	49	214	120	150	151	103	141	108	146	166	135	123	158	189	150	167	197	219	230	138	133	246	139	143	131	155
XMTM2MTI2NDMxNg==	12	17	4	6	24	38	72	156	140	55	65	46	43	0	60	61	187	343	447	582	565	1160	1183	400	94	257	342	160	473	285
XMTM2MDk4OTgwOA==	376	360	218	190	46	217	125	52	49	51	28	25	33	17	38	17	21	17	4	103	20	17	15	0	2	7	10	8	7	36
XMTM2MTQzMjc3Mg==	108	53	25	20	2	26	26	17	21	13	35	8	9	12	28	14	3	16	4	16	15	8	16	16	26	4	19	17	10	61
XMTM2MTQyNTA2OA==	95	76	47	43	20	50	31	31	17	34	18	7	8	1	6	11	3	1	3	144	29	24	17	18	10	8	24	22	16	15
XMTM2MTQzOTkwNA==	44	30	12	60	95	9	36	35	7	7	7	1	1	3	0	2	1	1	0	34	0	1	2	2	3	3	4	47	29	10
XMTM2MTQxMzY0NA==	564	523	81	93	7	3	159	225	264	71	20	93	41	72	249	232	88	42	53	11	68	109	107	71	2	120	16	140	175	188
XMTM2MDk4MDA5Mg==	438	353	159	123	23	255	779	1796	747	414	207	109	268	172	307	182	277	79	73	224	66	356	3	452	491	161	317	273	40	244
XMTM2MTE3MzU3Mg==	35	11	12	30	43	11	14	4	7	8	19	11	6	3	2	5	1	0	2	58	5	1	2	3	0	0	3	0	5	2
XMTM2MDU2OTU4NA==	236	179	53	94	2	59	55	59	79	39	62	67	46	85	38	79	102	56	54	72	63	75	93	58	40	94	14	72	44	37
XMTM2MTA0Mjc5Ng==	2790	2285	669	462	67	162	427	533	280	501	484	580	601	375	345	241	221	319	153	371	254	266	234	158	153	201	168	260	164	168
XMTM2MTAxMzg5Mg==	96	74	27	12	0	51	68	45	27	26	36	59	35	11	4	3	0	7	1	43	30	13	19	9	5	35	4	19	5	10
XMTM2MTE1MDUyNA==	2289	2411	1218	803	73	1210	978	646	595	649	520	437	612	758	675	708	1008	873	611	664	478	586	892	711	606	786	244	359	227	263
XMTM2MTIxODQxMg==	68	56	31	53	58	73	104	141	4	2	2	0	7	7	4	5	2	14	13	1	2	0	2	8	1	8	1	14	10	68
XMTM2MTQ3Nzg3Mg==	97	53	47	113	66	24	35	10	14	25	17	6	13	10	20	1	7	12	4	50	5	18	23	12	6	9	7	13	5	21
XMTM2MDk2ODYzMg==	26123	32470	8214	7059	1901	612	871	6322	7255	7910	3815	1349	1578	459	789	904	734	848	706	693	465	228	259	268	478	469	150	183	201	159
XMTM2MTEwODAwNA==	19	14	6	17	9	21	18	25	12	15	9	14	28	14	14	6	9	1	0	27	10	4	0	8	5	1	2	6	20	37
XMTM2MTYyOTY5Ng==	695	765	22220	21007	20719	139	158	79	60	144	47	77	75	59	55	61	50	139	90	43	30	98	138	91	18	73	39	68	49	43
XMTM2MTY0MTI2NA==	138	195	68	70	5	8	33	68	107	90	10	6	24	9	2	7	1	0	1	17	1	0	2	0	1	2	1	0	2	2
XMTM2MTI3OTA0NA==	1320	590	194	288	272	803	367	113	60	71	108	56	162	152	56	13	5	3	8	93	27	24	31	14	5	10	50	37	25	9
XMTM2MDkwMDM2NA==	3961	3550	1106	1037	96	659	1004	1843	1267	727	746	427	273	20	6	88	221	663	335	440	15	18	20	8	4	69	142	152	245	253
XMTM2MTA4NjQ0OA==	114	78	29	64	4	25	47	40	24	35	22	24	9	4	1	4	9	0	2	200	26	34	22	6	17	29	7	29	22	13
XMTM2MDc1ODk5Mg==	10	157	71	28	35	36	35	24	18	9	1	1	0	0	0	0	2	0	0	2	1	0	0	0	0	0	0	0	0	0
XMTM2MTUzODA5Ng==	125	116	31	32	2	2	15	5	2	7	9	8	13	4	1	1	0	13	24	15	0	2	3	1	1	4	1	2	4	4
XMTM2MTM5NDc4NA==	647	513	85	116	2	49	222	356	207	65	39	39	59	121	193	150	57	63	41	32	63	91	129	117	65	82	94	58	74	70
XMTM2MTI0MzM2NA==	2380	1998	1223	1050	297	924	599	551	622	406	328	262	324	435	34	231	301	304	263	543	255	287	213	230	126	345	162	306	166	154
XMTM2MTI2Njc5Mg==	16	22	9	1	24	40	63	175	102	57	46	29	54	81	107	68	72	255	213	234	336	507	818	572	237	369	69	274	184	196
XMTM2MTM5NTk3Mg==	146	197	95	151	65	134	298	172	132	181	186	191	276	217	189	61	155	229	169	215	351	207	333	283	224	416	60	324	261	161
XMTM2MTQzMjMyMA==	122	135	37	59	3	6	28	24	16	20	23	30	12	13	25	5	8	16	10	86	32	35	42	8	0	12	11	13	9	14
XMTM2MTMwNDY3Mg==	32	10	6	13	0	6	17	6	2	1	0	1	0	1	1	1	1	0	1	14	0	0	2	1	0	2	0	1	2	3
XMTM2MDkzMzUyNA==	23	10	15	13	6	7	15	5	12	18	4	18	7	0	8	2	4	32	15	45	38	19	20	13	12	30	7	31	21	24
XMTM2MTE1MzY0NA==	116	64	35	26	1	20	29	30	18	21	10	17	10	15	8	4	3	3	0	9	4	3	1	3	1	1	0	4	3	1
XMTM2MTU5MTAyNA==	914	1260	655	568	90	253	231	130	105	114	90	69	63	54	120	44	63	75	54	42	79	83	51	45	57	60	35	130	149	205
XMTM2MTM2NDM2OA==	1346	1471	651	401	43	304	235	209	123	210	163	108	208	144	106	102	85	131	72	59	81	91	113	47	44	92	59	90	46	26
XMTM2MTA5ODg0OA==	5029	4588	1215	1002	276	99	331	786	603	655	562	484	1065	1848	1169	678	617	672	593	508	516	429	578	386	339	588	267	614	448	480
XMTM2MTM1NjI4MA==	311	18788	7235	4475	5028	5389	5061	4729	3261	4922	4182	4307	5195	5174	3520	3289	3564	4704	3663	4796	2264	3497	4233	2879	3382	6357	3050	5892	3731	3444
XMTM2MTMwMDAzMg==	357	138	25	58	114	163	16	7	3	13	5	1	3	1	0	1	2	4	1	28	12	4	2	4	1	3	0	3	2	2
XMTM2MDk4MDg4NA==	1139	866	444	491	53	390	347	244	151	229	196	185	282	275	348	218	190	223	164	195	117	138	144	127	83	134	69	152	90	87
XMTM2MTIzNTQ2OA==	8944	14607	7661	10107	5007	11588	12954	22008	18821	10542	7799	11170	12512	13426	21814	15589	7647	8512	7570	10554	12013	23555	21874	9924	6922	15185	7691	12194	16374	16705
XMTM2MDg1NjQ1Ng==	260	584	333	171	11	68	35	33	26	37	20	1	0	11	1	0	0	20	0	117	4	3	3	5	2	5	4	1	10	8
XMTM2MTYxNjQxNg==	3	12	14	10	13	10	16	13	8	15	4	15	18	11	15	10	6	13	13	36	37	16	22	13	13	3	28	2	46	17
XMTM2MTA5ODkzMg==	1050	682	248	589	14	12	91	115	115	137	51	97	53	34	26	7	51	33	19	62	34	141	51	74	35	17	35	59	31	16
XMTM2MTUxMjYyOA==	1183	1598	414	420	63	33	182	186	113	144	103	108	87	88	77	73	75	94	85	59	73	42	63	29	1	63	27	44	33	35
XMTM2MDM5NDYwNA==	254	162	79	99	16	113	73	95	72	55	37	63	68	61	58	30	63	41	29	48	50	46	43	49	39	64	28	117	48	41
XMTM2MTQwMTYxNg==	189	199	81	46	17	6	14	3	13	28	15	22	40	21	8	18	4	2	1	14	9	7	10	1	5	8	6	4	2	4
XMTM2MTUxNjcxNg==	110	96	30	20	12	29	38	45	42	30	21	63	77	49	53	68	35	9	14	91	26	29	42	31	37	43	45	30	41	21
XMTM2MTMwMDg2MA==	145	119	58	63	2	34	23	17	8	26	13	9	12	11	2	1	0	2	1	20	6	7	11	6	1	19	6	14	4	5
XMTM2MTI4MjYyNA==	40566	32562	14069	10287	368	36643	19471	8436	39332	11710	5759	4605	5558	4153	4612	5587	5279	5318	2603	2981	2345	2814	3315	3902	4020	3522	2389	2679	2944	3308
XMTM2MDk1ODMyOA==	88	56	20	16	0	22	20	18	27	30	18	28	6	11	4	0	0	1	19	88	10	11	5	2	6	10	3	1	28	9
XMTM2MDgxNjczNg==	2929	1448	773	948	43	654	668	272	201	155	180	166	131	184	138	124	160	136	21	264	112	128	193	10	45	130	149	195	117	114
XMTM2MDg3NzU0OA==	90	62	9	25	1	11	22	26	17	13	14	16	3	1	5	3	9	2	3	87	1	1	4	3	9	0	3	8	2	1
XMTM2MTQ3OTI5Mg==	183	232	214	120	36	48	48	34	16	16	13	15	16	3	4	7	0	1	3	49	6	11	13	18	12	1	7	3	7	20
XMTM2MTMxNzgxMg==	1132	1103	607	381	66	87	133	136	89	148	79	104	98	76	53	46	52	61	76	49	67	64	53	45	36	69	30	42	38	40
XMTM2MTM0NzM1Ng==	33	36	8	4	2	2	30	4	23	15	4	1	1	0	0	1	1	3	0	1	1	0	2	0	0	1	1	0	1	0
XMTM2MTAzMTYzNg==	1221	731	266	314	53	439	475	256	188	212	172	77	172	170	142	141	115	96	125	148	134	153	243	53	96	145	97	126	160	141
XMTM2MTYxNDU4MA==	110	136	52	45	2	24	27	15	16	45	24	4	1	0	1	3	12	1	6	63	4	5	17	2	0	16	8	36	4	9
XMTM2MDc1MTc2OA==	73	32	20	21	0	16	17	16	6	11	7	6	2	11	5	8	4	12	0	21	17	16	12	17	35	28	3	1	0	4
XMTM2MTA1ODE1Ng==	1776	3838	3072	1204	281	1262	883	825	685	386	297	546	548	404	561	465	350	282	192	287	271	435	455	192	183	383	158	361	394	382
XMTM2MTAyMTcyMA==	220	165	35	58	2	37	30	19	10	22	12	3	2	6	3	2	0	0	2	57	3	3	3	4	2	3	0	2	4	5
XMTM2MTUxNTgyOA==	103	94	39	12	12	9	20	37	21	41	22	10	18	18	2	11	5	5	18	38	13	19	23	10	7	11	11	16	25	10
XMTM2MTIwNDY5Mg==	2138	4378	3661	1868	85	450	518	459	393	510	345	322	341	172	224	411	579	453	419	298	160	175	345	850	310	259	307	182	175	279
XMTM2MTQwMjQ4NA==	88	218	132	97	22	69	59	69	44	76	19	2	1	2	33	30	0	34	33	19	0	1	1	1	1	0	0	2	0	0
XMTM2MDk4OTQ4MA==	81	89	31	29	16	36	57	31	19	15	22	13	2	5	2	1	5	1	3	85	20	12	11	2	6	3	0	12	23	10
XMTM2MTA2OTQ0MA==	147	94	77	54	42	102	136	25	12	11	21	10	11	1	4	0	9	2	0	81	45	52	59	23	42	164	121	132	104	112
XMTM2MTQ4NTkyOA==	34	51	22	28	88	60	41	25	19	23	11	8	23	13	11	7	1	12	20	31	4	1	0	4	0	0	1	2	4	19
XMTM2MDgyOTgxNg==	591	264	85	167	97	194	236	184	122	177	52	20	9	1	1	1	11	56	30	302	24	13	26	4	13	17	16	13	39	29
XMTM2MDk5MDQ2OA==	713	444	260	304	35	172	133	136	113	98	87	113	105	87	95	101	124	57	56	172	115	42	45	61	47	307	120	73	56	39
XMTM2MDk5NjMwNA==	141	78	34	141	27	21	21	15	16	7	1	0	1	0	1	1	2	6	0	15	3	3	0	0	2	0	1	1	2	1
XMTM2MTExMzgxMg==	579	415	284	910	1220	1275	2421	1575	1091	1178	569	784	839	828	869	984	687	701	703	654	831	636	722	544	473	814	541	944	825	843
XMTM2MTIzMjgwNA==	2313	1571	742	812	85	321	665	419	290	384	339	362	449	321	431	239	283	254	351	262	361	601	469	242	175	318	162	262	350	294
XMTM2MTAwMzUxMg==	2627	1777	751	765	43	58	192	170	128	137	125	144	161	116	94	83	85	103	104	92	80	42	55	31	33	82	30	46	38	53
XMTM2MTU3ODM0NA==	309	314	363	966	398	501	511	521	384	322	217	66	78	62	59	27	47	71	24	73	0	2	2	0	3	10	0	0	2	1
XMTM2MTEwOTY4NA==	680	1121	244	480	49	342	334	305	194	251	252	343	336	344	226	202	200	161	124	187	128	161	197	317	7	245	89	222	181	141
XMTM2MDczMDgyMA==	6802	6126	3347	268	365	303	312	242	26	35	168	188	200	283	182	182	194	166	114	72	77	69	111	58	62	81	51	69	88	99
XMTM2MTUxNjY0NA==	3257	2782	902	546	131	106	33	220	297	310	242	253	221	216	233	198	229	209	135	127	222	147	153	140	122	245	59	145	75	142
XMTM2MTQ4NzYyMA==	110	701	392	139	149	89	61	37	9	24	18	21	34	32	21	0	5	3	3	59	13	12	9	7	2	13	19	1	12	4
XMTM2MTYyNTA3Mg==	1895	3727	1659	789	224	574	942	706	600	451	485	472	678	542	479	480	264	387	340	307	372	373	420	274	179	361	292	405	376	295
XMTM2MTIyMTIyNA==	769	602	171	501	398	794	948	851	473	215	166	120	164	244	342	193	196	23	78	151	137	201	171	52	25	65	25	114	77	135
XMTM2MDkwMTk3Ng==	74	45	17	20	4	12	23	26	24	16	0	1	1	1	0	0	2	0	1	12	5	0	0	0	0	1	0	5	2	1
XMTM2MTM0NzkwMA==	5916	5143	1927	2245	650	2868	2454	452	237	34	170	271	245	199	179	153	188	157	146	166	120	221	268	133	92	174	121	185	208	186
XMTM2MTA5MjkwNA==	27	15	11	8	1	3	15	7	9	14	10	4	11	4	7	1	1	1	2	61	17	15	17	8	4	18	24	46	14	6
XMTM2MTAxNzA0MA==	28	29	9	5	6	36	29	55	43	21	9	4	47	22	36	73	5	16	5	115	68	11	21	3	21	10	4	12	52	18
XMTM2MTA4NDIwNA==	87	99	14	39	1	68	60	150	104	88	45	53	118	115	230	178	59	84	72	80	102	257	262	104	67	150	31	124	347	257
XMTM2MDkyMjQ0OA==	101	36	1	4	244	186	38	11	10	32	3	15	7	9	1	9	2	29	0	93	5	3	3	6	52	17	3	6	1	7
XMTM2MDk2MDA0NA==	2718	2512	2628	1865	918	1773	2174	1722	1558	1789	1574	1612	3466	1750	1752	1983	1699	1813	1613	2041	2079	1872	1982	1303	1232	2276	1772	2635	1498	1337
XMTM2MTUxMzkzMg==	1049	1450	716	629	29	222	330	288	209	320	157	225	155	114	133	124	102	125	67	87	80	83	89	96	34	70	81	58	53	56
XMTM2MDg3ODUxMg==	17639	13632	7152	6291	2915	7992	5123	5589	3237	4807	3395	666	751	70	424	476	563	565	332	461	322	333	437	312	247	406	58	136	70	105
XMTM2MTMyMTYzNg==	27543	22239	11459	3758	1428	2240	1794	131	82	1033	1101	1285	1292	1432	1793	1662	1089	913	853	1033	754	1243	1149	506	225	414	465	736	766	631
XMTM2MDI4MDg1Mg==	106	89	44	45	4	10	21	13	12	7	14	13	2	7	3	2	6	3	4	61	4	6	6	0	2	6	0	0	5	3
XMTM2MTE3MDM4MA==	1321	589	322	407	143	229	187	200	202	175	90	93	136	149	110	82	112	112	97	65	62	89	89	80	41	73	38	69	54	48
XMTM2MDc0MTMwMA==	217	133	58	26	34	79	58	95	72	33	26	57	72	47	36	38	29	27	5	37	31	45	72	7	18	59	35	62	103	79
XMTM2MDk4MDM3Mg==	286	125	74	124	596	1465	1306	123	28	1	77	39	4	33	86	111	154	201	12	62	35	27	79	59	52	95	47	85	59	48
XMTM2MDkyMDk4MA==	2323	2481	2660	3003	2344	2517	2191	1195	1164	1218	769	834	665	698	345	314	294	311	258	251	225	302	341	271	191	355	190	307	170	183
XMTM2MTExMzAzNg==	719	542	374	1272	1619	1362	1060	1160	1052	1501	1032	618	550	352	366	263	236	302	186	183	167	219	202	162	145	239	63	176	115	72
XMTM2MTIyMTMzMg==	345	300	76	78	1	25	65	91	90	70	88	64	85	104	151	90	87	77	49	64	48	58	66	69	38	58	22	77	154	412
XMTM2MTM4NjkxNg==	858	864	460	265	530	348	290	249	241	267	200	229	203	1684	6518	1549	1975	1085	357	319	302	717	628	637	470	944	495	432	274	252
XMTM2MTU4NTY0OA==	331	380	112	61	113	44	19	27	10	23	20	11	14	19	1	0	2	22	3	46	13	28	7	6	5	21	11	21	12	11
XMTM2MDk5MzI3Ng==	617	399	116	164	12	131	185	133	135	163	101	112	105	152	107	109	107	154	143	93	106	104	166	159	105	187	64	213	124	162
XMTM2MTA2MDIwMA==	3130	4678	2714	2108	988	1795	1028	8331	3356	2005	1033	900	848	707	773	536	581	686	531	444	567	501	670	372	268	242	205	337	269	297
XMTM2MTMxOTI4OA==	18478	7129	12849	3803	3172	172	523	4	26	408	188	291	246	157	112	99	105	74	65	61	90	72	87	56	69	101	44	79	61	44
XMTM2MTQwOTkyNA==	20	60	25	22	47	24	18	22	18	6	11	37	16	6	37	34	1	10	20	119	37	34	26	4	0	13	15	21	52	26
XMTM2MTI2NTI2OA==	1056	513	164	275	105	451	780	104	34	3	9	21	22	18	19	3	81	10	11	16	8	9	24	8	20	96	202	78	47	91
XMTM2MTU1MTc2MA==	406	431	247	253	82	267	273	73	55	48	12	33	25	34	26	19	33	31	29	84	29	38	25	13	17	35	15	25	20	13
XMTM2MDk2NTU3Ng==	272	251	118	128	39	77	56	53	62	46	48	45	41	2	25	28	9	30	108	6	15	54	27	10	20	25	15	23	25	20
XMTM2MDc0MzU0NA==	1316	820	116	123	3289	1878	358	46	109	120	125	87	28	16	15	23	27	66	245	1328	57	54	4	20	17	28	4	35	56	12
XMTM2MTA2ODk5Ng==	209	254	123	46	41	24	39	62	40	51	34	26	11	29	33	46	24	52	24	93	29	53	48	59	25	36	19	36	26	27
XMTM2MTAzOTgwNA==	255	86	231	154	0	13	54	22	5	18	10	22	14	4	7	6	4	7	9	30	8	10	18	8	15	16	25	9	25	15
XMTM2MTIzMzY2OA==	2178	2884	6043	6348	6305	4080	461	437	111	129	90	92	108	57	65	124	141	92	89	84	70	86	114	92	119	94	39	53	46	74
XMTM2MTE5MTgxNg==	12682	11361	7930	7286	2417	3773	4633	2265	1458	1356	648	565	383	264	343	222	172	218	74	130	121	168	173	116	118	62	119	160	211	2535
XMTM2MTU0NzYzMg==	215	156	76	56	0	27	20	25	28	23	21	20	4	29	1	7	10	2	1	80	11	13	9	5	9	8	14	13	4	2
XMTM2MDgzMzQ1Mg==	777	2086	1160	1683	1683	1078	1654	970	979	1124	713	972	1174	1561	1297	1021	1235	1795	1101	1313	1526	992	1308	981	1413	2091	781	2206	979	1302
XMTM2MTMxNTU1Mg==	144	70	32	25	6	24	39	15	22	12	11	18	5	19	20	25	21	17	13	30	17	17	25	18	16	29	14	31	27	24
XMTM2MDc0OTQ1Mg==	77	40	20	13	1	26	16	13	12	16	0	3	0	2	5	0	0	0	1	29	2	2	2	2	2	3	2	2	2	0
XMTM2MTIxNDk0OA==	1724	1076	422	898	765	1779	1651	34	46	15	29	19	12	31	0	25	3	44	76	58	29	30	55	15	59	26	35	63	866	350
XMTM2MTUzNjMxMg==	1151	676	464	761	1790	382	1338	4069	1257	1010	531	750	399	219	232	120	56	87	95	100	151	117	172	110	111	107	36	39	63	53
XMTM2MTIwMzI3Ng==	155290	357437	223883	347113	4304	74038	152218	30138	33080	14375	23463	41970	48053	38715	34564	103968	12274	11634	2895	1818	822	561	1395	827	1493	1921	55456	54970	4906	14484
XMTM2MDg3NDMwNA==	91	72	46	29	1	8	17	12	25	6	20	11	1	0	6	3	3	4	2	79	3	12	7	4	3	51	17	15	27	4
XMTM2MTQ3OTQ2NA==	235	127	93	112	8	42	71	46	38	68	48	19	20	2	3	41	14	24	5	236	23	9	9	1	10	15	7	16	51	27
XMTM2MTEzMzMzNg==	67	57	34	21	1	147	80	73	50	100	40	47	58	2	23	46	29	20	2	210	57	110	67	33	34	102	33	38	42	36
XMTM2MTM5NDk5Mg==	223	252	89	57	1	2	46	36	19	32	17	13	12	21	15	10	3	15	15	87	38	77	10	9	11	3	2	11	22	26
XMTM2MTMyNzg4NA==	798	1483	1041	570	480	1457	929	939	713	937	613	651	772	809	714	731	438	80	23	70	57	81	77	58	41	84	55	118	69	69
XMTM2MDkxNDMyOA==	236	79	19	20	11	104	145	46	4	8	0	2	0	0	1	1	1	0	0	20	0	6	8	0	0	2	1	2	1	2
XMTM2MDkyMDU4MA==	678	432	201	341	24	243	447	334	314	282	15	10	12	0	2	19	24	35	1	103	36	65	7	26	18	3	13	28	33	30
XMTM2MTUyNTk5Ng==	35	37	17	15	36	51	35	24	11	6	7	2	5	3	4	4	0	7	0	1	0	0	1	2	1	1	0	0	21	1
XMTM2MTE3Nzc3Ng==	107	95	13	53	1	31	45	76	26	26	21	28	26	8	57	29	78	25	55	31	12	48	37	9	5	26	5	34	35	34
XMTM2MTU5NzE2OA==	81	55	11	4	0	98	23	3	3	2	1	0	0	1	0	1	0	8	1	0	1	0	1	12	0	12	0	0	0	0
XMTM2MDkxNzA2NA==	36	26	13	24	11	17	47	80	36	34	12	10	20	29	12	10	12	18	1	29	15	18	4	6	1	5	2	15	23	14
XMTM2MTIyMTg2OA==	1009	11609	1695	4006	1900	3419	4609	1011	321	542	1431	2701	1604	2062	1524	1532	1632	2188	1560	1491	1842	1364	1657	1752	2074	2924	1971	2326	2030	1797
XMTM2MDgzOTA3Mg==	86	29	28	19	1	24	19	12	4	9	3	2	2	2	0	3	7	1	21	10	0	3	3	1	4	3	0	1	3	5
XMTM2MTQ5MjU1Mg==	477	467	70	67	12	40	141	214	125	117	73	69	70	78	58	35	48	39	22	47	47	66	65	29	11	13	17	36	39	42
XMTM2MTIzNjczNg==	1757	3299	5011	5955	4101	3482	3320	2508	1314	1614	2888	714	3592	333	629	1923	825	572	148	924	968	508	679	1110	780	198	378	97	258	280
XMTM2MTMyNjM4OA==	231	191	56	95	16	76	82	136	72	43	46	28	61	64	109	94	68	50	29	83	60	109	68	33	37	61	24	76	74	53
XMTM2MTU0MzAwMA==	268	444	273	156	13	59	71	44	40	49	57	38	43	5	10	7	1	2	14	86	12	8	6	4	2	12	7	19	6	10
XMTM2MTQ4MzUxNg==	158	151	45	185	206	455	56	22	1	12	6	17	3	10	11	5	3	10	5	39	7	9	14	2	6	27	11	13	15	7
XMTM2MTA0MTY1Ng==	53	48	11	24	39	28	38	29	21	33	31	38	25	29	50	39	32	27	34	29	63	3	39	14	42	60	29	34	39	30
XMTM2MDk4NTIwNA==	677	441	195	224	25	111	166	152	115	160	107	90	127	90	107	39	86	69	64	50	77	72	132	138	44	93	28	74	56	53
XMTM2MDg0MjI1Ng==	118	95	41	34	1	19	22	11	23	20	8	3	4	4	4	28	7	41	8	5	2	6	50	17	10	4	5	3	8	4
XMTM2MTM5MDMyMA==	84	100	62	101	94	59	64	71	36	70	33	48	14	29	32	29	93	80	26	82	36	37	54	5	28	113	34	75	36	40
XMTM2MTI0MzQ4NA==	385	198	49	183	102	606	895	329	488	519	270	66	173	196	209	354	451	499	313	275	272	98	522	693	536	357	127	288	311	270
XMTM2MTMyMTMyMA==	449	418	104	86	371	397	343	27	3	6	59	44	54	40	35	26	26	36	36	43	28	21	32	25	25	33	6	24	29	32
XMTM2MTQ5ODA4MA==	960	2000	1436	1366	57	604	700	618	562	706	593	611	642	1239	1176	774	521	592	402	544	628	469	451	310	232	446	197	624	738	688
XMTM2MDg0MTIzMg==	107	203	370	144	74	84	74	416	131	59	13	55	64	81	108	104	45	54	47	49	74	67	82	38	34	66	20	36	70	30
XMTM2MDg1NjAyNA==	185	72	88	73	2	2	19	4	8	19	1	9	0	0	12	5	3	3	1	89	12	4	1	2	1	4	11	8	4	1
XMTM2MTYyMzg2MA==	508	1853	495	708	366	784	886	643	432	61	85	71	66	175	110	131	130	150	153	126	142	144	141	136	104	199	87	186	104	139
XMTM2MDc0NDI4NA==	853	308	98	423	693	275	63	93	180	90	24	20	13	6	4	1	25	29	14	90	28	38	36	8	6	25	21	18	13	7
XMTM2MTcxNzM3Ng==	3521	3647	920	809	20	27	410	403	381	272	145	270	246	165	1320	1756	126	75	59	106	101	161	234	810	511	259	363	283	259	276
XMTM2MDk3OTAyNA==	145	124	32	24	25	19	59	71	20	9	17	36	16	178	2	92	159	380	160	193	116	297	293	170	160	317	139	179	260	227
XMTM2MTIwOTg2NA==	846	876	508	462	290	468	534	509	901	1014	388	595	5	53	176	306	58	6	4	1626	142	284	221	31	2	184	202	309	258	173
XMTM2MTUxMDA5Mg==	73	186	106	51	38	56	56	149	84	32	7	48	4	0	20	4	16	14	0	132	8	34	33	5	2	15	5	15	19	16
XMTM2MDkwMDI4MA==	60	25	7	11	5	22	19	23	30	21	13	1	6	19	2	10	32	0	5	37	0	5	7	11	20	4	9	8	11	7
XMTM2MDc5NDY0OA==	109	71	25	26	7	3	21	18	7	10	8	0	3	1	1	0	1	1	0	36	12	0	0	3	0	1	0	6	3	0
XMTM2MTQ4NjcwMA==	2435	2326	10221	5353	4288	5439	3237	3501	3289	3216	2630	2375	1816	1465	963	907	1286	1215	948	924	1090	809	895	780	786	1644	475	1321	602	770
XMTM2MTQyOTQzNg==	704	413	155	210	26	100	78	62	84	59	41	48	70	48	32	42	39	37	26	24	25	53	39	16	4	43	19	29	23	26
XMTM2MDgwMzA3Ng==	9	5	8	0	7	35	21	5	0	5	1	0	0	2	1	1	1	2	0	16	0	2	0	4	1	0	1	4	0	6
XMTM2MTMwMzAxNg==	2607	2927	691	1076	336	1543	1249	876	618	1064	718	685	703	947	633	781	759	754	542	430	759	632	738	750	558	188	140	195	103	100
XMTM2MTA5MTY3Ng==	18	10	9	4	2	0	23	22	10	2	0	0	3	3	1	1	1	0	0	16	1	0	1	4	0	0	0	2	3	0
XMTM2MDc0NTg4OA==	31308	45091	21484	11715	3738	250	675	3963	6986	1442	1062	3067	2389	1590	3190	791	1125	1200	1794	4777	2702	2251	3100	2852	1739	660	556	1507	1225	1181
XMTM2MTEzNDIwOA==	109	118	64	66	23	69	60	68	52	74	68	40	50	37	46	59	29	57	53	50	42	57	47	43	36	43	32	49	29	55
XMTM2MTAwNjM3Mg==	251	687	350	340	208	209	106	93	69	60	40	39	41	42	37	36	21	20	21	22	24	14	22	12	15	43	11	145	108	79
XMTM2MDg4MTM2MA==	1395	844	464	390	3	505	421	359	123	364	622	315	293	222	158	402	342	406	254	371	430	334	193	596	202	736	253	251	658	425
XMTM2MDk4NTY5Ng==	872	305	44	32	620	404	109	61	33	33	72	148	3	12	20	9	20	28	0	141	4	2	2	4	4	1	1	9	2	4
XMTI4MjEwNDA2MA==	13	2	9	6	7	3	28	6	0	5	3	1	2	3	3	1	24	8	4	30	10	5	13	5	5	14	9	14	19	15
XMTI4NzI2MDE4OA==	131	128	72	115	121	52	87	76	52	25	75	115	88	203	77	84	3386	163585	448	312	255	247	202	158	123	156	185	183	193	164
XMTI4NzU5MDc0NA==	1537	946	834	791	1156	1023	1284	1587	2574	1436	1452	1938	1887	2074	1823	1544	1165	1401	1521	1489	1542	1387	1502	2567	1609	1730	1589	1454	1303	1051
XMTI4Nzc3NTg4NA==	2521	2420	2206	554	285	179	154	137	67	103	78	54	62	88	71	50	75	76	53	57	73	50	38	12	29	32	31	56	39	36
XMTI4Nzc5MjYwOA==	873	231	232	150	144	182	232	222	205	172	132	170	165	166	134	178	226	175	208	142	154	188	215	191	122	112	123	62	54	50
XMTI4NzcxOTkzNg==	151	111	30	14	19	12	26	48	16	12	15	5	4	11	5	4	5	5	14	7	4	13	4	4	12	7	4	3	14	4
XMTI4Nzg1NjA2MA==	6344	3685	3379	2176	2676	4451	3638	4179	3482	3852	1898	1590	1453	1500	1371	1272	1370	1561	1708	1822	1712	1396	1382	1712	1860	2987	3384	2136	1373	1153
XMTI4Nzk2ODc5Mg==	161	92	54	70	113	59	49	60	41	49	35	39	27	165	16	19	13	33	10	18	24	22	14	6	1	1	3	9	10	17
XMTI4Nzk3Mzk0MA==	4443	1442	3570	5146	8622	5079	4248	3406	2857	2936	1228	1714	1594	1535	1423	1208	1000	1047	1054	951	914	674	226	527	676	695	676	712	707	608
XMTI4Nzk5MTg5Ng==	120	41	99	40	37	39	27	110	27	22	29	24	20	13	26	37	22	25	23	24	17	30	33	25	26	22	11	9	27	15
XMTI4Nzk5NDEyNA==	103	57	53	6	23	28	32	50	29	24	9	8	10	8	5	9	4	7	7	4	4	11	14	4	5	6	3	11	8	4
XMTI4Nzk5Njk4NA==	9882	6426	6062	3534	3130	1646	1297	906	240	585	732	595	690	587	697	700	503	427	433	348	351	349	330	320	319	303	350	246	245	260
XMTI4Nzk5OTgwMA==	344	1786	1067	571	1200	1125	582	370	230	284	330	440	420	1565	508	674	923	621	359	374	370	346	599	672	643	610	1954	773	1632	508
XMTI4NzkwMDIxMg==	358	78	159	228	16	21	31	17	118	2	10	8	11	5	2	2	3	5	0	0	3	1	3	5	2	3	0	1	3	0
XMTI4NzkyOTEzMg==	13	179	637	286	402	481	246	219	135	54	52	86	390	472	203	194	379	417	230	141	108	39	20	23	21	22	32	15	11	17
XMTI4ODA0MTIxMg==	346	72	63	63	100	153	74	46	31	38	34	23	33	31	40	33	31	37	18	24	24	18	15	30	18	17	10	13	14	9
XMTI4ODA0MzM3Ng==	65	19	86	102	52	20	100	143	167	287	252	263	310	440	219	157	170	163	211	251	211	222	153	149	107	100	98	63	68	72
XMTI4ODA0NTA2OA==	32	11	13	12	11	16	14	9	12	13	11	7	7	4	15	22	49	31	31	14	7	7	16	5	5	1	4	0	6	4
XMTI4ODA0NzI1Mg==	225	62	119	24	84	32	30	27	20	20	78	18	19	8	9	7	13	6	7	14	11	7	9	9	7	17	11	11	97	9
XMTI4ODA0OTA4OA==	1063	864	146	217	225	167	74	32	27	10	13	17	13	7	5	5	3	3	1	2	3	2	3	4	4	2	4	2	2	2
XMTI4ODA1MTE3Mg==	416	198	160	92	86	52	73	78	69	57	66	59	53	77	70	66	76	60	90	57	54	50	67	84	56	46	57	43	40	41
XMTI4ODA1MjQ4NA==	563	576	136	128	121	173	122	131	112	4	8	2	5	0	2	0	0	0	3	0	0	1	2	1	1	0	1	0	0	0
XMTI4ODA1Njc4NA==	216	155	63	39	47	18	17	15	6	1	2	1	4	3	1	2	2	3	0	0	4	0	1	1	1	1	2	1	0	0
XMTI4ODA1ODc2MA==	4170	3591	3559	1554	1686	2785	2971	2558	2845	2483	2832	2585	1429	2214	2034	1665	1211	1363	1840	1468	1698	1220	933	854	742	656	495	568	528	483
XMTI4ODA1ODk0MA==	506	172	157	104	124	130	120	98	109	125	117	77	79	105	86	110	135	97	80	117	127	82	116	116	117	117	92	118	104	84
XMTI4ODA1OTMyMA==	621	221	186	219	191	43	43	28	17	9	8	6	7	4	4	20	29	22	5	1	2	2	1	5	2	2	1	4	2	2
XMTI4ODA2NDc1Mg==	1514	361	349	245	297	526	443	322	321	371	292	245	738	236	221	206	260	222	258	255	285	307	285	278	224	325	280	250	289	221
XMTI4ODA2NTAyNA==	1806	401	480	276	343	500	545	347	862	397	318	244	202	284	282	283	338	275	268	252	234	310	297	233	222	344	338	344	389	321
XMTI4ODA2NjQwOA==	377	287	363	49	34	27	53	18	11	18	15	9	11	4	11	10	11	8	13	12	8	6	7	12	7	6	1	5	8	4
XMTI4ODA2OTI2NA==	43	40	32	14	21	20	17	9	8	9	6	8	12	10	8	7	6	5	6	6	4	3	1	1	8	6	7	10	5	4
XMTI4ODA3MTUyOA==	440	1108	1135	750	227	135	152	125	94	105	108	92	92	127	101	138	177	159	107	119	194	136	154	147	138	131	149	166	162	162
XMTI4ODA3MjU4NA==	1340	797	362	198	250	247	505	291	166	96	156	120	86	85	47	40	51	52	68	69	56	57	42	38	26	30	11	34	36	119
XMTI4ODA4NTk3Ng==	1589	1124	1076	771	856	395	515	319	195	180	214	188	142	113	135	144	622	1121	894	858	911	457	223	201	135	137	156	132	124	154
XMTI4ODA4NzI3Mg==	145	34	200	102	158	152	53	67	60	112	110	103	125	132	122	83	108	115	82	76	51	47	95	71	54	58	48	44	32	72
XMTI4ODA5MDA4OA==	535	171	141	274	127	381	75	91	72	57	88	85	56	22	47	4440	2307	3542	548	1307	1481	4819	2339	0	9113	1534	18124	20720	2247	6634
XMTI4ODA5MTI3Mg==	21	18	11	15	20	17	29	6	17	25	17	17	19	18	13	10	11	7	18	8	13	12	24	8	18	4	8	11	12	1
XMTI4ODA5MTM5Ng==	21118	28526	1009	1177	853	25921	607	840	574	449	656	316	444	94	527	547	496	379	398	373	318	302	344	321	287	259	267	226	236	184
XMTI4ODA5MzYyMA==	10259	6998	23182	6693	3948	5188	2205	2491	1715	1968	2314	281	1096	1055	1315	1365	4483	2131	454	519	723	604	470	404	117	93	100	217	350	150
XMTI4ODAwNDIwNA==	45	35	25	32	33	57	30	7	3	2	3	5	890	2	1	0	0	0	1	1	0	0	0	3	1	1	1	0	1	1
XMTI4ODAwNDY1Mg==	2261	1173	1051	937	805	720	778	761	574	474	264	145	142	303	14	497	446	271	129	111	90	320	182	91	97	59	66	60	47	64
XMTI4ODAwNTg2MA==	64	12	5	3	2	4	64	0	0	0	4	0	0	0	1	0	0	0	1	0	0	0	0	1	0	0	0	1	1	3
XMTI4ODAwNzUxNg==	12994	4698	4053	2998	3501	3028	2466	719	1599	1488	1405	1324	1285	1233	1000	880	792	77	819	841	1007	762	661	716	672	575	682	735	101	509
XMTI4ODAwNzYxNg==	15630	5774	6194	6724	6484	3903	4458	3721	3440	2903	3095	2564	1116	3217	1417	2340	666	2002	685	929	2738	614	562	1831	552	583	615	599	1784	651
XMTI4ODAxNzQyOA==	393	119	236	65	57	57	95	61	23	52	15	24	31	46	46	22	27	28	22	13	39	25	3	17	43	4	19	12	65	21
XMTI4ODAyMTEwNA==	123	88	82	30	55	50	64	57	68	66	46	43	65	73	55	63	37	51	47	63	62	57	72	65	68	102	98	70	76	80
XMTI4ODAyNjA5Ng==	854	266	360	171	214	140	188	150	98	102	88	69	52	61	63	61	52	48	52	59	27	38	25	21	30	29	22	23	22	27
XMTI4ODAzMDY0OA==	18708	6275	7162	4295	4589	3982	4305	3169	2881	2986	3153	2812	1430	2570	2436	2328	2531	2324	2212	2131	1130	1943	1888	1684	1482	1637	1442	1524	1481	1308
XMTI4ODAzMTc2MA==	145	50	64	39	37	28	26	21	18	15	13	9	7	11	9	9	10	11	15	9	11	4	10	14	7	7	5	13	2	9
XMTI4ODAzMTkzNg==	6558	3766	3173	1572	1444	1038	989	750	689	498	400	382	366	298	334	329	222	197	167	148	158	178	138	169	125	151	128	133	118	103
XMTI4ODAzOTQzNg==	2109	1072	920	536	683	677	1033	729	548	477	421	370	320	718	539	454	394	330	338	331	533	426	367	320	282	211	234	456	375	288
XMTI4ODE0MzE1Ng==	2198	1647	881	228	835	1745	941	1724	795	2762	610	1640	308	278	374	398	1428	224	174	155	151	196	163	166	136	188	155	136	104	118
XMTI4ODE0NTQ1Ng==	73	9	90	53	69	37	48	38	108	39	24	96	23	35	26	31	30	34	33	34	22	48	212	29	33	42	48	52	33	38
XMTI4ODE0NjgwMA==	466	94	356	102	104	62	67	46	54	64	44	52	55	57	28	32	25	47	26	32	24	34	34	38	33	23	19	21	26	41
XMTI4ODE0ODc0OA==	220	217	255	268	166	471	201	421	210	165	156	120	156	520	231	207	165	182	239	257	395	256	207	158	132	166	334	270	213	222
XMTI4ODE1MDQwOA==	342	36	205	359	26	26	38	21	120	3	14	14	19	16	8	9	12	13	2	3	5	2	5	140	16	2	3	2	7	9
XMTI4ODE1NDI2NA==	50	18	15	14	13	6	15	17	22	12	10	8	11	24	6	10	11	5	19	13	14	17	19	12	16	11	7	11	17	10
XMTI4ODE1NjY0OA==	198	710	468	159	201	113	110	78	73	42	18	22	17	30	23	72	83	72	62	24	22	24	16	26	22	27	80	80	29	50
XMTI4ODE1NzMyMA==	2681	2083	1524	635	280	67	66	82	382	160	39	24	768	561	393	162	137	132	73	60	201	47	57	22	17	20	28	32	19	15
XMTI4ODE1OTg0MA==	24	14	11	11	7	11	15	4	5	1	5	4	1	0	0	1	3	1	0	1	0	0	2	0	0	1	1	0	0	1
XMTI4ODE2MjQwOA==	739	419	210	129	165	144	102	91	74	59	57	53	74	56	38	44	56	50	51	47	64	62	40	52	39	46	63	68	57	40
XMTI4ODE2NjYyNA==	209	182	49	20	28	10	26	7	10	22	15	25	20	4	16	23	22	26	30	21	21	20	18	21	17	11	12	13	8	8
XMTI4ODE2ODIwOA==	27267	17937	10421	3459	2692	1758	1927	1153	790	496	496	396	399	405	342	258	342	335	236	480	334	292	250	206	194	175	206	142	136	143
XMTI4ODE3MDYyNA==	293	210	222	240	168	116	194	91	166	179	178	150	126	131	189	120	229	189	218	107	79	155	230	191	177	181	112	47	62	48
XMTI4ODE3NTEwOA==	1857	794	920	647	780	97	157	196	197	79	89	72	68	58	71	55	72	44	70	57	41	31	24	25	22	32	39	29	35	27
XMTI4ODE3OTM5Ng==	78	9	12	42	103	28	14	10	0	0	8	12	4	2	3	6	3	5	0	0	4	3	1	5	3	1	0	5	2	1
XMTI4ODE3OTg4NA==	246	122	196	102	58	43	31	13	17	18	27	42	23	22	16	16	8	7	11	16	10	4	7	5	3	1	0	2	0	2
XMTI4ODE5MDEwNA==	79	26	28	8	17	16	18	11	15	44	13	10	19	8	13	8	7	9	7	5	13	18	2	14	5	0	7	6	1	6
XMTI4ODE5MTEzMg==	192	32	102	112	165	360	294	324	306	280	374	320	502	1035	1095	963	647	295	315	336	301	272	334	368	338	355	423	307	448	349
XMTI4ODE5MjM1Mg==	1903	956	1154	766	1197	1364	1441	1512	593	1748	1407	1425	2789	1420	1508	1543	1224	1196	1257	1410	438	1348	1459	1605	1389	1384	1636	309	1358	1202
XMTI4ODE5MzE4MA==	559	167	210	95	129	197	74	60	68	88	66	54	28	54	67	55	38	38	30	44	30	19	23	11	26	54	83	25	12	14
XMTI4ODE5NDUwNA==	852	211	311	389	458	283	245	193	276	204	169	148	141	54	17	157	159	122	214	273	278	250	233	296	299	280	311	311	321	275
XMTI4ODEwMTM3Ng==	4033	3494	8881	5533	3837	4929	2923	1947	2337	3289	2877	2486	1675	656	1840	1704	3351	1759	1027	780	173	1055	764	816	511	507	305	533	295	286
XMTI4ODEwMjYzNg==	17	5	10	6	15	11	24	15	35	22	22	12	3	11	5	11	16	18	20	16	19	11	33	33	20	8	8	4	15	8
XMTI4ODEwNDE5Ng==	697	168	741	225	253	150	103	72	87	103	181	102	76	70	71	52	48	49	63	55	45	34	50	43	43	44	40	26	45	41
XMTI4ODEwNTI0MA==	7720	5538	3197	3903	2202	945	1026	790	658	180	414	207	556	392	382	553	585	548	407	369	388	287	244	196	202	177	182	156	185	146
XMTI4ODExMTQwNA==	7456	1486	4422	3593	1956	2941	3376	1565	2766	2375	2378	3184	3827	3474	2274	3156	2417	2346	1842	1451	2268	1770	2636	2677	1092	2800	2369	1974	1867	1737
XMTI4ODExNDkxNg==	164	374	160	88	77	86	67	71	40	23	27	16	2	6	7	4	5	6	3	9	2	12	9	12	8	7	5	6	6	6
XMTI4ODExODEwMA==	1315	442	422	300	390	173	280	291	181	241	110	67	72	55	63	88	130	120	74	69	67	69	63	69	52	113	92	60	38	43
XMTI4ODExODQyNA==	286	66	92	45	43	58	156	100	89	50	486	393	80	203	150	152	210	111	135	142	282	282	256	173	247	324	213	438	366	295
XMTI4ODEyMjQzNg==	83	23	42	29	60	15	20	18	7	20	17	16	15	25	22	10	8	16	23	19	17	13	18	13	3	14	18	12	11	7
XMTI4ODEyNDc2NA==	411	148	142	134	71	34	43	49	40	37	24	23	46	25	33	35	28	42	28	31	22	21	44	26	22	15	33	22	14	23
XMTI4ODEzMDQzMg==	224	63	76	84	82	19	14	10	3	3	6	5	10	4	1	6	7	9	1	1	5	9	11	6	12	7	8	12	10	4
XMTI4ODEzMDYxNg==	1061	410	489	279	231	127	135	128	151	150	118	89	106	83	94	114	135	90	91	96	91	74	140	122	122	160	159	138	107	112
XMTI4ODEzMTQ1Ng==	31650	21677	59827	43609	26622	1954	2902	2208	428	2065	2356	2915	1814	2386	1510	1847	2879	3023	1350	1350	75	1176	1102	1624	1575	1130	989	1492	112	1405
XMTI4ODEzMTYzNg==	358	537	322	29	191	37	25	42	435	192	96	93	90	51	17	58	54	355	33	36	41	30	26	34	28	23	33	24	9	384
XMTI4ODEzMjQwOA==	240	165	230	120	111	87	71	75	61	71	73	31	28	35	15	31	28	21	28	42	23	20	26	39	22	12	18	19	10	17
XMTI4ODEzNDU5Ng==	798	1378	506	442	4533	5156	1041	603	770	1003	499	478	579	803	500	469	648	550	432	395	467	488	521	416	124	246	149	247	24	348
XMTI4ODEzNTE5Mg==	2660	1415	1197	549	453	68	143	83	53	63	54	51	44	33	30	36	204	88	45	50	32	35	41	28	35	42	39	30	26	16
XMTI4ODEzNjI3Ng==	8667	6824	3241	1681	1497	813	611	401	249	181	122	107	115	104	65	89	67	88	65	73	80	102	94	113	87	85	150	309	99	66
XMTI4ODEzNjg0OA==	2657	738	2223	1230	1244	1168	103	798	661	498	438	393	405	390	292	285	252	212	192	213	224	160	152	153	140	131	140	142	119	121
XMTI4ODEzOTE2OA==	848	199	194	233	244	124	343	238	230	378	94	50	51	37	41	45	126	159	216	238	301	319	308	300	331	232	216	187	223	163
XMTI4ODEzOTUzNg==	1808	945	1106	589	1141	1441	1702	864	250	254	519	320	30	112	109	40	60	100	23	109	54	89	13	74	56	33	107	86	48	59
XMTI4ODI0MjI4MA==	1126	553	615	477	489	329	404	245	247	331	228	245	196	191	255	388	392	351	429	519	426	353	255	290	347	408	491	402	391	377
XMTI4ODI0MjUyOA==	23457	68367	23977	27982	28007	42331	26101	33	12	7	4	6	10	9	10	4	5	5	7	10	7	3	6	3	3	5	1	14	6	6
XMTI4ODI0NDUyMA==	109	31	32	41	24	37	16	17	7	12	13	11	35	10	17	28	14	11	18	22	23	10	14	1	12	10	2	7	16	16
XMTI4ODI0ODkzNg==	1725	790	540	461	320	225	214	92	109	96	53	68	61	62	55	38	38	24	39	32	13	18	17	17	21	27	13	19	11	13
XMTI4ODI1Mzg5Ng==	577	206	102	91	226	216	539	223	440	510	494	393	420	373	449	553	571	482	476	366	447	368	320	313	287	263	266	268	181	222
XMTI4ODI2MDcwOA==	273	104	198	125	154	104	109	81	65	54	68	78	58	84	90	82	66	84	83	74	90	73	79	71	81	70	68	64	76	68
XMTI4ODI2MTI0NA==	164	47	49	27	67	18	19	14	15	3	6	2	6	7	7	6	7	3	1	11	2	2	1	14	3	3	3	9	1	4
XMTI4ODI2MTkxMg==	690	192	300	270	639	607	369	252	384	409	459	439	443	557	579	628	633	602	623	633	721	578	713	801	1059	832	490	505	413	464
XMTI4ODI2ODg4NA==	16	7	4	11	3	3	14	1	1	0	2	2	3	2	4	1	4	1	5	6	0	1	4	4	2	3	3	1	0	3
XMTI4ODI3NDE0OA==	237	80	182	120	120	89	99	179	333	547	286	234	171	194	256	347	433	248	246	165	169	104	139	163	123	101	79	92	107	92
XMTI4ODI3OTc4MA==	1388	536	475	316	286	159	174	507	170	161	139	103	104	115	88	82	92	88	57	65	74	67	87	69	34	49	53	35	35	34
XMTI4ODI4MjcyOA==	25	10	1	11	8	16	15	8	8	15	23	26	13	26	19	18	14	10	17	17	19	12	22	23	22	14	18	16	13	9
XMTI4ODI4NDYzMg==	277	173	336	474	246	160	179	166	177	170	290	201	94	101	141	99	66	218	229	126	101	73	77	95	141	86	64	69	81	72
XMTI4ODI4NTkwMA==	1592	788	426	387	816	357	298	290	296	274	323	305	1064	395	713	1223	2855	2716	15685	17923	15109	15104	16200	16066	14029	16324	19536	16517	15376	13651
XMTI4ODI4NzgwNA==	2655	1243	1275	562	957	986	703	387	601	453	503	346	499	368	301	351	302	256	221	271	353	174	101	109	108	193	229	310	167	142
XMTI4ODI4ODY0MA==	82	173	189	178	203	241	233	205	198	198	218	176	207	201	149	81	65	76	73	78	91	75	89	84	101	98	80	69	55	73
XMTI4ODI5Mzc3Ng==	203	110	195	74	99	121	100	138	110	119	122	125	122	150	104	116	171	269	302	250	300	318	328	412	265	281	277	298	228	241
XMTI4ODI5NTM4NA==	307	117	112	59	80	79	102	28	34	27	41	26	24	42	18	31	36	40	35	37	38	33	23	32	26	18	14	18	18	21
XMTI4ODI5NjM3Mg==	95	10	14	6	12	61	76	17	15	5	4	2	1	6	0	7	4	5	1	1	1	0	3	1	4	1	2	2	1	1
XMTI4ODI5NzIwNA==	1198	349	759	790	757	583	551	705	517	488	544	563	518	717	785	632	644	523	378	421	391	469	518	509	471	499	376	414	440	465
XMTI4ODI5Nzg0OA==	3588	883	2120	1296	962	697	665	0	414	181	286	382	402	493	363	403	456	369	213	216	259	199	185	176	177	167	183	170	173	171
XMTI4ODI5ODQ2NA==	1368	721	587	352	339	305	356	377	430	458	428	333	410	410	330	325	644	549	330	344	279	224	207	224	156	220	192	153	108	182
XMTI4ODI5OTA1Mg==	2385	2085	1304	1343	811	753	931	808	792	712	1803	554	649	590	619	635	588	638	658	646	743	714	722	592	528	586	574	512	436	551
XMTI4ODI5OTM0OA==	67	6	7	9	54	64	93	75	92	77	74	59	64	79	107	94	118	108	48	29	38	53	38	50	40	28	35	35	32	34
XMTI4ODIwMDIyNA==	173	74	68	31	38	23	32	17	31	21	12	28	12	19	11	10	20	10	10	6	15	16	9	16	5	11	8	10	2	1
XMTI4ODIwMDk1Mg==	71	32	35	19	24	18	15	11	12	13	10	12	9	13	14	15	12	11	5	11	10	11	10	4	10	5	6	4	9	1
XMTI4ODIwMjE4NA==	312	133	148	76	129	68	67	64	53	77	84	55	64	62	31	52	69	48	63	52	46	34	29	32	27	20	25	19	20	26
XMTI4ODIwNjQwNA==	133	56	48	19	24	23	19	10	14	11	22	16	13	15	19	22	14	8	14	19	27	22	23	15	25	17	24	12	13	22
XMTI4ODIwNzYwOA==	1706	1204	1146	527	865	552	436	455	449	489	427	326	412	429	345	318	263	283	351	293	300	268	249	263	242	225	192	149	163	167
XMTI4ODIwODQ0OA==	4569	5879	5217	1600	808	378	338	513	428	185	221	179	215	156	143	208	160	114	129	189	132	168	200	235	354	334	318	389	340	455
XMTI4ODIyNjA1Ng==	592	293	530	141	98	71	48	56	34	46	34	54	28	25	13	26	30	25	12	15	8	12	5	0	11	5	5	2	11	6
XMTI4ODIyNjgwNA==	119	207	111	19	33	79	26	28	22	17	15	20	5	14	33	266	13	5	5	11	23	15	11	11	6	2	10	2	171	15
XMTI4ODIyOTU4OA==	30	22	66	12	9	4	48	7	1	5	2	1	0	1	1	0	1	0	1	0	1	1	1	0	2	1	1	0	0	0
XMTI4ODIzMDYwOA==	199	28	144	67	77	53	24	16	5	20	13	12	6	12	8	9	8	7	3	5	12	7	2	15	11	29	23	18	13	25
XMTI4ODIzNzEyMA==	7656	5672	3763	2281	2761	2091	2086	3122	1884	1875	1839	1636	1547	1469	1543	1492	1540	2557	1403	1268	1369	1476	1384	1359	1402	1517	1497	1304	1325	1248
XMTI4ODIzOTc3Ng==	2037	1627	1607	427	461	335	515	244	61	67	47	32	29	36	30	25	26	11	16	23	26	28	25	32	46	24	27	29	29	15
XMTI4ODM0MjU4MA==	2534	2553	3299	3283	5380	2277	200	531	358	377	368	296	283	368	346	304	232	260	247	232	191	137	163	183	214	131	113	113	138	169
XMTI4ODM0MzM3Mg==	3236	2380	3199	1328	1545	1502	1782	2572	978	918	1390	2194	612	640	609	712	859	839	1590	555	701	613	591	1639	476	454	430	508	432	485
XMTI4ODM0NDQ2NA==	226	26	143	20	77	28	15	133	18	6	12	6	11	141	12	9	9	10	4	9	110	6	17	12	2	1	0	2	2	0
XMTI4ODM0NTUwMA==	46	6	9	4	3	7	43	1	0	0	0	0	0	1	1	0	0	0	0	0	0	0	0	1	0	0	1	0	0	2
XMTI4ODM0NzM3Ng==	63	18	23	16	10	20	14	6	5	19	7	17	12	4	10	6	6	5	8	8	2	5	13	17	8	3	4	2	2	6
XMTI4ODM1NTc2NA==	311	113	124	48	90	64	51	45	54	37	44	49	39	20	14	7	10	15	10	13	8	5	7	8	5	3	13	8	8	7
XMTI4ODM1NzAxNg==	5454	3497	3089	2007	2440	1634	1020	820	2070	1633	764	699	681	701	748	704	592	716	991	974	1111	1299	1392	1411	1625	2244	3347	2879	3354	2755
XMTI4ODM2NDU0OA==	39	22	7	178	83	18	103	123	17	14	16	10	9	4	5	71	3	4	2	2	5	2	1	3	1	1	0	11	6	6
XMTI4ODM2NDg4NA==	539	130	208	154	188	177	116	101	77	98	75	47	44	28	18	20	39	42	58	50	25	14	14	20	12	5	16	16	10	5
XMTI4ODM2Nzc3Ng==	5134	3357	1586	776	790	392	299	252	214	214	183	123	142	95	82	67	72	84	82	64	73	74	42	56	48	69	59	50	57	50
XMTI4ODM2ODI1Mg==	23	3	10	9	12	16	16	6	18	13	20	17	10	10	5	12	28	19	15	21	20	13	10	25	19	24	16	15	8	13
XMTI4ODM2ODgxNg==	16	6	21	37	57	7	47	42	33	20	31	23	24	38	20	23	47	25	57	38	28	30	35	31	29	19	28	3	21	9
XMTI4ODM3MTI4NA==	179	120	72	48	70	46	27	40	10	13	12	10	14	13	11	12	21	10	10	15	7	12	6	1	6	7	8	4	15	8
XMTI4ODM3NTc0NA==	84	43	23	13	6	19	31	22	10	9	8	3	3	3	1	0	3	0	0	0	0	1	0	1	1	1	0	0	1	2
XMTI4ODM3NjY4NA==	1486	904	526	303	289	90	234	120	82	77	116	70	73	59	54	87	70	58	58	45	27	37	32	36	25	16	17	15	10	28
XMTI4ODM3OTU1Mg==	896	7802	3246	2968	2459	860	1922	417	179	1371	111	112	84	1202	76	89	93	81	79	1219	52	67	57	64	1116	52	48	43	38	42
XMTI4ODM4NDA4MA==	749	1985	602	384	547	503	469	372	349	252	138	1159	1978	2017	934	169	114	115	1542	1103	2261	1056	237	200	131	127	101	86	90	91
XMTI4ODM4NTAyOA==	160	100	74	30	37	43	24	30	130	24	26	24	17	20	14	25	27	118	25	16	23	22	17	17	8	12	14	15	10	19
XMTI4ODM4Nzc1Mg==	112	51	55	45	70	4	30	28	50	48	36	31	19	21	14	19	12	32	28	40	21	17	25	26	49	33	38	31	26	23
XMTI4ODM5MTc0MA==	216	163	84	49	60	106	44	19	33	32	44	31	124	22	27	29	28	27	27	24	24	46	53	51	50	22	47	48	27	43
XMTI4ODM5MjU2MA==	315	103	152	182	214	29	43	4	3	4	3	3	6	3	6	2	3	5	7	0	6	1	5	5	1	2	2	2	4	1
XMTI4ODM5MzE3Mg==	284	68	168	165	149	27	24	9	4	10	2	3	2	10	0	1	3	5	1	1	6	0	2	2	2	3	1	0	1	0
XMTI4ODMwMDkxNg==	924	752	1251	2954	2651	287	262	153	87	2339	2506	1724	589	183	17	4	2	3	1	5	4	6	8	1	97	302	201	169	114	21
XMTI4ODMwMjUwNA==	4896	2842	1935	1008	2193	823	873	532	504	406	314	247	192	233	233	214	181	199	160	162	213	170	139	154	140	103	122	121	66	72
XMTI4ODMwNTE2OA==	3361	3846	2509	1625	2747	1187	1178	702	73	85	56	81	53	34	24	23	24	22	21	12	27	27	22	20	13	17	20	11	2	8
XMTI4ODMxMDkwMA==	322	191	511	66	97	27	27	22	35	18	12	8	10	5	6	2	6	8	6	1	3	1	5	2	3	3	1	4	3	2
XMTI4ODMxNTk0MA==	294	110	102	79	63	91	78	46	40	36	51	39	36	46	34	73	47	56	59	66	64	68	59	65	67	54	52	245	41	57
XMTI4ODMxODI2OA==	11934	15486	20598	12237	20564	31107	19442	12183	14471	13945	15686	12991	17050	10047	12663	12083	9389	11535	9032	10461	14839	8137	8835	8071	8371	7271	13358	10378	8303	4765
XMTI4ODMxODc2NA==	426	82	289	215	30	23	23	19	22	24	20	26	25	16	16	11	16	11	12	16	13	18	11	15	13	24	12	24	9	10
XMTI4ODMyMjQyNA==	195	81	91	69	83	99	68	26	41	26	27	24	49	51	49	23	21	24	18	30	26	24	12	15	21	10	16	14	12	8
XMTI4ODMyMzUwNA==	1279	626	624	528	735	779	894	459	357	375	360	341	354	418	340	370	405	394	334	328	387	362	328	370	357	350	359	386	381	368
XMTI4ODMyNTUwOA==	726	907	890	318	805	339	758	328	420	426	288	941	328	487	1359	353	222	265	286	1373	303	222	224	252	218	216	413	316	1387	241
XMTI4ODMyNzc5Mg==	253	117	105	79	113	96	124	87	78	109	125	148	154	221	183	180	236	228	206	200	192	190	222	294	248	190	249	158	179	242
XMTI4ODMzMDQ3Mg==	1024	672	1263	988	1124	1437	2345	973	845	760	784	572	695	725	499	422	460	425	450	1521	582	457	347	336	210	169	334	280	232	182
XMTI4ODMzNDYzNg==	2410	1094	1527	686	549	276	359	279	457	361	300	270	186	204	188	210	155	167	165	124	168	165	166	197	216	194	131	158	129	160
XMTI4ODMzNzkxMg==	548	185	211	160	169	149	131	117	95	141	100	88	103	107	97	106	141	143	145	119	117	133	173	163	146	139	147	172	282	257
XMTI4ODQ0MDM3Mg==	757	371	123	445	133	376	138	50	7	12	6	2	9	7	9	12	7	4	0	9	9	2	2	3	4	5	3	2	3	4
XMTI4ODQ0MjQ4OA==	109	51	78	49	55	35	17	7	5	6	7	8	7	8	1	1	12	3	4	4	8	6	1	5	8	3	2	5	1	1
XMTI4ODQ0Mzc1Mg==	71	46	103	11	13	10	16	3	4	4	19	1	3	3	3	1	4	63	12	9	8	4	3	3	0	2	4	7	7	6
XMTI4ODQ0NDExNg==	155	10	125	199	43	41	184	31	57	34	146	17	6	5	4	6	4	2	9	11	3	2	3	2	4	4	2	1	2	2
XMTI4ODQ0NTMwNA==	343	186	214	87	83	58	38	29	23	14	34	37	24	40	15	25	23	27	19	13	24	13	14	10	13	6	7	13	10	13
XMTI4ODQ1NjQ5Ng==	118	63	94	94	75	246	463	1080	1076	261	768	264	239	888	311	363	257	938	244	318	641	1231	1106	2380	1624	3370	2015	3185	1893	3065
XMTI4ODQ2MzY2OA==	237	75	72	121	62	47	59	28	25	11	11	1	6	2	7	26	30	32	4	3	2	1	1	6	5	4	10	5	4	12
XMTI4ODQ2NTc2NA==	418	58	149	123	161	95	74	88	95	109	66	51	85	86	56	65	106	114	76	76	86	55	52	59	40	13	4	1	2	3
XMTI4ODQ2Nzc5Ng==	173	128	98	244	36	23	18	9	12	28	22	30	16	10	16	23	20	5	0	1	0	0	0	5	0	1	1	0	0	0
XMTI4ODQ2ODQwMA==	11	12	2	10	12	8	17	3	5	4	1	1	3	5	1	0	1	2	0	2	0	11	12	8	7	4	9	1	1	4
XMTI4ODQ3MjAzNg==	208	36	43	48	115	25	27	111	313	42	34	26	32	13	14	14	156	11	10	12	8	15	42	20	14	18	13	6	10	166
XMTI4ODQ3MzQyNA==	2047	2207	3060	1449	1189	530	611	483	617	837	593	568	544	512	522	548	434	527	604	492	461	461	540	561	538	568	590	607	570	577
XMTI4ODQ3MzgyNA==	385	321	300	175	264	53	36	25	24	17	9	16	20	14	9	17	14	9	33	4	13	14	17	7	5	6	8	14	5	2
XMTI4ODQ3NjAyMA==	224	52	71	70	94	30	35	20	28	38	36	26	19	14	12	15	18	12	5	2	4	3	2	4	1	1	0	0	2	2
XMTI4ODQ4NTE5Ng==	116	57	41	13	44	24	34	25	21	20	9	23	16	10	13	13	18	33	22	17	17	3	9	32	12	5	6	9	4	5
XMTI4ODQ4NTQyNA==	278	470	684	245	259	712	510	183	347	156	33	32	42	21	34	33	61	84	61	66	82	77	74	93	113	89	102	73	41	39
XMTI4ODQ4NTc0NA==	174	483	321	168	139	93	97	60	62	48	37	22	14	20	17	39	44	39	15	20	7	10	7	13	9	2	12	22	14	5
XMTI4ODQ4OTEwNA==	113	59	187	34	17	23	20	18	19	17	2	6	13	29	10	55	91	30	21	25	16	12	16	11	15	13	17	12	19	40
XMTI4ODQ5Mzc2OA==	562	212	1262	1229	939	205	193	1786	326	186	141	135	122	136	107	60	78	71	48	72	76	77	89	91	63	71	84	81	90	59
XMTI4ODQ5NDA4NA==	137	109	136	78	128	94	97	96	94	86	79	52	67	94	117	112	146	287	254	242	242	205	191	162	194	178	163	139	136	120
XMTI4ODQ5NDE1Ng==	195	80	146	91	111	150	113	115	90	80	90	67	84	85	109	105	187	386	300	273	293	262	190	204	251	182	154	170	143	147
XMTI4ODQwNzA1Mg==	134	208	241	188	143	54	177	62	57	25	242	42	38	116	362	81	40	27	18	11	15	14	6	4	16	13	24	8	294	9
XMTI4ODQwOTcwOA==	106	146	46	17	32	23	23	10	14	22	9	10	10	13	8	9	4	16	6	8	14	15	10	10	5	5	6	10	0	13
XMTI4ODQxMDc1Ng==	162	14	174	19	155	6	20	10	19	35	22	17	30	14	9	9	7	9	25	52	105	12	15	17	17	9	8	19	21	12
XMTI4ODQxMTk3Mg==	1125	323	459	215	226	158	154	141	144	120	121	104	157	161	128	141	94	113	122	82	136	149	135	121	79	112	84	64	85	68
XMTI4ODQxMzA4MA==	423	340	319	170	159	137	130	60	45	45	41	36	43	44	30	25	35	40	19	14	31	26	28	23	20	20	23	34	37	25
XMTI4ODQxNzMxNg==	1098	1352	937	656	788	135	688	148	130	781	123	102	106	97	97	64	800	87	88	75	69	89	78	59	85	91	115	101	84	96
XMTI4ODQyMDA4OA==	46	6	19	6	11	9	14	6	7	10	13	11	9	10	6	11	13	5	17	1	6	3	3	5	2	7	6	6	4	2
XMTI4ODQyMTA4NA==	61	43	36	12	23	37	61	140	85	83	65	148	59	84	67	39	56	55	36	73	223	42	32	32	40	32	29	33	21	20
XMTI4ODQyNDY5Ng==	228297	224354	118818	70676	457	93312	70279	87050	41950	47909	51104	67	45	45	22682	58	41	17	15025	46	54	32	38	148	45	25	12	62015	66	43
XMTI4ODQyODkyOA==	901	16293	10005	1430	3703	2877	4153	2133	704	499	294	213	116	100	135	121	111	66	70	103	83	70	51	58	69	64	61	42	37	60
XMTI4ODQzMjIyNA==	4778	4966	9390	5525	7558	16771	10176	4347	2912	1932	1584	971	238	482	570	435	447	438	366	337	369	257	237	212	180	194	183	165	149	148
XMTI4ODQzMzc5Mg==	133	79	131	70	75	40	22	18	18	17	16	5	8	18	11	5	4	8	2	4	5	7	6	5	3	5	22	16	15	4
XMTI4ODQzNTUyNA==	7053	2830	3200	1416	1081	916	812	625	378	303	254	226	159	185	145	167	151	138	125	155	95	78	87	88	70	84	69	68	63	54
XMTI4ODQzNjYyMA==	304	93	113	56	184	268	86	113	362	242	136	113	125	106	356	98	121	229	163	155	153	68	434	42	57	32	55	40	86	51
XMTI4ODQzODI2MA==	386	128	196	41	53	144	31	35	30	21	18	12	22	7	17	14	8	10	10	10	12	7	5	1	4	8	5	5	4	5
XMTI4ODU0NDU0OA==	254	111	142	102	64	37	37	44	27	34	26	20	14	24	9	28	18	7	9	5	6	12	5	2	7	6	3	11	4	3
XMTI4ODU0Njk1Mg==	513641	303073	496103	240638	406403	238826	303284	35025	36454	34021	19255	16582	18035	15888	16317	16614	20005	20120	16989	18565	18026	15522	14121	14107	5109	852	718	660	8388	704
XMTI4ODU0ODc3Mg==	60	49	43	21	56	7	14	9	10	4	2	4	4	0	6	3	3	0	2	0	0	0	0	0	0	1	0	0	0	0
XMTI4ODU0OTkyMA==	70	28	46	11	27	32	18	24	33	27	37	25	40	32	25	26	24	26	32	11	18	19	23	24	20	20	26	38	21	17
XMTI4ODU1MDc0MA==	182	14	21	152	26	8	28	1	3	0	0	11	0	1	0	0	0	0	0	3	0	1	0	1	0	0	0	0	0	0
XMTI4ODU1NDkwNA==	54	20	35	21	37	19	18	36	70	49	27	13	18	11	15	19	25	15	19	25	29	11	20	12	18	6	17	15	9	18
XMTI4ODU1NjE3Ng==	991	555	352	212	274	237	268	230	158	172	139	109	133	112	88	83	78	88	83	122	100	73	71	84	73	57	49	47	82	97
XMTI4ODU1NzIwMA==	101	26	38	84	106	29	16	21	21	23	18	18	13	8	13	23	19	20	14	28	43	22	22	22	19	17	18	15	11	9
XMTI4ODU1ODU5Ng==	109446	110318	103345	99596	99196	424	47	1390	27244	939	694	622	892	894	699	866	800	592	324	367	344	366	804	788	1413	507	751	14261	80	14916
XMTI4ODU2ODU2OA==	183	83	108	48	36	13	15	11	8	8	7	7	7	6	10	16	6	5	15	25	28	27	22	24	20	17	12	17	31	21
XMTI4ODU2OTg2NA==	148	70	45	11	31	11	33	19	10	8	16	15	7	7	12	4	5	4	5	5	4	3	1	1	0	3	2	2	4	3
XMTI4ODU3MTE0OA==	124	352	377	94	48	56	66	111	92	51	58	98	95	109	80	82	86	73	50	65	69	66	75	93	72	124	118	126	8	95
XMTI4ODU3Mzc2MA==	148	42	42	30	37	40	28	28	20	14	20	13	12	10	14	11	22	17	11	7	3	9	7	2	7	10	9	12	5	7
XMTI4ODU3ODczMg==	434	281	298	199	274	187	168	123	134	118	98	98	112	80	90	86	151	148	105	66	59	59	49	35	52	81	73	51	58	40
XMTI4ODU4NDM2NA==	294	376	314	169	178	207	217	144	168	162	154	134	143	165	174	161	146	131	125	511	131	125	111	78	148	90	91	93	75	72
XMTI4ODU4NTcwOA==	568	393	180	222	106	118	106	53	62	61	42	20	15	19	230	30	16	21	308	14	33	24	36	11	16	33	20	34	24	13
XMTI4ODU4NzQyNA==	12447	14931	11794	8017	5116	4767	4450	3031	2740	1522	2839	2668	2595	2176	116	1038	995	908	782	463	559	394	361	300	247	303	417	479	469	314
XMTI4ODU4ODI3Mg==	1779	1749	2162	689	507	392	357	344	288	304	299	234	190	186	145	148	129	107	143	133	108	99	132	146	77	112	147	75	73	84
XMTI4ODUwNDMwOA==	1195	727	770	443	512	701	791	421	318	336	355	369	217	246	157	152	148	102	129	122	141	90	58	88	67	79	101	255	150	53
XMTI4ODUwNTg0NA==	1050	404	365	228	249	288	263	100	59	52	50	38	42	74	35	25	40	27	42	24	32	23	22	17	21	15	27	19	19	12
XMTI4ODUwOTQ0MA==	1271	815	852	534	672	638	760	371	344	315	342	344	254	321	170	137	114	93	97	95	115	85	71	67	109	79	90	62	54	41
XMTI4ODUxMTQzNg==	932058	1128622	594155	271282	288747	188899	173494	161632	55679	41549	33533	25452	28178	24503	31909	27949	20324	15115	12913	12944	11979	18612	25671	12849	9364	8077	7943	8766	13939	14740
XMTI4ODUxMjIwOA==	18	12	13	3	2	4	22	4	9	5	9	7	6	8	4	6	5	2	7	2	6	4	6	9	5	8	1	1	6	4
XMTI4ODUxMzA5Ng==	1519	2376	3654	2314	2140	1643	1889	663	491	291	202	271	281	201	158	151	126	163	174	140	123	105	117	78	83	85	67	69	59	81
XMTI4ODUxNzYyMA==	113	30	30	27	27	38	20	11	15	7	10	13	18	20	17	26	15	18	14	21	10	26	22	20	12	27	18	23	15	19
XMTI4ODUxODE4OA==	13	8	10	3	11	8	15	11	21	15	10	5	11	5	12	15	16	16	17	15	4	5	13	13	9	20	22	17	19	23
XMTI4ODUxOTYyMA==	1605	1863	3363	2135	2314	1353	1722	1462	1646	1637	1594	1321	1448	1919	1824	2176	2473	2067	2188	2583	3857	2810	2535	2584	2731	3041	2938	3566	2623	2813
XMTI4ODUyNjExMg==	6322	2957	1961	826	1038	9369	9608	3772	403	362	288	237	280	281	300	262	261	248	117	144	159	107	109	103	99	100	141	95	88	88
XMTI4ODUyODE1Ng==	1802	1082	1212	1177	1322	4194	2731	995	559	310	283	34	198	100	243	191	0	155	118	142	188	185	147	105	74	94	141	114	70	67
XMTI4ODUyOTQyMA==	300	294	1577	2455	1420	576	1202	324	238	167	95	68	59	58	70	35	60	61	33	51	42	29	7	12	18	19	22	12	16	18
XMTI4ODUzNDE0OA==	378	282	190	141	239	200	167	141	115	121	164	112	165	162	87	72	95	106	91	116	76	50	19	14	17	32	56	44	33	25
XMTI4ODUzNjA4NA==	404	405	41	47	33	22	18	5	5	7	10	5	4	2	5	8	7	1	1	5	5	13	11	15	7	2	0	1	1	4
XMTI4ODUzNjkwOA==	31	33	23	16	40	23	21	30	14	9	11	11	8	8	12	13	13	18	10	15	13	5	24	9	6	8	5	15	11	2
XMTI4ODUzOTkwMA==	82	18	30	11	29	30	57	12	5	10	5	6	6	4	2	7	6	8	5	4	4	7	9	5	9	1	1	1	4	0
XMTI4ODY0MTg5Mg==	1217	843	502	292	230	225	235	269	210	174	155	132	95	96	67	79	53	91	28	35	32	39	27	35	44	56	23	109	92	84
XMTI4ODY0NzY5Mg==	5	8	7	7	7	1	17	3	0	3	2	0	1	4	2	5	5	7	1	12	14	1	9	7	10	5	7	14	8	2
XMTI4ODY0OTU2MA==	33	12	19	27	59	12	21	15	20	16	11	19	10	6	8	16	12	7	9	11	11	13	1	4	1	5	5	11	13	6
XMTI4ODY1MDM0NA==	2905	11421	22087	9052	5113	5348	10845	5434	3523	3048	2940	1264	1262	954	943	1082	1585	1451	1343	867	840	843	671	764	664	248	394	591	689	743
XMTI4ODY1MTYxNg==	200	168	93	44	41	17	21	23	22	16	22	20	8	17	13	16	14	14	26	49	49	34	38	51	58	46	59	46	66	30
XMTI4ODY1MzYwNA==	2091	1412	721	413	273	191	166	73	60	65	62	31	21	35	28	13	38	24	32	41	10	43	41	5	43	37	58	2	50	49
XMTI4ODY2MDIxNg==	408	278	436	72	143	56	31	34	31	40	31	44	40	15	10	37	30	54	33	29	11	26	28	56	32	25	29	26	22	21
XMTI4ODY2MzQ5Mg==	1170	516	175	393	408	77	81	43	27	14	27	16	15	11	10	721	15	14	15	11	17	8	12	13	564	22	7	4	13	6
XMTI4ODY3MDQyOA==	221	160	79	37	40	30	22	18	7	21	17	12	15	14	16	11	12	15	16	9	16	16	18	13	18	9	7	12	10	10
XMTI4ODY3MzQ0NA==	796	275	290	172	233	468	111	49	36	19	29	13	13	16	13	14	34	46	19	14	7	8	17	24	12	10	2	10	5	9
XMTI4ODY3Mzg3Ng==	560	483	162	40	48	31	43	29	24	10	5	13	6	19	18	9	18	13	14	11	10	5	5	3	0	6	2	4	3	3
XMTI4ODY3NDkwOA==	187	88	151	65	107	39	18	19	17	12	10	4	9	8	9	11	11	5	2	4	7	6	3	4	7	12	8	5	7	5
XMTI4ODY3OTUxNg==	236	189	173	97	108	77	69	79	70	159	186	160	90	108	110	113	128	148	185	226	465	428	344	334	555	417	245	181	168	162
XMTI4ODY4MDM1Ng==	232	220	173	123	147	103	81	90	87	130	136	120	115	88	98	90	79	93	177	253	189	106	73	82	143	107	69	65	80	97
XMTI4ODY4NjE4NA==	112	55	27	23	21	29	19	13	16	21	18	21	27	7	14	24	21	19	21	24	15	15	26	33	18	23	13	16	21	18
XMTI4ODY4NzE4NA==	84	86	146	98	67	115	105	95	81	88	30	29	86	74	126	131	115	127	130	76	86	88	137	133	152	150	141	146	125	117
XMTI4ODY4NzgwNA==	42594	8084	5219	6464	15632	15124	14700	7515	5166	537	297	217	211	159	134	105	103	96	62	75	67	74	59	64	55	55	51	42	50	33
XMTI4ODY4ODgyNA==	1282	422	645	309	476	174	184	141	134	61	39	60	16	34	38	42	34	18	40	27	17	19	34	32	22	19	15	21	18	29
XMTI4ODY5MTY0OA==	1933	17874	4229	5184	8154	6926	10101	7367	4732	4368	7206	4225	3704	3764	4305	4395	3317	5572	8885	9178	9577	11455	12310	9780	6341	5940	5680	5807	5843	5836
XMTI4ODY5MjIyNA==	102	189	420	167	293	51	28	22	22	11	7	11	6	1	7	6	12	20	6	4	5	5	1	1	7	5	4	4	1	5
XMTI4ODY5NzE2NA==	1616	2733	1391	506	581	523	607	631	639	453	337	1128	262	289	272	1626	76	54	73	55	76	91	80	136	81	59	46	8879	12856	263536
XMTI4ODYwMTMwNA==	4958	3426	2490	1090	784	503	453	459	499	392	383	295	315	370	305	389	372	263	200	267	209	218	261	221	248	216	146	184	144	126
XMTI4ODYwODEwNA==	33	54	18	22	29	35	34	39	50	69	35	22	29	54	43	41	61	81	9	38	45	52	15	7	8	0	7	4	1	6
XMTI4ODYxNzg0NA==	2970	2702	1636	678	701	725	1040	735	715	678	673	586	625	529	532	602	627	589	494	443	469	386	369	353	342	375	317	346	277	296
XMTI4ODYyMDA5Mg==	111	195	35	56	116	4	21	3	0	2	0	3	1	0	0	0	0	0	0	0	0	2	0	0	0	0	0	0	0	0
XMTI4ODYyNTgwMA==	227	168	115	31	50	47	47	55	39	27	33	24	18	26	17	25	34	33	23	19	27	18	16	14	15	25	17	18	14	9
XMTI4ODYzOTY5Ng==	60	76	232	534	857	492	256	891	178	854	170	772	101	179	111	99	129	83	694	65	60	64	48	65	59	40	52	39	35	55
XMTI4ODc0NzMyOA==	767	481	428	226	213	131	117	84	105	83	142	67	81	70	65	78	75	81	40	52	36	47	38	19	20	25	17	27	30	26
XMTI4ODc1MTQ2NA==	3795	5677	2421	1444	2733	1510	1395	1574	1508	1406	1215	796	564	556	571	541	607	660	591	483	351	426	497	600	569	411	351	365	302	252
XMTI4ODc2MTQxMg==	160	130	53	262	396	74	53	29	153	33	28	30	30	30	39	54	46	71	125	91	100	109	51	58	52	32	47	26	41	38
XMTI4ODc3MDQ4MA==	482	832	424	175	139	28	16	24	8	12	5	6	8	9	16	7	7	1	9	4	2	7	1	6	5	1	1	3	0	2
XMTI4ODc3Mjg4MA==	967	1253	587	60	57	40	71	48	31	43	47	21	35	49	42	38	14	24	29	32	57	26	35	48	19	11	35	29	39	23
XMTI4ODc3NDg4NA==	240	4285	3232	718	337	1869	2316	214	117	117	175	206	134	107	128	125	190	160	1341	400	344	205	225	283	194	227	1202	150	75	62
XMTI4ODc5OTE1Ng==	3770	3166	859	391	358	285	267	210	164	410	334	166	120	103	98	104	77	243	116	94	84	84	66	75	65	79	62	67	85	60
XMTI4ODcwMjgyMA==	11279	21153	14073	2707	3284	1892	2846	1085	1660	1982	2204	2049	1628	428	992	930	903	695	782	923	900	658	617	414	229	544	866	643	665	680
XMTI4ODcwNDcyNA==	770	447	276	150	120	73	43	64	27	25	41	29	23	16	17	27	19	24	10	7	4	13	9	13	13	11	11	9	6	6
XMTI4ODcwNTI2NA==	5900	7738	8705	5903	6136	5441	4789	2401	2702	1844	1109	670	664	726	674	563	629	641	593	620	725	539	591	594	594	651	731	913	748	670
XMTI4ODcwNzQyOA==	5439	14599	5423	4681	1457	2427	949	2253	701	660	531	410	283	354	364	366	286	189	76	54	103	81	21	115	80	24	76	74	8	153
XMTI4ODcwNzY2OA==	4196	2207	1945	730	1234	1098	2719	1410	3639	3801	2904	2632	2034	2163	2183	2798	4015	2936	4398	2901	3328	2921	3406	4409	3665	3326	2976	2941	2159	3656
XMTI4ODcwODU5Ng==	540	520	241	113	87	57	54	56	43	31	28	25	15	32	13	12	36	24	14	11	16	10	18	46	34	29	8	4	8	7
XMTI4ODcwOTA3Mg==	20	1795	881	738	991	870	819	801	14	1312	12	1232	19	1465	23	1349	17	1277	29	1212	21	1246	16	1232	14	1242	13	19	1863	14
XMTI4ODcxMjg3Mg==	169	132	98	50	53	39	15	19	22	11	12	20	15	15	10	14	6	12	7	4	6	9	4	9	11	5	10	4	7	7
XMTI4ODcxNzg0OA==	10733	10829	4215	1290	2302	821	661	938	1648	406	302	233	255	251	268	270	227	206	206	1232	183	200	155	142	181	134	135	155	96	75
XMTI4ODcxODMyNA==	904	510	282	144	141	55	74	44	30	15	16	12	23	6	13	6	8	8	12	11	13	15	11	16	10	7	4	1	7	4
XMTI4ODcyMTUyNA==	259	214	64	20	18	22	18	6	19	14	6	4	3	5	1	3	2	10	1	2	1	2	1	1	3	2	5	5	0	3
XMTI4ODcyNzQyMA==	8668559	6880446	3529026	1481284	1294787	1198226	1232679	880157	698400	575147	480095	388043	379716	373614	317910	274380	260910	236306	214432	219924	213756	210491	190564	178209	158233	164343	164185	163622	151483	157470
XMTI4ODczNzYwNA==	60	77	55	28	37	22	51	8	17	6	11	18	9	11	9	9	9	12	5	2	8	4	11	7	2	8	7	5	6	1
XMTI4ODczODcwMA==	12450	56686	45000	5377	4517	17503	36694	23811	19296	25148	13815	16902	14205	16352	12008	17258	20083	17736	19150	20031	15400	13166	7850	6862	6038	4865	6703	5277	6319	4320
XMTI4ODg1NDE0NA==	65	67	355	854	549	111	366	79	426	42	56	70	439	32	27	28	14	11	31	52	24	14	13	11	14	16	12	7	11	12
XMTI4ODgwMzEzMg==	2103	1242	693	304	231	195	169	160	152	104	123	80	74	68	75	84	55	47	50	39	48	39	40	57	59	65	79	79	99	76
XMTI4ODgwNzQ4NA==	957	840	344	87	97	38	52	43	21	24	26	29	19	18	9	11	15	7	10	14	9	9	13	9	3	12	7	9	5	2
XMTI4ODgxMDk4NA==	48	4	30	16	12	3	16	5	12	4	6	3	5	6	7	1	6	4	8	6	5	1	10	2	3	2	0	0	0	0
XMTI4ODgxMTk2OA==	164	399	74	113	128	88	63	72	70	72	62	71	66	257	110	91	93	68	77	63	67	49	57	46	50	48	43	52	62	46
XMTI4ODgzNzU5Mg==	353	377	38	26	47	29	19	27	270	254	24	30	29	29	28	33	39	26	27	27	25	19	26	37	45	37	30	41	28	41
