XMTM2MDkzMDQ2OA==	38	12	0	124	38	18	16	14	5	22	14	15	3	1	1	2	0	11	11	46	7	9	24	11	13	16	7	14	2	10
XMTM2MDc3NjgyMA==	48	14	6	1	0	190	89	1	5	0	14	27	5	2	0	2	9	6	0	6	0	0	1	1	0	1	1	0	0	0
XMTM2MTI2MTY1Ng==	7	8	2	2	40	64	140	221	225	78	55	57	93	100	148	93	259	1026	815	813	1112	1785	2069	1424	454	499	197	471	314	366
XMTM2MTI3MTUzNg==	6	8	4	0	6	58	48	135	114	33	24	44	41	42	30	84	42	126	78	400	261	542	726	174	52	158	183	173	251	199
XMTM2MTExODY2NA==	3	2	0	0	103504	3263	1822	891	711	810	398	632	428	238	274	244	453	189	152	141	43	43	62	32	29	75	35	69	60	45
XMTM2MTEzNTgwNA==	12	7	281	91	42	36	27	17	21	62	9	1	13	8	33	2	23	19	15	177	16	11	0	6	3	3	0	0	2	4
XMTM2MDg1NjA3Mg==	136	53	5	30934	6	16	61	11	22	0	5	0	86	12	7	5	2	11	2	6	7	10	19	1931	4	4	1530	0	20	2
XMTM2MTE4ODc0OA==	83	36	5	4	170	325	52	34	34	27	12	4	6	7	11	4	1	3	2	98	13	8	5	3	3	3	0	4	4	15
XMTM2MTI5NzQ2MA==	7861	2571	11713	247	75	24	239	422	6748	333	285	356	443	273	384	350	357	310	354	225	318	401	426	9199	245	294	264	451	392	423
XMTM2MTMzNDM2NA==	50	18	10	736	23	52	41	8	1	8	26	24	12	11	14	10	24	3	8	171	31	31	381	532	38	789	38	38	9	5
XMTM2MTQwNzQ4MA==	1584	24072	20789	2516	990	687	1430	258	208	506	563	379	154	188	1108	251	206	160	200	201	266	698	550	191	96	117	26	69	88	2531
XMTM2MTM0ODUwNA==	20	9	0	0	17	118	15	7	5	1	1	0	1	0	1	0	0	1	0	3	1	1	0	0	1	0	0	1	1	0
XMTM2MTQ3MDc0MA==	19	14	46	4	4	0	14	0	0	0	0	0	0	0	0	0	0	0	0	0	0	0	0	0	0	0	0	1	0	0
XMTM2MTI1ODE0NA==	122	45	91	161163	823	409	353	65	37	15	4	39	55	51	45	44	48	41	30	32	28	26	47	31	19	25	5	19	20	28
XMTM2MTQ4MzU5Mg==	477	973	576	1083	1676	5518	12925	4311	2404	2872	1706	2882	2353	2080	2514	3208	1748	1928	1632	652	2253	1916	2342	1908	1416	1750	1234	1886	1529	1316
XMTM2MTYxMzc4NA==	171	1777	327	317	139	450	483	481	182	5	61	53	50	11	77	44	77	120	47	64	64	73	60	35	3	138	47	77	64	42
XMTM2MTQ2MTg2OA==	139	3027	139	40	45	22	24	14	1	17	2	24	31	20	15	11	9	9	9	56	15	18	27	4	1	19	9	18	8	10
XMTM2MDg5NTcwOA==	3	2	0	7	1979	5493	3253	3070	4029	2598	2028	3055	3087	3375	2554	3052	2430	1474	1383	1044	1195	918	1097	784	491	1017	505	705	849	794
XMTM2MDg0MTc5Mg==	2	0	0	549	1676	735	312	143	51	42	21	26	18	13	26	1	19	12	6	23	10	14	8	2	3	7	7	15	10	7
XMTM2MTI1ODc3Ng==	25	20	7	9	142	201	313	627	402	384	192	222	223	227	388	481	14633	17770	16857	19611	19949	34039	31033	6222	93	755	161	1353	2319	1623
XMTM2MTEzMjIxMg==	4	1	1553	10	279	52	322	265	252	272	218	164	252	317	412	331	287	529	46	240	514	79	106	70	70	141	146	12	318	162
XMTM2MTIzNTcxNg==	24	8	0	182	1113	428	186	80	30	80	19	2	7	7	26	19	6	1	8	90	3	1	0	1	0	1	0	0	2	0
XMTM2MTAxMTM0NA==	256	164	59	61	2	12233	360	160	89	91	42	1	9	2	3	3	6	11	0	292	295	387	436	309	289	1028	98	31	17	15
XMTM2MTQ4MzA2MA==	5719	25200	3604	1997	932	176	4009	7328	4214	5241	1680	167	1504	2140	3744	4602	1196	1246	1118	1631	1403	9127	7783	1932	578	2856	3870	4694	3324	90
XMTM2MTMyNzI1Mg==	3	1	10582	1626	994	170	194	112	104	78	37	33	14	20	29	21	0	6	1	41	3	4	1	3	4	0	7	3	1	5
XMTM2MTU4NjQ4MA==	1122	3813	875	682	135	725	876	1107	190	134	12	7	42	84	74	40	71	68	80	57	55	48	64	54	37	55	31	45	42	45
XMTM2MTM3MjU5Ng==	2892	2445	654	458	6904	461	126	108	166	2	140	8	25	100	107	109	80	101	140	169	126	117	76	76	49	117	185	108	64	161
XMTM2MTI1OTM3Mg==	12	9	4	6	72	104	191	295	260	106	121	84	129	124	266	140	1498	3698	2574	2707	3602	4425	6123	3938	1070	824	196	1430	581	255
XMTM2MDkzMjY0MA==	29	11	309	149	92	45	63	33	38	92	80	54	72	48	58	46	47	89	66	52	106	48	83	74	76	111	30	100	64	78
XMTM2MTUwODE2MA==	125	1565	326	222	354	236	326	354	215	353	217	529	43	256	166	197	314	72	128	111	88	36	151	56	31	260	44	87	32	765
XMTM2MTE0MDA2OA==	99	45	12	249	62	33	19	10	10	7	9	0	1	1	2	2	4	2	2	28	1	5	1	4	1	1	0	7	1	3
XMTM2MDk2NjM2MA==	502	17052	26	18	9	10	14	10	23	10	0	9	2	6	0	37	6	1	1	1	2	2	2	2	2	5	2428	476	1732	14
XMTM2MTI2MzA2OA==	10	7	4	1	23	34	112	173	151	85	84	67	58	61	97	53	214	563	597	494	989	1609	1692	550	138	285	471	113	548	325
XMTM2MTMwMzA0MA==	4	2	1	0	0	6	19	1	1	0	34	0	29883	428	451	65	1	2	1	1	0	0	1	6	101013	120	611	3	159	0
XMTM2MTMxNDY2OA==	434	169	52	11996	22	22	21	4	1	5	1	3	6	2	0	2	1	1	1	36	7	44	98	5	4	7	6	11	30	7
XMTM2MTM1Nzg3Ng==	264	2610	1363	621	113	106	131	124	61	42	88	72	49	28	40	23	53	4	5	13	24	12	13	11	4	12	4	4	2	12
XMTM2MTI0MjE0OA==	1315	759	41	89	1948	5750	1480	307	46	65	173	126	215	143	128	97	39	68	59	69	99	212	337	183	27	105	105	91	142	48
XMTM2MTM5OTQ3Mg==	11	14	14	13	188	32	19	12	8	24	38	25	7	5	15	14	18	20	22	44	12	23	15	12	13	25	0	11	13	13
XMTM2MTMzMDExNg==	193	133	33	31	11	28823	55475	60411	58390	78943	57753	62434	61965	82111	70531	66407	75634	70118	5451	127985	73263	78616	63752	19669	5263	34315	874	123861	102374	326218
XMTM2MDk5OTEwNA==	131	3374	2381	394	48	154	59	49	46	40	27	8	14	4	1	14	0	17	0	113	19	21	8	10	1	5	7	29	13	14
XMTM2MTExMzcwMA==	491	2654	422	583	59	358	387	517	438	193	58	57	55	43	114	56	21	54	26	80	41	56	32	5	7	9	14	49	23	51
XMTM2MTM5NTM0MA==	123	56	7607	2977	130	474	551	257	223	97	37	77	65	98	128	160	279	534	144	63	22	166	208	49	13	81	69	106	277	230
XMTM2MTI2NTYxNg==	9	22	3	0	14	34	68	174	137	52	43	56	53	43	89	58	119	269	323	407	513	991	1087	311	96	239	247	231	365	273
XMTM2MTIyOTYxMg==	19	17	1	18	1187	4643	1471	479	217	395	162	161	201	228	174	269	198	89	67	382	74	153	151	74	39	99	110	130	90	99
XMTM2MDkxMTA2OA==	1968	1254	66	133	9	4410	11730	5856	1098	1364	617	671	908	664	469	575	370	387	259	220	243	205	268	40	59	95	70	211	140	156
XMTM2MTAyNDAwMA==	34	13	0	4	0	229	50	8	1	5	1	1	0	0	1	0	0	0	0	4	4	1	0	0	0	0	0	0	0	1
XMTM2MTI4Mzg2MA==	30	10	1	0	1	103	148	12	7	8	0	0	2	0	1	0	1	0	0	5	0	19	3	3	0	4	0	1	0	2
XMTM2MTUwMjQwNA==	6084	42272	10556	1081	663	316	937	111	268	371	668	1037	1039	579	246	121	168	122	88	136	114	120	150	118	61	135	116	118	112	103
XMTM2MDc0NTc0OA==	208	31	49	10	1575	2715	354	282	56	45	49	129	35	27	34	30	3	22	20	9	16	27	16	17	8	19	11	25	13	35
XMTM2MTEzNzc1Mg==	7	6	341	95	70	40	33	23	19	87	13	0	22	7	39	1	28	24	18	247	19	14	0	9	5	0	0	1	3	5
XMTM2MTUwODg2MA==	172	971	342	178	136	154	89	77	46	65	17	47	46	12	15	24	51	16	12	3	11	11	15	14	44	18	12	16	4	9
XMTM2MDYxOTAyMA==	13	14	6	0	53	81	18	34	9	3	0	0	0	0	0	2	0	0	0	3	0	0	0	0	0	1	0	0	0	0
XMTM2MTA1NDU2NA==	42	50	28	15	11258	19	53	33	53	37	17	10	28	38	32	32	36	24	21	21	22	37	32	21	23	47	25	34	45	38
XMTM2MTQ4Njg2OA==	252	1968	39	41	26	42	33	25	27	30	40	4	36	37	30	47	28	5	9	13	36	29	38	19	49	39	15	29	24	29
XMTM2MTQxMDIwMA==	1811	12615	432	292	209	123	63	65	5	188	110	25	75	56	10	378	33	11	5	34	15	20	15	12	23	50	30	327	903	36
XMTM2MTEzNjYwMA==	8	5	295	95	68	42	28	24	34	85	2	6	22	9	25	7	28	20	15	248	11	18	4	4	2	7	2	0	2	0
XMTM2MTU5MTAzNg==	102	684	153	113	46	176	203	204	77	168	107	198	229	230	197	199	226	197	189	216	98	151	144	101	124	171	135	133	135	133
XMTM2MDg4NTk5Ng==	16	9	2	11	8	50	17	13	19	11	3	0	2	3	1	1	2	1	0	37	5	3	2	3	3	23	13	16	5	2
XMTM2MTI2MDU3Mg==	17	13	3	2	36	51	150	216	221	103	57	87	82	94	111	144	706	1168	1160	796	2059	2837	2909	765	191	351	400	329	749	482
XMTM2MDgzODgzMg==	1513	482	32	223	2016	90	25	49	63	38	0	5	40	10	9	0	5	12	17	127	15	14	40	8	5	31	2	18	20	35
XMTM2MTA0NjM2OA==	17	1	0	1	0	22	44	11	0	0	0	0	0	1	0	1	0	0	0	7	1	2	2	2	7	17	7	3	5	1
XMTM2MTI3NTAzNg==	3261	1906	3065	22654	386	1925	2482	1816	1677	2176	1613	1555	1815	1497	988	1773	2497	4661	1068	1466	1127	1364	1528	1014	582	911	1056	1091	999	982
XMTM2MTM1NTcyNA==	4	75	18951	54	31	53	80	50	47	81	39	82	36	24	29	33	48	3280	37	7	63	3	488	107	58	1	8304	226	129	104
XMTM2MTEzNzIyOA==	10	6	488	151	94	58	48	27	38	132	95	8	4	26	10	62	8	52	5	262	2	29	5	2	4	3	2	5	0	2
XMTM2MTQ3NTkxNg==	305	188	21	21	15381	4212	942	425	605	559	447	466	604	0	3	10	7	2	0	23	9	11	7	1	2	17	7	25	6	5
XMTM2MTI4MjEwOA==	613	3366	766	886	443	936	511	194	324	616	587	327	85	2	17	1	13	21	4	23	23	3	16	7	5	9	6	1	13	33
XMTM2MTE4NDQyMA==	14	4	0	358	200	94	96	80	53	97	177	122	218	28	1	0	3	2	0	23	2	3	3	1	6	3	2	12	0	0
XMTM2MTYwMDM4OA==	3	3	7	1	1	182	184	29	32	6	6	3	4	2	1	3	1	3	0	47	2	4	2	0	1	2	1	1	1	8
XMTM2MTI3MDkyMA==	4	11	4	15	3	36	59	114	118	40	13	68	44	45	87	70	28	150	93	362	257	578	743	181	62	185	187	227	228	231
XMTM2MTU5NjU3Ng==	232	1350	176	166	45	283	379	275	57	39	9	18	26	29	54	25	16	13	16	22	24	19	18	12	20	18	80	20	10	260
XMTM2MTU4ODAxNg==	23	8632	197	254	212	138	125	120	25	16	14	19	23	30	21	29	21	3	5	34	15	19	9	15	6	14	16	33	20	18
XMTM2MDc3NTY5Ng==	3	0	0	338	163	50	35	13	21	30	3	0	0	3	0	11	5	6	0	109	9	2	3	27	2	75	43	296	175	80
XMTM2MDk3NzU0NA==	2188	45513	14551	855	1185	111	55	702	2677	830	1631	340	254	17	166	129	2258	425	174	73	2083	308	1876	165	23	24	29	114	887	1055
XMTM2MDkzMTM3Ng==	37292	854010	719497	21398	1231	11555	3530	1760	2146	1587	1012	279	711	766	613	538	89	417	551	1856	428	341	668	235	255	94	216	104581	73537	943
XMTM2MTI2Mzc4NA==	13	21	3	2	20	43	106	178	168	65	37	91	53	44	89	33	142	529	236	864	227	1664	1547	521	98	322	341	292	403	349
XMTM2MTI2MDAwMA==	6	14	4	6	50	86	170	240	199	175	20	39	106	110	201	94	730	2065	1507	1595	2189	2841	3648	2513	792	758	199	743	462	482
XMTM2MTM3MDM4NA==	135	900	385	200	5	132	130	137	63	180	109	510	177	280	117	134	84	20	31	60	90	46	38	20	66	105	61	91	93	94
XMTM2MDk0MjQxMg==	5	3	441	313	55	18	14	8	8	4	8	1	0	8	7	117	19	12	1	25	6	0	1	4	1	4	5	7	0	4
XMTM2MDg0MzExNg==	3	0	126	119	1881	3	40	13	32	31	41	33	9	28	71	67	35	57	36	81	41	44	65	28	58	4	30	21	197	73
XMTM2MTI1MjIwMA==	12	3	30	1	7267	30295	56	2	1	0	2	0	2	0	7	40	3	0	0	1	0	1	1	103353	7	4	1039	8	1	1
XMTI4ODA0MjA1Mg==	13	2	202	744	34	17	18	15	13	10	3	5	5	6	5	4	3	3	1	4	4	1	0	1	1	0	4	0	0	2
XMTI4ODA4MzU3Ng==	22466	103288	89822	2759	689	437	405	908	365	221	391	228	102	90	86	227	153	96	65	76	74	71	44	68	39	50	78	66	86	79
XMTI4ODA5MTcwMA==	29	2	943	81	374	94	53	33	59	42	43	4	3	2	4	188	4	0	1	0	1	2	0	0	0	0	4	1	0	0
XMTI4ODAyOTkxMg==	116	20	157	7	9	14	17	10	3	7	4	5	4	8	4	4	10	10	11	2	5	6	3	2	4	2	3	7	0	3
XMTI4ODAzODc5Mg==	112	29	407	115	674	158	63	53	36	48	28	34	45	28	35	30	25	50	43	29	49	26	22	24	27	26	266	21	24	18
XMTI4ODE0MDQ2OA==	54	38	15	20	745	724	20	14	12	10	13	14	9	11	241	13	15	11	7	1	4	6	4	3	2	1	0	3	3	2
XMTI4ODE0ODIxNg==	79	124	576	266	64	34	33	20	15	13	25	11	6	7	5	9	12	12	6	23	15	14	20	7	9	3	7	5	1	5
XMTI4ODE4OTA0OA==	38153	36979	151408	35271	7723	1551	2279	630	1297	1318	2086	917	1388	1152	620	452	155	114	81	71	15	57	64	43	26	76	50	15	173	83
XMTI4ODEwOTg0MA==	661	4	4	2	2	2	696	54	1	0	0	1	1	3	0	0	0	3	0	3	4	0	1	0	0	0	0	0	0	0
XMTI4ODEyMDAzNg==	34	304	30	12	28	38	113	20	9	11	9	4	2	2	3	3	5	2	4	2	1	1	0	5	0	3	1	0	1	0
XMTI4ODI1Nzc5Mg==	49	12	622	79	30	367	14	514	9	7	8	11	282	10	242	17	7	11	266	7	6	3	6	11	7	11	10	5	12	5
XMTI4ODI2NTc2NA==	274	24	476	49	47	30	27	12	13	58	9	8	9	17	1890	6	10	6	8	4	4	3	8	6	5	5	5	2	5	7
XMTI4ODI5MjcwOA==	1527	9020	756	112	75	40	23	28	9	11	21	16	16	8	5015	604	92	43	38	22	6	14	11	14	14	4	5	3	0	3
XMTI4ODI5MzM2OA==	37	16	325	3	25	21	14	62	172	59	129	196	83	102	108	39	49	36	25	26	47	49	33	31	25	11	35	65	33	28
XMTI4ODM0MDAwMA==	290	10781	553	1588	252	191	162	99	16	6	13	2	2	5	8	8	7	9	1081	7	3	7	4	7	10	4	4	5	7	4
XMTI4ODM4Nzg3Ng==	38	13	55	333	41	7	64	118	161	222	178	125	146	188	217	423	407	633	672	879	824	594	343	448	368	249	192	153	127	132
XMTI4ODM5MTQ5Ng==	350	3549	32164	12772	7133	4101	4251	3534	2770	2116	819	2230	798	1952	843	2234	520	393	1613	474	451	456	470	390	1505	296	364	332	273	1419
XMTI4ODM5MTg3Ng==	755	1061	22896	2862	2155	472	1870	310	201	1338	130	100	212	240	1763	207	193	153	155	1183	143	95	80	78	63	77	91	75	1414	51
XMTI4ODM5MTgzMg==	63	14	503	12772	17	10	16	11	2	1	6	15	4	6	6	2	1	8	1	4	4	3	2	3	5	4	3	8	5	3
XMTI4ODM5MjEzMg==	97	283	6707	194	2244	135	169	78	73	47	33	38	61	1769	54	59	55	34	37	21	49	40	1075	30	25	31	28	37	33	16
XMTI4ODM5MzcwNA==	462	2030	410	82	90	73	146	173	629	253	289	909	341	1018	366	352	1218	307	374	1480	581	561	1721	591	589	1641	645	706	634	1782
XMTI4ODM5Mzk2MA==	62	6	10	12	961	8	15	8	16	15	11	143	9	5	3	11	10	20	10	4	3	10	10	11	9	23	13	14	22	16
XMTI4ODM5Nzk1Mg==	428	2202	11009	1417	607	191	177	186	191	220	135	98	126	103	86	107	73	74	85	89	59	46	59	49	35	28	43	38	17	24
XMTI4ODM5OTAwNA==	7679	19382	59164	6692	763	1396	1002	180	968	667	652	510	86	241	273	114	346	270	295	231	241	178	7	136	66	53	130	2	153	5
XMTI4ODMwNjQ1Mg==	105	20	20	26	843	15477	28	42	34	37	22	29	36	31	29	36	49	62	30	29	21	29	26	27	26	42	25	18	32	32
XMTI4ODQ2NzMwMA==	50	22	486	343	101	25	35	69	61	53	40	39	15	5	34	27	303	12	19	3	1	18	15	10	10	11	2	3	16	18
XMTI4ODQ5NDYxMg==	674	136	389	132	101	718	2867	172	51	35	37	30	43	55	33	37	37	42	35	61	46	199	191	83	64	57	56	38	30	35
XMTI4ODQwNjYzNg==	329	881	7307	3054	1039	317	383	298	204	231	121	119	106	112	95	87	93	149	103	75	70	68	71	43	45	54	47	28	24	24
XMTI4ODQxNTAwNA==	51	13356	176493	693986	879714	207988	1243	828	399	364	357	342	7	301	111	426	54	109	32	128	1	65	12	60	2	62	64	9	36	129
XMTI4ODU0MzkyNA==	9	1	78238	1496	582	393	342	86	7	11	8	5	4	2	1	4	16	11	5	5	5	1	9	1	1	3	0	6	4	2
XMTI4ODU0ODk4MA==	113	3174	512	1133	581	71	871	115	91	912	77	83	85	64	163	92	97	1178	22	22	25	14	19	22	19	7	17	10	12	21
XMTI4ODU2NTM0NA==	6627	89213	10959	6593	7701	5954	5687	3748	1955	1923	1797	591	2125	665	2576	1256	2001	695	654	2142	778	2125	714	1681	584	596	1861	495	541	2054
XMTI4ODUyODQ1Mg==	168	668	226	39	36	22	32	21	8	17	17	4	4	3	12	7	6	12	9	178	19	91	6	1	2	8	6	8	4	3
XMTI4ODUzMzQyMA==	82	44	19	17	62	203	27	9	9	9	7	14	124	18	8	4	6	3	4	43	20	6	7	4	1	9	37	9	4	3
XMTI4ODY0MjM1Ng==	28	199	1062	68	152	103	110	86	54	41	0	0	2	1	1	1	1	4	1	3	0	3	3	0	0	1	0	1	0	0
XMTI4ODY0NjE3Ng==	582	22343	28266	3146	968	744	858	2098	673	695	1792	791	325	217	246	279	296	268	208	272	1238	198	212	182	152	154	186	206	250	270
XMTI4ODYzODk0OA==	14	230	326	13	734	34	17	39	41	30	22	26	9	13	16	17	7	20	12	12	23	12	10	9	5	5	6	3	2	1
XMTI4ODc0NTg1Ng==	149	1388	455	11	33	25	15	27	16	8	11	2	15	6	12	19	18	19	13	11	10	1	10	4	3	1	3	4	25	22
XMTI4ODc2ODk2OA==	57	76	525	149	37	10	27	18	4	1	3	2	0	1	5	3	1	4	0	2	0	0	0	1	3	0	1	1	1	1
XMTI4ODc3MTIxNg==	338	1267	2031	95	101	110	76	86	22	17	10	15	13	16	18	27	24	15	10	12	13	11	4	12	10	10	6	10	7	11
XMTI4ODc3NzczMg==	408	546	5015	3592	865	227	142	144	142	73	50	40	51	44	34	59	51	79	47	46	43	49	39	25	30	51	43	33	33	31
XMTI4ODc4MTkyMA==	1839	13821	4141	4120	769	667	1678	675	1630	622	557	454	165	125	134	1615	1656	189	177	184	181	178	179	141	119	109	115	98	98	112
XMTI4ODcwNzg4MA==	4	0	2	2	3	23	18	0	0	0	0	0	0	1	2	0	0	0	2	1	0	0	0	1	2	1	0	0	0	0
XMTI4ODczNDA4MA==	960	328	695	4959	7419	2339	609	495	475	490	350	385	385	442	326	452	319	296	299	253	259	237	255	257	244	230	243	216	210	170
XMTI4ODg0MDUxMg==	2082	11092	5829	2504	597	274	321	282	290	174	171	5963	34043	33340	11417	831	538	331	288	207	145	136	104	128	80	107	106	88	86	113
XMTI4ODg2NTE0MA==	21	1045	84	9	17	19	16	19	17	6	1	3	1	1	1	1	1	3	14	17	17	5	6	5	8	3	2	7	6	4
XMTI4ODgzOTk2OA==	1616	8131	4314	1239	2464	366	558	473	418	323	278	309	1260	285	332	454	478	441	364	299	322	337	682	275	420	429	392	497	457	574
