XMTM2MTI0NTQ5Ng==	7	1	1	0	1	0	950	1489	86	34	10	1	3	9	3	0	2	7	7	67	1	4	3	1	2	1	2	0	5	2
XMTM2MTM1NDY0MA==	38	52	38	1	7	0	262	264	986	171	13	3	0	5	4	3	30	33	15	129	13	6	3	1	0	6	5	0	1	5
XMTM2MTI3NzU0NA==	40	12	8	5	0	0	348	37	2	3	2	2	11	1	0	25	32	0	1	19	0	0	0	0	1	0	1	1	5	1
XMTM2MTExMjA4MA==	8	2	1	0	0	1	39	0	0	0	0	0	0	0	0	0	0	0	0	0	0	0	0	0	0	0	0	0	0	0
XMTM2MTM5ODQ0MA==	17	1	1	0	0	0	11504	0	8	2	4	11	4	6	8	3	6	3	3	19	2	19	10	1	2	1	4	2	6	8
XMTM2MDk5MDAyNA==	233	97	45	2067	1077	210	5487	9023	6729	3819	810	186	138	1580	2491	3404	1294	319	173	187	1209	2852	3212	1576	184	433	196	488	1651	1344
XMTM2MTI1NDgyOA==	11	1	3	1	0	0	903	0	17	1	12	7	0	10	0	81	0	4	3	1	4	1	0	1	4	0	932	450	104	12
XMTM2MTQzNzgwOA==	1489	712	116	310	15	37	2393	721	352	407	337	291	606	546	522	472	826	8	1	6	8	1	1	0	7	14	7	14	6	11
XMTM2MTAzOTE0NA==	38	15	2	6	1	0	71	8	2	3	3	2	0	1	4	42	17	2	0	20	0	2	0	0	0	2	1	0	0	1
XMTM2MTA5NDQzNg==	348	141	25	16	20	6	10444	48	56	29	30	28	39	35	67	176	49	74	39	36	107	132	50	17	10	10	41	73	135	104
XMTM2MDcxMzYwNA==	67	24	1	2	0	31	155	127	67	70	5	8	15	2	6	19	38	23	14	67	7	1	6	3	2	25	5	4	5	3
XMTM2MTQ5MzM4OA==	4421	3826	8814	11150	4410	3259	55227	287	258	167	288	275	265	397	165	29	334	225	238	282	1872	371	130	564	764	560	331	396	305	49
XMTM2MTM3MjUxNg==	71	33	7	7	0	13	355	360	325	329	115	146	149	137	112	111	71	86	116	85	105	96	106	31	8	33	87	91	148	91
XMTM2MTMwMjY4MA==	199	115	2	38	19	0	352	633	355	112	8	0	1	12	26	6	27	30	7	86	0	2	0	1	2	0	3	15	5	0
XMTM2MDkyMDYyOA==	38696	14493	4194	1544	96	138644	1019201	9472	8169	5448	2820	2776	2618	2119	1478	1543	1092	1009	967	889	866	713	808	510	311	628	373	701	599	493
XMTM2MDg5MDExMg==	2	0	0	0	0	3	17	0	1	0	0	2	1	0	3	2	2	1	0	3	0	0	0	0	0	0	0	2	1	0
XMTI4NzgyOTUyOA==	12	3	1	1	8	4	27	3	0	0	0	0	1	0	0	0	0	0	0	0	0	0	0	0	0	0	0	0	0	0
XMTI4ODA4MDQ5Mg==	44	4	16	13	3	13	336	7	5	11	5	5	5	17	29	9	12	7	1	2	16	4	1	4	8	5	5	2	3	8
XMTI4ODI2NTAwOA==	9	1	7	3	0	0	17	0	2	0	0	0	0	0	2	1	1	0	1	0	1	0	2	0	0	0	0	0	1	0
XMTI4ODI4Mzg4OA==	62	2	3	0	1	2	78	0	0	0	0	0	0	0	1	2	3	1	0	0	0	0	0	0	0	0	0	0	0	0
XMTI4ODIxMzcxMg==	21	2	0	1	1	6	55	1	0	0	0	0	0	0	0	0	0	0	0	0	0	0	0	0	0	1	0	0	0	0
XMTI4ODQ2NTI4OA==	154	36	34	37	38	60	525	42	4	4	4	2	6	7	4	2	3	1	0	4	4	1	3	1	2	1	0	2	0	4
XMTI4ODQwODg0MA==	45	4	19	11	8	9	621	9	9	4	8	2	1	5	9	4	3	2	5	5	3	4	1	2	0	3	0	1	1	3
