--------------------------------------------------
global
--------------------------------------------------
Log-Linear
0.3462903
Linear
1.234574
Multi-Linear
1.175979, 1.308160, 1.227412, 1.508363, 1.369082, 1.761802, 2.181996
--------------------------------------------------



--------------------------------------------------
active
--------------------------------------------------
Log-Linear
0.5147087
Linear
1.343345
Multi-Linear
1.159937, 1.359963, 1.513029, 1.673940, 1.429994, 1.753657, 1.958031
--------------------------------------------------
1100000
1.0788877, 1.1650449, 1.2509525, 2.3726894, 1.7024531, 0.6329675, 5.5600012
0000000
1.276436, 1.529662, 1.236515, 1.500416, 1.429396, 1.076544, 3.917792
1000000
1.0793034, 1.2060822, 0.9275137, 2.1305463, 2.8853392, 3.7692707, 1.7538672
1110000
1.33230542, 1.16651895, -0.05319959, 3.15650072, 1.93228652, -5.26626883, 10.86767198
0000001
0.5958612, 9.3173631, -0.6943180, 3.5221871, -1.7667737, 0.8177570, 1.1807929
others
1.078124, 1.214675, 1.283967, 1.201688, 1.265199, 1.275494, 1.852950
--------------------------------------------------