XMTM2MDk2Mzk4OA==	8380	21911	27328	31430	31509	33212	35100	36402	38121	39984	41396	42922	44297	45407	46624	48687	49973	51341	52032	52733	53549	54914	56357	56983	57368	58427	58914	59737	60577	61345
XMTM2MTM3Mzc5Ng==	25	2229	2233	2239	2245	2252	2257	2265	2276	2278	2281	2283	2295	2306	2308	2308	2310	2313	2314	2314	2317	2319	2321	2428	2440	2453	2724	2748	2825	2825
XMTM2MTA0NzI0OA==	234	843	1306	1518	1531	1638	1764	1854	1868	1872	1877	1885	1885	1886	1887	1889	1889	1890	1893	1924	1925	1926	1928	1930	1930	1932	1933	1933	1933	1934
XMTM2MDc2NzM3Ng==	9	31	34	39	40	41	45	45	47	47	47	48	48	48	49	49	50	50	50	50	50	50	50	51	52	52	52	53	56	57
XMTM2MTcxNjg5Mg==	130	344	405	451	454	478	505	533	566	586	604	625	635	638	639	656	679	695	695	778	793	808	813	832	837	839	848	868	880	894
XMTM2MTQzNTQwMA==	24	65	87	97	102	113	120	145	173	199	207	208	211	213	213	216	218	222	224	274	284	297	314	318	320	324	330	337	343	351
XMTM2MTUwNjE0OA==	27	91	103	108	108	108	113	120	123	125	132	136	137	137	143	145	146	147	147	174	182	187	188	188	189	191	196	199	201	206
XMTM2MTQ1Mzg0NA==	5	12	16	16	17	18	18	18	18	18	18	18	18	18	18	18	18	18	18	18	18	18	18	18	18	18	18	21	22	24
XMTM2MTM0OTcyNA==	2997	6946	8580	10206	10312	10854	12035	12941	13464	14022	14593	15089	15575	16150	16542	16820	17027	17247	17453	17676	17910	18068	18286	18436	18613	18858	18963	19158	19297	19455
XMTM2MTE0NDc2OA==	21834	84981	97164	108301	121184	132686	143739	155483	166766	178746	178751	178767	178778	178790	261422	261490	261492	261509	261516	261520	261527	261559	261581	261621	261645	261676	276080	276103	276104	276104
XMTM2MTIyNjI2MA==	8	20	25	28	30	34	35	36	41	41	42	43	45	45	45	45	46	47	47	53	54	57	57	58	59	59	59	60	64	66
XMTM2MTAyMjAwOA==	7	41	41	41	43	43	43	43	43	43	43	44	44	44	44	44	44	44	44	44	44	44	44	44	45	45	45	45	45	45
XMTM2MTU5NzE0NA==	45	235	259	277	283	284	287	310	315	316	319	319	320	320	320	320	320	320	321	328	329	329	329	330	330	330	331	331	331	332
XMTM2MTQzMDg1Mg==	15	64	74	88	111	120	142	182	203	217	220	223	228	232	247	247	250	251	258	284	305	313	314	315	315	317	320	324	326	342
XMTM2MDc5Njg0MA==	109	235	277	317	351	383	412	437	453	484	505	543	570	570	652	798	818	819	819	911	960	985	1005	1014	1014	1030	1053	1070	1089	1105
XMTM2MTQ4Nzg2NA==	172	522	620	651	663	663	673	687	694	704	712	717	725	725	727	729	735	736	738	753	761	762	765	768	769	769	772	774	776	792
XMTM2MTUzNjg5Ng==	42	107	115	130	133	143	164	195	214	231	244	249	253	259	263	297	300	300	301	339	347	350	363	369	373	386	387	393	396	402
XMTM2MTQ3MzkwNA==	9	24	27	31	34	40	44	50	57	66	77	82	84	86	87	88	90	94	96	100	105	110	113	114	114	117	117	117	118	132
XMTM2MTMyMzM2OA==	13	33	37	51	52	56	64	70	72	72	72	74	74	75	75	76	76	76	77	80	80	82	83	84	84	84	84	84	85	85
XMTM2MTY0MTgwMA==	22	68	93	96	97	97	100	100	100	101	101	101	101	101	102	102	102	102	103	105	105	105	105	105	105	106	106	106	106	106
XMTM2MTIwNTQzMg==	145	455	573	671	681	702	725	769	794	810	819	857	890	904	906	947	1009	1024	1025	1091	1093	1093	1095	1096	1096	1170	1175	1180	1180	1180
XMTM2MTA5NTczMg==	320	89857	90680	91136	91396	91540	91685	91785	91872	91974	92083	92159	92230	92289	92320	92390	92468	92569	92615	92619	92666	92691	92731	92747	92764	92777	92793	94405	95815	96109
XMTM2MTExMDI3Mg==	137	547	566	571	575	575	575	578	578	578	579	583	584	584	586	592	592	598	599	600	600	600	600	601	601	602	634	637	659	661
XMTM2MDg3MDU0MA==	33	98	111	140	151	172	173	180	181	182	185	187	192	195	197	197	198	198	214	217	218	218	218	219	219	220	222	223	224	224
XMTM2MTQ5MDk5Mg==	1474	3512	4761	5416	5653	5930	6417	6616	6724	6978	7045	7187	7279	7386	7472	7543	7629	7695	7773	7835	7891	7959	7975	8005	8015	8019	8051	8096	8132	8158
XMTM2MTQ1NDI4MA==	156	469	537	548	558	563	566	571	576	577	580	583	585	587	591	602	627	627	628	629	633	634	635	638	639	648	649	652	660	674
XMTM2MTI1MTgzMg==	479	1266	1577	1885	1944	2075	2222	2365	2450	2549	2614	2665	2723	2771	2817	2849	2863	2942	2971	3017	3051	3071	3112	3138	3163	3198	3227	3262	3281	3322
XMTM2MTQwNDQwOA==	7	100	100	101	101	101	101	101	101	101	102	102	105	105	105	105	106	106	106	106	106	106	106	106	107	107	107	110	110	110
XMTM2MTYyNDA4OA==	29	117	117	128	128	130	130	131	135	138	139	142	142	142	142	143	144	144	145	149	149	149	149	149	150	150	150	150	150	150
XMTM2MTIzNTI2NA==	38	367	368	369	369	369	369	369	369	369	369	369	369	369	369	369	369	369	369	369	369	369	387	406	416	416	423	428	436	436
XMTM2MDgwMzk4NA==	42	132	151	157	159	160	165	165	168	172	172	172	172	173	173	174	175	175	175	177	180	180	180	180	180	180	180	180	181	181
XMTM2MTYxMzc4NA==	171	1948	2275	2592	2731	3181	3664	4145	4327	4332	4393	4446	4496	4507	4584	4628	4705	4825	4872	4936	5000	5073	5133	5168	5171	5309	5356	5433	5497	5539
XMTM2MTU2MjE1Mg==	4444	11368	14900	16197	16536	16998	17587	17975	18238	18292	18553	18864	18958	19080	19161	19179	19275	19359	19445	19519	19586	19827	19833	20019	20378	20438	20531	20533	20584	20651
XMTM2MTQ4Nzk0OA==	64	197	222	227	228	230	231	231	234	234	237	240	241	242	244	245	245	247	247	255	256	257	257	258	258	258	258	263	265	281
XMTM2MDg5MDQ1Ng==	91	244	307	328	329	331	341	361	382	395	396	403	405	410	414	419	425	431	431	465	465	469	470	472	473	478	486	488	492	493
XMTM2MTQ2MTg2OA==	139	3166	3305	3345	3390	3412	3436	3450	3451	3468	3470	3494	3525	3545	3560	3571	3580	3589	3598	3654	3669	3687	3714	3718	3719	3738	3747	3765	3773	3783
XMTM2MTExOTYxNg==	290	1481	2099	2731	3192	3680	4107	4535	4879	5267	5605	5928	6646	7556	8435	9115	9665	10193	10482	10916	11266	11591	11981	12357	12616	12967	13164	13620	13994	14356
XMTM2MTMzMzYyNA==	10	26	32	36	38	44	47	50	52	53	54	57	57	57	58	58	58	60	61	71	73	74	75	75	77	78	79	80	80	80
XMTM2MTIyMTc1Mg==	1540	528607	714191	718999	736273	754176	763193	765981	777502	793523	796879	796892	797897	798626	810869	817776	818811	819827	820745	822025	828685	832146	832837	833139	833571	834320	834863	838069	869576	884372
XMTM2MTI3MTk0MA==	6	21	26	28	28	28	28	28	28	28	29	29	29	29	29	29	30	31	31	32	32	32	32	32	32	32	32	32	32	32
XMTM2MTUzMDE3Mg==	7	29	41	44	44	45	45	45	45	45	47	47	47	49	49	60	63	63	63	64	64	64	64	64	64	68	68	68	68	68
XMTM2MTE5NjYwMA==	81	314	379	449	470	520	582	659	699	723	739	757	774	779	790	815	815	815	819	889	897	904	904	923	926	930	937	972	983	1005
XMTM2MTU1NDQyOA==	107	735	907	977	978	989	996	1016	1027	1043	1049	1050	1052	1063	1064	1064	1065	1067	1068	1109	1111	1113	1113	1113	1114	1116	1116	1117	1117	1117
XMTM2MTQ5ODk5Mg==	67	336	504	605	607	609	626	628	628	629	629	630	630	633	633	633	633	633	633	633	634	634	634	637	640	641	650	652	652	652
XMTM2MDc3MTgwMA==	6	26	28	29	29	29	30	31	31	32	32	32	33	33	33	33	33	33	33	35	37	37	37	37	37	40	41	41	42	42
XMTM2MTMwNDQ4MA==	28	60	68	76	81	93	101	108	115	125	126	139	148	162	163	163	163	168	169	189	193	196	199	199	201	201	226	236	239	245
XMTM2MTMxMTk0MA==	406	904	1183	1341	1366	1424	1481	1535	1584	1655	1710	1758	1782	1789	1818	1841	1863	1877	1923	2120	2191	2249	2334	2406	2478	2623	2648	2706	2750	2786
XMTM2MTU5MTA4NA==	57	248	260	262	264	267	268	268	269	269	269	269	272	272	275	276	276	279	280	280	280	280	280	281	281	282	284	285	285	285
XMTM2MTM2MjU4OA==	9070	28961	37882	42550	46048	52815	60314	62940	66075	68768	70198	72572	74160	75348	76479	77557	78452	79485	80343	82271	83368	84522	85856	86111	87204	87709	88608	90617	94983	96047
XMTM2MTMzNTIyNA==	637	1512	1949	2385	2407	2651	2781	2904	2994	3096	3239	3291	3393	3456	3500	3599	3661	3700	3757	3790	3818	3867	3917	3961	3982	4031	4062	4094	4123	4151
XMTM2MTU4NjQ4MA==	1122	4935	5810	6492	6627	7352	8228	9335	9525	9659	9671	9678	9720	9804	9878	9918	9989	10057	10137	10194	10249	10297	10361	10415	10452	10507	10538	10583	10625	10670
XMTM2MTU2MTE2OA==	793	4295	5009	5906	6609	7836	8867	9896	10037	10123	10132	10137	10198	10277	10444	10507	10675	10741	10882	10957	11041	11153	11184	11276	11320	11459	11646	11723	11861	12326
XMTM2MDgxNDg1Ng==	24	54	64	67	77	90	96	104	111	113	113	113	114	114	114	114	114	115	135	137	146	147	148	149	150	153	153	153	155	156
XMTM2MDk1MTk4OA==	3	13	17	17	17	17	17	17	17	18	18	18	18	19	19	19	21	21	21	25	26	26	27	27	27	35	35	36	36	36
XMTM2MDczNDQ2MA==	10	49	56	56	56	58	58	58	58	58	58	58	59	60	63	68	70	72	72	75	75	76	76	76	78	78	78	80	80	80
XMTM2MTUzMTEzMg==	6	33	40	44	44	46	52	61	76	79	79	81	83	83	86	94	94	94	97	104	109	112	114	115	116	118	120	120	124	134
XMTM2MTI4MzMwMA==	5	17	23	26	26	26	28	31	32	52	72	105	110	151	207	226	287	321	358	636	780	1077	1437	1549	1609	1719	1821	1913	2107	2268
XMTM2MDg0NzUzNg==	30	108	132	144	146	146	146	146	146	147	149	150	150	150	151	154	156	156	158	159	160	160	161	161	161	162	163	163	163	163
XMTM2MTUxNTI0MA==	105	216	257	291	292	293	378	404	421	460	475	497	501	511	514	517	518	519	520	592	600	604	619	619	622	628	668	675	684	684
XMTM2MDg2MzgyNA==	18	84	84	84	84	84	84	84	84	84	85	85	85	85	85	85	85	85	85	86	88	88	88	92	92	93	93	94	94	94
XMTM2MDg5MjM5Ng==	35	175	218	232	235	235	237	242	250	251	266	272	281	307	459	531	729	806	806	851	853	872	881	883	884	885	886	889	889	891
XMTM2MTAxNzA0NA==	4	19	23	24	25	25	26	26	28	29	29	32	35	35	37	37	39	40	40	52	52	53	54	54	54	54	56	58	61	63
XMTM2MDk0NjY4MA==	50	179	180	180	180	181	181	181	181	181	182	182	182	182	182	182	183	183	183	183	183	183	183	183	183	183	183	199	200	200
XMTM2MTE1MDUyMA==	1841	4492	5738	6495	6922	8273	9237	9685	10219	10767	11144	11466	11945	12479	13009	13443	13839	14397	14712	14862	15058	15221	15497	15587	15724	15926	16006	16101	16166	16206
XMTM2MTYwMDIwNA==	164	670	712	726	733	739	742	744	744	745	746	746	746	749	750	751	751	757	757	758	760	763	763	763	764	765	765	765	765	770
XMTM2MDk2NjM2MA==	502	17554	17580	17598	17607	17617	17631	17641	17664	17674	17674	17683	17685	17691	17691	17728	17734	17735	17736	17737	17739	17741	17743	17745	17747	17752	20180	20656	22388	22402
XMTM2MTM1MTM4MA==	929	2233	2626	3116	3202	3503	3715	3919	4040	4161	4291	4360	4473	4545	4648	4719	4792	4858	4938	5023	5104	5210	5303	5357	5402	5477	5535	5606	5673	5787
XMTM2MTM1Nzg3Ng==	264	2874	4237	4858	4971	5077	5208	5332	5393	5435	5523	5595	5644	5672	5712	5735	5788	5792	5797	5810	5834	5846	5859	5870	5874	5886	5890	5894	5896	5908
XMTM2MTIyMjEwOA==	527	22523	26628	28777	28818	35407	48603	51581	53749	54703	55277	55820	56170	56423	56718	57019	57312	57614	57721	57916	58080	58253	58429	58533	58593	58732	58838	58977	59077	59184
XMTM2MTIwNjY5Ng==	1717	4849	5738	6557	6914	7535	8173	10874	12057	12870	12950	13576	13989	14524	15422	16175	16337	16453	16521	16649	17308	18768	19637	19793	19856	20080	20223	20378	20882	21254
XMTM2MTY1NzQ4OA==	2	8	8	8	8	8	8	8	8	8	8	8	8	9	9	9	10	10	10	10	10	10	10	10	10	10	10	10	10	10
XMTM2MTUyNTU0OA==	9	21	23	28	33	34	38	45	48	53	58	60	60	60	65	66	68	89	93	94	98	103	103	105	106	107	108	110	110	116
XMTM2MTU1MTc3Mg==	42	161	243	274	284	302	322	337	346	354	363	367	369	369	369	369	369	370	370	387	4481	7014	10772	12083	12445	12838	13055	13296	13440	13581
XMTM2MTYzMTU4MA==	66	287	288	292	298	299	299	299	299	301	301	302	302	303	304	306	306	306	306	306	306	306	309	309	309	322	334	342	342	476
XMTM2MTQ4NzE4MA==	10	31	35	42	51	54	55	57	58	60	61	64	71	76	79	80	87	90	100	100	101	103	106	110	116	117	117	118	124	126
XMTM2MTYyMDQ5Ng==	20	78	96	120	144	160	169	184	197	208	217	223	225	226	239	244	256	260	265	313	321	329	336	340	340	340	343	344	345	347
XMTM2MTQzNzU0OA==	10	49	68	95	103	131	132	147	151	161	200	213	236	246	278	342	351	371	384	399	424	433	451	481	523	590	604	640	683	715
XMTM2MDk2MDE5Ng==	398	945	1246	1559	1586	1668	1803	1966	2115	2251	2334	2469	2616	2682	2775	2806	2853	2903	2921	2956	2997	3029	3082	3108	3114	3149	3184	3235	3275	3308
XMTM2MDkzNDEzMg==	73	159	181	215	229	253	283	305	330	351	366	367	371	373	374	374	375	376	386	475	481	493	493	504	504	508	510	515	524	529
XMTM2MTQ5MzMxNg==	164	1215	1365	1460	1494	1593	1735	1902	1955	1998	2030	2068	2103	2140	2207	2243	2302	2386	2388	2426	2489	2538	2596	2666	2670	2734	2780	2807	2837	2870
XMTM2MTIxNDU1Mg==	237	711	873	1027	1030	1049	1103	1170	1193	1215	1221	1263	1320	1349	1352	1398	1445	1467	1469	1553	1554	1554	1555	1557	1558	1652	1660	1663	1663	1663
XMTM2MTYwMzkzMg==	77	271	301	329	336	354	381	390	395	400	404	410	414	421	432	449	462	466	469	523	534	543	573	582	591	616	639	697	733	743
XMTM2MTU5NzYzNg==	1	3	4	5	5	6	6	7	7	7	7	7	8	8	8	8	8	8	9	9	11	11	11	12	12	15	15	15	16	18
XMTM2MTM3NDk1Ng==	591	1693	1986	2135	2145	2171	2199	2284	2317	2352	2397	2423	2435	2448	2456	2460	2468	2471	2474	2555	2564	2569	2571	2578	2582	2588	2593	2605	2613	2622
XMTM2MDc3Mzk0MA==	23633	97733	109771	122538	131606	131655	131714	131736	131744	131747	131753	131777	131778	131786	131788	131789	131790	131791	131792	131833	131845	131856	131875	131884	131884	131889	131895	131907	131923	131932
XMTM2MTMyMzc3Ng==	411	2056	2553	2794	2824	2841	2890	3008	3065	3084	3131	3160	3198	3266	3291	3302	3305	3324	3327	3490	3519	3605	3656	3659	3681	3690	3701	3710	3724	3737
XMTM2MTUwMjQwNA==	6084	48356	58912	59993	60656	60972	61909	62020	62288	62659	63327	64364	65403	65982	66228	66349	66517	66639	66727	66863	66977	67097	67247	67365	67426	67561	67677	67795	67907	68010
XMTM2MTMzMDYyNA==	25	102	155	194	208	222	227	238	245	251	251	254	254	256	257	258	260	262	264	279	282	283	284	284	284	284	285	285	285	285
XMTM2MDgwMzUyOA==	117	410	417	423	424	428	433	433	433	434	435	435	436	438	438	439	439	454	458	458	459	461	464	465	465	465	469	469	471	472
XMTM2MTUzNDg3Ng==	6	60	61	61	61	61	61	61	61	61	61	61	61	61	61	61	61	61	61	61	62	63	78	81	82	84	84	84	85	85
XMTM2MTYwOTMzMg==	368	1247	1557	1744	1755	1881	2012	2175	2232	2280	2291	2331	2342	2365	2405	2410	2428	2455	2472	2528	2557	2581	2607	2620	2634	2637	2650	2663	2676	2690
XMTM2MTI5ODMzMg==	55	147	173	188	196	197	199	201	202	203	203	203	204	204	205	205	206	208	208	208	209	209	211	211	211	214	215	215	215	215
XMTM2MTA2Nzk5Ng==	197	462	571	643	649	665	711	776	822	851	871	888	937	952	1020	1037	1055	1086	1097	1187	1200	1243	1288	1331	1354	1384	1407	1457	1486	1516
XMTM2MTI3MDc5Ng==	5	16	17	17	17	17	18	18	19	19	19	19	19	19	19	19	19	19	19	19	19	19	19	20	20	22	22	22	22	22
XMTM2MTc0MjQ0NA==	4	9	12	14	14	14	17	24	27	30	30	30	32	38	39	39	40	40	41	55	57	64	64	68	69	71	71	72	76	81
XMTM2MTQ3NjcwMA==	146	3287	3649	3664	3699	3734	3746	3764	3776	3777	3777	3779	3781	3781	3781	3784	3789	3792	3800	3836	3839	3845	3850	3851	3854	3861	3863	3876	3879	3879
XMTM2MDc1MTkwOA==	7372	33083	47058	52064	52349	55134	57975	61393	64701	66505	67495	69442	71154	72620	74029	75057	75703	75956	76077	76247	76512	77473	78292	78477	78699	79211	79406	80516	80851	81169
XMTM2MTMyNDkyNA==	750	6153	9167	10672	11133	12153	12661	13201	13545	13817	14107	14447	14740	15053	15472	15887	16142	16461	16650	16839	17068	17326	17593	17728	17931	18287	18438	18681	18871	19113
XMTM2MTU5NjI5Mg==	25	129	129	129	129	129	129	129	129	129	129	130	130	130	130	130	131	131	131	131	131	131	131	131	131	131	153	171	173	173
XMTM2MTI3Njk0NA==	5738	14147	16966	18647	18800	22573	26856	29350	30897	34208	35825	37485	38611	40297	41309	41986	42422	42786	43080	43384	44072	44520	44763	45057	45311	45682	45878	46197	46447	46672
XMTM2MTIzNDk0MA==	3194	7780	9402	10412	10467	11718	12964	14428	15987	16935	17865	18525	19046	19503	20148	20775	21450	22120	22758	23294	23640	23985	24432	24769	25106	25513	25880	35014	39529	40415
XMTM2MTU4NDE2MA==	139	1323	1565	1649	1663	1665	1696	1739	1776	1781	1782	1787	1791	1793	1795	1796	1798	1800	1800	1818	1819	1822	1823	1826	1826	1829	1830	1831	1832	1833
XMTM2MTE4OTcxNg==	6	41	42	43	48	49	50	50	50	50	50	50	50	50	50	50	50	50	50	50	50	50	50	50	50	50	50	50	50	50
XMTM2MDk1NzM0MA==	5	24	27	35	35	40	41	43	46	51	52	53	56	56	58	60	61	64	64	78	83	83	83	83	83	90	91	92	92	93
XMTM2MTI3MTEyMA==	6	40	40	40	40	40	40	40	40	40	41	42	42	42	42	42	43	43	43	43	43	43	43	43	43	44	44	47	48	48
XMTM2MTU3NjA0MA==	568	1479	1684	1961	2010	2224	2344	2494	2645	2748	2889	2997	3143	3309	3444	3567	3725	3914	4064	4231	4428	4647	4877	5015	5148	5394	5533	5676	5807	5962
XMTM2MTQxMDIwMA==	1811	14426	14858	15150	15359	15482	15545	15610	15615	15803	15913	15938	16013	16069	16079	16457	16490	16501	16506	16540	16555	16575	16590	16602	16625	16675	16705	17032	17935	17971
XMTM2MTQ2ODg0OA==	9	30	36	36	38	41	43	51	76	77	78	78	80	82	82	85	86	91	101	102	104	106	119	121	125	125	128	129	129	129
XMTM2MTIxNTAyNA==	70	259	296	366	378	416	434	460	478	492	524	543	565	572	573	574	576	580	587	651	661	669	680	680	688	689	693	695	696	697
XMTM2MTY0MTI2NA==	138	333	401	471	476	484	517	585	692	782	792	798	822	831	833	840	841	841	842	859	860	860	862	862	863	865	866	866	868	870
XMTM2MTQ5MzQ1Mg==	82	466	501	519	537	544	549	556	567	576	585	591	591	593	617	630	640	640	642	702	712	718	722	733	737	742	743	755	767	777
XMTM2MTMxMTY0MA==	6388	14084	15947	17710	17742	19483	22701	28112	32402	33293	33867	35852	37490	39638	43575	46904	47951	48828	49526	50337	51176	54301	56868	57309	57676	58711	59161	60196	62091	63569
XMTM2MTU1ODMyNA==	4204	12834	18480	22564	24850	26687	28963	31247	32823	35087	35801	36570	37364	37946	38617	39928	41092	42159	42600	42859	43138	43397	44080	45098	45852	47050	47308	47788	48044	48347
XMTM2MTM1NjI4MA==	311	19099	26334	30809	35837	41226	46287	51016	54277	59199	63381	67688	72883	78057	81577	84866	88430	93134	96797	101593	103857	107354	111587	114466	117848	124205	127255	133147	136878	140322
XMTM2MTE5MjEzNg==	5	53	71	73	73	73	73	73	75	75	75	75	76	76	76	76	76	76	76	79	86	86	86	86	86	86	86	86	86	86
XMTM2MTMyNjg5Ng==	318	1202	1323	1423	1460	1481	1485	1565	1611	1657	1678	1725	1805	1995	2298	2310	2311	2351	2392	2639	2688	2730	2772	2782	2789	2801	2814	2839	2866	2884
XMTM2MTYzMjI3Mg==	4	25	34	43	49	51	54	56	58	58	61	61	62	62	65	66	67	68	69	76	77	77	77	78	79	79	79	79	80	82
XMTM2MTYxNDU4MA==	110	246	298	343	345	369	396	411	427	472	496	500	501	501	502	505	517	518	524	587	591	596	613	615	615	631	639	675	679	688
XMTM2MTU4NDU5Mg==	19	70	70	71	72	72	72	72	72	72	73	73	74	74	74	74	74	74	75	75	75	91	99	99	101	101	101	102	102	102
XMTM2MTA1ODE1Ng==	1776	5614	8686	9890	10171	11433	12316	13141	13826	14212	14509	15055	15603	16007	16568	17033	17383	17665	17857	18144	18415	18850	19305	19497	19680	20063	20221	20582	20976	21358
XMTM2MDgzMzY5Mg==	8	127	129	129	129	129	130	130	130	130	130	130	130	130	130	130	130	130	130	131	131	131	131	131	131	132	161	161	161	161
XMTM2MTQwMjQ4NA==	88	306	438	535	557	626	685	754	798	874	893	895	896	898	931	961	961	995	1028	1047	1047	1048	1049	1050	1051	1051	1051	1053	1053	1053
XMTM2MTQyNjM2NA==	8	27	28	29	33	39	51	52	52	54	58	62	64	67	68	83	85	89	89	108	110	124	126	135	136	142	142	145	149	154
XMTM2MDc1Mzc0MA==	39	127	145	164	165	165	169	170	170	170	170	172	173	173	175	175	176	176	177	177	178	179	179	179	179	179	179	179	180	180
XMTM2MTEwOTY4NA==	680	1801	2045	2525	2574	2916	3250	3555	3749	4000	4252	4595	4931	5275	5501	5703	5903	6064	6188	6375	6503	6664	6861	7178	7185	7430	7519	7741	7922	8063
XMTM2MTQ4NzE0NA==	239	1957	1963	1972	1977	1980	1980	1985	1989	1994	1995	1997	2011	2013	2014	2014	2015	2015	2015	2018	2019	2019	2032	2049	2057	2097	2109	2117	2130	2132
XMTM2MDY3ODU2NA==	8	27	36	43	43	45	47	53	62	77	81	84	84	85	85	87	87	97	98	99	99	102	102	102	103	111	113	113	113	115
XMTM2MTMyODY0MA==	9	20035	20036	20037	20038	20038	20038	20038	20038	20038	20038	20039	20040	20040	20040	20040	20040	20040	20040	20040	20040	20040	20040	20041	20041	20041	20141	20145	20148	20148
XMTM2MTYzMzg2OA==	519	1556	1753	1931	2023	2142	2267	2366	2428	2535	2602	2707	2737	2758	2765	2788	2823	2849	2874	2930	2964	2997	3035	3064	3082	3107	3146	3173	3200	3235
XMTM2MTUxMzkzMg==	1049	2499	3215	3844	3873	4095	4425	4713	4922	5242	5399	5624	5779	5893	6026	6150	6252	6377	6444	6531	6611	6694	6783	6879	6913	6983	7064	7122	7175	7231
XMTM2MTYwMTI4OA==	149	1050	1157	1251	1274	1341	1458	1564	1567	1568	1569	1570	1570	1573	1575	1576	1583	1614	1615	1617	1619	1626	1628	1628	1630	1633	1637	1695	1700	1713
XMTM2MTIwMTEwOA==	375	861	1103	1226	1246	1274	1361	1408	1456	1517	1557	1591	1641	1682	1709	1733	1786	1812	1823	1857	1872	1926	1981	2021	2098	2156	2175	2202	2233	2262
XMTM2MTYzNjI3Ng==	882	3454	3485	3592	3677	3735	3749	3777	3815	3864	3896	3911	3930	3942	3975	4025	4043	4066	4087	4102	4117	4134	4151	4167	4171	4178	4182	4189	4214	4232
XMTM2MDk2NzQxMg==	312	23322	24220	24416	24522	24596	24710	24819	24874	24966	25026	25078	25181	25258	25354	25395	25488	25556	25599	25638	25696	25746	25792	25796	25822	25848	25867	26014	28909	28935
XMTM2MTYyNzE4OA==	11	28	33	35	37	37	39	39	44	48	50	50	51	52	54	54	57	61	64	79	83	88	90	90	91	92	93	94	94	98
XMTM2MTI5MzUwMA==	5828	33635	35200	35686	35925	35991	36044	36141	36238	36299	36353	36424	36476	36511	36559	36625	36662	36709	36767	36814	36841	36922	36958	37022	37071	37116	38332	40538	42460	42567
XMTM2MTI3NzY4MA==	3	7	8	11	11	11	11	11	11	11	11	11	11	12	12	12	12	12	12	12	12	12	12	12	12	12	12	12	12	12
XMTM2MTQ0MjY5Ng==	7	20	21	27	30	31	33	38	43	46	47	47	47	49	49	50	50	51	58	59	59	59	60	63	64	68	69	79	79	81
XMTM2MTQ3ODA4MA==	4	23	33	36	36	36	36	37	37	37	37	37	37	37	37	37	38	38	38	39	39	39	39	39	39	40	41	41	41	41
XMTM2MTA2ODk5Ng==	209	463	586	632	673	697	736	798	838	889	923	949	960	989	1022	1068	1092	1144	1168	1261	1290	1343	1391	1450	1475	1511	1530	1566	1592	1619
XMTM2MTUwMjYzMg==	17	325	357	357	357	358	360	360	362	363	364	364	364	365	365	365	370	371	371	374	374	377	377	381	382	382	382	382	383	383
XMTM2MTUwNzg4MA==	203	574	700	784	789	852	916	991	1134	1257	1389	1555	1751	1961	2197	2243	2367	2583	2656	2658	2980	2999	3087	3098	3149	3270	3313	3488	3630	3742
XMTM2MTU5NjU3Ng==	232	1582	1758	1924	1969	2252	2631	2906	2963	3002	3011	3029	3055	3084	3138	3163	3179	3192	3208	3230	3254	3273	3291	3303	3323	3341	3421	3441	3451	3711
XMTM2MDkyODY2MA==	167	356	416	466	490	541	607	695	753	854	906	952	1035	1080	1180	1285	1359	1451	1493	1567	1652	1728	1824	1879	1911	1957	2031	2115	2189	2279
XMTM2MTU4ODAxNg==	23	8655	8852	9106	9318	9456	9581	9701	9726	9742	9756	9775	9798	9828	9849	9878	9899	9902	9907	9941	9956	9975	9984	9999	10005	10019	10035	10068	10088	10106
XMTM2MTE0ODc2OA==	102	236	282	299	382	398	399	401	402	402	402	402	402	404	404	409	411	413	413	414	414	414	414	415	415	416	416	417	417	417
XMTM2MTU2NDg4OA==	650	4197	4218	4230	4233	4238	4240	4242	4243	4243	4243	4247	4249	4249	4253	4256	4264	4264	4264	4264	4264	4264	4267	4269	4270	4270	4270	4355	4986	4996
XMTM2MDk3NzU0NA==	2188	47701	62252	63107	64292	64403	64458	65160	67837	68667	70298	70638	70892	70909	71075	71204	73462	73887	74061	74134	76217	76525	78401	78566	78589	78613	78642	78756	79643	80698
XMTM2MTM2NDU5Mg==	46	117	154	174	183	197	209	214	224	228	234	235	235	235	236	236	237	237	237	262	262	264	265	266	267	267	269	277	279	284
XMTM2MTM4NTk2MA==	3	30	36	39	40	40	40	40	40	40	40	41	41	41	41	41	41	41	41	41	41	41	41	41	41	42	42	42	42	42
XMTM2MTI4MDY4OA==	3	7	9	10	11	11	12	15	24	47	60	105	131	163	236	259	342	384	414	669	765	1106	1503	1630	1690	1812	1935	2072	2294	2426
XMTM2MTU5NDEzNg==	35	117	122	127	129	131	132	132	132	133	133	133	133	134	136	137	138	141	147	149	152	155	155	157	157	158	158	158	158	160
XMTM2MTM0ODMxNg==	115	331	386	431	440	441	465	470	471	475	482	483	483	484	485	486	486	487	487	509	514	515	517	519	519	520	521	527	530	530
XMTM2MTU0MzAwMA==	268	712	985	1141	1154	1213	1284	1328	1368	1417	1474	1512	1555	1560	1570	1577	1578	1580	1594	1680	1692	1700	1706	1710	1712	1724	1731	1750	1756	1766
XMTM2MTE3MzU1Mg==	24	73	77	78	78	93	94	94	95	95	95	95	96	96	97	97	97	97	97	99	99	99	99	99	99	99	99	99	99	100
XMTM2MTUzMzU4NA==	1157	6037	8479	10772	12542	14829	16885	18650	19656	21238	22387	23348	24645	25525	26333	27154	27891	28570	29019	29584	30110	30712	31357	31804	32175	32811	33150	33833	34237	34857
XMTM2MTUzNjIwOA==	7	17	22	24	24	25	25	25	26	27	27	27	28	28	28	29	30	31	31	32	32	32	32	32	32	33	33	33	33	33
XMTM2MTA5ODE3Ng==	5	17	18	19	20	20	20	21	22	22	22	22	22	22	26	28	29	29	29	33	33	33	33	33	34	35	35	35	35	35
XMTM2MTYzOTUyMA==	267	615	746	958	961	1020	1093	1173	1233	1291	1320	1359	1381	1410	1442	1460	1478	1497	1501	1556	1566	1582	1603	1618	1622	1623	1651	1670	1685	1701
XMTM2MTUxMDA5Mg==	73	259	365	416	454	510	566	715	799	831	838	886	890	890	910	914	930	944	944	1076	1084	1118	1151	1156	1158	1173	1178	1193	1212	1228
XMTM2MTQyMTI0OA==	91	295	362	367	375	377	378	378	379	379	379	379	380	380	380	380	382	383	383	383	383	383	383	384	384	384	384	388	392	444
XMTM2MDc0NTg4OA==	31308	76399	97883	109598	113336	113586	114261	118224	125210	126652	127714	130781	133170	134760	137950	138741	139866	141066	142860	147637	150339	152590	155690	158542	160281	160941	161497	163004	164229	165410
XMTM2MTAwNjM3Mg==	251	938	1288	1628	1836	2045	2151	2244	2313	2373	2413	2452	2493	2535	2572	2608	2629	2649	2670	2692	2716	2730	2752	2764	2779	2822	2833	2978	3086	3165
XMTI4NDg5NzMzNg==	24	1570	1576	1578	1585	1588	1589	1589	1592	1598	1843	1844	1844	1845	1851	1852	1853	1853	1853	1853	1855	1856	1858	1859	1861	1861	1862	1862	1865	1865
XMTI4Nzc5ODgxMg==	1229	15302	15319	15327	15337	15342	15358	16497	16502	16508	16510	16511	16516	16521	16532	16533	16534	16539	16546	16551	16554	16556	16558	16558	16559	16562	16564	16564	16565	16565
XMTI4Nzk4NTY3Mg==	1100	2749	3276	3595	3847	3953	4098	4227	4351	4439	4532	4636	4751	4885	4983	5063	5153	5223	5280	5353	5403	5442	5484	5528	5563	5651	5765	5823	5871	5948
XMTI4Nzk5NDU4MA==	8740	19188	24705	26265	27675	29402	32486	33770	34577	35347	36244	37026	38855	43569	47788	51447	54056	59438	64058	68760	73175	75718	76901	77924	78329	78699	79019	79823	80690	80922
XMTI4ODA1NTA0NA==	21	75	86	88	95	97	97	97	98	100	102	102	103	103	104	104	105	105	105	105	106	107	109	109	111	115	117	117	117	117
XMTI4ODA2MDg3Mg==	4	9	12	12	12	15	15	15	15	16	16	16	17	21	23	24	26	26	27	28	28	28	28	29	33	33	33	34	35	36
XMTI4ODA2NjEwNA==	10	91	92	92	92	92	92	92	92	92	92	92	92	92	92	92	92	92	92	92	92	93	93	93	93	93	93	93	93	95
XMTI4ODAwMDg2MA==	12	30	45	48	56	60	62	63	64	64	64	64	64	64	64	64	64	64	65	65	65	65	65	65	65	65	65	65	65	65
XMTI4ODAyMTYyNA==	46	143	193	217	239	249	251	257	257	259	261	261	261	261	261	262	263	263	263	267	267	272	272	272	272	272	272	274	274	274
XMTI4ODAyNDc0NA==	50	2287	2311	2326	2339	2348	2362	2753	2773	2783	2790	2794	2794	2799	2801	2809	2812	2821	2822	2825	2829	2836	2838	2840	2842	2846	2846	2846	2850	2853
XMTI4ODAzOTc2MA==	446	15408	15423	15433	15458	15467	15474	15481	15488	15493	15499	15501	15504	15509	15512	15524	15527	15538	15541	15544	15547	15547	15551	15559	15563	15566	15572	15572	15574	15577
XMTI4ODE1NTkxNg==	65543	206364	314107	354484	413456	450823	490518	491309	492019	492672	493394	494017	494699	495450	496277	497070	497726	498147	498480	498792	499554	500244	500977	501526	502133	502689	503297	503918	504108	504556
XMTI4ODE1OTU4NA==	283	1091	1163	1184	1194	1202	1206	1215	1226	1237	1243	1256	1267	1275	1291	1308	1331	1344	1365	1385	1405	1429	1447	1473	1492	1509	1527	1539	1554	1567
XMTI4ODE2NjkwMA==	85	6954	6960	6961	6966	6968	6969	6971	6971	6971	6973	6974	6977	6977	6977	6980	6981	6981	6987	6994	7001	7005	7014	7018	7023	7027	7033	7035	7045	7049
XMTI4ODExMjAzNg==	101	288	371	430	430	433	433	433	519	520	589	590	591	593	593	597	612	620	626	628	629	635	3264	3267	3268	3272	3273	3274	3274	3277
XMTI4ODExNzEyNA==	12	36	40	40	41	42	44	44	47	47	49	51	51	53	56	56	57	58	59	59	59	59	59	59	59	59	60	62	62	63
XMTI4ODEyMDAzNg==	34	338	368	380	408	446	559	579	588	599	608	612	614	616	619	622	627	629	633	635	636	637	637	642	642	645	646	646	647	647
XMTI4ODEzNDY0MA==	324	1409	1459	1489	1519	1546	1565	1574	1581	1610	1629	1648	1670	1693	1715	1745	1774	1803	1833	1852	1877	1899	1923	1947	1976	1999	2017	2040	2056	2080
XMTI4ODI0MzA5Mg==	60	212	343	423	468	472	474	474	477	478	479	480	481	481	481	481	481	481	482	483	483	483	483	483	484	484	486	486	487	487
XMTI4ODI1NDAwOA==	234	1194	1360	1398	1409	1417	1419	1424	1432	1434	1436	1437	1439	1440	1444	1459	1468	1470	1474	1479	1481	1484	1491	1493	1493	1494	1494	1497	1497	1497
XMTI4ODI2NDYxMg==	33	130	134	139	146	149	151	153	154	158	160	163	165	187	187	191	192	196	197	197	199	204	208	211	213	213	214	220	221	224
XMTI4ODI3NTUwNA==	9860	114111	115731	117447	117744	118032	118327	118361	118461	118656	118815	118929	119066	119166	119264	119347	119509	119888	120132	120218	120301	120429	120543	120674	120813	120954	121034	121118	121171	121240
XMTI4ODI4NzQwNA==	46	464	465	467	473	474	474	477	478	480	481	482	485	485	485	487	487	488	488	491	492	492	493	493	494	547	547	547	548	548
XMTI4ODI5MjcwOA==	1527	10547	11303	11415	11490	11530	11553	11581	11590	11601	11622	11638	11654	11662	16677	17281	17373	17416	17454	17476	17482	17496	17507	17521	17535	17539	17544	17547	17547	17550
XMTI4ODI5NjYzNg==	53	2022	2029	2032	2040	2043	2048	2049	2049	2052	2052	2054	2054	2055	2059	2060	2061	2063	2066	2067	2068	2068	2068	2068	2073	2074	2075	2076	2076	2076
XMTI4ODIwODQ0OA==	4569	10448	15665	17265	18073	18451	18789	19302	19730	19915	20136	20315	20530	20686	20829	21037	21197	21311	21440	21629	21761	21929	22129	22364	22718	23052	23370	23759	24099	24554
XMTI4ODIxNTE3Ng==	5	14	15	18	19	19	19	20	21	22	22	24	24	25	25	25	26	26	26	27	27	28	28	29	29	29	29	29	29	29
XMTI4ODIyNjgwNA==	119	326	437	456	489	568	594	622	644	661	676	696	701	715	748	1014	1027	1032	1037	1048	1071	1086	1097	1108	1114	1116	1126	1128	1299	1314
XMTI4ODM0MTAwOA==	77	235	328	387	412	419	428	433	443	447	449	456	456	461	463	465	465	468	468	474	476	477	483	487	487	489	492	495	499	500
XMTI4ODM1MDQ2OA==	11	202	202	202	202	204	206	206	207	207	211	211	211	211	212	212	212	212	212	212	212	212	212	212	213	218	220	224	228	230
XMTI4ODM3NjM3Ng==	17284	94853	95572	100366	101255	106189	117515	118181	118374	118637	118954	119060	119138	119192	119251	119299	119412	119909	120207	120284	120323	120369	120411	120447	120477	120511	120536	120561	120599	120620
XMTI4ODM4NDA4MA==	749	2734	3336	3720	4267	4770	5239	5611	5960	6212	6350	7509	9487	11504	12438	12607	12721	12836	14378	15481	17742	18798	19035	19235	19366	19493	19594	19680	19770	19861
XMTI4ODM4NzA0OA==	34	366	375	376	376	378	378	379	380	381	381	384	387	388	390	392	392	392	414	435	448	455	457	459	460	462	463	463	464	464
XMTI4ODM4Nzc2OA==	0	1	1	1	1	1	1	1	1	1	2	2	2	2	2	2	2	2	2	2	2	2	2	2	2	2	2	2	2	2
XMTI4ODM5MzcwNA==	462	2492	2902	2984	3074	3147	3293	3466	4095	4348	4637	5546	5887	6905	7271	7623	8841	9148	9522	11002	11583	12144	13865	14456	15045	16686	17331	18037	18671	20453
XMTI4ODMwNDI0OA==	78	334	350	360	365	370	375	382	388	389	393	396	398	406	409	413	414	417	425	429	429	430	433	442	444	452	458	498	584	594
XMTI4ODMwODY0NA==	0	1	1	1	1	1	1	1	1	1	1	1	1	1	1	1	1	1	1	1	1	1	1	1	1	1	1	1	1	1
XMTI4ODMyNTA0OA==	85	429	651	865	986	992	998	1007	1015	1022	1028	1034	1040	1044	1050	1061	1072	1080	1096	1113	1125	1133	1141	1152	1161	1173	1181	1198	1201	1208
XMTI4ODQ0Mzc5Mg==	368	915	1082	1193	1319	1474	1683	1911	2030	2177	2312	2405	2551	2707	2793	2967	3145	3251	3389	3534	3690	3876	3978	4096	4168	4275	4377	4512	4582	4661
XMTI4ODQ2ODQ2NA==	12	41	42	44	44	45	47	48	48	50	51	56	56	56	56	56	56	56	56	56	58	58	58	58	58	60	60	61	62	62
XMTI4ODQ3NDEwNA==	8	31	37	40	42	42	42	53	55	57	58	58	58	58	58	59	60	60	60	60	60	60	60	60	60	60	60	60	62	81
XMTI4ODQ3ODQwNA==	2	10	10	11	11	11	11	11	11	11	11	11	11	11	11	11	11	11	11	11	11	11	11	11	11	11	11	11	11	11
XMTI4ODQ4NTc0NA==	174	657	978	1146	1285	1378	1475	1535	1597	1645	1682	1704	1718	1738	1755	1794	1838	1877	1892	1912	1919	1929	1936	1949	1958	1960	1972	1994	2008	2013
XMTI4ODQwODE2NA==	2366	12096	12145	12850	12889	12938	12979	13130	13167	13212	13252	13301	13323	13406	13445	13464	13497	13506	13515	13554	13576	13593	13610	13623	13646	13665	13691	13722	13754	13775
XMTI4ODQxMjE4NA==	145	368	498	563	596	602	605	606	606	609	611	613	616	617	622	630	631	639	643	643	644	644	647	647	647	651	654	654	657	657
XMTI4ODQyNTY4NA==	455	1203	1473	1517	1551	1597	1633	1662	1685	1715	1736	1756	1771	1785	1791	1812	1836	1871	1882	1889	1897	1906	1935	1957	1973	1986	1996	2011	2031	2037
XMTI4ODQyODkyOA==	901	17194	27199	28629	32332	35209	39362	41495	42199	42698	42992	43205	43321	43421	43556	43677	43788	43854	43924	44027	44110	44180	44231	44289	44358	44422	44483	44525	44562	44622
XMTI4ODU0NzA1Mg==	147	320	323	458	556	558	560	562	563	565	568	570	573	573	573	573	573	574	575	575	576	578	578	578	578	578	578	578	578	578
XMTI4ODU0ODk4MA==	113	3287	3799	4932	5513	5584	6455	6570	6661	7573	7650	7733	7818	7882	8045	8137	8234	9412	9434	9456	9481	9495	9514	9536	9555	9562	9579	9589	9601	9622
XMTI4ODU2MjY4NA==	4	22	29	31	31	31	31	31	31	31	31	31	31	31	31	31	31	31	31	31	31	31	31	31	31	31	31	31	31	31
XMTI4ODU2NTM0NA==	6627	95840	106799	113392	121093	127047	132734	136482	138437	140360	142157	142748	144873	145538	148114	149370	151371	152066	152720	154862	155640	157765	158479	160160	160744	161340	163201	163696	164237	166291
XMTI4ODU2OTg0NA==	109	412	545	584	596	602	604	610	616	628	629	631	633	637	643	643	646	647	648	652	655	655	656	656	656	657	660	662	662	662
XMTI4ODU3OTg1Mg==	1453	5337	5375	5439	5496	5560	5610	5663	5712	5766	5818	5869	5909	5963	5992	6042	6079	6129	6181	6239	6282	6322	6376	6418	6457	6504	6574	6608	6652	6695
XMTI4ODU5MzA1Ng==	41	372	377	381	424	424	426	426	426	426	426	426	426	426	426	426	426	426	426	426	426	426	426	427	430	430	430	430	431	431
XMTI4ODUxMTQzNg==	932058	2060680	2654835	2926117	3214864	3403763	3577257	3738889	3794568	3836117	3869650	3895102	3923280	3947783	3979692	4007641	4027965	4043080	4055993	4068937	4080916	4099528	4125199	4138048	4147412	4155489	4163432	4172198	4186137	4200877
XMTI4ODUxNTAyOA==	11	33	43	44	47	47	50	50	50	53	55	57	58	60	60	63	63	63	64	69	73	73	73	74	74	74	74	74	75	76
XMTI4ODUyMjk4MA==	2	8	8	8	8	8	8	8	8	8	8	8	8	8	8	8	8	8	8	8	8	8	8	9	9	9	9	9	9	9
XMTI4ODUyODQ1Mg==	168	836	1062	1101	1137	1159	1191	1212	1220	1237	1254	1258	1262	1265	1277	1284	1290	1302	1311	1489	1508	1599	1605	1606	1608	1616	1622	1630	1634	1637
XMTI4ODUzMTc0OA==	74	455	565	579	581	589	595	596	597	599	601	604	609	612	614	619	623	624	638	642	643	644	646	646	648	649	650	650	651	654
XMTI4ODUzNjYwOA==	78	215	311	332	362	381	410	435	459	490	512	542	554	571	591	619	646	680	702	718	729	745	757	762	772	782	793	810	826	851
XMTI4ODY1NTA2MA==	6	51	51	51	51	51	51	51	51	51	51	51	51	51	51	51	51	51	51	51	51	51	51	51	52	52	52	52	56	56
XMTI4ODY1NzA2OA==	4	15	17	20	23	24	25	26	31	36	36	38	38	41	46	49	50	52	58	62	68	71	75	76	77	80	81	81	82	82
XMTI4ODY3NTI4MA==	3832	29444	31238	31346	31387	31408	31429	31448	31457	31476	31490	31497	31519	31532	31546	31560	31567	31577	31584	31593	31608	31668	31687	31697	31701	31707	31712	31720	31725	31731
XMTI4ODY4NjY1Ng==	11097	46620	48288	50065	51229	52705	52960	54222	55148	55641	55867	56032	56199	56386	56389	56474	56552	56584	56613	56672	56731	56740	56820	56882	56889	56961	56997	57086	57101	57211
XMTI4ODY5MTU4NA==	18	316	352	392	430	469	575	595	596	597	597	598	598	598	598	598	598	599	599	599	599	599	599	599	601	601	601	603	603	603
XMTI4ODY5NzE2NA==	1616	4349	5740	6246	6827	7350	7957	8588	9227	9680	10017	11145	11407	11696	11968	13594	13670	13724	13797	13852	13928	14019	14099	14235	14316	14375	14421	23300	36156	299692
XMTI4ODYwMTk0MA==	2	8	10	10	10	10	10	10	10	10	10	10	10	13	13	14	14	14	14	14	14	14	14	15	15	15	15	15	15	15
XMTI4ODYxNDI1Ng==	2	5	6	6	6	6	8	9	9	9	9	9	9	9	9	9	9	9	9	9	9	9	9	9	10	10	10	10	10	10
XMTI4ODYxNzg0OA==	72	233	311	405	439	502	561	607	656	709	741	770	789	819	837	860	873	899	926	940	955	970	979	989	1000	1013	1024	1048	1064	1077
XMTI4ODYzMDQwNA==	96	387	478	492	517	540	559	571	580	597	611	625	638	645	657	666	667	673	681	691	712	722	730	736	741	742	744	746	747	749
XMTI4ODc0Nzk4MA==	15	230	235	238	240	245	248	251	254	258	258	259	260	260	266	266	269	271	273	273	278	279	285	287	288	291	295	298	298	298
XMTI4ODc1MjQzNg==	179	594	635	646	654	657	662	665	671	674	677	678	678	679	679	681	681	681	684	684	685	685	686	686	687	687	687	688	688	688
XMTI4ODc1NjQ4OA==	1476	8185	8491	8701	8769	8842	8899	8952	8972	9008	9044	9081	9101	9132	9153	9174	9201	9247	9280	9308	9328	9333	9353	9394	9411	9442	9462	9476	9504	9522
XMTI4ODc1Nzg3Mg==	27	67	74	78	92	106	106	108	108	108	108	109	109	109	109	109	109	109	109	110	110	110	110	117	121	125	129	130	130	130
XMTI4ODc2OTAzNg==	40	96	135	140	149	151	154	155	161	164	164	165	169	172	201	202	204	205	206	208	209	209	211	211	216	218	218	218	218	219
XMTI4ODc3MDQ4MA==	482	1314	1738	1913	2052	2080	2096	2120	2128	2140	2145	2151	2159	2168	2184	2191	2198	2199	2208	2212	2214	2221	2222	2228	2233	2234	2235	2238	2238	2240
XMTI4ODc3NDg4NA==	240	4525	7757	8475	8812	10681	12997	13211	13328	13445	13620	13826	13960	14067	14195	14320	14510	14670	16011	16411	16755	16960	17185	17468	17662	17889	19091	19241	19316	19378
XMTI4ODc3OTQ3Ng==	112	320	384	412	437	467	477	487	504	517	527	535	546	557	587	598	670	674	676	680	688	693	700	715	718	719	735	743	749	752
XMTI4ODc3OTgwNA==	36	124	151	154	159	191	194	197	201	204	207	209	209	212	212	212	216	219	219	220	221	230	349	356	358	360	361	367	367	369
XMTI4ODc4MTkyMA==	1839	15660	19801	23921	24690	25357	27035	27710	29340	29962	30519	30973	31138	31263	31397	33012	34668	34857	35034	35218	35399	35577	35756	35897	36016	36125	36240	36338	36436	36548
XMTI4ODc4OTA3Mg==	10	22	28	32	35	37	39	41	42	44	51	55	71	74	74	76	78	78	79	82	82	82	82	82	82	82	82	85	86	86
XMTI4ODc4OTYzNg==	5	14	15	18	22	23	26	31	33	33	43	48	53	54	57	63	67	69	71	76	83	86	87	87	94	98	99	102	104	106
XMTI4ODcwMjE4MA==	108	540	638	687	731	761	788	809	821	830	834	838	841	844	851	854	861	871	875	883	885	890	890	895	896	897	903	904	906	910
XMTI4ODcwNjUxMg==	31	119	121	121	122	123	139	140	140	140	140	140	140	140	140	140	141	142	142	142	142	142	142	142	142	142	142	142	142	142
XMTI4ODcwNzQyOA==	5439	20038	25461	30142	31599	34026	34975	37228	37929	38589	39120	39530	39813	40167	40531	40897	41183	41372	41448	41502	41605	41686	41707	41822	41902	41926	42002	42076	42084	42237
XMTI4ODcwNzkyMA==	559	50175	50471	50499	50530	50541	50544	50598	50673	50741	50753	50814	50817	50872	50913	50938	50992	50997	51048	51070	51078	51079	51139	51150	51175	51206	51242	51254	51275	51420
XMTI4ODcwODczNg==	2297	5373	6106	7171	7600	7955	8400	8777	9165	9611	9957	10012	10051	10088	10141	10195	10289	11462	12988	13076	13148	13196	13240	13269	13303	13332	13359	13386	13413	13440
XMTI4ODcxMTMzNg==	23	59	69	77	82	83	90	93	93	96	98	101	101	101	102	102	102	103	103	106	106	106	106	107	107	107	107	107	107	107
XMTI4ODcxNDc2NA==	30	73	99	116	125	135	143	147	151	153	159	162	164	167	170	172	172	173	174	174	175	183	187	194	197	197	200	201	205	205
XMTI4ODcxNTQyNA==	75	1985	2003	2016	2032	2042	2045	2046	2054	2056	2058	2058	2064	2070	2070	2072	2074	2077	2081	2087	2088	2090	2090	2094	2101	2104	2106	2109	2115	2121
XMTI4ODcxNTgxMg==	53	1377	1393	1401	1408	1417	1421	1422	1425	1426	1433	1438	1439	1439	1439	1441	1443	1446	1447	1447	1449	1454	1455	1460	1463	1463	1463	1465	1465	1465
XMTI4ODcyMDM4OA==	25	129	132	132	135	139	140	142	142	143	146	146	148	148	150	150	150	154	154	154	156	159	162	162	165	167	170	170	170	171
XMTI4ODcyNDA3Ng==	185	428	524	574	609	632	652	706	732	742	755	778	788	797	808	821	827	833	840	849	853	856	866	885	907	913	919	924	932	935
XMTI4ODcyNzYzNg==	3	13	13	13	13	17	17	17	18	18	18	18	18	18	18	18	18	18	18	18	18	18	18	18	18	19	19	19	19	19
XMTI4ODcyOTYxNg==	12	35	42	42	45	45	45	45	45	46	46	47	47	47	47	47	47	47	47	47	48	48	48	48	48	48	48	48	48	48
XMTI4ODczNDcwOA==	70	236	285	309	341	350	360	366	370	375	378	381	382	383	384	387	388	388	391	392	392	394	395	395	395	397	399	400	402	402
XMTI4ODczNzYyOA==	2	16	16	16	16	16	16	16	16	16	16	16	16	16	16	16	16	16	16	16	16	17	17	17	17	17	17	17	17	17
XMTI4ODczODIyOA==	15	234	266	268	269	270	270	270	273	273	273	273	273	273	273	274	275	275	276	276	276	277	277	277	277	277	277	277	277	277
XMTI4ODg0MDAyMA==	128	1359	1426	1455	1682	1693	1704	1732	1785	1794	1806	2102	4048	5985	6641	6685	6718	6749	6794	6807	6828	6843	6859	6875	6886	6898	6909	6920	6924	6937
XMTI4ODg0MDUxMg==	2082	13174	19003	21507	22104	22378	22699	22981	23271	23445	23616	29579	63622	96962	108379	109210	109748	110079	110367	110574	110719	110855	110959	111087	111167	111274	111380	111468	111554	111667
XMTI4ODg0NjgyNA==	112	475	620	652	686	697	710	718	723	731	736	742	750	757	758	764	768	784	797	815	838	867	885	902	915	934	953	1069	1077	1095
XMTI4ODg0OTYwNA==	8	37	39	42	46	46	48	49	50	50	50	50	51	51	51	51	51	51	51	51	51	51	51	51	51	51	51	51	51	51
XMTI4ODg2Mzk5Mg==	18	51	68	74	84	88	91	94	99	100	101	101	102	104	104	109	112	113	113	114	116	118	118	120	121	121	129	131	134	136
XMTI4ODg2NDcyMA==	18	45	57	63	68	74	80	83	84	85	89	90	91	92	93	94	95	98	98	99	100	102	102	107	108	108	108	108	108	109
XMTI4ODg2NTUzNg==	58	133	170	193	198	207	225	244	254	263	389	403	409	417	421	424	425	426	426	426	426	426	432	434	434	434	434	438	440	444
XMTI4ODgwMjk5Ng==	7	21	22	23	24	25	25	25	25	25	25	25	25	25	25	25	26	27	27	31	32	32	34	34	37	39	40	41	41	41
XMTI4ODgxMDk1Mg==	34	101	147	169	184	197	211	222	229	232	234	234	237	237	237	239	239	240	242	242	242	244	247	250	250	252	254	258	258	261
XMTI4ODgxNTU5Mg==	648	4716	4778	4793	4816	4831	4842	4852	4859	4866	4871	4876	4878	4880	4883	4886	4888	4890	4894	4899	5524	5527	5528	5530	5533	5534	5535	5536	5536	5539
XMTI4ODgyMDQxMg==	100	382	427	429	434	439	440	440	445	452	453	453	453	453	453	453	453	453	453	453	453	455	457	457	457	457	457	457	457	457
XMTI4ODgyMjUyNA==	15	83	95	99	99	101	103	104	105	105	106	106	106	107	107	107	107	108	108	108	108	108	108	109	109	109	109	109	110	111
XMTI4ODgyNjAwNA==	15205	44276	51125	54053	58627	61897	65415	67199	69052	70503	71673	72787	73668	74431	75090	75717	76334	77462	78292	78997	79742	80396	81157	81748	84801	86874	87698	88322	88864	89282
XMTI4ODgzNDYwOA==	25	78	83	90	92	95	96	105	106	107	112	116	121	125	128	132	133	136	138	139	140	141	145	147	147	151	152	154	157	159
