XMTM2MDkzMDQ2OA==	38	50	50	174	212	230	246	260	265	287	301	316	319	320	321	323	323	334	345	391	398	407	431	442	455	471	478	492	494	504
XMTM2MTQzNzQ5Ng==	1196	1770	1888	83601	83637	83683	83735	83813	83861	84075	84336	84429	84453	84475	84510	84543	84557	84571	84588	84605	84639	84684	84724	89988	90051	90055	90264	90269	90464	90466
XMTM2MTE3ODY3Ng==	13	17	17	32	38	41	41	42	42	43	43	44	44	46	46	84	84	86	86	90	92	93	93	93	93	93	93	93	93	93
XMTM2MTcwNzc1Mg==	2	12	21	22	23	29	31	33	36	39	41	42	42	43	43	43	44	44	44	51	52	52	53	53	53	53	54	54	55	55
XMTM2MTA4MzE3Ng==	295	416	419	435	463	660	683	690	704	707	719	724	729	736	737	737	745	750	819	831	851	874	883	891	915	921	937	973	991	1071
XMTM2MDg1NDUwMA==	2	2	7	74	123	160	192	202	206	218	219	219	221	224	224	226	235	239	239	272	273	281	281	286	288	289	292	307	307	308
XMTM2MTIyNDg5Ng==	56	73	121	45355	308348	549954	792678	792972	792979	883203	973551	1043961	1158313	1205562	1205706	1205745	1245926	1296378	1354849	1390168	1445256	1445363	1445452	1445497	1535225	1715482	1715566	1897764	1897927	1898027
XMTM2MTMyNTAzMg==	2	2	2	2	4	4	4	4	4	4	4	4	4	4	4	4	4	4	4	4	4	4	4	4	4	4	4	4	4	4
XMTM2MTIwNzA5Ng==	1	1	1	1	1	1	2	2	2	2	2	2	2	3	3	3	4	4	5	5	5	6	6	6	6	6	6	7	7	9
XMTM2MTM3MTI0OA==	1	1	1	1	1	2	2	2	2	2	2	2	2	2	2	2	2	2	2	2	2	2	2	2	2	2	2	2	2	2
XMTM2MTQ4NDMwOA==	3	4	4	6	6	7	7	9	9	10	10	11	11	11	12	13	13	13	14	16	16	17	17	17	17	17	17	17	18	18
XMTM2MDk0NzI0NA==	213	325	397	481	497	744	1185	1303	5355	19576	30479	44068	57195	70093	83873	96801	110170	122878	132865	147288	161406	180568	199287	223978	227753	248087	270536	294501	330033	359917
XMTM2MTI4MDQ2OA==	7	13	17	27	27	28	28	28	28	28	28	28	28	30	30	30	30	30	30	30	30	30	30	30	30	30	30	30	30	30
XMTM2MDc3NjgyMA==	48	62	68	69	69	259	348	349	354	354	368	395	400	402	402	404	413	419	419	425	425	425	426	427	427	428	429	429	429	429
XMTM2MTExOTcxNg==	86	153	253	923	1286	1683	2099	2671	3089	3764	4112	4933	5329	5763	6108	6248	6693	8216	10155	12747	15146	18627	22280	24194	24927	26675	28749	32649	36232	39661
XMTM2MTU1NjU4MA==	4	9	10	15	16	17	17	18	18	19	20	20	21	21	21	21	21	22	22	26	27	27	27	27	27	27	29	29	29	31
XMTM2MTI2MjM2MA==	6	14	18	22	43	97	210	434	628	684	757	855	903	986	1086	1220	1531	2230	2507	3818	4778	6689	8625	9282	9423	9749	10114	10327	10928	11349
XMTM2MTA1NjU4NA==	1324	1838	1845	2641	2654	2680	2683	2722	2784	2844	2865	2959	3108	3199	3307	3512	3723	3957	4247	4547	4785	5152	5472	5641	5797	6261	6575	6955	7211	7449
XMTM2MTE2ODkxMg==	13	24	24	24	24	41	49	53	62	64	71	75	80	81	81	81	83	83	83	116	126	130	130	139	140	142	143	154	155	159
XMTM2MDg5OTcyMA==	3	3	3	19	56	84	89	90	91	91	91	91	91	91	91	93	93	93	93	93	93	93	93	93	93	93	93	99	99	100
XMTM2MTA5OTk2NA==	17	21	98	104	109	111	114	115	116	116	116	116	116	116	116	116	117	118	118	118	118	118	119	119	119	119	119	119	119	119
XMTM2MTI1NjU2MA==	42	63	153	170	170	172	173	182	188	194	195	196	198	200	201	202	203	205	205	213	215	216	219	220	220	221	222	222	223	225
XMTM2MTUzNjA4MA==	190	1179	1669	1790	3276	3403	3406	3412	3425	3425	3429	3431	3433	3433	3434	3438	3442	3456	3456	3456	3457	3457	3457	3463	3464	3464	3465	3466	3521	3525
XMTM2MTA5NzM1Mg==	665	1268	1410	1527	1536	1677	2467	2475	2482	2483	2483	2483	2484	2486	2488	2492	2520	2530	2537	2537	2541	2556	2557	2570	2586	2590	2593	2847	2928	2963
XMTM2MTI3MTUzNg==	6	14	18	18	24	82	130	265	379	412	436	480	521	563	593	677	719	845	923	1323	1584	2126	2852	3026	3078	3236	3419	3592	3843	4042
XMTM2MDc2ODYwOA==	1	3	5	16	17	23	26	36	37	38	40	44	45	49	55	59	60	60	62	80	82	82	83	83	84	86	87	95	95	102
XMTM2MDg5NzcxNg==	365	480	499	518	7939	7955	7968	7971	7974	7978	7978	7978	7978	7980	7980	7984	7984	7988	7989	7994	7994	7995	7996	7997	7997	8001	8001	8002	8002	8002
XMTM2MTIxODYzMg==	4195	7900	13666	16696	16943	17015	17616	18331	18878	19375	19638	20021	20316	20615	20629	20702	20774	20780	20902	21592	21711	21890	22010	22093	22122	22130	22253	22384	22535	22674
XMTM2MTE4ODI1Mg==	25	46	98	186	200	220	243	271	296	311	313	314	336	340	344	361	368	378	378	445	479	502	514	518	520	529	574	610	639	646
XMTM2MDk5MDU1Mg==	15	20	20	56	92	95	97	97	98	98	100	100	101	101	101	101	104	105	105	110	110	111	111	111	112	112	112	112	113	113
XMTM2MTE4NzE4MA==	6	8	21	36	37	37	37	38	38	38	38	38	38	38	38	38	39	39	39	39	39	39	40	40	40	40	40	40	40	40
XMTM2MTI2MjQ4NA==	23	25	25	25	25	26	45	48	48	48	48	48	48	48	48	49	49	49	49	49	49	49	49	49	49	49	49	49	49	49
XMTM2MTEzNTc4NA==	8	15	22	23	23	24	24	25	27	29	32	38	41	43	52	90	252	259	267	287	288	289	289	294	294	299	301	303	303	304
XMTM2MTE5NTA0OA==	3	16	16	37	46	48	49	49	49	49	49	49	49	49	49	50	50	50	50	50	50	50	50	50	51	51	51	51	51	51
XMTM2MTExODY2NA==	3	5	5	5	103509	106772	108594	109485	110196	111006	111404	112036	112464	112702	112976	113220	113673	113862	114014	114155	114198	114241	114303	114335	114364	114439	114474	114543	114603	114648
XMTM2MDgyNjUzMg==	130	205	221	260	263	311	445	577	665	811	906	1101	1192	1233	1267	1291	1338	1363	1383	1393	1405	1414	1421	1421	1424	1428	1431	1435	1441	1445
XMTM2MDg0MDQwMA==	175	237	264	281	283	332	488	1159	1349	3576	4798	5122	5287	5529	5854	6150	6636	6967	7192	7397	7805	7980	8173	8356	8497	8800	8938	9135	9269	9421
XMTM2MDg0NTE0NA==	28	34	38	56	60	60	60	61	61	61	61	61	61	61	61	61	62	62	62	62	63	63	63	64	64	65	65	66	67	67
XMTM2MTM1NDY0MA==	38	90	128	129	136	136	398	662	1648	1819	1832	1835	1835	1840	1844	1847	1877	1910	1925	2054	2067	2073	2076	2077	2077	2083	2088	2088	2089	2094
XMTM2MTEzNTgwNA==	12	19	300	391	433	469	496	513	534	596	605	606	619	627	660	662	685	704	719	896	912	923	923	929	932	935	935	935	937	941
XMTM2MTEyNzMwOA==	1	1	1	2	2	2	2	2	2	2	2	2	2	2	2	2	2	2	2	2	2	2	2	2	2	2	2	2	2	2
XMTM2MTM1MTE1Mg==	10	15	19	20	21	41	48	50	52	56	58	58	58	61	62	62	63	63	64	71	71	72	73	74	74	75	75	75	75	75
XMTM2MTE4ODc0OA==	83	119	124	128	298	623	675	709	743	770	782	786	792	799	810	814	815	818	820	918	931	939	944	947	950	953	953	957	961	976
XMTM2MTQ5NzA1Ng==	4	6	6	7	10	10	10	10	10	10	10	10	10	10	10	10	10	10	10	10	10	10	10	10	10	13	13	13	13	13
XMTM2MTIwMDk1Mg==	895	1703	1997	2203	4952	6191	6824	7444	8052	8528	8977	9325	9757	10094	10415	10819	11119	11426	12105	12548	12791	13426	13847	14181	14329	14887	15453	15942	16655	17205
XMTM2MTMzNDM2NA==	50	68	78	814	837	889	930	938	939	947	973	997	1009	1020	1034	1044	1068	1071	1079	1250	1281	1312	1693	2225	2263	3052	3090	3128	3137	3142
XMTM2MDk4NzAwMA==	3	5	7	7	7	7	7	7	7	7	7	8	8	8	8	8	9	9	9	9	9	9	10	10	10	10	10	10	10	10
XMTM2MTQwNzQ4MA==	1584	25656	46445	48961	49951	50638	52068	52326	52534	53040	53603	53982	54136	54324	55432	55683	55889	56049	56249	56450	56716	57414	57964	58155	58251	58368	58394	58463	58551	61082
XMTM2MTAyNTQ4NA==	116	183	204	224	227	254	576	1156	1298	1382	1487	1572	1652	1751	1809	1863	1896	1939	1943	1994	2028	2056	2058	2096	2101	2115	2117	2150	2170	2180
XMTM2MTE3Mzk0OA==	70	93	96	533	544	561	564	567	567	567	571	571	572	572	574	576	576	579	579	587	588	588	589	589	589	591	591	599	601	601
XMTM2MDk5MTU5Ng==	3	3	3	3	3	3	5	5	5	5	5	5	5	5	5	5	5	5	5	5	5	5	5	5	5	5	5	5	5	5
XMTM2MTM0ODUwNA==	20	29	29	29	46	164	179	186	191	192	193	193	194	194	195	195	195	196	196	199	200	201	201	201	202	202	202	203	204	204
XMTM2MTMwODk3Mg==	14	19	21	24	24	24	34	38	42	43	45	45	45	45	46	46	47	47	47	52	52	53	53	53	53	53	53	54	54	54
XMTM2MTQ1OTUwMA==	71	98	117	126	215	264	289	300	304	348	387	388	388	391	392	396	398	402	411	572	582	584	589	591	597	603	605	612	619	621
XMTM2MTcwOTczNg==	5	6	16	21	22	26	31	35	36	36	36	37	37	37	41	43	43	43	44	48	50	50	51	51	52	52	53	55	58	60
XMTM2MTEwNjA2OA==	23	35	44	51	53	83	123	153	185	207	222	243	316	353	375	407	451	500	504	587	644	665	678	698	704	712	753	790	816	826
XMTM2MTE2MDA4OA==	7	8	8	35	39	40	40	40	40	40	40	40	40	40	43	50	51	51	51	51	51	51	52	53	53	53	53	53	53	53
XMTM2MTE0ODY1Ng==	378	24763	327063	425213	497162	497285	497364	497421	497454	497483	497520	497542	497580	497618	497645	497656	497667	497669	497672	497716	497736	497757	497768	497771	497776	497783	497799	497834	497865	497888
XMTM2MTI1ODE0NA==	122	167	258	161421	162244	162653	163006	163071	163108	163123	163127	163166	163221	163272	163317	163361	163409	163450	163480	163512	163540	163566	163613	163644	163663	163688	163693	163712	163732	163760
XMTM2MTU5MDQyMA==	17	32	36	41	48	74	79	85	86	87	88	88	88	88	90	90	90	92	92	97	99	100	100	101	101	101	103	104	105	106
XMTM2MDk0NTUyOA==	2	2	2	2	3	3	3	3	3	3	3	3	3	3	3	3	3	3	3	3	3	3	3	3	3	3	3	3	3	3
XMTM2MTE3MzY5Mg==	3	4	4	4	4	5	7	7	7	7	7	7	7	7	7	7	7	7	8	8	9	9	9	11	12	12	14	15	18	21
XMTM2MDc0NDM2OA==	1201	1898	2058	2224	3983	4699	4849	4886	4902	4903	4907	4919	4921	4928	4934	4951	4965	4973	4984	5061	5076	5083	5087	5095	5098	5101	5106	5118	5147	5201
XMTM2MTA5MTk5Ng==	9	10	11	15	27	29	31	31	31	31	31	31	31	31	31	31	31	32	32	32	33	33	33	33	33	33	33	34	34	34
XMTM2MDg4NTc4OA==	2633	4752	5848	7850	10887	15612	21935	22724	22809	22993	23070	23152	23910	24035	24184	24431	24620	24701	24785	24864	24916	24953	24973	25049	25185	25220	25310	25377	25447	27328
XMTM2MTEwMzY2NA==	1	1	1	2	2	2	2	2	2	2	2	2	2	2	2	2	2	2	2	2	2	2	2	2	2	2	2	2	2	2
XMTM2MTEyMjU1Ng==	7	9	9	1439	1443	1444	1444	1445	1445	1445	1445	1445	1445	1445	1445	1445	1445	1445	1445	1447	1447	1455	1460	1478	1496	1512	1522	1532	1540	1545
XMTM2MTM3NDczNg==	27	43	43	80	80	88	88	106	117	117	117	118	118	118	118	119	121	121	121	122	122	122	122	122	122	122	122	122	123	124
XMTM2MTQ1MzIzNg==	2	3	3	3	3	5	5	5	5	5	5	6	6	7	10	10	11	11	12	15	15	16	20	20	21	22	22	23	23	23
XMTM2MTE0MjU2OA==	8	14	32	33	33	35	35	39	45	48	50	51	55	55	56	56	56	56	64	66	68	71	76	78	80	83	86	88	91	92
XMTM2MDY3MDY0MA==	36	55	62	65	65	67	94	108	112	125	149	177	188	220	221	225	250	264	277	352	363	381	402	440	460	473	490	506	539	564
XMTM2MTA4MDIxNg==	15	16	17	19	32	33	34	35	35	36	36	36	36	36	36	36	36	36	36	39	39	39	39	41	41	42	43	44	44	44
XMTM2MDYwNTU3Mg==	2	6	17	24	27	32	35	36	36	37	38	39	41	42	42	43	43	44	49	52	53	54	54	57	57	58	59	62	66	68
XMTM2MTQyNDQyMA==	2	2	2	3	3	3	3	5	5	5	5	5	5	5	5	5	5	5	5	5	5	5	5	5	5	5	5	5	8	8
XMTM2MTMzNTkwMA==	3323	6112	17575	27453	33552	51496	54018	57875	58516	60159	62618	63800	63989	64490	64878	67265	68811	69185	69552	69692	69952	70227	70611	70834	71222	71330	71441	71715	71906	72154
XMTM2MTAwNjQ3Mg==	149	205	268	795	813	814	823	834	840	846	851	852	852	852	852	859	867	868	868	881	881	885	885	887	888	889	889	892	897	899
XMTM2MTQwMTMzMg==	22	32	40	63	63	64	65	66	67	67	67	67	67	68	68	69	69	69	69	69	70	70	70	70	70	72	73	73	78	78
XMTM2MDkxMDE2OA==	108	159	178	201	201	249	349	389	407	461	489	503	539	575	742	781	806	814	836	849	863	910	964	969	981	998	1024	1049	1076	1094
XMTM2MTM5MDk4OA==	11	17	59	83	106	114	120	125	128	140	141	141	141	142	145	145	150	154	154	164	164	169	170	170	173	173	174	174	177	180
XMTM2MDczNTEwOA==	2	2	2	2	2	2	3	3	3	3	3	3	3	3	3	3	3	3	3	3	3	3	3	3	3	3	3	4	4	4
XMTM2MDk1Njk1Ng==	5	54	85	89	89	89	90	128	132	137	137	141	141	143	153	157	168	168	169	182	182	188	188	188	188	188	200	204	206	220
XMTM2MTM3NTc1Mg==	83	113	166	270	308	322	328	337	340	373	580	2088	3296	4083	4163	4224	4296	4340	4373	4449	4519	4667	4790	4866	4931	5088	5136	5170	5195	5218
XMTM2MDkwNTUwOA==	2544	5077	7877	8199	8210	8213	8321	8397	8450	8487	8517	8605	8632	8640	8664	8689	8690	8697	8697	8798	8814	8816	8827	8830	8835	8843	8844	8849	8861	8868
XMTM2MTE5NTY5Mg==	0	0	0	0	1	1	1	1	1	1	1	1	1	1	1	1	1	1	1	1	1	1	1	1	1	1	1	1	1	1
XMTM2MTU1Mzk0MA==	3961	7403	8414	14983	18175	19430	20238	21317	21959	22338	22702	23061	23482	23896	24262	24616	24847	25184	25398	25615	25830	26061	26435	26579	26714	26910	27017	27170	27298	27435
XMTM2MDk0MDY1Ng==	3	3	3	4	4	5	19	19	19	19	20	21	21	21	22	22	22	22	22	22	22	22	22	22	22	22	24	24	24	24
XMTM2MTIzMDc5Mg==	6	8	53	79	98	105	106	106	106	108	108	108	108	112	115	117	120	121	121	136	136	139	139	139	139	140	142	142	149	156
XMTM2MTM3NTc0MA==	28	36	182	409	527	577	595	596	596	596	604	612	619	624	628	631	632	632	634	645	645	646	646	646	646	646	647	647	647	647
XMTM2MTE3MjkwNA==	738	1026	1131	1676	1688	1703	1727	1738	1742	1744	1744	1745	1745	1747	1749	1750	1751	1763	1773	1773	1773	1774	1774	1774	1774	1776	1776	1776	1782	1782
XMTM2MTQ4MjM4MA==	25	44	52	75	76	77	78	78	78	78	79	79	79	79	79	79	79	80	80	81	81	81	81	81	82	82	82	82	82	84
XMTM2MTE0MzA1Ng==	18	28	78	92	104	116	116	116	121	121	121	121	121	121	122	122	122	122	122	123	124	127	127	127	127	127	127	127	127	127
XMTM2MTEzMjIxMg==	4	5	1558	1568	1847	1899	2221	2486	2738	3010	3228	3392	3644	3961	4373	4704	4991	5520	5566	5806	6320	6399	6505	6575	6645	6786	6932	6944	7262	7424
XMTM2MTQzMzQ0OA==	10	13	49	57	57	57	57	57	57	57	57	57	57	58	58	58	59	59	59	59	59	59	59	59	59	59	59	59	59	59
XMTM2MTA4OTgxMg==	163	212	212	1803	1809	1811	1820	1820	1821	1821	1821	1821	1821	1821	1823	1826	1826	1832	1833	1843	1843	1852	1855	1858	1859	1869	1876	1878	1881	1881
XMTM2MTAxMTM0NA==	256	420	479	540	542	12775	13135	13295	13384	13475	13517	13518	13527	13529	13532	13535	13541	13552	13552	13844	14139	14526	14962	15271	15560	16588	16686	16717	16734	16749
XMTM2MTA4MDk4MA==	14018	23782	89415	116146	134140	151651	169694	181722	192127	203651	212642	221549	231521	240705	250312	258643	263397	268469	272036	275293	276946	278717	280782	282378	283372	285222	285994	287653	288738	289937
XMTM2MTQ5NzM4NA==	93	170	375	461	517	570	622	683	764	880	939	1012	1062	1071	1076	1097	1098	1138	1138	1265	1281	1284	1290	1299	1312	1313	1322	1361	1378	1395
XMTM2MTM5ODQ0MA==	17	18	19	19	19	19	11523	11523	11531	11533	11537	11548	11552	11558	11566	11569	11575	11578	11581	11600	11602	11621	11631	11632	11634	11635	11639	11641	11647	11655
XMTM2MTU0OTQ0OA==	8	24	26	26	26	80	82	82	82	82	83	83	84	84	84	84	84	84	84	85	85	86	86	86	86	88	88	88	92	93
XMTM2MDk5NDI4NA==	6	7	25	77	82	92	97	101	104	105	107	114	121	127	130	136	137	149	149	189	193	195	195	196	196	197	200	201	202	214
XMTM2MTYwMDAwOA==	2	4	7	7	7	7	7	8	8	8	9	10	10	10	10	10	13	13	13	15	15	16	16	16	16	16	16	16	16	16
XMTM2MTU3NTcwMA==	988	2911	3950	6617	14960	24416	29117	30699	31277	31871	32165	32762	33230	33983	34302	34631	34738	34874	34985	35143	35332	35405	35479	35583	35747	35958	36154	36318	36541	37583
XMTM2MTIzMTA4OA==	9	12	25	83	106	138	139	144	148	149	149	153	153	156	157	158	159	159	160	179	181	183	184	186	186	186	188	189	189	189
XMTM2MDk2MDc4NA==	21	22	23	23	28	46	47	48	49	49	49	49	49	49	51	51	52	52	52	55	59	59	59	60	62	62	62	62	62	63
XMTM2MTM1Mjc5Ng==	1	1	1	1	1	2	2	2	2	2	2	2	2	2	2	2	2	2	2	2	2	2	2	2	2	2	2	2	2	2
XMTM2MDc0NDQ3Mg==	978	1548	1679	1796	9421	14244	14350	14398	14429	14494	14552	14608	14687	14755	14817	14870	14928	14979	14989	15052	15066	15076	15087	15100	15106	15106	15121	15127	15144	15151
XMTM2MTUyNzU3Ng==	4	7	15	17	23	34	38	46	54	62	66	66	66	71	72	74	74	77	79	103	112	129	144	161	163	179	187	200	204	208
XMTM2MDc3ODU1Mg==	6745	43794	154193	316456	377135	388939	393119	396604	399201	401416	402715	403995	405665	406966	409375	411177	412174	413602	414774	415919	416896	418168	419867	420891	421934	424271	424800	426509	427858	429183
XMTM2MTI5OTAwMA==	89	97	111	114	116	116	896	1206	1262	1277	1277	1278	1284	1285	1288	1292	1299	1307	1308	1337	1338	1338	1340	1342	1354	1356	1356	1358	1360	1363
XMTM2MDk1ODQwNA==	24	39	45	50	51	78	81	81	87	89	89	91	91	92	93	93	93	95	96	101	101	101	102	102	103	103	103	103	104	104
XMTM2MTU3NjQ0MA==	3	6	6	10	12	13	13	13	14	14	14	14	15	15	15	18	19	20	20	21	21	21	21	21	21	21	21	21	21	21
XMTM2MTU3OTk4MA==	7	10	14	16	19	20	30	40	53	59	60	67	72	75	75	76	77	78	78	94	96	98	100	100	101	104	104	104	104	105
XMTM2MDkxMTU3Ng==	74	96	147	177	16853	33092	40686	50172	56085	59247	61862	65264	68915	71933	75125	78352	80815	82504	83464	84774	86222	87682	88527	88695	89057	89850	90503	91292	91982	92717
XMTM2MDcxODkxMg==	165	195	204	206	208	208	340	376	383	387	387	387	388	390	393	393	394	394	394	408	410	411	411	412	414	414	415	416	416	417
XMTM2MDkzMjY0MA==	29	40	349	498	590	635	698	731	769	861	941	995	1067	1115	1173	1219	1266	1355	1421	1473	1579	1627	1710	1784	1860	1971	2001	2101	2165	2243
XMTM2MTcwNTA2OA==	6	7	9	11	11	11	21	25	26	26	26	26	26	27	27	27	27	27	27	28	28	28	28	29	29	29	29	29	29	29
XMTM2MTE3MDk4MA==	5	23	61	77	122	139	145	167	175	177	181	186	196	196	197	197	200	200	205	249	263	265	268	278	282	292	294	335	349	373
XMTM2MDg4MzgwOA==	466	805	991	2172	7258	12623	19633	27245	32623	37553	41655	45765	51818	59154	65079	70046	73766	77042	79649	83143	86791	93984	102141	105177	106001	106568	107055	108826	109607	122405
XMTM2MTIwNTA4OA==	1508	10140	17699	20948	21121	21662	22102	22649	23098	23662	24039	24382	24739	24971	25641	26401	27158	27490	27614	27731	27869	28251	28977	29204	29536	29797	30154	30349	30533	30820
XMTM2MDk3Nzk4NA==	332	498	547	613	616	697	1130	1179	1230	1267	1314	1363	1422	1439	1506	1566	1588	1641	1715	1839	1952	2053	2299	2386	2475	2630	2706	2893	2976	3080
XMTM2MTMzNzk4MA==	3	3	3	5	7	7	12	13	14	14	14	14	14	14	14	14	15	16	16	17	18	18	18	18	18	18	18	20	20	20
XMTM2MTEzNTAwNA==	9	15	15	32	51	60	60	60	60	60	60	60	61	62	62	62	62	64	64	67	68	68	68	68	70	92	93	314	350	365
XMTM2MTI5NTM3Mg==	64	149	160	679	1189	1522	2152	2972	3564	3790	3979	4158	4557	4918	5645	6033	7612	8985	9213	9328	9599	9939	10382	10677	10851	11170	11228	11681	12304	13031
XMTM2MTE2OTA1Ng==	1	1	1	2	2	2	2	2	2	2	2	2	2	2	2	2	2	2	2	2	5	5	5	7	7	7	7	7	7	7
XMTM2MTQ5NDU5Ng==	44	63	153	160	162	162	164	167	172	175	175	177	178	179	180	182	182	182	184	191	192	195	195	196	197	199	199	200	201	202
XMTM2MTU0NjgzMg==	11	23	25	26	34	624	624	624	625	625	625	625	626	626	626	631	631	632	632	633	633	633	634	634	634	666	681	685	685	686
XMTM2MTE0MDA2OA==	99	144	156	405	467	500	519	529	539	546	555	555	556	557	559	561	565	567	569	597	598	603	604	608	609	610	610	617	618	621
XMTM2MDg4ODUxNg==	13	14	52	56	58	58	59	59	60	60	60	60	60	61	61	61	61	62	62	64	64	64	64	64	64	64	64	64	64	64
XMTM2MDkzOTkwOA==	72	112	937	2567	3581	4733	5564	6452	7370	8094	8629	9482	10484	11104	11447	11932	12192	12560	12569	12764	12975	12983	13087	13108	13292	13370	13502	13549	13562	13700
XMTM2MTE4MjA0OA==	15	20	21	26	49	55	62	68	79	86	88	89	92	94	95	101	101	103	103	126	128	132	134	134	138	140	142	146	146	146
XMTM2MTQ4NzAwOA==	48	151	232	361	362	376	382	389	397	397	398	401	404	407	409	413	413	413	414	426	430	430	430	432	432	432	437	439	443	446
XMTM2MTAxNjg2MA==	12	16	16	19	19	43	47	51	54	54	55	55	59	60	61	61	63	65	65	72	73	76	80	81	81	81	81	81	82	85
XMTM2MTQ0MDM2MA==	2	3	9	9	9	9	9	9	9	9	9	9	9	9	9	9	9	9	9	9	9	9	9	9	10	10	10	19	19	19
XMTM2MTQ5OTU0NA==	39	201	312	336	339	339	349	352	409	413	414	414	415	415	435	445	463	465	466	468	468	468	468	468	468	468	468	468	468	468
XMTM2MTI1NzUxMg==	14	20	20	43	44	45	45	48	49	50	50	50	51	51	52	53	54	54	54	61	62	63	63	64	65	65	65	66	68	69
XMTM2MDkwMjQyNA==	2	2	3	5	7	11	11	11	11	11	11	11	11	11	12	12	12	12	13	13	13	13	13	13	13	13	13	13	13	13
XMTM2MTEwNDA4NA==	4	8	9	13	14	14	14	14	16	16	16	17	17	17	17	17	17	18	18	19	19	19	20	20	21	23	23	23	24	24
XMTM2MDg1NTcxNg==	2	2	2	2	2	2	3	3	3	3	3	3	3	3	3	3	3	3	3	3	3	3	3	4	4	4	4	4	4	4
XMTM2MTUzODIyOA==	4	5	5	5	5	6	19	19	19	19	19	19	19	19	19	19	19	19	19	19	19	19	19	19	19	19	19	19	19	19
XMTM2MTQxODQzMg==	45	69	75	79	79	145	200	257	258	260	260	260	261	261	261	261	261	261	261	267	268	269	270	270	270	270	271	271	272	272
XMTM2MDk4NzUyNA==	18	82	144	185	185	187	187	187	187	188	188	189	189	189	189	189	189	189	189	189	189	189	189	189	189	191	191	191	193	193
XMTM2MTUzMjEyNA==	19	31	32	71	91	99	101	103	104	105	105	105	106	106	106	107	107	107	107	114	115	115	116	116	118	119	120	121	122	123
XMTM2MTU0OTM4OA==	42	65	262	1010	1117	1161	1225	1630	2142	2351	2358	2397	2470	2581	2871	2925	3268	3453	3455	3940	3963	3965	3981	3997	4001	4021	4031	4040	4056	4059
XMTM2MTI4OTA1Ng==	2	2	4	6	6	6	6	6	6	6	6	7	8	8	8	9	9	9	9	10	10	12	12	12	12	12	12	12	15	17
XMTM2MDc2MjM0NA==	18	19	21	129	133	134	135	139	139	139	139	139	139	139	140	140	140	140	140	140	141	141	141	145	147	148	148	148	148	148
XMTM2MDkxNDA0OA==	2121	3407	4569	6683	7352	11190	13076	13091	13190	13273	13338	13398	13454	13486	13536	13587	13605	13617	13668	13686	13687	13690	13692	13735	14235	15778	15801	15982	16001	16010
XMTM2MTE0MTQwNA==	28	42	55	57	60	121	147	154	155	155	155	155	155	157	158	158	159	159	159	159	159	159	159	159	159	162	162	162	162	162
XMTM2MTU0MDAzNg==	5	19	21	27	45	50	52	54	57	58	59	60	60	61	61	61	62	62	62	70	70	70	70	71	71	71	72	72	74	74
XMTM2MDg2MzUyMA==	2	3	3	5	5	7	7	7	7	7	7	7	7	7	7	7	8	8	8	8	8	8	8	8	8	8	8	8	8	8
XMTM2MTQzNzgwOA==	1489	2201	2317	2627	2642	2679	5072	5793	6145	6552	6889	7180	7786	8332	8854	9326	10152	10160	10161	10167	10175	10176	10177	10177	10184	10198	10205	10219	10225	10236
XMTM2MTQ3NzM1Mg==	159	200	201	202	202	373	389	389	389	389	389	390	390	390	390	390	390	391	391	391	393	394	394	398	399	400	401	402	407	408
XMTM2MTI0NDE1Mg==	2	2	2	2	4	4	5	5	5	5	5	5	5	5	6	9	9	10	10	10	10	14	14	14	14	14	14	14	14	14
XMTM2MDk4NjgzNg==	1634	3268	4089	4888	12955	15355	15735	15925	16053	16242	16408	16538	16715	16893	17036	17174	17272	17323	17368	17402	17438	17476	17490	17503	17520	17546	17571	17605	17632	17649
XMTM2MDcyNDIyOA==	2	2	2	3	3	3	3	3	3	3	3	3	3	3	3	3	3	3	3	3	3	3	3	3	3	3	3	3	3	3
XMTM2MTEwNDc4OA==	2	2	2	3	3	3	3	3	3	3	3	3	3	3	3	4	4	4	4	4	4	4	4	4	4	4	4	4	4	4
XMTM2MDkzMTEyMA==	752	1758	2104	2614	4150	4871	5109	5350	5456	5494	5539	5577	5632	5690	5776	5834	5865	5909	5940	5967	5985	6036	6117	6148	6180	6214	6226	6262	6298	6346
XMTM2MDg0NzIyOA==	70	90	95	233	248	248	248	248	248	248	248	248	248	248	248	248	248	249	249	249	249	249	249	249	249	249	249	249	249	252
XMTM2MTEyMDA0MA==	4	5	5	5	7	7	7	7	7	7	7	7	7	7	7	7	7	7	7	7	7	7	7	7	9	9	9	9	9	9
XMTM2MTQ1MzY2OA==	132	251	647	650	653	662	665	672	672	677	681	683	683	684	684	685	686	686	688	702	702	703	703	704	705	706	707	708	708	708
XMTM2MTMyNTgzNg==	13	24	68	88	91	95	98	100	101	101	101	102	102	103	103	103	103	103	103	103	103	103	104	106	106	108	108	108	108	108
XMTM2MTQzOTIwMA==	277	704	887	1268	1873	3140	5751	10259	13879	15855	17745	19279	21023	23976	29923	33108	34725	36815	38225	39801	41781	44065	47017	50633	52959	54928	55266	56504	57369	57894
XMTM2MTEwNzE1Ng==	7	8	9	21	22	22	22	23	23	23	23	27	28	28	33	33	50	51	51	58	58	58	58	58	58	61	63	63	63	63
XMTM2MTE2NDg4MA==	11	13	15	253	1654	2427	3256	4185	4885	5872	6619	7944	8854	8889	8898	9027	9109	9171	9215	9274	9425	9470	9545	9556	9573	9582	9592	11273	12728	13270
XMTM2MTI2NTYxNg==	9	31	34	34	48	82	150	324	461	513	556	612	665	708	797	855	974	1243	1566	1973	2486	3477	4564	4875	4971	5210	5457	5688	6053	6326
XMTM2MDkwNDQ0MA==	7819	16796	21679	36824	48810	51838	52127	52403	52496	52561	52841	53097	53261	53441	53569	53688	54233	54259	54349	54407	54432	54449	54500	54645	54680	54779	54803	54833	54834	55047
XMTM2MTMzMTkxNg==	18	31	32	1634	1651	1654	1657	1660	1664	1668	1674	1675	1675	1770	1771	1772	1772	1894	1910	2028	2030	2033	3031	4221	4297	6020	6024	6033	6039	6050
XMTM2MTAxMzUxMg==	17	28	31	46	841	2832	3941	4161	4299	4477	4650	4766	4767	4827	4829	4841	4848	4851	4860	5474	5539	5583	5682	5730	5746	5870	5947	6040	6092	6130
XMTM2MTA3MTA1Mg==	33	51	62	115	128	140	150	170	186	203	209	226	249	260	260	262	282	283	288	392	406	413	417	426	436	452	462	488	505	515
XMTM2MTA5NDQzNg==	348	489	514	530	550	556	11000	11048	11104	11133	11163	11191	11230	11265	11332	11508	11557	11631	11670	11706	11813	11945	11995	12012	12022	12032	12073	12146	12281	12385
XMTM2MDUyMDYxNg==	22	24	35	68	112	127	129	133	136	140	143	143	143	144	145	145	145	146	146	152	155	156	157	157	158	158	158	158	158	158
XMTM2MDkxMTA2OA==	1968	3222	3288	3421	3430	7840	19570	25426	26524	27888	28505	29176	30084	30748	31217	31792	32162	32549	32808	33028	33271	33476	33744	33784	33843	33938	34008	34219	34359	34515
XMTM2MTAyNDAwMA==	34	47	47	51	51	280	330	338	339	344	345	346	346	346	347	347	347	347	347	351	355	356	356	356	356	356	356	356	356	357
XMTM2MTE1MzQ2NA==	8	10	10	20	24	12666	12668	12669	12669	12669	12669	12670	12670	12671	12671	12701	12829	13095	13200	13228	13265	17432	17437	17530	17530	38076	38863	39042	39288	39445
XMTM2MTI4Mzg2MA==	30	40	41	41	42	145	293	305	312	320	320	320	322	322	323	323	324	324	324	329	329	348	351	354	354	358	358	359	359	361
XMTM2MDg3MTM4OA==	31	52	87	103	107	107	110	116	123	124	125	125	125	125	127	127	129	129	136	136	139	141	141	141	141	144	144	145	146	169
XMTM2MTEwMjcxMg==	3	4	4	54	58	61	65	103	108	109	110	114	116	118	119	123	128	142	149	185	188	188	197	200	204	213	214	215	223	228
XMTM2MTM1MTk0OA==	3	10	11	14	14	22	24	24	24	24	25	25	25	25	25	33	33	33	33	35	35	36	36	36	37	38	38	38	38	39
XMTM2MDQ3MDI0NA==	138	207	466	627	656	670	674	681	687	687	691	693	694	698	701	701	701	710	712	713	714	716	716	717	719	719	1629	2519	2629	2630
XMTM2MDkyNzI2OA==	5	5	5	6	6	10	11	11	11	11	11	11	11	11	11	12	12	12	12	12	12	12	12	12	12	12	12	12	12	12
XMTM2MDc0NTc0OA==	208	239	288	298	1873	4588	4942	5224	5280	5325	5374	5503	5538	5565	5599	5629	5632	5654	5674	5683	5699	5726	5742	5759	5767	5786	5797	5822	5835	5870
XMTM2MTI0MjA2OA==	7	10	12	20	22	22	24	28	30	31	32	32	32	32	33	33	34	35	35	35	35	35	36	36	36	36	36	36	37	37
XMTM2MTEzNzc1Mg==	7	13	354	449	519	559	592	615	634	721	734	734	756	763	802	803	831	855	873	1120	1139	1153	1153	1162	1167	1167	1167	1168	1171	1176
XMTM2MTAxMTA2NA==	529	997	1167	1745	3285	4271	5102	5964	6636	7032	7250	7838	8402	8688	9509	9611	10136	10527	10653	11383	11945	12399	12935	13279	13415	13782	14129	14634	15185	15546
XMTM2MDk0NzEzNg==	502	873	1529	12333	14210	15046	15454	15478	15503	15516	15528	15529	15545	15546	15568	15570	15571	15574	15642	15646	15654	15659	15661	15662	15665	15666	15668	15679	15698	15753
XMTM2MDYxOTAyMA==	13	27	33	33	86	167	185	219	228	231	231	231	231	231	231	233	233	233	233	236	236	236	236	236	236	237	237	237	237	237
XMTM2MTEzMzA2MA==	15	20	45	54	57	62	67	78	84	88	90	95	97	98	102	103	103	103	104	129	131	135	139	144	151	158	160	164	176	184
XMTM2MDQ2MjQwMA==	3	3	7	10	10	10	10	10	10	10	10	10	10	10	10	10	10	10	10	10	10	10	10	10	10	10	10	10	10	10
XMTM2MTI3MjI5Mg==	5	15	17	18	70	117	248	643	790	875	912	972	1040	1099	1172	1256	1284	1427	1592	1867	2077	2641	3407	3588	3662	3945	4021	4205	4443	4649
XMTM2MTIxNjY2OA==	4	6	9	41460	41460	41460	41460	41460	41460	41460	41460	41460	41460	41460	41460	41460	41460	41460	41460	41460	41460	41460	41462	44896	44896	44896	45699	45699	45711	45713
XMTM2MTE0ODYwNA==	4	5	17	19	19	19	19	19	19	19	19	19	19	19	19	19	19	19	19	19	19	19	19	19	19	19	19	19	20	20
XMTM2MTE3MjIwOA==	1	2	2	2	3	3	3	3	3	3	3	3	3	3	3	3	3	3	3	3	3	3	3	4	4	4	4	4	4	4
XMTM2MTAyNzgxNg==	8	13	30	30	41	73	101	118	130	136	138	144	144	147	147	148	148	151	152	183	185	194	198	351	376	413	430	436	451	522
XMTM2MTIzODYzMg==	462	2706	4374	4470	4671	4682	7208	8621	8643	8658	8666	8680	8697	8716	8744	8747	8767	8776	8806	8862	8903	8919	8922	8926	8932	8945	8949	8963	8974	8984
XMTM2MTMwMjEyOA==	5	5	5	5	5	8	8	8	8	8	8	8	8	8	8	8	9	9	9	9	9	9	9	9	9	9	9	9	9	9
XMTM2MTU3NzM5Mg==	57	154	197	268	964	1611	1719	1729	1739	1746	1747	1748	1761	1770	1772	1772	1774	1774	1775	1784	1784	1784	1787	1788	1788	1789	1790	1790	1790	1790
XMTM2MTQ1MjY3Ng==	1177	1676	1761	2383	9180	12617	13316	13693	13897	14256	14621	15324	15891	16183	16442	16666	16841	17003	17464	18391	18469	18477	18553	18709	18826	19136	19574	20422	20750	21203
XMTM2MDgwOTMyNA==	7855	69780	311640	591935	744065	816297	841680	867891	897174	915380	934905	953732	964334	981878	1010641	1048380	1061514	1076273	1091732	1108809	1123636	1147539	1181586	1198891	1213791	1237241	1258806	1273783	1293814	1310640
XMTM2MTE4NjE2NA==	69	127	811	1217	1423	1527	1574	1625	1664	1703	1719	1740	1743	1745	1756	1767	1774	1782	1782	1856	1861	1866	1869	1870	1877	1880	1884	1886	1895	1898
XMTM2MDgxNDcwNA==	97	133	157	171	171	317	721	810	844	866	878	909	914	916	987	1019	1286	1295	1335	1404	1422	1495	1575	1599	1618	1653	1679	1751	1833	1885
XMTM2MTY2MDI3Ng==	2	2	2	3	3	3	3	3	3	3	3	3	3	5	5	5	5	6	6	9	9	10	10	10	10	10	10	10	10	12
XMTM2MTU3MDU1Mg==	397	795	917	1030	1318	2526	4104	4983	5347	5516	5684	5994	6257	6404	6639	6786	6995	7094	7163	7250	7463	7523	7561	7610	7669	7733	7825	7924	7955	8494
XMTM2MDc3OTU5Mg==	45	55	55	1351	1676	1690	1701	1709	1715	1719	1727	1731	1732	1733	1735	1738	1744	1746	1747	1779	1781	1781	1781	1782	1785	1785	1787	1789	1794	1795
XMTM2MTU0MDk2OA==	2	2	2	2	2	3	3	3	3	4	4	4	5	5	5	6	6	6	6	6	6	6	6	6	6	6	6	6	7	7
XMTM2MTU1MjMyOA==	146	257	444	512	526	686	1122	1890	2049	2138	2181	2216	2255	2299	2325	2358	2368	2384	2397	2441	2447	2459	2474	2481	2486	2494	2501	2508	2514	2521
XMTM2MTQ2ODYzMg==	1015	1489	12286	23873	23970	35567	36154	36420	36571	36671	36711	36742	36800	36837	36887	36927	36965	36990	37020	37021	37050	37077	37114	37129	37145	37175	37181	37197	37216	37231
XMTM2MTEwNjgxNg==	34	56	94	114	122	130	133	135	135	139	142	150	152	158	161	164	164	166	167	181	181	184	185	185	185	185	186	187	187	187
XMTM2MTQzMTQxMg==	2	4	4	4	6	6	6	6	7	7	7	7	7	7	7	7	7	7	8	8	8	8	8	8	8	8	8	8	8	8
XMTM2MTI2NDMxNg==	12	29	33	39	63	101	173	329	469	524	589	635	678	678	738	799	986	1329	1776	2358	2923	4083	5266	5666	5760	6017	6359	6519	6992	7277
XMTM2MDU0MjI1Ng==	1	1	1	2	2	2	2	2	2	2	2	2	2	2	2	2	2	2	2	2	2	2	2	2	2	2	2	2	2	2
XMTM2MDcxMzYwNA==	67	91	92	94	94	125	280	407	474	544	549	557	572	574	580	599	637	660	674	741	748	749	755	758	760	785	790	794	799	802
XMTM2MTMyMDU2NA==	4	5	5	9	11	12	12	12	13	13	13	14	14	14	14	14	14	14	15	16	20	22	22	22	22	22	22	22	22	22
XMTM2MTA1ODQ0OA==	61	90	102	111	111	165	176	180	181	184	185	185	185	186	188	190	192	193	193	205	207	209	212	213	213	214	217	219	219	222
XMTM2MDc0OTI0MA==	63	79	248	260	260	260	264	266	268	268	276	278	279	279	280	281	281	281	294	296	296	298	298	298	298	298	298	298	302	302
XMTM2MDk4MDA5Mg==	438	791	950	1073	1096	1351	2130	3926	4673	5087	5294	5403	5671	5843	6150	6332	6609	6688	6761	6985	7051	7407	7410	7862	8353	8514	8831	9104	9144	9388
XMTM2MDYzMzc1Mg==	3	5	9	9	9	10	15	18	31	36	37	38	38	40	40	40	40	41	42	51	51	52	53	54	54	55	55	55	57	62
XMTM2MTEzNjYwMA==	8	13	308	403	471	513	541	565	599	684	686	692	714	723	748	755	783	803	818	1066	1077	1095	1099	1103	1105	1112	1114	1114	1116	1116
XMTM2MTYyOTY5Ng==	695	1460	23680	44687	65406	65545	65703	65782	65842	65986	66033	66110	66185	66244	66299	66360	66410	66549	66639	66682	66712	66810	66948	67039	67057	67130	67169	67237	67286	67329
XMTM2MTI3NDI0NA==	16	33	69	72	73	73	75	78	91	129	167	204	247	294	375	437	450	579	625	866	1035	1381	1849	2127	2172	2402	2617	2620	2782	2928
XMTM2MTUzODQ3Ng==	11	18	38	41	41	41	41	42	42	42	42	42	42	42	42	42	43	43	43	43	44	44	46	46	46	46	46	46	46	48
XMTM2MTEyNzUwOA==	6496	6544	6573	6573	10705	12904	13160	13210	15688	17700	18225	18296	18302	18625	18629	19600	19601	26523	30092	30094	38847	38849	47929	48567	49942	49942	67615	110360	198531	200631
XMTM2MTAyMDA4MA==	1	2	2	5	6	6	6	6	6	6	6	6	7	7	7	7	8	8	8	8	8	9	10	10	10	11	11	11	11	11
XMTM2MTQ3Njg3Ng==	88	116	128	129	136	137	203	207	210	214	214	217	218	219	219	222	222	223	223	231	231	231	231	232	232	233	233	233	233	233
XMTM2MTczMTYwMA==	5	9	21	27	27	27	27	28	30	30	30	30	30	31	31	33	33	33	33	35	35	35	35	35	35	35	36	36	36	36
XMTM2MTIwNDkyOA==	2	2	2	2	2	5	5	5	6	6	6	6	6	6	6	6	6	6	6	6	6	6	6	6	6	6	6	6	6	6
XMTM2MTAyNzA2OA==	18	23	79	168	293	323	333	344	345	353	353	353	355	356	357	359	361	361	366	385	390	393	395	395	395	396	397	399	401	401
XMTM2MDg4NTk5Ng==	16	25	27	38	46	96	113	126	145	156	159	159	161	164	165	166	168	169	169	206	211	214	216	219	222	245	258	274	279	281
XMTM2MDg4MzEyMA==	2	2	2	4	4	4	4	4	4	5	5	5	5	6	6	6	6	6	6	7	7	7	7	7	7	7	7	8	8	8
XMTM2MTIxMDAzNg==	1	1	1	2	2	2	2	2	2	2	2	2	2	2	3	3	4	4	4	4	4	4	4	4	4	4	4	4	4	4
XMTM2MDkzMDc2NA==	19	24	25	38	42	44	44	48	50	52	54	57	58	59	61	62	64	64	65	78	78	78	81	82	82	82	82	83	83	84
XMTM2MTI2MDU3Mg==	17	30	33	35	71	122	272	488	709	812	869	956	1038	1132	1243	1387	2093	3261	4421	5217	7276	10113	13022	13787	13978	14329	14729	15058	15807	16289
XMTM2MTE3Mzc5Ng==	2	2	2	2	2	3	3	3	3	3	3	3	3	3	3	3	3	3	3	3	3	3	3	3	3	3	3	5	5	5
XMTM2MTIwMDIyNA==	50	67	78	79	79	111	111	111	111	111	112	112	112	113	113	113	129	142	143	143	157	157	161	162	163	163	164	164	174	174
XMTM2MTY2OTc3Mg==	3	3	3	3	5	5	5	5	7	7	7	7	7	7	7	7	7	7	7	7	7	7	7	7	7	7	7	7	7	7
XMTM2MDkwNDgyNA==	2	2	2	2	2	3	3	4	4	4	5	5	5	5	5	6	7	7	9	9	10	10	10	10	10	10	10	11	12	12
XMTM2MTE3MTE1Mg==	25	32	125	178	184	195	203	206	207	212	213	213	214	214	214	214	214	215	215	227	232	234	235	235	237	238	240	244	248	249
XMTM2MTUzMzg1Mg==	80	199	272	302	500	556	569	571	571	571	572	572	572	572	573	573	579	581	581	582	582	582	582	583	585	585	585	598	625	626
XMTM2MTAwMTYxMg==	4	5	5	9	10	10	10	10	10	10	10	10	10	10	10	10	10	10	10	10	10	10	10	10	10	10	10	10	10	10
XMTM2MTY5ODMzNg==	193	371	619	653	655	657	706	733	739	766	774	785	786	786	786	841	856	857	861	861	868	882	890	904	911	917	919	925	932	933
XMTM2MTM2MTUxMg==	4	4	5	5	5	7	7	9	9	9	9	9	9	9	9	9	9	9	10	11	11	11	11	11	12	12	12	12	12	12
XMTM2MTU4NDgzMg==	33	52	79	177	278	345	347	358	358	363	367	368	368	371	371	374	376	377	379	396	397	397	398	399	402	405	410	414	417	418
XMTM2MTA0NjM2OA==	17	18	18	19	19	41	85	96	96	96	96	96	96	97	97	98	98	98	98	105	106	108	110	112	119	136	143	146	151	152
XMTM2MTI5ODM0MA==	6	10	93	101	101	102	102	102	102	102	102	102	102	102	103	104	105	105	105	105	105	106	106	106	106	106	106	106	111	112
XMTM2MTQ5MzM4OA==	4421	8247	17061	28211	32621	35880	91107	91394	91652	91819	92107	92382	92647	93044	93209	93238	93572	93797	94035	94317	96189	96560	96690	97254	98018	98578	98909	99305	99610	99659
XMTM2MTAxOTEwOA==	1	1	4	4	4	4	4	4	4	4	4	4	4	4	4	4	4	4	4	4	4	4	4	4	4	4	4	4	4	4
XMTM2MDkzNTQ2OA==	37	63	104	176	183	202	215	229	238	257	275	275	276	281	283	288	293	310	318	367	371	378	390	393	409	420	428	436	440	442
XMTM2MDk1NDM2OA==	2	4	10	10	10	10	10	10	10	10	10	10	10	11	11	11	11	11	11	12	12	12	12	12	12	13	13	13	13	14
XMTM2MTI0NzAyOA==	2	2	2	2	3	3	3	3	3	3	3	3	3	3	3	3	3	3	3	5	5	5	5	5	5	5	5	5	5	5
XMTM2MDk5MjUyMA==	83	115	1353	1353	1358	1359	1361	1361	1362	1374	1374	1375	1375	1376	1379	1382	1385	1385	1386	1417	1417	1423	1425	1425	1427	1430	1431	1432	1432	1432
XMTM2MTEwOTQ2MA==	8	9	12	12	19	21	21	21	21	21	21	21	21	21	21	21	21	21	21	21	21	21	21	21	21	24	24	24	24	24
XMTM2MTM1NTcyNA==	4	79	19030	19084	19115	19168	19248	19298	19345	19426	19465	19547	19583	19607	19636	19669	19717	22997	23034	23041	23104	23107	23595	23702	23760	23761	32065	32291	32420	32524
XMTM2MTM3MjUxNg==	71	104	111	118	118	131	486	846	1171	1500	1615	1761	1910	2047	2159	2270	2341	2427	2543	2628	2733	2829	2935	2966	2974	3007	3094	3185	3333	3424
XMTM2MTMwMTk5Ng==	7	8	11	11	13	13	33	35	35	35	36	36	36	37	37	38	38	38	38	75	90	91	91	91	92	92	92	92	92	92
XMTM2MTExMzgxMg==	579	994	1278	2188	3408	4683	7104	8679	9770	10948	11517	12301	13140	13968	14837	15821	16508	17209	17912	18566	19397	20033	20755	21299	21772	22586	23127	24071	24896	25739
XMTM2MTQ3NTkxNg==	305	493	514	535	15916	20128	21070	21495	22100	22659	23106	23572	24176	24176	24179	24189	24196	24198	24198	24221	24230	24241	24248	24249	24251	24268	24275	24300	24306	24311
XMTM2MDk5Nzk3Mg==	6	8	14	18	25	30	65	114	118	161	186	195	200	200	235	270	306	371	425	613	710	713	806	820	824	824	843	866	891	924
XMTM2MTYwMDc2NA==	3	5	7	7	29	30	31	31	32	32	32	32	32	32	32	33	33	33	33	34	34	35	35	35	35	35	37	37	37	37
XMTM2MDk1MDI5Ng==	14	16	18	26	26	26	27	27	27	31	31	32	32	32	32	32	33	33	34	36	41	41	41	41	41	41	41	42	42	42
XMTM2MTE2NDkxMg==	9	14	81	81	81	81	82	82	84	84	84	84	86	87	87	87	89	89	89	91	91	91	91	91	91	92	94	94	94	94
XMTM2MDY2MDI2MA==	7	9	10	11	11	26	26	26	37	37	37	38	38	38	38	38	39	39	39	40	40	40	40	40	40	40	40	40	40	41
XMTM2MTA5NDIzMg==	7	8	9	9	9	15	16	16	16	21	25	29	29	30	32	32	32	34	38	50	54	67	74	75	75	80	87	96	109	118
XMTM2MTE4NDQyMA==	14	18	18	376	576	670	766	846	899	996	1173	1295	1513	1541	1542	1542	1545	1547	1547	1570	1572	1575	1578	1579	1585	1588	1590	1602	1602	1602
XMTM2MTUwODczMg==	3	20	38	38	38	38	38	38	38	38	38	38	38	38	38	38	38	38	38	38	38	38	39	39	39	39	39	39	39	39
XMTM2MDkyNjY2OA==	9	10	10	20	30	30	30	30	30	30	30	30	30	30	30	32	32	32	32	34	34	34	34	34	34	34	34	34	34	34
XMTM2MTUzODcyOA==	7	33	79	82	83	83	84	84	84	84	84	84	85	85	85	85	85	85	85	86	86	86	86	86	86	86	86	86	86	86
XMTM2MTQ3MjM2MA==	2	2	2	2	2	2	3	4	6	6	6	6	6	6	6	7	7	8	8	8	8	8	8	8	8	9	9	9	9	11
XMTM2MDk2MjkyMA==	12	15	15	15	19	31	33	37	37	37	40	49	53	56	75	93	95	99	99	113	115	116	116	119	120	120	120	121	125	126
XMTM2MTQ5MzE4MA==	4	8	21	21	21	22	22	22	22	22	22	22	22	22	22	23	23	23	23	23	23	23	24	24	24	24	24	24	24	24
XMTM2MDc0MzU3Mg==	656	973	1032	1120	4180	4721	4768	4832	4832	4835	4840	4845	4847	4850	4854	4855	4857	4869	4875	4926	4944	4948	4951	4953	4954	4958	4959	4962	5011	5018
XMTM2MTYwMDM4OA==	3	6	13	14	15	197	381	410	442	448	454	457	461	463	464	467	468	471	471	518	520	524	526	526	527	529	530	531	532	540
XMTM2MTAzMzM4MA==	3	4	7	8	8	15	18	18	18	18	18	18	18	18	19	19	19	20	20	20	20	20	20	20	20	20	20	20	20	20
XMTM2MTYzMDQ0MA==	29	66	178	219	223	223	223	224	227	229	230	233	238	238	249	252	265	274	277	285	285	285	286	286	286	288	289	289	289	289
XMTM2MTM1OTI5Ng==	2	2	2	2	2	3	3	3	3	3	3	4	4	4	4	4	4	4	5	5	5	5	5	5	5	5	5	5	5	5
XMTM2MDkzNTc0OA==	27	64	104	180	190	207	219	236	246	263	282	283	285	294	295	297	300	319	329	377	383	390	402	403	424	435	439	446	452	453
XMTM2MTI3MDkyMA==	4	15	19	34	37	73	132	246	364	404	417	485	529	574	661	731	759	909	1002	1364	1621	2199	2942	3123	3185	3370	3557	3784	4012	4243
XMTM2MDg1MTg4MA==	11	17	38	51	54	61	65	65	67	67	67	67	67	68	68	70	70	70	70	70	70	70	71	71	71	71	71	71	71	71
XMTM2MTU5NjczMg==	7	18	26	26	26	27	28	28	28	28	28	28	28	28	28	28	28	28	28	28	28	28	28	28	28	28	28	28	29	29
XMTM2MTM3Mzk1Ng==	2	2	2	2	2	2	3	3	3	3	3	3	3	3	3	3	3	3	3	3	7	7	7	7	7	7	7	7	7	7
XMTM2MTI0MjgwOA==	112	185	231	494	1093	2169	3173	4190	4428	4519	4521	4547	4592	4665	4695	4716	4753	4785	4801	4817	4891	4921	4943	4966	4970	4978	4983	5033	5054	5064
XMTM2MDc0MzU0NA==	1316	2136	2252	2375	5664	7542	7900	7946	8055	8175	8300	8387	8415	8431	8446	8469	8496	8562	8807	10135	10192	10246	10250	10270	10287	10315	10319	10354	10410	10422
XMTM2MDc3MTkwOA==	423	543	3529	3545	3546	3549	3555	3560	3562	3562	3563	3564	3564	3566	3566	3566	3571	3580	3584	3585	3585	3585	3587	3587	3587	3587	3589	3589	3590	3590
XMTM2MTYzMzY2NA==	24	29	31	47	47	47	47	47	47	47	47	48	48	48	48	48	48	48	48	48	48	48	48	48	48	48	49	49	51	51
XMTM2MTQ2OTM5Ng==	141	197	207	210	216	219	835	1124	1228	1287	1349	1406	1461	1472	1479	1496	1507	1524	1525	1532	1536	1536	1536	1537	1541	1541	1542	1543	1547	1548
XMTM2MTAzODc3Ng==	1	1	1	2	2	2	2	2	2	2	2	2	2	2	2	2	2	2	2	2	2	2	2	2	2	2	2	2	2	2
XMTM2MTE2OTI4NA==	3	3	27	35	36	38	39	39	40	40	40	40	40	40	40	40	41	41	41	41	41	41	41	113	116	116	117	117	117	117
XMTM2MTMwMjY4MA==	199	314	316	354	373	373	725	1358	1713	1825	1833	1833	1834	1846	1872	1878	1905	1935	1942	2028	2028	2030	2030	2031	2033	2033	2036	2051	2056	2056
XMTM2MTExMzgxNg==	2	2	2	3	3	3	3	3	3	3	3	3	3	3	3	3	4	4	6	8	8	9	9	9	9	10	10	10	11	11
XMTM2MTI3ODk4OA==	4	5	5	10	10	10	10	10	10	10	10	10	10	10	10	10	10	10	10	10	10	10	10	10	10	10	10	10	10	10
XMTM2MDc3NTY5Ng==	3	3	3	341	504	554	589	602	623	653	656	656	656	659	659	670	675	681	681	790	799	801	804	831	833	908	951	1247	1422	1502
XMTM2MDg2MjQzNg==	20	21	147	149	151	153	153	154	156	156	158	158	158	158	178	178	179	180	181	182	183	184	184	189	197	87009	87012	87086	87088	87117
XMTM2MTAxNTQ3Ng==	34	36	43	43	44	44	81	82	89	90	90	90	91	91	91	91	92	92	94	94	94	94	94	95	95	95	95	95	95	95
XMTM2MDk0Njg4OA==	3	5	9	9	9	10	13	13	13	13	13	13	13	13	13	13	13	13	13	13	13	13	13	13	13	13	13	13	13	13
XMTM2MTMxMDUyNA==	1	1	1	1	1	2	2	2	2	2	2	2	2	2	2	2	2	2	2	2	2	2	2	2	2	2	2	2	2	2
XMTM2MTIxNDExNg==	18	26	49	69	69	69	69	70	71	71	71	71	71	71	72	72	72	72	73	74	75	75	75	75	75	75	75	75	75	75
XMTM2MDg3MTg5Mg==	3	3	4	6	6	6	7	7	7	7	7	7	7	7	7	7	7	7	7	7	7	7	7	8	8	9	15	16	16	16
XMTM2MTEyMjM2OA==	13	15	15	17	17	28	35	41	41	43	45	45	45	45	45	45	45	47	47	49	49	49	49	50	50	51	52	52	52	52
XMTM2MTQ0Njg4NA==	10	16	19	28	28	28	30	34	34	37	37	40	41	41	43	45	49	49	49	53	53	53	58	58	58	58	58	58	58	59
XMTM2MTU3OTcyNA==	4	9	10	18	25	29	41	53	63	67	67	67	69	71	72	72	75	76	79	87	93	94	94	96	98	102	103	114	114	117
XMTM2MTIxNzM5Ng==	6	9	9	14	14	14	14	14	14	14	14	14	14	14	14	14	14	14	14	14	14	14	14	14	14	14	14	14	14	14
XMTM2MTY1NDQxMg==	1	1	1	2	2	2	2	2	2	2	2	2	2	2	3	3	3	3	3	3	3	3	3	3	3	3	3	3	3	3
XMTM2MDkxNDM2MA==	2	2	2	2	3	3	3	3	3	3	3	6	6	6	7	8	9	11	11	11	11	11	11	11	11	13	13	13	13	17
XMTM2MTMyMzE4NA==	1220	1844	2159	2496	2557	3705	7477	8969	9982	10836	11466	12155	13133	14090	15671	18263	19984	21988	23830	25222	27887	30547	34051	35898	36986	38774	40314	42367	44015	45000
XMTM2MTQ0MDY0MA==	1	1	1	2	2	2	2	2	2	2	2	2	2	2	3	3	3	3	3	3	3	3	3	3	3	3	3	3	3	3
XMTM2MDgxOTI1Mg==	1	2	2	4	8	13	13	13	13	13	13	13	13	13	13	13	13	13	13	13	13	13	13	13	13	13	13	13	13	13
XMTM2MTI0MzQ4NA==	385	583	632	815	917	1523	2418	2747	3235	3754	4024	4090	4263	4459	4668	5022	5473	5972	6285	6560	6832	6930	7452	8145	8681	9038	9165	9453	9764	10034
XMTM2MDkyMTExNg==	8	9	12	13	15	15	39	73	76	87	92	98	98	99	103	177	180	180	185	193	197	322	355	363	364	435	438	440	452	455
XMTM2MDkyODI0OA==	11	13	39	42	50	56	60	67	71	73	73	74	74	74	77	79	79	79	79	91	91	93	94	95	96	101	103	103	104	113
XMTM2MDg0OTQ5Ng==	44	66	74	113	114	114	114	115	116	116	118	121	125	128	130	134	135	137	137	151	153	153	154	159	160	160	163	164	166	168
XMTM2MDk3MjYwNA==	5	6	7	10	11	18	18	19	19	19	19	20	20	20	20	20	23	29	29	30	30	40	40	41	42	51	53	54	59	61
XMTM2MDg0MTIzMg==	107	310	680	824	898	982	1056	1472	1603	1662	1675	1730	1794	1875	1983	2087	2132	2186	2233	2282	2356	2423	2505	2543	2577	2643	2663	2699	2769	2799
XMTM2MDk5NzM4MA==	56	76	195	244	245	247	250	253	253	253	254	258	258	259	262	262	263	266	266	268	268	268	269	269	269	279	279	280	280	280
XMTM2MTMwNTU2MA==	2554	4486	5282	41042	58836	61510	62107	62909	63844	65027	67173	68425	71740	72338	72635	72849	73114	73336	73511	73776	73983	74299	74909	75040	75297	75586	76478	76732	76761	77054
XMTM2MTI1Mjc5Ng==	7	13	30	36	39	41	41	45	45	46	46	47	47	47	47	48	48	48	48	53	53	53	53	53	54	54	54	56	56	56
XMTM2MTI2MDAwMA==	6	20	24	30	80	166	336	576	775	950	970	1009	1115	1225	1426	1520	2250	4315	5822	7417	9606	12447	16095	18608	19400	20158	20357	21100	21562	22044
XMTM2MTMyNjA1Ng==	806	1299	1460	2152	2176	2180	2231	2365	2472	2552	2615	2669	2703	2738	2765	2770	2781	2786	2787	2884	2896	2905	2912	2935	2941	2942	2946	2967	2977	2995
XMTM2MTU0MjA4OA==	1	1	1	2	2	2	2	2	2	4	4	4	4	5	5	5	5	5	5	6	6	6	6	6	6	6	6	6	6	6
XMTM2MTEzMzYzNg==	10	15	27	33	33	34	37	44	47	50	50	52	54	54	54	56	56	57	57	67	70	72	73	74	75	79	79	83	85	87
XMTM2MTQzNTA2MA==	1105	1585	1654	113439	113480	113539	113623	113735	113808	113952	114242	114343	114401	114447	114510	114579	114618	114661	114718	114765	114848	114913	114969	121965	122062	122087	123929	123934	124023	124033
XMTM2MTQ2MTk1Mg==	18	46	82	85	93	100	105	113	134	136	138	143	144	146	146	147	148	152	152	193	200	202	208	209	211	218	222	222	228	230
XMTM2MTU1MTQ0NA==	88	185	262	265	266	267	268	270	270	271	271	271	271	272	273	273	273	278	279	279	279	279	279	280	280	280	280	280	284	284
XMTM2MTA2ODM5Ng==	8	12	101	111	112	112	113	113	115	116	117	117	117	117	117	117	118	118	118	119	119	119	119	119	119	120	121	123	123	123
XMTM2MTA5MTY3Ng==	18	28	37	41	43	43	66	88	98	100	100	100	103	106	107	108	109	109	109	125	126	126	127	131	131	131	131	133	136	136
XMTM2MDkyMDYyOA==	38696	53189	57383	58927	59023	197667	1216868	1226340	1234509	1239957	1242777	1245553	1248171	1250290	1251768	1253311	1254403	1255412	1256379	1257268	1258134	1258847	1259655	1260165	1260476	1261104	1261477	1262178	1262777	1263270
XMTM2MDg0MzExNg==	3	3	129	248	2129	2132	2172	2185	2217	2248	2289	2322	2331	2359	2430	2497	2532	2589	2625	2706	2747	2791	2856	2884	2942	2946	2976	2997	3194	3267
XMTM2MTE2ODIxNg==	168	216	216	487	493	510	520	552	565	565	565	565	566	566	566	566	566	566	566	566	566	566	566	566	567	567	567	570	571	571
XMTM2MTQ3NDk3Ng==	79	104	1142	1234	1240	1241	1241	1242	1243	1243	1245	1247	1247	1247	1249	1249	1249	1249	1249	1258	1259	1259	1259	1259	1259	1259	1260	1260	1260	1260
XMTM2MDgwNTE1Mg==	1610	2316	2464	2524	2604	2625	3833	6371	8968	10187	10869	11056	11333	11524	11657	11737	11823	11866	11909	11958	12016	12064	12120	12170	12207	12248	12276	12332	12510	12931
XMTM2MDg5MDExMg==	2	2	2	2	2	5	22	22	23	23	23	25	26	26	29	31	33	34	34	37	37	37	37	37	37	37	37	39	40	40
XMTI4NzQyMTczNg==	37	53	67	151	154	158	162	166	176	180	181	182	185	186	187	192	199	206	209	209	209	214	217	220	231	236	242	246	248	252
XMTI4NzY2MjI2NA==	2	4	6	6	6	6	7	8	8	8	8	8	8	8	9	10	11	11	11	14	14	15	15	15	15	15	15	16	16	18
XMTI4Nzc0MjM4OA==	7	7	8	10	15	16	16	16	16	16	16	16	16	16	16	16	16	16	16	16	16	16	16	16	16	17	17	17	17	17
XMTI4Nzg1ODkwNA==	6	6	6	6	8	13	13	13	13	13	13	13	13	13	13	13	13	13	13	13	13	13	13	13	13	13	13	13	13	13
XMTI4Nzg3MDc0MA==	16	24	43	44	48	58	63	65	69	80	83	87	90	95	103	112	123	135	180	197	233	243	250	253	259	261	262	266	269	274
XMTI4Nzk0MTE5Mg==	54	75	132	137	160	170	194	219	234	246	258	263	279	291	299	313	425	438	444	449	455	461	467	478	480	494	505	509	513	521
XMTI4Nzk1NzE2OA==	6	6	7	12	24	25	25	25	25	25	26	26	27	29	29	29	29	29	29	29	29	29	29	29	29	29	29	30	30	30
XMTI4Nzk2NjU0OA==	60	78	94	101	113	117	226	227	229	229	232	233	233	234	235	239	242	243	244	244	244	244	244	244	244	244	245	245	246	248
XMTI4Nzk3NDc4NA==	10	10	11	11	11	13	19	20	20	20	20	20	20	20	20	20	20	20	21	21	21	21	21	21	21	21	21	21	21	21
XMTI4Nzk4MDcyMA==	17	28	60	61	63	65	66	68	69	71	72	73	73	73	73	76	77	77	77	77	77	79	79	79	82	82	82	83	84	84
XMTI4Nzk4NDM5Mg==	13	26	43	55	83	93	93	93	93	93	93	93	93	93	93	96	96	98	98	98	98	98	98	98	98	98	98	98	98	98
XMTI4Nzk5MDA0MA==	25	64	114	124	133	133	135	135	135	135	135	137	137	137	138	138	138	138	138	138	139	139	141	141	141	142	143	143	143	143
XMTI4Nzk5Njk1Mg==	24	33	50	62	107	109	113	121	127	138	147	151	161	173	175	184	191	197	200	201	209	220	227	277	290	295	303	310	314	323
XMTI4Nzk5ODE0OA==	2	2	2	2	2	4	4	4	4	4	4	4	4	4	4	4	4	4	4	4	4	4	4	4	5	5	5	5	7	7
XMTI4Nzk5ODk0OA==	36	46	275	275	276	276	277	277	277	277	277	277	277	279	280	281	281	281	281	281	281	281	281	281	281	281	282	282	282	282
XMTI4Nzk5OTEzNg==	3	3	3	4	7	7	7	7	7	7	7	7	7	8	8	8	8	8	8	8	8	8	8	8	8	8	8	8	8	8
XMTI4NzkwNTE0MA==	6	6	6	8	10	17	19	19	20	20	21	22	22	28	33	34	36	38	38	38	38	39	39	42	45	46	46	48	50	52
XMTI4NzkxNTU4NA==	13	15	48	59	60	61	61	93	111	131	134	134	134	134	149	149	160	168	168	168	168	168	168	168	181	369	421	614	698	773
XMTI4NzkyNzY0NA==	15	30	73	79	90	94	94	95	96	96	96	97	97	97	97	97	97	97	99	99	99	99	99	99	99	99	99	99	99	99
XMTI4NzkzMTY1Mg==	2	2	2	2	2	2	5	5	5	5	5	5	5	5	5	5	5	5	5	5	5	5	5	5	5	5	5	5	5	5
XMTI4ODA0MDQxNg==	23871	27093	27734	28084	28467	28648	42803	54015	54751	55014	55187	55316	55435	56581	57022	57153	57243	57318	57366	57420	57481	57544	57568	57602	57622	57639	57665	57696	57717	57732
XMTI4ODA0MjM5Ng==	400	431	4483	4497	4505	4512	4535	4552	4555	4560	4570	4573	4581	4584	4604	5075	5079	5085	5089	5099	5104	5107	5120	5122	5129	5133	5137	5139	5142	5144
XMTI4ODA0NTMyNA==	4	6	13	13	14	15	15	16	16	16	16	16	16	16	16	16	16	16	16	16	16	16	16	16	16	16	17	17	17	17
XMTI4ODA0ODkwOA==	20	25	32	82	87	92	92	93	94	94	94	96	96	96	97	97	97	97	97	97	97	97	98	98	98	98	98	98	98	98
XMTI4ODA1MjE2OA==	587	762	846	897	1390	1425	1446	1618	1644	1658	1669	1679	1686	1693	1700	1708	1719	1724	1733	1740	1751	1761	1951	1960	1970	1977	1982	1990	1999	2009
XMTI4ODA1NjA4MA==	10	25	56	56	56	56	56	56	56	56	56	56	56	56	56	56	56	56	56	57	61	62	64	67	69	69	69	69	69	69
XMTI4ODA1ODQwMA==	4	4	12	14	33	35	40	42	43	44	45	45	47	49	49	49	49	49	49	49	51	51	55	55	57	59	59	60	60	60
XMTI4ODA2MzE4OA==	62	86	243	252	259	260	263	264	265	267	268	272	272	273	273	273	273	273	273	273	275	276	279	279	281	281	281	281	281	281
XMTI4ODA2NTEyNA==	36	40	49	178	179	181	181	183	183	185	185	186	186	189	190	190	190	190	190	190	193	193	193	195	195	195	195	196	197	199
XMTI4ODA3MzA5Ng==	79	84	92	235	242	244	248	253	258	260	267	269	276	277	282	285	286	286	290	290	292	293	295	295	295	296	298	299	300	300
XMTI4ODA3NDgxNg==	2	2	2	2	2	3	3	3	3	3	3	3	3	3	3	3	3	3	3	3	3	3	3	3	3	3	3	3	3	3
XMTI4ODA3NzIzNg==	16	18	18	18	29	35	35	35	38	39	39	39	39	39	39	39	42	42	42	42	42	42	42	42	42	42	42	42	42	42
XMTI4ODA3OTg5Mg==	15	17	116	116	116	116	116	116	116	116	116	116	117	117	117	117	117	117	117	117	117	118	118	118	118	118	118	118	118	118
XMTI4ODA4MDc2OA==	83	134	375	391	393	406	411	417	422	472	476	480	482	486	486	488	489	491	497	497	498	503	506	515	519	520	523	529	530	532
XMTI4ODA4MzU3Ng==	22466	125754	215576	218335	219024	219461	219866	220774	221139	221360	221751	221979	222081	222171	222257	222484	222637	222733	222798	222874	222948	223019	223063	223131	223170	223220	223298	223364	223450	223529
XMTI4ODA4ODMwMA==	5	5	5	7	12	12	12	12	12	12	12	13	13	13	13	13	13	13	13	13	13	13	13	13	13	13	13	13	13	13
XMTI4ODA5MTM5Ng==	21118	49644	50653	51830	52683	78604	79211	80051	80625	81074	81730	82046	82490	82584	83111	83658	84154	84533	84931	85304	85622	85924	86268	86589	86876	87135	87402	87628	87864	88048
XMTI4ODA5MjAyOA==	6	6	7	7	8	15	15	15	15	15	15	15	15	15	15	15	15	15	15	15	15	15	15	15	15	15	15	15	15	15
XMTI4ODA5MjM4MA==	6	20	50	67	78	91	91	91	92	94	95	96	98	98	100	101	103	103	103	106	107	108	108	108	108	108	108	108	109	110
XMTI4ODA5MjQ4MA==	56	61	63	65	271	271	273	275	275	277	277	278	278	278	278	278	278	278	278	278	278	278	278	278	278	278	278	278	278	278
XMTI4ODA5NDM4NA==	2	2	2	2	3	3	3	3	3	4	4	4	4	4	4	4	4	4	4	4	4	4	4	4	4	4	4	4	4	4
XMTI4ODA5NjM0MA==	5	6	7	11	12	12	12	12	12	12	12	12	12	13	16	17	18	19	19	20	21	22	29	31	31	33	34	34	35	35
XMTI4ODA5ODQ0OA==	2	2	2	4	5	5	5	5	5	5	5	5	5	5	5	5	5	5	5	5	5	5	5	5	5	5	5	5	5	5
XMTI4ODAwMTc2MA==	30	31	36	65	83	85	87	88	89	91	92	92	92	93	97	98	99	100	100	105	108	115	122	126	128	134	137	143	148	148
XMTI4ODAwNDMwMA==	304	375	542	906	923	951	1002	1147	1156	1159	1169	1179	1201	1210	1213	1215	1217	1223	1226	1230	1232	1233	1237	1244	1249	1253	1255	1255	1261	1264
XMTI4ODAwNTg2MA==	64	76	81	84	86	90	154	154	154	154	158	158	158	158	159	159	159	159	160	160	160	160	160	161	161	161	161	162	163	166
XMTI4ODAwODUwNA==	31	37	40	41	45	157	159	160	165	165	166	167	170	172	173	175	175	177	178	180	180	182	182	182	185	186	188	193	222	223
XMTI4ODAwOTEyMA==	2	4	6	6	6	7	7	7	7	7	7	7	7	7	7	7	7	7	8	8	9	9	9	9	9	9	9	9	9	9
XMTI4ODAxMDQzMg==	4	5	5	10	10	10	10	11	11	11	11	11	12	12	12	12	12	12	12	12	12	12	12	12	12	12	12	12	12	12
XMTI4ODAxMTIxMg==	1	1	1	1	1	2	2	2	2	2	2	2	2	2	2	2	2	2	2	2	2	2	2	2	2	2	2	2	2	2
XMTI4ODAxMjE5Mg==	174	206	225	361	380	403	415	423	430	435	439	446	455	463	470	475	480	485	495	498	509	510	514	526	530	537	542	547	560	567
XMTI4ODAxMzM5Ng==	13476	18289	18897	19380	22898	45566	49109	49755	51439	51722	52355	58571	58897	59234	59581	60045	60389	60677	60950	61143	61367	61571	61746	61939	62077	62251	62419	62623	62761	62899
XMTI4ODAxNTEyNA==	89	301	514	581	613	633	640	648	652	661	668	675	683	683	685	690	694	703	711	720	723	723	725	726	726	726	727	732	732	732
XMTI4ODAxNTQ2NA==	20	30	31	57	58	58	61	63	65	72	74	77	78	80	81	82	84	90	92	92	92	93	93	94	96	96	96	96	97	97
XMTI4ODAxNzAwOA==	6	8	8	8	15	16	17	17	17	21	21	22	22	22	22	22	23	26	27	27	27	29	59	59	59	59	59	59	60	61
XMTI4ODAxOTQxMg==	2	2	2	2	2	3	3	3	3	3	3	3	4	4	4	4	4	4	4	4	4	4	4	4	4	4	4	4	4	4
XMTI4ODAyMDg4MA==	1504	1906	2173	2378	2818	3337	4726	5129	5467	5811	6180	6474	6757	7243	8022	8419	8581	8787	9025	9219	9423	9585	9725	9888	10055	10195	10283	10393	10500	10600
XMTI4ODAyNTA4MA==	2	2	2	3	3	3	3	3	3	5	5	5	5	5	5	5	5	5	5	5	5	5	5	5	5	5	5	5	5	5
XMTI4ODAyODU2NA==	7	12	13	13	13	30	69	69	70	71	71	72	72	72	73	76	76	77	78	78	78	80	80	83	83	83	83	84	84	84
XMTI4ODAzMjM0NA==	19	19	19	24	192	194	194	194	199	199	199	199	201	202	202	202	202	202	202	202	205	205	205	205	205	205	209	209	209	209
XMTI4ODAzNDkwNA==	2	2	3	3	3	5	6	6	7	7	7	7	7	7	7	7	7	7	7	7	7	7	7	7	7	7	7	8	8	8
XMTI4ODAzNTQwOA==	129	177	496	506	513	531	538	542	550	552	553	559	565	566	568	573	576	577	580	584	587	589	597	604	679	687	693	711	716	717
XMTI4ODAzODc5Mg==	112	141	548	663	1337	1495	1558	1611	1647	1695	1723	1757	1802	1830	1865	1895	1920	1970	2013	2042	2091	2117	2139	2163	2190	2216	2482	2503	2527	2545
XMTI4ODE0MDYwOA==	20	283	1404	1418	1452	1457	1461	1462	1466	1471	1472	1472	1474	1475	1476	1477	1478	1479	1479	1480	1480	1481	1482	1483	1483	1483	1483	1483	1483	1483
XMTI4ODE0NDk3Mg==	17	17	22	29	43	45	45	46	46	49	50	51	52	53	55	56	59	61	61	65	71	86	91	98	107	121	126	128	136	141
XMTI4ODE0NjM4OA==	35	36	37	37	39	40	69	69	69	69	69	69	69	69	69	69	69	69	69	69	69	69	69	69	69	69	69	69	69	71
XMTI4ODE0NjUzNg==	23	55	222	237	266	269	272	273	274	274	274	274	274	274	275	275	276	276	276	276	276	276	276	276	276	276	277	277	280	280
XMTI4ODE0OTc4NA==	300	674	825	997	1388	1813	2726	3050	3424	4323	6590	9035	9495	9982	10633	11155	11622	11957	12184	12408	12624	12833	13814	15201	16180	16485	16782	17037	17251	17453
XMTI4ODE1MjkwNA==	5	5	5	7	7	7	7	8	8	8	8	8	8	8	8	8	8	8	8	8	8	8	8	8	8	8	8	8	8	8
XMTI4ODE1MzMzNg==	268	577	1402	1548	1587	1594	1605	1644	1662	1684	1697	1705	1708	1709	1713	1721	1743	1756	1764	1769	1775	1787	1789	1794	1797	1801	1809	1811	1817	1821
XMTI4ODE1NzAwOA==	2	2	2	4	4	4	4	4	4	5	5	5	5	5	5	5	5	5	5	5	5	5	5	5	5	5	5	5	5	5
XMTI4ODE1Nzg5Mg==	43	46	48	50	76	76	78	79	79	80	80	81	81	81	81	81	81	83	84	85	85	85	85	85	85	85	85	85	85	85
XMTI4ODE1OTIwMA==	104	105	105	105	105	106	164	164	164	164	164	165	165	165	165	165	165	165	165	165	165	165	165	165	165	165	165	165	165	165
XMTI4ODE2MDQ5Mg==	39	537	3049	3094	3160	3189	3217	3222	3231	3238	3245	3248	3250	3255	3261	3262	3264	3266	3266	3267	3269	3272	3273	3273	3273	3274	3275	3276	3277	3277
XMTI4ODE2Mjg2NA==	6	6	6	6	6	6	9	10	12	13	13	14	14	14	14	14	14	14	14	14	16	17	17	22	22	24	25	27	27	27
XMTI4ODE2NzA1Mg==	4	5	6	6	8	9	21	21	21	21	21	21	21	21	21	21	21	21	21	21	21	21	21	21	22	22	22	22	27	27
XMTI4ODE3MDY4NA==	31	78	256	279	315	326	337	341	343	348	352	353	353	357	357	359	362	364	367	367	369	370	372	373	379	379	382	382	384	385
XMTI4ODE3MTAyOA==	3	3	3	3	3	3	5	5	5	5	5	5	5	5	5	5	5	5	5	5	5	5	5	5	5	5	5	5	5	5
XMTI4ODE3MjI1Ng==	346	365	381	382	770	779	784	786	787	789	790	790	794	795	797	800	809	809	811	812	815	815	816	817	818	820	820	822	825	829
XMTI4ODE3MzI0MA==	4	4	4	4	4	6	7	7	7	7	7	7	7	7	7	7	7	7	7	7	7	7	7	7	7	7	7	7	7	7
XMTI4ODE3NTc1Ng==	18	18	20	34	34	34	34	34	34	34	34	34	34	34	34	35	35	35	35	37	37	37	38	38	38	38	38	39	39	39
XMTI4ODE3NzczNg==	3	3	3	3	3	5	5	5	5	5	5	5	5	5	5	5	5	7	7	7	8	8	8	8	8	8	8	8	8	8
XMTI4ODE3OTM5Ng==	78	87	99	141	244	272	286	296	296	296	304	316	320	322	325	331	334	339	339	339	343	346	347	352	355	356	356	361	363	364
XMTI4ODE4NDQ4NA==	34	61	90	99	166	169	171	172	174	174	174	174	174	175	176	176	177	177	177	182	182	182	184	190	192	198	198	198	198	198
XMTI4ODE4OTA0OA==	38153	75132	226540	261811	269534	271085	273364	273994	275291	276609	278695	279612	281000	282152	282772	283224	283379	283493	283574	283645	283660	283717	283781	283824	283850	283926	283976	283991	284164	284247
XMTI4ODE5MTEzMg==	192	224	326	438	603	963	1257	1581	1887	2167	2541	2861	3363	4398	5493	6456	7103	7398	7713	8049	8350	8622	8956	9324	9662	10017	10440	10747	11195	11544
XMTI4ODE5MzA5Ng==	24	25	29	32	36	54	58	58	60	63	68	68	70	73	75	76	80	80	81	81	82	82	85	87	87	88	89	89	89	91
XMTI4ODE5ODcwOA==	4	4	18	18	18	18	18	18	18	18	18	18	18	18	18	18	18	18	18	18	18	18	18	18	18	18	18	18	18	18
XMTI4ODEwMTg4MA==	5	8	8	8	13	13	13	13	13	14	14	14	14	14	14	14	14	14	14	14	14	14	14	14	14	14	14	14	14	14
XMTI4ODEwNDk2MA==	5	5	5	7	16	16	16	16	16	16	16	16	16	16	16	16	16	16	16	16	16	16	16	16	16	16	16	16	16	16
XMTI4ODEwOTg0MA==	661	665	669	671	673	675	1371	1425	1426	1426	1426	1427	1428	1431	1431	1431	1431	1434	1434	1437	1441	1441	1442	1442	1442	1442	1442	1442	1442	1442
XMTI4ODExMzM2NA==	4	14	20	20	20	21	21	21	21	21	21	21	21	21	21	21	21	21	21	21	21	21	21	21	21	21	21	22	22	22
XMTI4ODExMzk3Mg==	2	2	2	2	3	3	3	3	3	3	3	3	3	3	3	3	3	4	4	4	4	4	4	4	4	4	4	4	4	6
XMTI4ODExNzM1Mg==	49	59	382	389	391	391	392	392	393	393	393	394	395	395	395	396	398	399	399	399	399	399	399	399	399	399	399	399	399	399
XMTI4ODExODY1Mg==	3	3	3	3	6	7	7	7	7	7	7	8	8	8	8	8	8	8	8	8	8	10	10	10	10	16	16	16	16	16
XMTI4ODEyMDUyOA==	6	15	16	17	20	24	225	225	228	230	232	236	236	237	238	239	241	241	241	241	241	241	241	241	243	243	243	243	243	245
XMTI4ODEyMjc3Mg==	46	57	57	61	355	360	362	363	363	364	365	365	365	365	365	365	365	365	365	365	365	367	367	367	367	367	367	368	368	368
XMTI4ODEyNTcxMg==	30	31	250	250	251	251	251	252	253	256	256	256	256	256	257	257	257	257	257	257	257	257	257	257	257	257	257	257	257	257
XMTI4ODEyNzI3Mg==	3	4	4	4	4	4	7	7	7	7	7	7	7	7	7	8	8	11	11	11	11	11	11	11	11	11	11	11	11	11
XMTI4ODEyNzM0OA==	32	238	1059	1114	1190	1296	1345	1385	1443	1515	1629	1705	1707	1710	1712	1715	1716	1720	1721	1723	1725	1728	1728	1729	1733	1733	1733	1733	1733	1733
XMTI4ODEzMTQ1Ng==	31650	53327	113154	156763	183385	185339	188241	190449	190877	192942	195298	198213	200027	202413	203923	205770	208649	211672	213022	214372	214447	215623	216725	218349	219924	221054	222043	223535	223647	225052
XMTI4ODEzNDU5Ng==	798	2176	2682	3124	7657	12813	13854	14457	15227	16230	16729	17207	17786	18589	19089	19558	20206	20756	21188	21583	22050	22538	23059	23475	23599	23845	23994	24241	24265	24613
XMTI4ODEzOTUxNg==	1	1	1	2	2	2	2	2	2	2	2	2	2	2	2	2	2	2	2	2	2	2	2	2	2	2	2	2	2	2
XMTI4ODI0MTM2OA==	70	79	80	218	220	221	226	229	229	229	230	230	230	230	230	230	230	230	230	231	231	231	231	231	232	232	232	232	232	232
XMTI4ODI0MzEzNg==	2	2	2	4	4	5	5	5	5	5	6	6	6	6	6	6	6	6	6	6	6	6	6	6	6	6	6	6	6	6
XMTI4ODI0MzY2NA==	11	11	11	18	18	18	18	18	18	18	18	18	19	19	19	19	19	19	19	20	20	20	20	20	20	20	20	21	21	21
XMTI4ODI0NzI0NA==	60	74	89	95	98	201	211	220	222	230	236	238	238	239	242	245	247	248	250	254	256	258	382	382	383	383	386	391	392	392
XMTI4ODI0OTgyMA==	3	3	4	7	8	10	14	16	17	21	22	27	29	32	35	39	39	42	45	46	48	49	49	53	54	57	57	58	59	60
XMTI4ODI1NDE4OA==	6	20	24	48	49	49	49	49	49	49	49	49	49	49	49	49	49	49	49	50	50	50	50	50	50	50	50	50	50	50
XMTI4ODI1Njg3Mg==	4	4	5	5	9	9	9	9	9	9	9	9	9	9	9	9	9	10	10	10	10	10	10	10	10	10	10	10	10	10
XMTI4ODI1Nzc5Mg==	49	61	683	762	792	1159	1173	1687	1696	1703	1711	1722	2004	2014	2256	2273	2280	2291	2557	2564	2570	2573	2579	2590	2597	2608	2618	2623	2635	2640
XMTI4ODI1ODEyOA==	61	72	320	322	332	333	336	345	347	348	745	748	754	756	771	1074	1083	1084	1088	1093	1354	1363	1369	1380	1380	1382	1384	1391	1396	1404
XMTI4ODI1ODc4OA==	59	1287	2601	2709	2723	2730	2773	2820	2870	2909	2928	2947	2969	2984	2994	3007	3015	3023	3039	3053	3063	3075	3085	3091	3095	3099	3101	3105	3109	3114
XMTI4ODI1OTIyMA==	18	33	256	264	300	306	311	317	322	325	328	331	334	338	340	341	342	347	349	353	357	358	359	359	360	363	365	366	366	367
XMTI4ODI2MDg0OA==	6	6	6	7	338	338	338	338	338	338	340	340	340	341	342	342	342	342	342	343	343	343	343	344	344	345	345	346	346	346
XMTI4ODI2MzkzNg==	10	11	11	12	18	18	18	18	19	22	24	25	25	27	27	27	27	27	27	27	27	28	28	28	28	28	28	28	28	28
XMTI4ODI2NDk2MA==	1	2	2	2	2	2	3	4	4	4	4	4	4	4	4	4	4	4	5	5	5	5	5	5	5	5	5	5	5	5
XMTI4ODI2NTMyMA==	54	394	991	1129	1143	1145	1151	1154	1154	1156	1167	1169	1171	1171	1172	1174	1175	1175	1175	1175	1175	1175	1182	1183	1183	1184	1184	1184	1184	1184
XMTI4ODI2NTU1Mg==	5	7	14	14	18	18	18	18	18	18	18	18	19	19	20	21	23	34	39	40	41	42	44	44	44	45	45	45	46	46
XMTI4ODI2NjczNg==	42	55	62	65	116	119	120	121	124	124	124	126	127	129	131	131	131	131	132	138	153	154	155	157	160	161	163	171	177	185
XMTI4ODI2Nzc3Ng==	53	99	178	190	195	197	198	198	200	205	205	205	207	207	209	210	212	213	215	215	215	215	216	216	218	326	328	328	328	328
XMTI4ODI3MTA0OA==	89	106	140	152	233	238	241	241	243	243	245	246	249	249	252	252	255	255	255	259	260	262	263	266	268	268	271	271	272	272
XMTI4ODI3Mjk3Mg==	13	23	71718	92847	135804	164673	179485	212863	367863	375193	389773	420417	421317	422128	422416	422821	422845	426065	426109	426136	426154	426184	426204	426216	426231	426254	426277	426302	426671	426973
XMTI4ODI3Nzc2NA==	97	130	148	243	245	247	247	248	249	249	250	252	254	255	255	256	256	257	258	258	258	258	259	259	259	259	259	259	259	260
XMTI4ODI4MDQ0MA==	1	1	1	1	2	2	2	2	2	2	2	2	2	2	2	2	2	2	2	2	2	2	2	2	2	2	2	2	2	2
XMTI4ODI4MjA0OA==	6	10	19	19	21	22	22	23	23	23	24	24	24	24	24	25	25	25	25	25	25	25	25	25	25	25	25	25	25	25
XMTI4ODI4MjU0OA==	29	33	33	33	35	56	57	61	61	66	69	69	73	96	96	96	102	103	105	113	115	119	120	121	121	121	122	122	122	123
XMTI4ODI4Mzg4OA==	62	64	67	67	68	70	148	148	148	148	148	148	148	148	149	151	154	155	155	155	155	155	155	155	155	155	155	155	155	155
XMTI4ODI4NjMwOA==	42	50	59	64	317	325	749	764	873	877	883	982	990	998	1007	1014	1023	1031	1037	1043	1048	1251	1258	1263	1271	1277	1289	1297	1299	1307
XMTI4ODI4NzAzNg==	23	26	28	31	53	55	56	56	58	58	58	59	60	60	60	61	61	62	62	62	62	63	63	64	64	65	66	66	67	67
XMTI4ODI4NzYwNA==	7	7	7	7	10	10	10	10	11	11	11	11	11	11	11	11	11	11	11	11	11	11	11	11	11	11	11	11	11	11
XMTI4ODI5MTY4OA==	9	10	15	63	67	67	67	67	67	67	67	67	67	67	67	67	67	67	67	67	67	67	67	67	67	67	67	69	69	69
XMTI4ODI5MTgwMA==	1	2	2	2	3	3	3	4	4	5	5	5	5	5	5	5	5	5	5	5	5	5	5	6	6	6	6	6	7	7
XMTI4ODI5MzE5Ng==	2	2	2	3	3	3	3	3	3	3	3	4	4	4	4	4	4	5	5	5	5	6	6	6	6	6	6	6	6	6
XMTI4ODI5Mzc4NA==	44	45	49	50	54	56	157	175	210	217	219	224	225	231	236	237	237	238	239	240	240	241	242	244	245	250	250	251	254	254
XMTI4ODI5NTU1Mg==	2	2	2	2	3	4	10	11	16	19	19	19	19	19	19	19	19	19	19	19	19	19	19	19	20	20	20	20	20	20
XMTI4ODI5OTA3Ng==	80	95	101	101	102	103	420	423	426	430	434	435	435	435	436	436	437	438	438	439	441	442	443	443	443	443	443	445	445	445
XMTI4ODI5OTM2MA==	1208	1352	1429	1552	1692	2034	2999	3012	3047	3761	3965	4605	4790	4857	4857	4857	4857	4860	4861	4861	4863	4864	4865	4865	4865	4865	4867	4868	4868	4869
XMTI4ODIwMDU4NA==	8	10	18	20	22	23	370	370	370	372	374	374	374	376	376	377	377	377	377	377	377	377	377	378	378	378	378	378	378	378
XMTI4ODIwMTQ0OA==	49	54	836	836	840	840	840	840	840	840	840	840	840	840	840	840	840	840	840	840	840	840	840	840	840	840	840	840	840	840
XMTI4ODIwMjAyOA==	3	5	6	7	17	20	22	28	37	47	54	61	64	69	74	75	77	78	80	85	89	90	92	93	95	96	97	98	100	101
XMTI4ODIwMzk0OA==	229	316	929	1061	1066	1069	1071	1075	1076	1076	1076	1078	1079	1080	1080	1080	1081	1081	1082	1082	1084	1086	1088	1088	1088	1088	1088	1089	1090	1090
XMTI4ODIxMzcxMg==	21	23	23	24	25	31	86	87	87	87	87	87	87	87	87	87	87	87	87	87	87	87	87	87	87	88	88	88	88	88
XMTI4ODIxNDUwMA==	1	1	1	2	2	3	3	3	3	3	3	3	3	3	3	4	4	4	4	4	4	4	4	4	4	4	4	4	4	4
XMTI4ODIxNjYyNA==	3551	7641	29674	57659	66455	71425	74910	78034	78504	80108	80406	80563	80952	81219	81339	81422	81620	81851	81904	81942	81972	82006	82020	82049	82066	82101	82113	82145	82173	82190
XMTI4ODIxODI4MA==	4	6	6	6	6	10	10	11	11	11	11	11	14	14	14	14	14	15	15	15	15	15	15	15	15	15	15	15	15	15
XMTI4ODIxOTkxMg==	19	20	24	45	50	51	51	51	51	51	51	51	52	52	53	54	54	54	56	56	56	56	56	56	56	56	57	58	59	60
XMTI4ODIyNTYwNA==	313	659	2155	2508	2926	3420	3691	3921	4048	4068	4095	4127	4177	4240	4267	4308	4344	4361	4372	4397	4413	4423	4440	4454	4465	4477	4493	4503	4512	4521
XMTI4ODIyODA0NA==	2	2	2	2	3	3	3	3	3	3	3	3	3	3	3	3	3	3	3	3	3	3	3	3	3	3	3	3	3	3
XMTI4ODIyOTU4OA==	30	52	118	130	139	143	191	198	199	204	206	207	207	208	209	209	210	210	211	211	212	213	214	214	216	217	218	218	218	218
XMTI4ODIzMDk2NA==	2	2	3	5	7	7	7	7	7	7	7	8	8	8	8	8	8	8	8	8	8	8	8	8	8	8	8	8	8	8
XMTI4ODIzMjE4OA==	2	2	2	2	2	3	3	3	3	3	3	3	4	4	4	4	4	4	4	4	4	4	4	4	4	4	4	4	4	4
XMTI4ODIzMjY2OA==	41	44	46	58	153	153	153	153	157	157	157	158	159	159	160	161	161	162	162	163	163	165	166	166	166	167	168	168	168	168
XMTI4ODIzMzcwOA==	4	5	5	6	9	10	10	10	10	10	10	10	10	10	10	10	10	10	11	11	11	11	11	11	11	11	11	11	11	11
XMTI4ODIzNzAzNg==	25	34	40	40	40	86	97	121	126	130	131	131	133	134	135	135	135	135	140	140	144	145	145	146	147	147	147	148	148	148
XMTI4ODIzOTA5Mg==	29	51	62	71	120	129	134	142	152	185	195	198	199	200	201	208	210	233	239	245	249	254	256	295	298	301	301	304	304	306
XMTI4ODM0MTk4NA==	48	69	189	220	293	298	303	308	316	324	328	332	345	351	354	361	366	368	369	371	376	381	385	388	392	395	396	399	400	402
XMTI4ODM0NDgzMg==	23	24	25	26	28	45	46	46	46	46	46	46	47	47	47	47	47	47	47	47	47	47	47	47	47	47	47	47	47	47
XMTI4ODM0NTY2MA==	476	3340	280772	365018	380669	382506	382906	383055	383099	383127	383155	383187	383238	383288	383330	386401	386428	388140	388169	388195	388209	388224	388272	395385	395406	395424	395445	395479	399694	399703
XMTI4ODM0NzI5Ng==	26	30	33	57	61	65	65	65	65	65	65	67	67	67	69	69	69	70	70	71	72	72	72	75	75	75	75	75	75	76
XMTI4ODM0OTE4NA==	3	3	4	6	6	6	6	6	6	6	6	6	6	6	6	6	6	6	6	6	6	6	6	6	6	6	6	6	6	7
XMTI4ODM1MzU4NA==	6	7	12	20	22	22	23	26	27	27	27	27	27	27	29	32	32	32	32	32	32	32	33	33	34	34	34	34	34	34
XMTI4ODM1NTY0NA==	4	5	5	9	10	10	10	10	10	10	10	10	10	10	10	10	10	10	10	10	10	10	10	10	10	11	11	11	11	12
XMTI4ODM1Nzk0MA==	4	8	10	11	12	12	18	23	24	26	27	27	28	29	29	30	31	31	32	36	37	38	38	38	38	38	38	40	41	41
XMTI4ODM2MjM3Mg==	1	2	4	4	4	4	4	4	4	4	4	5	5	5	5	5	5	5	5	5	5	5	5	5	5	5	5	5	5	5
XMTI4ODM2MzMzMg==	17	27	124	125	130	132	132	135	135	136	136	136	136	140	143	143	143	146	146	146	146	146	146	146	146	148	148	148	148	148
XMTI4ODM2NDAyMA==	2	2	2	2	2	4	4	4	5	5	5	5	5	6	6	6	6	6	7	7	7	7	7	7	7	7	7	7	7	7
XMTI4ODM2NTM1Ng==	39	46	136	140	144	145	146	151	151	151	151	152	152	152	153	153	153	154	154	155	155	156	156	156	156	156	156	156	156	156
XMTI4ODM2ODYyOA==	1252	3746	6875	8100	9133	9976	10920	12953	14868	15719	16305	16406	16498	16586	16657	16714	16757	16800	16831	16863	16893	16932	16961	17000	17086	17149	17219	17257	17281	17309
XMTI4ODM3MDM4OA==	3	3	8	8	10	11	11	11	11	11	11	11	11	11	11	11	11	11	11	11	11	11	11	11	11	11	11	11	11	11
XMTI4ODM3MjcxNg==	26	49	193	200	208	210	210	210	210	213	217	220	225	234	234	237	239	240	243	247	249	250	250	250	250	251	252	252	253	324
XMTI4ODM3OTM4OA==	3	3	7	10	10	10	10	10	10	10	10	10	10	10	10	10	10	10	10	10	10	12	12	13	13	13	13	14	14	14
XMTI4ODM4MTgzNg==	69	115	236	246	253	257	259	263	263	267	268	270	271	273	275	277	278	278	278	278	278	280	280	280	280	281	281	281	281	281
XMTI4ODM4OTI4OA==	3	4	4	7	7	10	14	19	20	20	20	20	20	20	20	20	20	20	20	20	20	20	20	20	20	20	20	20	20	20
XMTI4ODM5MDk5Mg==	107	160	2263	2310	2601	2636	2666	2696	2761	2818	2838	2860	2872	2893	3214	3223	3244	3261	3269	3283	3301	3312	3323	3330	3337	3353	3370	3383	3400	3417
XMTI4ODM5MTQ5Ng==	350	3899	36063	48835	55968	60069	64320	67854	70624	72740	73559	75789	76587	78539	79382	81616	82136	82529	84142	84616	85067	85523	85993	86383	87888	88184	88548	88880	89153	90572
XMTI4ODM5MTg3Ng==	755	1816	24712	27574	29729	30201	32071	32381	32582	33920	34050	34150	34362	34602	36365	36572	36765	36918	37073	38256	38399	38494	38574	38652	38715	38792	38883	38958	40372	40423
XMTI4ODM5MjA3Mg==	142	182	425	793	1099	1114	1139	1143	1144	1146	1148	1151	1154	1156	1159	1161	1163	1163	1166	1166	1166	1166	1167	1172	1175	1176	1176	1177	1177	1178
XMTI4ODM5MjI0MA==	204	263	583	1011	1527	1561	1582	1592	1597	1598	1598	1604	1607	1612	1617	1629	1633	1637	1642	1644	1645	1647	1651	1653	1655	1660	1662	1664	1664	1664
XMTI4ODM5NTcwNA==	23	25	441	454	455	456	457	457	460	460	461	461	462	462	464	464	465	466	467	468	468	469	471	471	556	556	556	556	557	557
XMTI4ODM5Nzk1Mg==	428	2630	13639	15056	15663	15854	16031	16217	16408	16628	16763	16861	16987	17090	17176	17283	17356	17430	17515	17604	17663	17709	17768	17817	17852	17880	17923	17961	17978	18002
XMTI4ODM5OTAwNA==	7679	27061	86225	92917	93680	95076	96078	96258	97226	97893	98545	99055	99141	99382	99655	99769	100115	100385	100680	100911	101152	101330	101337	101473	101539	101592	101722	101724	101877	101882
XMTI4ODMwMDkxNg==	924	1676	2927	5881	8532	8819	9081	9234	9321	11660	14166	15890	16479	16662	16679	16683	16685	16688	16689	16694	16698	16704	16712	16713	16810	17112	17313	17482	17596	17617
XMTI4ODMwMTc4MA==	5	5	5	5	17	17	17	17	17	17	17	17	17	18	18	18	18	18	18	18	18	18	18	19	19	19	19	19	19	19
XMTI4ODMwNTYwMA==	172	194	630	637	642	645	646	646	646	647	648	652	655	655	655	656	658	658	659	660	661	661	662	662	664	743	743	743	745	748
XMTI4ODMwNjQ1Mg==	105	125	145	171	1014	16491	16519	16561	16595	16632	16654	16683	16719	16750	16779	16815	16864	16926	16956	16985	17006	17035	17061	17088	17114	17156	17181	17199	17231	17263
XMTI4ODMwNzg1Mg==	5837	10532	24985	27250	28007	28398	28674	28915	29248	30433	30592	30736	30849	30915	31008	31092	31158	31227	31295	31356	31409	31447	31501	31564	31625	31684	31748	31798	31845	31883
XMTI4ODMwODI2NA==	774	853	897	922	971	994	1394	1454	1735	1771	1802	1873	1913	1984	2056	2086	2110	2133	2158	2179	2203	2215	2224	2245	2263	2276	2286	2295	2304	2319
XMTI4ODMxMDkzNg==	6	6	12	12	12	13	26	26	26	26	27	27	27	27	28	28	28	29	29	29	29	31	31	31	31	31	31	31	31	31
XMTI4ODMxNDEyMA==	5	5	5	5	5	7	7	7	7	8	8	8	8	8	8	8	8	8	8	8	8	8	8	8	8	9	9	10	10	10
XMTI4ODMxNTY5Mg==	59	66	1711	2460	2823	2839	2846	2854	2856	2860	2864	2876	2881	2887	2895	2905	2916	2930	2949	2966	2979	2992	3000	3015	3030	3049	3077	3099	3109	3118
XMTI4ODMxOTY3Mg==	12	13	13	14	17	18	27	27	28	28	28	28	28	28	28	28	28	28	28	28	28	28	37	47	49	50	50	52	55	57
XMTI4ODMxOTk2NA==	13	16	20	32	32	32	32	32	32	32	32	32	32	32	32	32	32	33	33	33	33	34	34	34	34	40	41	42	44	44
XMTI4ODMyNjM1Ng==	54	58	81	146	189	190	192	192	192	192	192	192	192	193	193	193	193	193	193	193	193	193	193	193	194	194	194	194	194	194
XMTI4ODMyODM2MA==	105	134	141	344	444	505	543	575	605	632	635	642	644	721	722	722	723	731	738	739	744	745	745	745	746	746	747	748	749	756
XMTI4ODMyOTg2NA==	2	2	2	2	3	3	3	3	3	3	3	3	3	4	5	5	5	5	5	5	5	5	5	5	5	5	5	5	5	5
XMTI4ODMzMjI0MA==	23	23	32	49	49	50	52	61	62	62	62	62	62	62	62	64	77	83	92	98	98	98	98	99	100	106	106	106	107	107
XMTI4ODMzMjc5Ng==	2	2	2	2	2	2	3	3	3	3	3	3	3	3	3	3	3	3	3	3	3	3	3	3	3	3	3	3	3	3
XMTI4ODMzMzQ4OA==	5	5	5	5	8	8	8	8	8	8	8	8	8	8	8	8	8	8	8	8	8	8	8	8	8	8	8	8	8	8
XMTI4ODMzNTI3Mg==	6	9	70	161	189	197	200	204	207	215	280	299	764	1522	1931	2020	2088	2129	2174	2234	2277	2321	2355	2399	2439	2473	2495	2509	2524	2537
XMTI4ODMzNjIyMA==	2	2	2	3	3	3	3	3	3	3	3	3	3	3	3	3	3	3	3	4	4	4	4	4	4	4	4	4	4	4
XMTI4ODQ0NDg4NA==	9	10	12	12	12	21	23	24	24	25	25	25	25	25	25	25	25	25	25	25	25	25	25	25	25	29	29	29	29	29
XMTI4ODQ0NjgwMA==	7	41	44	1787	1792	1796	1799	1805	1808	1809	1814	1816	1818	1820	1821	1822	1822	1826	1832	1832	1833	1834	1837	1840	1842	1843	1845	1848	1848	1848
XMTI4ODQ1MDM0NA==	3	3	3	3	3	3	5	6	6	6	6	6	6	6	6	6	6	6	6	6	7	7	7	7	7	7	8	9	9	9
XMTI4ODQ1NjQ5Ng==	118	181	275	369	444	690	1153	2233	3309	3570	4338	4602	4841	5729	6040	6403	6660	7598	7842	8160	8801	10032	11138	13518	15142	18512	20527	23712	25605	28670
XMTI4ODQ1ODgwNA==	4	10	16	16	18	18	18	18	18	18	18	18	18	18	18	18	18	18	18	18	18	18	18	18	18	19	19	19	19	19
XMTI4ODQ2MDc0MA==	3	3	3	3	3	3	5	5	5	5	5	5	5	5	5	5	5	5	5	5	5	5	5	5	5	5	5	5	5	5
XMTI4ODQ2MTk0NA==	222	267	312	1428	1447	1457	1460	1462	1464	1468	1473	1476	1477	1483	1488	1490	1491	1493	1496	1499	1501	1504	1507	1508	1509	1511	1511	1516	1518	1518
XMTI4ODQ2MjMwNA==	6	6	6	21	21	21	21	21	21	21	21	21	21	21	21	21	21	21	21	21	21	21	21	21	21	21	21	21	21	21
XMTI4ODQ2MzgyOA==	31	33	37	39	44	90	92	95	99	101	103	106	107	109	112	114	115	115	117	117	126	128	128	131	132	136	136	136	139	140
XMTI4ODQ2NTI4OA==	154	190	224	261	299	359	884	926	930	934	938	940	946	953	957	959	962	963	963	967	971	972	975	976	978	979	979	981	981	985
XMTI4ODQ2NzA1Ng==	306	1351	3319	3578	3853	4035	4188	4293	4349	4398	4416	4444	4465	4491	4507	4514	4528	4546	4557	4563	4573	4588	4603	4623	4629	4635	4644	4655	4666	4680
XMTI4ODQ2NzU4MA==	11	11	13	14	23	24	24	24	24	25	25	25	25	25	25	25	25	25	25	25	25	25	25	25	25	25	25	25	25	25
XMTI4ODQ2Nzc5Ng==	173	301	399	643	679	702	720	729	741	769	791	821	837	847	863	886	906	911	911	912	912	912	912	917	917	918	919	919	919	919
XMTI4ODQ2ODk4MA==	4	4	17	17	19	189	189	190	190	190	190	190	190	190	192	192	195	195	195	197	197	197	197	197	197	197	199	199	199	200
XMTI4ODQ3MDE1Mg==	9	9	9	16	37	41	46	47	47	49	54	54	54	54	55	55	55	55	55	55	55	55	55	56	56	58	59	61	62	62
XMTI4ODQ3Mzc5Ng==	223	373	660	903	1267	2198	3384	4492	5908	7805	9937	12858	15884	19234	25279	33125	39142	44886	48623	54495	58727	63130	66377	69692	77262	87635	96008	101107	106395	110040
XMTI4ODQ3NjcxNg==	6	10	197	198	198	198	198	198	198	198	199	199	199	199	199	199	199	200	202	202	202	202	202	202	203	203	203	203	203	204
XMTI4ODQ3Nzc4MA==	13	15	15	16	32	32	32	32	32	33	33	33	33	33	33	33	33	33	33	33	33	33	33	33	33	33	33	33	33	33
XMTI4ODQ4MTg3Mg==	25	26	47	143	152	153	156	160	163	165	165	167	168	171	171	172	174	174	176	177	181	182	182	186	188	189	190	190	190	190
XMTI4ODQ4MjI4MA==	2	4	4	4	5	8	8	8	9	9	9	9	9	9	9	9	9	9	9	9	9	9	9	9	9	9	9	9	10	11
XMTI4ODQ4NTQ2NA==	3	3	3	5	6	7	7	7	8	8	8	8	8	8	8	8	8	8	8	8	8	8	8	8	8	8	8	9	9	9
XMTI4ODQ4ODI0NA==	2	2	2	2	4	4	5	5	5	5	6	6	6	8	9	9	9	9	9	9	9	9	9	13	13	13	13	13	13	13
XMTI4ODQ4OTEwNA==	113	172	359	393	410	433	453	471	490	507	509	515	528	557	567	622	713	743	764	789	805	817	833	844	859	872	889	901	920	960
XMTI4ODQ5MDI0MA==	9	9	10	10	17	18	18	18	18	19	19	19	19	19	19	20	22	22	22	22	22	22	22	22	24	24	24	26	29	30
XMTI4ODQ5Mjc2NA==	3	4	4	5	9	9	9	9	9	9	9	9	9	9	9	9	9	9	9	9	9	9	9	9	9	9	9	9	9	9
XMTI4ODQ5NDYxMg==	674	810	1199	1331	1432	2150	5017	5189	5240	5275	5312	5342	5385	5440	5473	5510	5547	5589	5624	5685	5731	5930	6121	6204	6268	6325	6381	6419	6449	6484
XMTI4ODQ5NzY4MA==	1	2	2	2	2	2	3	3	3	3	3	3	3	3	3	3	3	3	3	3	3	3	3	3	3	4	5	6	6	6
XMTI4ODQwMzMyNA==	0	0	0	1	1	1	2	2	2	2	2	2	2	2	2	2	2	2	2	2	2	2	2	2	2	2	2	2	2	2
XMTI4ODQwNjQ0OA==	17	45	56	71	326	332	332	332	332	333	333	333	333	333	334	334	334	334	334	334	334	334	334	334	334	334	334	334	334	334
XMTI4ODQwNjg0OA==	158	524	1147	1238	1271	1307	1327	1364	1378	1399	1409	1417	1423	1434	1444	1449	1451	1462	1466	1481	1482	1487	1491	1492	1493	1512	1530	1537	1548	1553
XMTI4ODQwODg0MA==	45	49	68	79	87	96	717	726	735	739	747	749	750	755	764	768	771	773	778	783	786	790	791	793	793	796	796	797	798	801
XMTI4ODQxMzEyOA==	38	54	554	842	966	992	1029	1050	1066	1189	1198	1210	1218	1224	1232	1247	1262	1279	1288	1303	1318	1326	1337	1348	1363	1375	1389	1404	1414	1424
XMTI4ODQxNTAwNA==	51	13407	189900	883886	1763600	1971588	1972831	1973659	1974058	1974422	1974779	1975121	1975128	1975429	1975540	1975966	1976020	1976129	1976161	1976289	1976290	1976355	1976367	1976427	1976429	1976491	1976555	1976564	1976600	1976729
XMTI4ODQxNTY4NA==	5	5	5	5	7	7	7	7	7	7	7	7	7	7	8	8	8	8	8	8	8	8	8	8	8	8	8	8	8	8
XMTI4ODQxODM2MA==	1	2	2	3	4	4	6	8	9	9	9	9	9	9	9	9	9	9	11	13	15	15	15	16	17	17	17	17	17	17
XMTI4ODQxOTM2MA==	1	1	1	1	2	2	2	2	2	2	2	2	2	2	2	3	3	3	3	3	4	4	4	4	4	4	4	4	5	5
XMTI4ODQyMjA5Ng==	8	8	10	10	24	24	24	24	24	24	24	24	25	25	25	25	25	25	26	26	26	26	26	26	27	27	27	27	27	27
XMTI4ODQyNDA4MA==	2	2	2	2	3	3	3	3	3	3	3	3	3	3	3	3	3	3	3	3	3	3	3	3	3	3	3	3	3	3
XMTI4ODQyNDg5Ng==	4	4	4	4	6	6	6	6	6	6	6	6	6	6	6	6	6	6	6	6	6	6	10	12	12	13	13	13	13	13
XMTI4ODQyNjgxNg==	3	4	4	6	6	6	6	6	6	6	6	6	6	6	8	8	8	8	8	8	8	8	8	8	8	8	8	8	8	8
XMTI4ODQyNzk1Mg==	4	4	4	5	6	9	9	9	9	9	9	10	10	10	10	10	10	10	10	10	10	10	10	10	10	10	10	10	11	11
XMTI4ODQyODE4NA==	1	3	5	6	6	6	6	6	6	6	6	6	6	6	6	6	6	6	7	7	7	7	7	7	7	7	7	7	7	7
XMTI4ODQzMDU2NA==	1	1	1	1	1	2	2	4	4	4	4	5	6	7	7	7	8	8	8	8	8	8	8	8	8	9	9	9	9	9
XMTI4ODQzNDQyNA==	1	1	2	3	3	3	3	3	3	3	3	3	3	3	3	3	3	3	3	3	3	3	3	3	3	3	3	3	3	3
XMTI4ODQzNzUyOA==	11	13	19	24	43	43	44	48	50	50	50	50	50	52	54	56	56	58	59	61	61	64	64	64	65	68	69	73	74	77
XMTI4ODQzODk5Ng==	26	27	27	27	27	27	38	38	39	39	39	39	39	39	39	39	39	39	39	39	39	39	39	39	39	39	39	39	39	39
XMTI4ODU0MjIyNA==	43	62	64	71	104	106	107	107	108	110	111	111	111	112	112	113	113	115	116	116	116	117	117	118	118	118	119	119	119	120
XMTI4ODU0NjM4NA==	231	5233	12274	13677	14485	14926	15677	16344	16971	17668	18372	18985	19175	19375	19599	19786	19874	19966	20281	20443	20565	20667	20776	20835	20917	20987	21037	21072	21119	21142
XMTI4ODU0ODI3Ng==	2	2	2	2	2	2	4	4	4	4	4	4	4	4	4	4	4	4	4	4	4	4	4	4	4	4	4	4	4	4
XMTI4ODU0ODYyOA==	104	104	105	109	159	162	162	162	162	162	162	162	162	162	162	162	162	163	164	164	164	164	164	164	164	165	165	165	165	165
XMTI4ODU1MDc0MA==	182	196	217	369	395	403	431	432	435	435	435	446	446	447	447	447	447	447	447	450	450	451	451	452	452	452	452	452	452	452
XMTI4ODU1NTA4NA==	2	2	2	2	2	3	3	3	3	3	3	3	4	4	4	4	4	4	4	4	4	4	4	4	4	5	5	6	6	6
XMTI4ODU1NjIxNg==	45	45	50	84	86	89	111	113	114	118	119	122	122	124	126	126	127	129	129	129	129	129	130	130	131	131	131	131	131	131
XMTI4ODU1NzE4OA==	6	32	61	65	70	70	70	71	71	71	71	74	74	74	74	75	75	75	76	79	81	81	83	85	86	87	89	90	90	92
XMTI4ODU1NzU3Mg==	1	1	1	1	1	2	2	2	2	2	2	2	3	5	5	5	5	5	5	5	5	5	5	5	5	6	6	7	7	7
XMTI4ODU2MDQ4MA==	2	2	2	4	5	5	5	5	5	5	5	5	5	5	5	5	5	5	5	5	5	5	5	5	5	5	5	5	5	5
XMTI4ODU2NTQxNg==	19	722	11540	13989	14074	14122	14172	14208	14246	14274	14295	14318	14339	14363	14380	14399	14414	14437	14454	14475	14491	14506	14522	14542	14554	14568	14578	14590	14600	14606
XMTI4ODU2ODg4NA==	38	184	283	304	315	320	320	323	326	327	328	329	331	331	332	332	332	333	334	335	336	336	336	336	337	337	337	337	337	337
XMTI4ODU3MTE0OA==	124	476	853	947	995	1051	1117	1228	1320	1371	1429	1527	1622	1731	1811	1893	1979	2052	2102	2167	2236	2302	2377	2470	2542	2666	2784	2910	2918	3013
XMTI4ODU3MjI3Ng==	3	3	13	13	13	13	13	13	13	13	13	13	13	13	13	13	13	13	13	13	13	13	13	13	13	13	13	13	13	13
XMTI4ODU3NDUwOA==	78	82	83	86	153	154	156	161	162	162	163	163	164	164	166	166	166	166	166	166	167	168	173	173	174	174	174	174	174	174
XMTI4ODU3NjcwNA==	24	25	110	116	121	135	146	152	152	156	156	156	156	156	156	156	156	156	156	156	158	158	158	158	158	158	159	159	159	160
XMTI4ODU3OTg2MA==	2	2	2	2	2	6	6	6	6	6	6	6	6	6	7	7	7	7	7	7	7	7	7	7	7	7	7	7	7	7
XMTI4ODU4MTMzMg==	4	4	4	4	4	6	6	6	6	6	6	6	6	6	6	6	6	6	6	8	8	8	8	8	8	8	8	8	8	8
XMTI4ODU4MzQwNA==	1	1	2	10	10	10	10	10	10	10	11	11	11	11	11	11	11	11	11	11	11	11	11	11	11	11	11	11	11	11
XMTI4ODU5MDk0OA==	2	2	2	3	3	3	3	3	3	3	3	3	3	3	3	3	3	3	3	3	3	3	3	3	3	3	3	3	3	3
XMTI4ODUwMTc5Mg==	4	6	14	17	21	24	25	25	25	25	26	27	29	32	33	34	35	37	38	39	41	44	45	48	51	52	53	56	57	58
XMTI4ODUwMzQwOA==	3	3	5	5	10	10	12	17	17	17	17	17	17	18	18	18	19	20	20	21	21	21	21	21	21	21	22	22	23	24
XMTI4ODUwOTIzNg==	7	7	69	84	110	117	120	125	129	131	133	136	136	137	141	142	144	144	144	146	147	148	149	150	151	157	165	165	167	169
XMTI4ODUxMTAxNg==	7	7	7	7	106	106	106	106	106	106	106	107	107	110	111	111	111	111	111	112	112	113	113	113	114	116	116	118	125	125
XMTI4ODUxNDIzNg==	16	49	101	118	124	126	132	138	140	143	145	147	147	150	151	152	155	158	159	163	163	163	163	163	163	164	164	165	166	167
XMTI4ODUxODMwMA==	26	28	29	30	34	34	68	133	140	140	140	140	140	140	140	140	140	140	140	140	140	141	142	142	142	142	142	142	142	142
XMTI4ODUxOTM3Mg==	1	1	1	1	1	1	2	11	12	12	12	12	12	12	12	12	12	12	13	13	13	13	13	13	13	13	13	13	13	13
XMTI4ODUyMDIxMg==	11	15	20	23	28	30	51	51	51	52	52	52	52	52	53	53	53	53	53	53	53	53	54	54	54	54	54	55	55	55
XMTI4ODUyMDk4MA==	11	13	16	18	28	32	32	33	36	38	39	39	43	47	50	50	50	50	54	54	54	54	54	54	54	54	54	55	56	57
XMTI4ODUyMjU1Mg==	655	858	1172	3441	8341	9613	10017	10499	11380	12471	15486	16199	16668	17029	17325	17610	17874	18181	18487	18744	18935	19107	19215	19307	19406	19583	19769	19994	20192	20371
XMTI4ODUyMzUyOA==	4	4	5	6	9	10	10	10	10	10	10	10	10	10	11	11	11	11	11	11	11	11	11	11	11	12	12	14	14	14
XMTI4ODUyNjA1Ng==	444	554	878	3418	4134	4272	4340	4399	4430	4458	4555	4585	4598	4607	4622	4633	4642	4667	4687	4711	4726	4740	4744	4754	4778	4798	4814	4827	4843	4857
XMTI4ODUyNjY5Mg==	11	12	14	14	15	26	26	27	27	27	27	27	27	27	27	27	27	27	27	27	27	28	28	28	28	28	28	28	28	28
XMTI4ODUyODE1Ng==	1802	2884	4096	5273	6595	10789	13520	14515	15074	15384	15667	15701	15899	15999	16242	16433	16433	16588	16706	16848	17036	17221	17368	17473	17547	17641	17782	17896	17966	18033
XMTI4ODUyODM1Ng==	9	51	118	132	151	179	193	212	225	250	259	261	270	285	305	325	337	348	362	374	379	388	396	398	401	401	408	411	418	429
XMTI4ODUyOTQyMA==	300	594	2171	4626	6046	6622	7824	8148	8386	8553	8648	8716	8775	8833	8903	8938	8998	9059	9092	9143	9185	9214	9221	9233	9251	9270	9292	9304	9320	9338
XMTI4ODUzMDQwNA==	47	65	75	83	129	136	139	140	141	141	141	143	147	148	150	151	154	155	158	161	162	164	164	164	165	166	166	166	169	170
XMTI4ODUzMzI5Mg==	5	5	5	5	5	7	7	7	7	7	7	7	7	7	7	7	7	7	7	7	7	7	7	7	7	7	7	7	7	7
XMTI4ODUzNzIxMg==	63	80	200	211	217	218	223	226	226	229	229	231	232	233	234	235	239	239	240	241	247	247	248	249	249	249	251	252	255	255
XMTI4ODY0MDQ0OA==	3	5	8	9	12	15	23	24	24	25	26	26	29	30	33	35	38	39	44	45	46	46	47	49	52	52	54	55	59	61
XMTI4ODY0MjA0NA==	16	18	19	24	416	416	416	417	418	418	418	418	418	419	422	423	429	429	430	430	430	431	431	433	434	435	435	436	437	438
XMTI4ODY0MzI1Mg==	1	1	1	1	1	2	2	2	2	2	2	2	2	2	2	2	2	2	2	2	2	2	2	2	2	3	3	3	3	3
XMTI4ODY0NDk4OA==	2353	3725	10019	10817	11580	12020	12314	12532	12728	12852	12987	13130	13273	13377	13500	13613	13671	13781	13947	14090	14268	14443	14612	14804	14931	15069	15186	15286	15372	15456
XMTI4ODY0NjE3Ng==	582	22925	51191	54337	55305	56049	56907	59005	59678	60373	62165	62956	63281	63498	63744	64023	64319	64587	64795	65067	66305	66503	66715	66897	67049	67203	67389	67595	67845	68115
XMTI4ODY0NzY5Mg==	5	13	20	27	34	35	52	55	55	58	60	60	61	65	67	72	77	84	85	97	111	112	121	128	138	143	150	164	172	174
XMTI4ODY0OTU2MA==	33	45	64	91	150	162	183	198	218	234	245	264	274	280	288	304	316	323	332	343	354	367	368	372	373	378	383	394	407	413
XMTI4ODY1MDM0NA==	2905	14326	36413	45465	50578	55926	66771	72205	75728	78776	81716	82980	84242	85196	86139	87221	88806	90257	91600	92467	93307	94150	94821	95585	96249	96497	96891	97482	98171	98914
XMTI4ODY1NTU5Mg==	763	840	2250	4720	10958	13241	13695	14078	14393	14612	14833	15056	15255	15419	15604	15800	15980	16164	16301	16442	16551	16649	16737	16827	16915	17003	17064	17108	17158	17202
XMTI4ODY1NTc0MA==	3	4	4	4	10	10	10	10	10	10	10	10	10	10	10	10	10	10	10	10	10	10	10	10	10	10	10	10	10	10
XMTI4ODY2MDI0MA==	228	231	234	239	243	508	514	516	522	522	522	522	522	522	522	522	522	522	522	522	522	522	522	522	522	522	522	522	522	522
XMTI4ODY2NTQ0OA==	11	12	12	13	20	20	22	22	22	23	23	23	23	24	25	25	25	25	25	25	25	26	26	26	26	26	26	26	26	26
XMTI4ODY2OTU4NA==	120	183	215	229	343	343	347	351	356	358	360	365	367	372	375	375	375	376	376	377	378	379	379	380	380	382	382	382	382	382
XMTI4ODY3NDU1Mg==	24	76	186	191	199	213	227	238	276	279	288	293	297	297	299	306	311	316	321	325	328	330	331	334	335	338	339	341	343	343
XMTI4ODY3NjU1Mg==	5	8	17	17	20	20	22	22	23	23	23	23	23	23	23	23	23	23	23	23	23	23	23	23	23	23	24	24	24	24
XMTI4ODY3NzkyNA==	3	6	9	9	9	10	10	10	10	10	10	10	10	10	10	10	10	10	10	10	10	10	10	10	10	10	10	10	10	10
XMTI4ODY3OTc2OA==	2	2	2	2	2	6	6	6	6	6	6	6	6	6	6	6	6	6	6	6	6	6	6	6	6	6	7	7	7	8
XMTI4ODY4NDE0OA==	9	9	24	29	30	32	32	32	32	32	32	33	33	33	33	33	33	33	33	33	33	33	33	33	33	33	33	33	33	33
XMTI4ODY4OTk3Mg==	2	2	6	6	6	7	8	8	8	8	8	8	8	8	8	8	8	8	8	8	8	8	8	8	8	8	9	9	9	9
XMTI4ODY5MDkwNA==	5	7	8	12	12	12	12	12	12	12	12	12	12	12	12	12	12	12	12	12	12	12	12	12	12	12	16	16	16	16
XMTI4ODY5MjIyNA==	102	291	711	878	1171	1222	1250	1272	1294	1305	1312	1323	1329	1330	1337	1343	1355	1375	1381	1385	1390	1395	1396	1397	1404	1409	1413	1417	1418	1423
XMTI4ODY5Nzc1Mg==	5	15	18	30	31	32	32	32	33	34	34	34	34	34	35	35	35	37	37	38	38	38	38	38	41	41	45	46	47	47
XMTI4ODYwNzU3Ng==	7	18	34	38	42	44	47	50	57	59	59	59	59	59	59	60	61	76	77	78	78	79	80	81	86	91	92	93	94	94
XMTI4ODYwOTcyNA==	4	5	5	5	8	8	9	10	11	11	11	11	11	11	11	11	11	11	11	11	12	12	12	12	13	13	13	13	13	13
XMTI4ODYxMTQwOA==	19	22	26	35	43	50	102	111	119	121	126	128	133	135	143	145	151	163	169	189	202	208	211	217	224	227	236	265	268	273
XMTI4ODYxNzIyNA==	6	6	6	6	6	6	13	13	13	13	13	14	14	14	15	16	16	16	16	16	16	16	17	17	17	18	18	18	18	18
XMTI4ODYxODUwNA==	4	4	5	5	14	14	15	15	17	17	17	18	18	18	18	18	18	19	19	20	36	36	36	36	37	39	40	40	40	40
XMTI4ODYyMDcwNA==	2	2	4	4	9	9	10	10	10	10	10	10	10	10	10	10	10	10	10	10	10	10	11	11	11	11	11	11	11	11
XMTI4ODYyMzQwOA==	5	5	244	346	416	575	678	737	810	836	856	868	879	881	887	899	905	915	917	934	939	946	961	966	966	968	970	972	972	975
XMTI4ODYyNTc1Ng==	4	4	4	5	15	32	42	42	42	42	42	42	42	42	42	42	42	42	42	42	42	42	42	42	42	42	42	42	42	42
XMTI4ODYzNzYzMg==	5	9	11	11	20	20	20	20	20	20	20	21	21	21	21	21	21	21	21	22	22	22	22	22	22	22	22	22	22	22
XMTI4ODYzOTY5Ng==	60	136	368	902	1759	2251	2507	3398	3576	4430	4600	5372	5473	5652	5763	5862	5991	6074	6768	6833	6893	6957	7005	7070	7129	7169	7221	7260	7295	7350
XMTI4ODc0MjkwMA==	41	74	122	142	159	162	167	170	175	184	186	193	196	197	200	203	205	212	220	220	221	225	228	229	234	239	242	247	252	255
XMTI4ODc0NDY0OA==	2	4	6	6	6	6	6	6	6	6	6	6	6	6	8	8	8	9	9	9	9	9	9	9	9	9	9	9	9	9
XMTI4ODc0NTA0NA==	108	166	190	286	291	308	318	328	333	342	347	351	359	363	374	379	385	390	396	397	397	398	400	400	401	401	403	403	409	482
XMTI4ODc0NTc2OA==	70530	389962	555370	559206	562612	563513	565183	571449	579020	583487	586955	589287	590977	592530	594713	598613	600816	602080	604075	606384	607575	608273	608820	609297	609874	610417	610882	611325	611784	614029
XMTI4ODc0Njc4NA==	3	4	7	7	10	15	15	18	18	18	18	18	18	18	18	18	18	18	18	18	18	18	18	18	18	18	18	18	18	18
XMTI4ODc1MTIzNg==	2	2	2	2	3	3	3	3	3	3	3	3	3	3	3	3	3	3	3	3	3	3	3	3	3	3	3	3	3	3
XMTI4ODc1MjMxMg==	6	7	7	7	13	13	13	13	13	13	13	13	13	13	13	13	13	13	13	13	13	13	13	13	13	13	13	13	13	13
XMTI4ODc1ODAyMA==	7	14	19	23	43	49	49	50	50	50	51	51	51	51	51	51	51	51	51	52	52	52	52	52	52	52	52	52	52	52
XMTI4ODc1OTQ5Ng==	1	1	1	1	1	1	2	2	2	2	2	2	2	2	2	2	2	2	2	2	2	2	2	2	2	2	2	2	2	2
XMTI4ODc2MTQxMg==	160	290	343	605	1001	1075	1128	1157	1310	1343	1371	1401	1431	1461	1500	1554	1600	1671	1796	1887	1987	2096	2147	2205	2257	2289	2336	2362	2403	2441
XMTI4ODc2NTgzNg==	32	48	56	65	118	125	128	128	129	129	130	130	131	131	131	132	132	132	132	133	133	133	135	135	135	135	135	135	135	135
XMTI4ODc2ODAwNA==	2	4	5	7	14	14	14	14	14	14	14	14	14	14	14	14	14	14	14	14	14	14	14	14	14	14	14	14	14	14
XMTI4ODc2ODk2OA==	57	133	658	807	844	854	881	899	903	904	907	909	909	910	915	918	919	923	923	925	925	925	925	926	929	929	930	931	932	933
XMTI4ODc3MDg2OA==	431	1696	2747	3280	3412	3459	3502	3531	3553	3578	3600	3610	4001	4018	4034	4054	4072	4083	4104	4113	4167	4216	4280	4323	4337	4346	4349	4357	4362	4367
XMTI4ODc3MzA0MA==	978	2812	5531	6249	6673	6847	6971	7062	7131	7190	7235	7295	7345	7386	7431	7477	7520	7571	7618	7663	7710	7772	7813	7864	7899	7920	7953	7998	8062	8089
XMTI4ODc3NTIyMA==	4	5	15	15	15	15	17	17	17	17	17	17	17	17	17	17	17	17	17	18	18	18	18	18	18	19	19	19	19	19
XMTI4ODc3NzE3Mg==	4	5	14	14	14	14	15	15	16	16	16	16	16	16	16	16	16	17	17	18	18	18	20	20	22	22	22	22	22	23
XMTI4ODc3NzczMg==	408	954	5969	9561	10426	10653	10795	10939	11081	11154	11204	11244	11295	11339	11373	11432	11483	11562	11609	11655	11698	11747	11786	11811	11841	11892	11935	11968	12001	12032
XMTI4ODc4MzEzMg==	1	2	8	8	8	8	9	9	9	9	9	9	9	9	9	9	9	9	9	9	9	9	9	9	9	9	9	9	9	9
XMTI4ODc4OTYwMA==	9	10	16	30	33	41	45	46	47	49	52	53	55	57	57	58	60	61	62	64	67	67	67	68	70	73	76	76	76	76
XMTI4ODc4OTk0NA==	31	128	163	181	494	497	503	509	517	521	528	533	613	627	633	639	646	651	653	655	658	664	667	672	674	674	677	683	687	690
XMTI4ODc5ODg4OA==	3	4	7	10	10	10	10	10	10	10	10	10	11	11	11	11	11	11	13	13	13	13	13	13	13	13	13	13	13	13
XMTI4ODc5OTYxNg==	12	18	22	26	59	61	63	63	64	64	65	65	65	65	65	68	68	68	72	77	78	79	79	79	79	79	82	83	84	85
XMTI4ODcwMTY1Mg==	115	206	417	424	427	429	431	433	436	438	439	955	957	958	958	1771	1772	1773	1775	1775	1775	1775	1775	1775	1777	1778	1779	1781	1782	9306
XMTI4ODcwNDI4OA==	186324	243161	446171	635236	640636	648977	649842	650510	652947	654159	654857	655379	655730	656124	656750	656777	657354	657752	658029	658274	658557	658878	659408	659733	659988	660177	660317	660455	660715	661407
XMTI4ODcwNDkwMA==	3	60	74	109	110	114	114	114	114	116	116	116	116	116	117	117	117	117	117	117	117	117	117	117	117	117	117	117	117	117
XMTI4ODcwNjEzMg==	10	28	39	162	166	170	171	174	174	176	176	176	176	176	176	176	176	176	176	176	176	176	176	176	176	176	176	176	176	176
XMTI4ODcwNzg4MA==	4	4	6	8	11	34	52	52	52	52	52	52	52	53	55	55	55	55	57	58	58	58	58	59	61	62	62	62	62	62
XMTI4ODcwOTI2MA==	1	2	3	3	3	3	3	3	3	3	3	3	3	3	3	3	3	4	4	4	4	4	4	4	4	4	4	4	4	4
XMTI4ODcxMjUyOA==	3	3	4	4	4	6	6	7	7	7	7	7	7	7	7	7	7	7	7	7	8	9	9	9	9	9	9	9	9	11
XMTI4ODcxMjc3Mg==	13	14	16	16	18	32	33	35	36	36	36	36	36	37	37	38	39	39	40	41	42	44	45	45	45	45	45	57	58	58
XMTI4ODcxMzYwOA==	1	1	2	2	4	4	4	4	4	4	4	4	4	4	4	4	4	5	5	5	5	5	5	5	5	5	5	5	5	5
XMTI4ODcxNzg3Ng==	3	3	3	3	5	5	9	11	11	12	12	12	12	13	14	15	15	15	16	17	18	19	20	20	21	21	24	24	24	24
XMTI4ODcyMDcyOA==	3	4	4	4	4	6	6	6	6	6	6	6	6	6	6	6	6	6	6	8	8	8	8	8	8	9	9	9	9	9
XMTI4ODcyMjE0OA==	6	7	21	21	22	22	22	22	22	22	23	23	23	23	23	23	23	23	23	23	23	23	23	23	23	23	23	23	23	23
XMTI4ODcyMzMyOA==	2	2	2	2	2	2	12	12	12	12	12	12	12	12	12	12	12	12	12	12	128	133	133	135	135	135	135	135	135	136
XMTI4ODcyNDAxMg==	4	4	4	4	4	6	7	7	7	8	8	8	8	8	8	8	8	8	8	8	8	8	8	8	8	9	9	9	9	9
XMTI4ODcyNjIwMA==	4	5	6	6	6	10	11	11	11	14	15	15	15	15	15	15	16	17	17	18	19	20	20	20	21	21	21	21	21	21
XMTI4ODczNDA4MA==	960	1288	1983	6942	14361	16700	17309	17804	18279	18769	19119	19504	19889	20331	20657	21109	21428	21724	22023	22276	22535	22772	23027	23284	23528	23758	24001	24217	24427	24597
XMTI4ODczNjM2MA==	42	112	176	181	186	186	186	188	190	192	192	194	194	196	201	201	202	202	202	203	203	204	204	205	205	206	207	208	210	210
XMTI4ODczOTI0OA==	30	94	114	817	820	822	823	826	827	828	829	829	829	829	829	829	830	832	832	835	835	839	839	843	844	845	846	846	846	846
XMTI4ODg0NDQ2MA==	5	8	14	15	19	19	20	20	20	20	20	20	21	22	23	23	25	25	25	26	26	28	28	28	28	29	30	30	30	30
XMTI4ODg1Nzc0MA==	2	3	3	3	3	4	7	7	7	7	7	8	8	8	8	8	9	10	11	11	11	12	12	12	14	14	14	14	14	14
XMTI4ODg2MjIzMg==	3	3	3	3	3	5	5	5	5	5	6	6	6	6	6	6	6	6	6	6	6	8	8	8	8	8	8	8	8	8
XMTI4ODgwNDQ0NA==	6	8	21	23	23	23	24	26	26	28	28	30	30	31	31	31	31	31	31	31	31	31	32	32	32	32	32	32	32	32
XMTI4ODgwNTY0NA==	2	2	2	2	3	3	3	3	3	3	3	3	3	3	3	3	3	3	3	3	3	4	5	5	5	5	5	5	5	5
XMTI4ODgyMTA1Mg==	7	8	208	213	220	220	220	222	222	222	223	223	223	224	224	224	224	224	224	224	224	226	226	227	228	228	229	229	229	229
XMTI4ODgyNDc1Mg==	4	9	33	38	42	44	45	45	47	47	47	50	50	50	55	57	57	57	57	58	111	112	112	113	113	114	114	115	115	115
XMTI4ODgyNzI2MA==	5	6	8	14	14	15	17	17	19	20	20	21	21	22	23	25	26	27	29	29	29	29	33	34	34	35	36	36	36	37
XMTI4ODgyOTY4OA==	35	59	152	152	152	154	155	155	155	155	155	155	155	159	160	160	161	161	161	161	161	163	163	163	164	164	164	164	164	164
XMTI4ODgzMzg3Ng==	7	7	7	8	16	16	16	16	18	19	19	19	20	21	22	23	23	23	26	26	26	26	27	27	27	28	30	30	30	30
