XMTM2MTEyMzg4OA==	30	68	96	112	124	141	151	160	168	182	189	196	204	226	240	256	264	283	289	295	298	307	323	333	344	348	368	371	377	386
XMTM2MTUzMTc3Mg==	16626	27126	29977	32491	44917	46145	58479	66918	68086	68642	69007	69698	70202	70705	71866	72469	72820	73099	73328	73605	74016	74678	75286	75584	75724	75968	76045	76191	76477	76672
XMTM2MTI3MDU0MA==	173455	568427	941357	1273811	1538599	1915060	2328221	2730456	3115417	3576620	3919637	4241781	4606458	4898047	5344517	5485893	6049737	6054194	6281581	6576358	6955566	7352470	7726912	7933107	8267118	8364412	8569988	8618410	8689620	8819929
XMTM2MDgzNDcyNA==	32	54	62	83	88	105	120	135	139	161	170	216	218	220	225	227	243	243	245	367	386	419	442	443	457	490	502	533	572	597
XMTM2MDk5NzQwMA==	2188	2809	3392	7497	10931	13966	17886	25364	30446	33948	36312	39293	42803	46169	50353	53939	56915	59211	62423	66354	70625	77764	85511	88762	91380	98642	101239	107048	112711	119402
XMTM2MTMzMTk3Ng==	108	216	280	358	370	417	496	593	658	713	748	768	796	842	891	932	953	971	989	1034	1093	1185	1297	1354	1384	1420	1494	1495	1552	1597
XMTM2MTUyNzg2NA==	303	646	774	894	1081	1625	2062	2248	2323	2359	2377	2437	2487	2521	2548	2561	2600	2615	2626	2653	2669	2672	2676	2687	2703	2706	2710	2812	2821	2912
XMTM2MTIwODcyOA==	440	979	1690	2281	2329	2588	2833	3087	3191	3407	3567	3732	3895	4061	4179	4295	4429	4535	4600	4730	4880	4974	5094	5155	5211	5338	5433	5534	5668	5764
XMTM2MDk4MTE0OA==	817	1360	1621	1968	2217	2670	3104	3479	3890	4505	5419	6623	8256	9360	10338	11415	12255	13135	13886	14599	15421	16883	19008	20104	20870	22100	22917	24315	25541	26790
XMTM2MTY5OTk5Ng==	1875	4863	6602	8170	9142	10172	10860	11947	12750	13549	14173	14707	15297	15803	16567	17692	18588	19343	19698	20116	20588	20823	21314	21700	21934	22249	22367	22668	22970	23108
XMTM2MDkxMzU4NA==	5026	13630	17172	26650	32620	39243	43359	47567	50736	53101	56190	62237	66542	69339	71815	73659	74808	77696	80277	81623	82927	85013	86865	87763	88709	92721	94151	96611	98552	100402
XMTM2MTY3Mjc0MA==	4	8	10	13	17	18	20	23	30	33	33	35	36	38	38	39	41	43	43	47	50	50	50	50	50	51	51	52	54	54
XMTM2MTY1OTk0OA==	15	32	48	57	57	62	62	63	63	64	65	69	69	69	69	70	70	70	70	77	77	78	78	78	78	78	78	79	79	79
XMTM2MDc3OTY1Ng==	19	31	39	50	58	67	77	79	80	81	81	81	82	82	82	84	85	85	86	90	92	93	93	95	95	96	96	99	99	99
XMTM2MDc4MjkyMA==	26	58	80	136	153	174	211	271	332	393	466	769	839	881	935	969	979	979	989	1077	1098	1166	1195	1197	1218	1253	1413	1501	1530	1576
XMTM2MTYwMjI4MA==	5	10	16	21	24	27	33	41	44	48	50	51	51	54	59	67	71	74	74	83	86	87	87	89	89	89	89	91	93	95
XMTM2MDgwNTY0OA==	64	128	194	241	246	246	248	251	251	255	256	259	259	260	260	264	265	266	267	326	336	338	339	339	340	340	340	341	349	349
XMTM2MTQxMzk1Ng==	4	13	14	22	30	38	38	42	45	48	49	49	50	50	51	52	53	54	54	69	72	74	75	75	75	77	79	82	86	88
XMTM2MTQ4NjYxMg==	5	9	11	12	12	13	18	19	19	20	20	21	21	21	21	28	29	30	30	31	31	31	32	32	32	33	33	35	35	35
XMTM2MTAwNjAyMA==	24	29	34	51	61	74	87	100	104	104	104	105	105	106	106	108	110	113	113	118	118	118	118	118	119	119	120	120	120	120
XMTM2MTE3NDQ4NA==	55	86	97	152	182	242	271	320	365	398	403	404	407	407	408	413	418	423	423	454	459	465	469	470	471	479	493	500	507	511
XMTM2MTYxMjgwMA==	35	106	186	255	279	329	369	403	418	428	432	432	433	433	434	438	439	441	442	474	482	486	497	503	505	646	675	724	751	757
XMTM2MTcwOTAzMg==	10	11	13	21	28	32	37	41	44	45	45	45	46	47	48	48	51	51	51	51	51	51	52	52	52	53	53	53	53	55
XMTM2MDg0MTc2MA==	604	1021	1210	1511	1621	1875	2123	2415	2629	2924	3240	3474	3835	4124	4492	4759	5034	5349	5555	5771	6021	6250	6512	6843	7097	7391	7487	7837	8010	8200
XMTM2MTE2MDUzNg==	52	95	136	182	219	287	391	515	593	666	713	761	874	949	1081	1180	1246	1306	1370	1444	1519	1620	1741	1803	1845	1923	2009	2178	2279	2505
XMTM2MTQyODc2NA==	36	62	70	90	94	111	139	220	317	347	356	376	386	422	487	582	587	590	596	601	607	607	608	610	610	617	618	622	641	699
XMTM2MTQyMTc2MA==	19	36	68	99	131	166	201	269	322	351	365	388	415	452	508	564	611	642	656	681	714	785	881	928	931	938	962	964	1010	1018
XMTM2MTEyMjcxNg==	424	734	1392	2415	3297	4547	5050	5153	5191	5312	5405	5540	5569	5641	5683	5710	5791	5795	5826	5859	5893	5958	5968	5976	6019	6032	6060	6084	6101	6128
XMTM2MTA1MDU2OA==	3	5	7	7	10	10	13	15	15	16	16	16	16	16	16	16	18	18	19	19	19	19	19	19	20	21	21	21	21	21
XMTM2MTMzNjA4OA==	1676	3453	6196	8284	8644	11509	11950	12341	12589	12912	13475	13804	14014	14247	14432	15027	15352	15528	15750	16000	16131	16269	16379	16773	16889	16998	17002	17255	17311	17512
XMTM2MTQyMzg3Ng==	222	334	357	423	573	731	925	1433	1560	1824	1887	2035	2142	2424	2806	2869	2893	2924	2985	3855	4002	4289	4406	4418	4527	4619	4705	4805	4932	4978
XMTM2MTM5Njk5Ng==	11	16	28	37	44	54	59	62	62	66	70	75	78	78	78	79	82	83	83	118	119	120	121	127	128	129	133	137	140	140
XMTM2MTM2MTU2MA==	33	52	84	122	151	182	196	196	196	196	196	197	198	198	198	199	200	200	200	200	202	203	204	204	207	208	209	211	214	215
XMTM2MTU4MDYyOA==	16	37	47	56	73	103	109	116	121	126	127	127	127	127	127	129	132	132	132	137	137	137	137	137	138	138	138	139	139	139
XMTM2MTI0ODU4NA==	263	485	646	770	821	927	1035	1148	1217	1352	1475	1604	1716	1916	2044	2171	2307	2452	2547	2692	2843	2944	3122	3201	3235	3478	3533	3793	3895	3987
XMTM2MTY1MzI1Mg==	4	22	38	51	52	59	68	78	81	84	85	86	86	87	91	92	93	93	93	109	111	112	114	114	116	119	120	120	122	125
XMTM2MTczMjMwNA==	67	128	156	162	165	199	235	269	273	274	275	275	275	276	276	277	277	278	278	280	280	280	280	280	280	281	281	281	281	281
XMTM2MDk4Mzg1Mg==	1511	2722	3337	4190	5648	6664	7644	8815	9551	10463	11054	11351	11603	11743	11876	11982	12095	12245	12327	12520	12696	12773	12849	12894	12982	13141	13203	13328	13423	13507
XMTM2MDgzMDIzMg==	1932	5349	7288	9049	10646	12176	13432	14981	16258	17731	18972	19925	20918	23364	24450	24554	26557	27207	27419	27970	28689	30534	32206	33856	35463	38322	40493	42382	43527	44831
XMTM2MTYyMDgwMA==	21	32	35	48	62	71	74	78	83	86	87	88	89	90	91	92	93	94	98	110	110	110	111	112	113	114	114	115	117	117
XMTM2MTIyMTg4OA==	3	8	17	24	28	35	35	42	53	54	54	62	62	63	64	66	67	67	68	75	77	81	83	84	85	85	85	90	95	101
XMTM2MTMzMjM1Ng==	269	546	609	687	837	926	1006	1069	1125	1170	1212	1248	1283	1350	1391	1419	1433	1437	1449	1539	1771	1797	1801	1803	1804	1813	1818	1831	1855	1862
XMTM2MDkxNTIyNA==	3797	7951	11319	13761	15657	18175	22105	25982	27848	28739	29367	30314	30430	31116	32184	32743	33154	33500	33618	33937	34394	35367	36340	36679	36851	37076	37210	37555	37945	38332
XMTM2MTE0MjA1Ng==	67	160	247	283	338	403	491	552	553	553	554	574	618	663	694	722	745	770	787	809	821	844	879	919	932	978	1014	1053	1088	1150
XMTM2MDgzMzA4MA==	77	119	128	172	282	414	535	543	547	549	553	569	735	753	776	778	1003	1006	1006	1043	1110	1113	1114	1114	1114	1121	1126	1133	1134	1135
XMTM2MTEyMDM5Mg==	535	1077	1318	1572	1587	1765	1905	2038	2125	2264	2341	2443	2519	2606	2673	2713	2718	2730	2746	2941	2994	3044	3105	3143	3151	3221	3254	3322	3371	3415
XMTM2MTE0NTA2NA==	68	158	218	268	310	365	437	466	489	509	510	510	512	513	514	529	531	545	547	594	596	598	599	602	604	606	610	614	619	621
XMTM2MTUyMzA0OA==	272	483	603	660	738	877	998	1121	1230	1292	1341	1458	1619	1700	1785	1839	1946	2019	2074	2133	2214	2357	2493	2608	2697	2812	2905	3085	3212	3389
XMTM2MTIxMDQ3Ng==	351	574	636	731	966	1127	1269	1391	1699	1871	1962	2029	2092	2142	2144	2163	2385	2631	3062	3316	3436	3533	3644	3715	3826	3917	3999	4149	4243	4399
XMTM2MTI3NjM1Ng==	39613	149454	259690	382299	485250	608362	777068	884608	1023023	1147571	1236898	1342597	1459856	1538069	1623124	1705787	1779958	1854837	1895315	2000954	2169788	2229646	2259774	2323174	2420721	2472743	2582547	2592500	2623263	2785283
XMTM2MTM4ODY0NA==	16	33	42	52	65	74	80	101	111	115	120	121	122	122	123	125	126	129	129	145	148	149	150	151	152	153	155	156	156	162
XMTM2MTcyMTE2MA==	1748	5254	6433	7488	9533	11546	14855	20936	25116	26167	27295	28652	30137	31907	34685	37985	38771	39571	40058	40891	41797	44235	46928	47570	47786	48427	49181	49824	53054	54804
XMTM2MTU1ODU4OA==	20	37	43	50	50	66	74	76	76	79	81	82	82	82	83	83	83	83	84	86	86	86	86	87	87	87	87	87	93	96
XMTM2MTAwODYyOA==	1044	2604	3721	4831	5300	6056	7101	8237	9656	10147	10583	10887	11292	11639	12130	12798	13100	13353	13472	13683	13808	14089	14435	14590	14687	14796	14885	15011	15145	15295
XMTM2MTM4MDkwMA==	83	330	550	842	1063	1379	1681	1957	2214	2537	2812	3010	3298	3596	3843	4054	4285	4641	4969	5220	5470	5662	5939	6212	6491	7003	7152	7453	7592	7744
XMTM2MDgzODM2NA==	24	40	48	60	73	81	96	107	114	129	131	132	132	132	134	138	138	139	140	168	175	175	175	175	176	178	179	185	188	189
XMTM2MTM4MzE2OA==	18	120	164	306	389	551	656	717	848	885	886	887	887	888	888	889	889	890	890	894	895	897	897	898	898	898	898	899	899	899
XMTM2MTEzNDg2OA==	2054	3531	4215	5051	5693	7017	8381	9044	9545	10045	10460	10863	11250	11770	12878	13568	14188	14813	15337	15791	16294	17067	17792	18317	18690	19358	19733	20472	20875	21284
XMTM2MDkwMjQ3Ng==	11	16	16	25	35	48	54	55	58	66	70	70	71	72	72	73	86	86	87	107	110	110	112	113	113	114	114	121	123	124
XMTM2MDQyMDcyOA==	3483	5475	6591	10131	10647	11857	12969	13886	14600	15262	15728	16346	16821	17421	17906	18353	18732	19095	19485	19796	20142	20678	21214	21547	21755	22193	22457	23064	23629	24158
XMTM2MTEyNDI2OA==	2660	5002	6146	7305	7725	8988	10102	10591	10997	11576	12025	12604	13114	13632	13993	14467	14800	15052	15186	15310	15413	15515	15620	15711	15831	16031	16133	16276	16370	16453
XMTM2MDgzMTY5Ng==	222	658	863	1156	1192	1482	2040	2221	2324	2414	2501	2906	2963	2990	3001	3028	3045	3051	3052	3052	3056	3057	3058	3069	3072	3079	3082	3084	3086	3086
XMTM2MTUwMTQ1Ng==	436	901	1165	1659	1968	2439	2946	3213	3490	3686	3814	3964	4167	4337	4494	4549	4666	4788	4876	4965	5057	5135	5199	5235	5273	5331	5356	5392	5428	5457
XMTM2MDk5ODcwMA==	6	12	18	26	28	30	31	32	33	33	33	33	33	34	35	35	35	36	36	38	38	38	39	41	42	42	43	43	45	47
XMTM2MDc5ODU1Ng==	635	1202	1501	1856	2267	2892	3870	4896	5388	6029	6524	7408	8396	9019	9438	9938	10438	11221	11594	12046	12713	13938	14874	15582	16086	16809	17351	18198	18707	19207
XMTM2MTE0NTM1Ng==	528	974	1049	1134	1208	1492	1934	2089	2211	2291	2333	2387	2461	2562	2671	2856	2980	3086	3155	3240	3387	3681	4006	4131	4267	4428	4490	4658	4853	5014
XMTM2MTMwMTgyMA==	10	28	44	54	67	69	69	69	69	70	70	70	70	70	71	71	71	71	71	72	72	72	72	72	72	72	72	72	72	72
XMTM2MDgzMDE1Mg==	52	90	107	109	161	178	200	203	205	209	211	217	220	223	227	244	246	247	247	267	268	269	270	270	271	271	272	272	272	272
XMTM2MDgxNjY1Mg==	806	1318	1674	2180	2334	2825	3206	3374	3496	3645	3795	3946	4112	4296	4439	4529	4570	4583	4608	4735	4770	4802	4847	4875	4913	4980	5011	5055	5093	5125
XMTM2MDkyNTQ4MA==	60	98	107	132	157	188	213	271	341	385	408	444	460	509	521	522	533	534	674	811	837	881	883	914	918	977	1025	1094	1204	1258
XMTM2MTE4MjA5Ng==	2982	4627	6124	8278	10057	11188	11834	12236	12560	12974	13172	13504	13772	14048	14228	14403	14500	14842	15334	15593	15724	15871	16038	16183	16373	16566	16776	17154	17271	17369
XMTM2MTA1ODU5Ng==	1828	3834	5744	7030	7185	8040	9261	10185	10771	11373	11869	12347	12821	13240	13738	14157	14560	15052	15468	15945	16416	16741	17088	17407	17684	18055	18309	18698	18943	19260
XMTM2MTMxMzcxNg==	10	21	25	28	34	44	52	62	70	78	92	94	95	95	99	100	100	102	102	160	168	180	197	202	203	208	208	211	215	217
XMTM2MTQzODI0NA==	92	167	215	257	280	346	424	485	551	598	630	666	668	671	673	677	685	698	703	886	896	903	908	914	920	921	931	938	944	951
XMTM2MDg4ODA2OA==	58	73	120	160	194	207	221	230	244	260	265	266	268	271	274	281	285	286	293	346	351	351	355	359	360	361	366	371	375	375
XMTM2MTEyMzU4NA==	2655	4471	8006	9647	10571	11929	13709	14103	14285	14965	15507	67978	68486	69018	69230	69385	69475	69575	120435	120531	120587	120693	120815	120892	120938	121048	121114	121225	121281	121350
XMTM2MTMwNDMyOA==	42	100	156	195	205	234	311	402	420	448	465	489	494	545	609	614	622	652	677	868	894	911	920	930	935	951	959	1186	1248	1274
XMTM2MTI1ODA1Mg==	2709	5620	7641	8785	8844	9763	10781	12066	14565	17939	20162	26105	31845	36651	43629	54409	62658	70935	80193	88579	95233	102515	110485	116757	120966	127900	134199	138944	145737	150206
XMTM2MTQ5ODU5Mg==	118	379	699	1055	1308	1475	1817	2140	2461	2651	2766	3080	3358	3697	4177	4796	5099	5404	5779	5996	6374	6848	7634	8040	8444	9168	9757	10793	11498	12179
XMTM2MTUxMDIyOA==	549	1046	1354	1739	2537	3701	4942	7045	9706	11533	12390	13558	14684	15960	19213	22705	23877	25875	27197	27828	31040	35294	39580	41195	42675	46387	49344	55054	60660	65601
XMTM2MDc1MzUwOA==	4188	14193	20536	26071	30004	34334	37033	37331	37616	37784	37953	38246	38267	38375	38507	38577	38647	38696	38773	38850	38884	38931	38962	38988	39029	39056	39108	39147	39214	40884
XMTM2MDgzNjkwOA==	62	110	168	182	188	203	225	231	239	240	242	244	245	246	246	253	255	259	259	269	272	275	276	277	277	278	284	284	285	285
XMTM2MTQxMzMyOA==	7183	15258	19337	23866	25570	28676	32274	34610	36609	38209	39444	40640	42642	44067	45261	46884	47891	49072	50319	51876	53340	54570	56007	56749	57340	58563	59129	60368	61106	61956
XMTM2MTAzNjUxMg==	425	719	1008	1294	1545	2091	2851	3307	3705	4213	4620	5251	6021	6869	7455	7997	8513	9151	9513	10028	10593	11578	12837	13224	13593	14337	14673	15282	15684	16068
XMTM2MTQxNTY0OA==	739	2972	4498	7111	8334	9737	10947	11639	12062	12540	12867	13367	13834	14429	14852	15319	15517	15743	15998	16302	16562	16767	17095	17344	17517	17738	17908	18106	18313	18508
XMTM2MTQzODU4MA==	44	78	103	121	130	145	162	185	213	229	242	251	254	257	267	268	278	284	288	333	337	343	345	356	356	371	375	382	389	410
XMTM2MDczNzI3Mg==	72	108	231	377	490	602	708	865	972	1127	1135	1231	1348	1492	1690	1722	2128	3670	5791	7795	9866	12925	16417	18661	20126	23150	23878	27655	30990	34235
XMTM2MTA2NTU4OA==	13	20	26	29	34	43	50	51	52	55	56	57	57	57	59	60	61	62	64	72	72	75	76	79	79	79	80	84	90	98
XMTM2MTYwNTA0NA==	92	223	305	405	455	531	640	825	1033	1190	1314	1442	1599	1822	2068	2335	2413	2788	3212	3791	4352	5472	6662	7843	8246	9410	9957	11680	14883	17972
XMTM2MTcwMjM2OA==	2289	5411	6416	7932	8732	10745	14121	20483	24440	26072	27337	28761	31719	34062	40137	43495	44941	46444	47193	48074	50854	51827	56055	56855	57733	59328	59872	61637	65079	67185
XMTM2MTQ0ODQ5Ng==	192	273	306	573	738	918	994	996	1000	1002	1002	1002	1003	1003	1003	1004	1005	1005	1005	1027	1028	1030	1031	1032	1032	1042	1045	1049	1051	1052
XMTM2MTczNjUwNA==	3	6	7	10	11	11	12	17	18	22	22	26	27	27	27	29	31	36	38	58	66	66	68	70	74	77	81	81	82	90
XMTM2MTI4NjcwNA==	5196	8145	10581	14126	18157	24073	33599	47051	58764	67583	74726	86124	96030	106691	116814	124167	129994	138386	145973	157918	175944	202069	227145	241420	250558	268867	279577	299586	315849	338359
XMTM2MTIwODUwNA==	806	1340	1961	4343	6550	8436	11765	16477	19626	22294	23863	25259	26725	29380	32968	35447	37181	39195	40496	42164	44647	47585	50999	53221	54514	56436	57680	60964	64216	67418
XMTM2MDk3NzkwNA==	22	39	44	63	65	73	87	96	110	130	143	145	147	149	149	152	158	162	171	255	255	267	268	273	274	277	280	287	288	290
XMTM2MTE5MDkwMA==	84	157	220	306	353	408	424	430	443	496	522	530	531	532	537	542	568	575	595	653	657	657	657	659	662	665	665	669	671	672
XMTM2MTUzODgzMg==	24	48	70	82	83	84	86	86	89	89	90	90	90	91	91	91	92	92	92	93	95	95	95	95	95	99	99	99	99	99
XMTM2MTQ5MDA5Mg==	257	495	596	719	784	912	1057	1117	1167	1206	1256	1295	1368	1410	1419	1434	1443	1458	1465	1628	1657	1685	1707	1731	1746	1767	1781	1819	1839	1860
XMTM2MTY2NDA5Ng==	39	104	106	172	197	225	242	245	252	253	255	256	258	258	258	259	259	260	263	276	277	281	282	285	285	285	285	288	289	291
XMTM2MTI0ODAxMg==	2068	3869	6173	7907	10635	14619	16201	16415	16456	16465	16499	16587	16659	16721	16783	16797	16805	16836	16860	16931	16951	16969	16989	17018	17023	17041	17062	17096	17115	18562
XMTM2MDg0OTk3Mg==	3758	6569	9132	11347	11965	13608	15388	17797	19544	21325	22010	23760	25369	27108	29484	31496	33718	35444	36344	37598	39864	42460	45248	46222	47293	49854	52443	53249	54957	57049
XMTM2MTUxMTg5Ng==	4	8	16	24	35	47	57	66	73	82	83	84	84	87	88	91	91	96	100	105	106	107	107	107	108	110	112	114	114	143
XMTM2MTAzNjY5Mg==	57	128	210	256	313	356	383	403	417	599	606	608	618	620	621	621	623	624	625	639	640	641	644	644	644	645	645	645	648	648
XMTM2MTcwNzYzNg==	1420	2432	2993	5584	6879	8534	11026	15833	19366	20370	21147	22450	23705	25024	27152	29239	29774	30423	30916	31247	31869	34397	36174	36721	37834	38003	38070	38728	41321	42913
XMTM2MTI0MzQ4MA==	295	446	570	673	792	971	1227	1562	1723	1946	2129	2292	2453	2704	2938	3235	3385	3528	3675	3852	4030	4277	4589	4800	4881	5125	5202	5482	5753	5996
XMTM2MTIxMTE4OA==	969	1997	2552	3122	3188	3603	4238	5138	5561	5842	5965	6250	6470	6962	7499	7912	8065	8203	8238	8395	8518	8706	8928	8980	9101	9147	9333	9370	9544	10253
XMTM2MDkwMTM5Mg==	112	287	369	461	475	553	657	738	820	909	968	1062	1081	1097	1105	1109	1130	1149	1235	1812	2154	2359	2466	2557	2854	3156	3250	3374	3460	3533
XMTM2MDk2MjI5Mg==	123	259	340	416	473	575	659	673	681	698	698	699	701	702	705	708	708	710	710	753	758	762	765	768	768	769	770	770	770	776
XMTM2MTQyNTA2OA==	95	171	218	261	281	331	362	393	410	444	462	469	477	478	484	495	498	499	502	646	675	699	716	734	744	752	776	798	814	829
XMTM2MTE3MzU3Mg==	35	46	58	88	131	142	156	160	167	175	194	205	211	214	216	221	222	222	224	282	287	288	290	293	293	293	296	296	301	303
XMTM2MTE1MDUyNA==	2289	4700	5918	6721	6794	8004	8982	9628	10223	10872	11392	11829	12441	13199	13874	14582	15590	16463	17074	17738	18216	18802	19694	20405	21011	21797	22041	22400	22627	22890
XMTM2MTQ3Nzg3Mg==	97	150	197	310	376	400	435	445	459	484	501	507	520	530	550	551	558	570	574	624	629	647	670	682	688	697	704	717	722	743
XMTM2MTEwODAwNA==	19	33	39	56	65	86	104	129	141	156	165	179	207	221	235	241	250	251	251	278	288	292	292	300	305	306	308	314	334	371
XMTM2MTYwOTgyNA==	269	525	666	780	796	894	980	1072	1175	1269	1396	1464	1559	1658	1726	1814	1866	1920	1990	2036	2194	2317	2320	2396	2450	2640	2785	2848	2886	2972
XMTM2MTQ2NDgzNg==	114	229	289	357	508	589	628	709	739	775	792	798	805	814	818	823	838	842	846	1005	1030	1061	1140	1167	1181	1198	1207	1296	1338	1352
XMTM2MTUxMzU0OA==	7	18	29	43	53	60	63	71	82	83	83	86	86	88	88	89	89	90	90	106	120	122	124	125	127	127	129	133	133	155
XMTM2MDc3MTgyOA==	4	7	9	11	14	16	16	16	16	16	16	17	17	18	18	19	24	24	24	24	25	25	25	25	25	26	26	26	26	26
XMTM2MDgwMzI0NA==	724	1434	1872	2288	2747	3763	4714	6045	7530	9001	10083	11672	12249	12388	12587	12768	13103	13227	13389	13554	13743	13966	14193	14371	14480	14681	14848	15052	15190	15332
XMTM2MTIyMzM5Ng==	17	20	25	45	56	74	83	97	108	128	130	130	141	142	146	154	155	161	161	239	269	272	281	283	292	313	322	342	344	344
XMTM2MTIzNTQ2OA==	8944	23551	31212	41319	46326	57914	70868	92876	111697	122239	130038	141208	153720	167146	188960	204549	212196	220708	228278	238832	250845	274400	296274	306198	313120	328305	335996	348190	364564	381269
XMTM2MDk5NzU4OA==	1383	3580	5660	7214	7339	7888	8249	8531	8796	9114	9325	9499	9673	9797	9906	10098	10338	10512	10671	10778	10890	10997	11163	11714	11939	12130	12288	12417	12554	12663
XMTM2MDk5Nzk0NA==	854	1536	1999	2466	2689	3044	3271	3451	3600	3752	3819	3871	3958	4083	4170	4298	4393	4490	4570	4662	4739	4856	4973	5093	5178	5289	5334	5442	5523	5589
XMTM2MTQ3OTI5Mg==	183	415	629	749	785	833	881	915	931	947	960	975	991	994	998	1005	1005	1006	1009	1058	1064	1075	1088	1106	1118	1119	1126	1129	1136	1156
XMTM2MTQxMjY2NA==	177	357	418	483	490	557	704	932	1062	1126	1174	1263	1318	1439	1577	1746	1799	1827	1863	1915	2131	2240	2358	2439	2484	2525	2584	2620	2737	2828
XMTM2MTA2OTQ0MA==	147	241	318	372	414	516	652	677	689	700	721	731	742	743	747	747	756	758	758	839	884	936	995	1018	1060	1224	1345	1477	1581	1693
XMTM2MTQ1NjQ4OA==	6959	16229	22877	28039	29061	31419	32560	34173	35023	36028	36437	36610	36802	36960	37229	37413	37558	37732	37853	38120	38359	38584	38994	39321	39637	40013	40191	40544	40841	41145
XMTM2MTE4NzQyOA==	15	27	37	46	58	62	64	66	66	66	68	69	69	69	69	70	70	70	70	72	72	74	74	75	75	75	75	75	75	75
XMTM2MTE3MjY3Ng==	11	15	20	29	37	40	45	51	57	58	61	63	64	65	65	69	72	72	73	91	93	104	106	107	108	117	122	127	133	143
XMTM2MTM0NzkwMA==	5916	11059	12986	15231	15881	18749	21203	21655	21892	21926	22096	22367	22612	22811	22990	23143	23331	23488	23634	23800	23920	24141	24409	24542	24634	24808	24929	25114	25322	25508
XMTM2MDk0NDQxMg==	91	193	289	416	521	702	932	1123	1270	1705	2332	3073	4205	5766	6804	7497	7751	7985	8179	8310	8468	8614	8778	8861	8950	9045	9106	9208	9327	9422
XMTM2MTA4NDIwNA==	87	186	200	239	240	308	368	518	622	710	755	808	926	1041	1271	1449	1508	1592	1664	1744	1846	2103	2365	2469	2536	2686	2717	2841	3188	3445
XMTM2MTU5NTk5Ng==	7	29	50	56	62	77	90	107	117	127	131	142	161	164	168	174	176	177	183	249	264	264	278	286	287	288	303	307	326	343
XMTM2MDk2NjMwNA==	3468	6373	9115	11590	12259	13315	13681	14112	14495	14728	14889	15167	15380	15453	15563	15691	15771	15858	15958	16035	16151	16266	16351	16361	16372	16451	16463	16527	16609	16684
XMTM2MDkyMDk4MA==	2323	4804	7464	10467	12811	15328	17519	18714	19878	21096	21865	22699	23364	24062	24407	24721	25015	25326	25584	25835	26060	26362	26703	26974	27165	27520	27710	28017	28187	28370
XMTM2MTA2NDE1Ng==	470	676	1038	1407	1842	2379	2835	3419	3821	4371	4837	5380	6132	6561	6885	7292	7667	8292	8545	9201	9680	10073	10433	10693	10986	11387	11703	12264	12621	13166
XMTM2MTExNzI2OA==	9	20	25	26	32	35	39	43	45	51	52	53	54	55	56	57	57	59	59	69	70	70	71	71	71	73	74	74	74	77
XMTM2MTA2MDIwMA==	3130	7808	10522	12630	13618	15413	16441	24772	28128	30133	31166	32066	32914	33621	34394	34930	35511	36197	36728	37172	37739	38240	38910	39282	39550	39792	39997	40334	40603	40900
XMTM2MTQwOTkyNA==	20	80	105	127	174	198	216	238	256	262	273	310	326	332	369	403	404	414	434	553	590	624	650	654	654	667	682	703	755	781
XMTM2MTU1MTc2MA==	406	837	1084	1337	1419	1686	1959	2032	2087	2135	2147	2180	2205	2239	2265	2284	2317	2348	2377	2461	2490	2528	2553	2566	2583	2618	2633	2658	2678	2691
XMTM2MTIzMzY2OA==	2178	5062	11105	17453	23758	27838	28299	28736	28847	28976	29066	29158	29266	29323	29388	29512	29653	29745	29834	29918	29988	30074	30188	30280	30399	30493	30532	30585	30631	30705
XMTM2MTcwODcxMg==	16749	39641	48990	58111	63106	74937	83207	93175	99207	101954	103316	105764	106862	110204	116904	123059	125236	127508	129119	131429	132028	135105	137455	137991	138430	139661	140079	141036	142332	143776
XMTM2MDkwNzI0NA==	5292	7444	15750	34792	52851	74551	94340	113313	132545	144769	145054	145220	145382	145656	145991	146201	146508	146745	146979	147158	147328	147491	147676	147849	147948	148163	148307	148504	148665	148819
XMTM2MDgzMzQ1Mg==	777	2863	4023	5706	7389	8467	10121	11091	12070	13194	13907	14879	16053	17614	18911	19932	21167	22962	24063	25376	26902	27894	29202	30183	31596	33687	34468	36674	37653	38955
XMTM2MTIzMzM5Ng==	111	236	291	370	398	483	559	634	688	777	837	915	921	937	945	946	948	966	996	1493	1560	1565	1626	1660	1691	1708	1739	1773	1813	1852
XMTM2MTI4NDg1Ng==	8759	27286	39710	48853	50947	60869	77176	85908	90838	93813	95272	98834	99526	100777	103287	105016	105238	105548	106237	108504	108847	109010	109412	110052	110471	111300	111399	112078	112338	117501
XMTM2MTUzNjMxMg==	1151	1827	2291	3052	4842	5224	6562	10631	11888	12898	13429	14179	14578	14797	15029	15149	15205	15292	15387	15487	15638	15755	15927	16037	16148	16255	16291	16330	16393	16446
XMTM2MTIwMzI3Ng==	155290	512727	736610	1083723	1088027	1162065	1314283	1344421	1377501	1391876	1415339	1457309	1505362	1544077	1578641	1682609	1694883	1706517	1709412	1711230	1712052	1712613	1714008	1714835	1716328	1718249	1773705	1828675	1833581	1848065
XMTM2MTMyNzg4NA==	798	2281	3322	3892	4372	5829	6758	7697	8410	9347	9960	10611	11383	12192	12906	13637	14075	14155	14178	14248	14305	14386	14463	14521	14562	14646	14701	14819	14888	14957
XMTM2MTIzNDAwOA==	19	38	49	60	62	70	79	85	90	91	93	94	95	95	96	98	102	103	103	111	112	114	115	119	121	129	129	130	130	134
XMTM2MTQ4MTIyMA==	10	21	27	30	32	39	41	41	42	45	45	46	46	46	47	48	48	50	50	54	54	54	54	54	55	56	56	56	58	58
XMTM2MDc1OTMzNg==	73	143	175	231	263	291	323	342	358	366	385	402	425	469	476	476	487	490	493	546	560	593	621	654	663	693	703	729	757	773
XMTM2MTU0ODA3Ng==	301	540	631	758	867	1039	1228	1489	1650	1785	1930	2116	2325	2403	2587	2741	2897	3084	3202	3509	3949	4416	5115	5790	6432	7697	8583	10346	11822	14538
XMTM2MTM0ODAyOA==	701	1401	2091	2471	2751	3248	3575	3973	4296	4640	4843	4972	5157	5383	5590	5807	6293	6624	6798	7033	7312	7664	7961	8258	8502	8708	8909	9188	9410	9648
XMTM2MTA5MDE2OA==	8	14	17	28	34	41	42	43	43	43	43	43	43	43	43	43	43	43	45	45	45	46	47	48	48	48	49	52	53	53
XMTM2MTM5MDMyMA==	84	184	246	347	441	500	564	635	671	741	774	822	836	865	897	926	1019	1099	1125	1207	1243	1280	1334	1339	1367	1480	1514	1589	1625	1665
XMTM2MTE0MTgxMg==	173	383	465	774	838	968	1119	1193	1279	1323	1426	1514	1570	1632	1681	1748	1831	1890	1946	2014	2066	2092	2151	2215	2270	2387	2437	2483	2549	2635
XMTM2MTMyMTMyMA==	449	867	971	1057	1428	1825	2168	2195	2198	2204	2263	2307	2361	2401	2436	2462	2488	2524	2560	2603	2631	2652	2684	2709	2734	2767	2773	2797	2826	2858
XMTM2MTQ5ODA4MA==	960	2960	4396	5762	5819	6423	7123	7741	8303	9009	9602	10213	10855	12094	13270	14044	14565	15157	15559	16103	16731	17200	17651	17961	18193	18639	18836	19460	20198	20886
XMTM2MTIwOTg2NA==	846	1722	2230	2692	2982	3450	3984	4493	5394	6408	6796	7391	7396	7449	7625	7931	7989	7995	7999	9625	9767	10051	10272	10303	10305	10489	10691	11000	11258	11431
XMTM2MTIyMjU0OA==	1522	2770	3921	4597	4637	5189	5653	6161	6543	6840	7072	7345	7548	7703	7903	8074	8205	8320	8414	8536	8676	8800	8946	9042	9105	9219	9329	9467	9562	9692
XMTM2MTYxMzQ2OA==	24	39	52	71	73	82	92	96	101	105	109	110	113	113	116	116	118	118	118	131	133	134	134	134	134	135	135	136	139	140
XMTM2MTEzNDIwOA==	109	227	291	357	380	449	509	577	629	703	771	811	861	898	944	1003	1032	1089	1142	1192	1234	1291	1338	1381	1417	1460	1492	1541	1570	1625
XMTM2MTUzODExNg==	22	50	62	74	92	108	114	114	115	115	117	117	117	117	119	119	119	121	126	129	129	130	130	130	130	131	131	131	131	140
XMTI4NzI2MDE4OA==	131	259	331	446	567	619	706	782	834	859	934	1049	1137	1340	1417	1501	4887	168472	168920	169232	169487	169734	169936	170094	170217	170373	170558	170741	170934	171098
XMTI4Nzg1NjA2MA==	6344	10029	13408	15584	18260	22711	26349	30528	34010	37862	39760	41350	42803	44303	45674	46946	48316	49877	51585	53407	55119	56515	57897	59609	61469	64456	67840	69976	71349	72502
XMTI4Nzk2MzEyMA==	15	24	34	45	54	59	66	68	77	85	88	89	89	89	94	94	94	94	94	94	94	97	99	100	100	101	101	101	101	101
XMTI4Nzk3Mzk0MA==	4443	5885	9455	14601	23223	28302	32550	35956	38813	41749	42977	44691	46285	47820	49243	50451	51451	52498	53552	54503	55417	56091	56317	56844	57520	58215	58891	59603	60310	60918
XMTI4Nzk5NTgzNg==	25	54	73	80	103	111	118	120	125	133	141	154	162	174	191	206	218	236	258	277	296	304	323	333	341	347	360	368	374	383
XMTI4Nzk5OTgwMA==	344	2130	3197	3768	4968	6093	6675	7045	7275	7559	7889	8329	8749	10314	10822	11496	12419	13040	13399	13773	14143	14489	15088	15760	16403	17013	18967	19740	21372	21880
XMTI4NzkyOTEzMg==	13	192	829	1115	1517	1998	2244	2463	2598	2652	2704	2790	3180	3652	3855	4049	4428	4845	5075	5216	5324	5363	5383	5406	5427	5449	5481	5496	5507	5524
XMTI4ODA1MjMwNA==	635	1145	1815	1927	2041	2359	2463	2539	2563	2585	2609	2626	2641	2658	2673	2695	2711	2739	2755	2771	2785	2801	2817	2836	2852	2864	2873	2884	2900	2910
XMTI4ODA2OTAzMg==	5	8	11	16	18	19	20	21	22	24	27	29	30	31	35	42	47	51	52	53	57	62	66	72	77	80	85	94	103	104
XMTI4ODA3Nzc1Mg==	1284	1771	2303	2908	3873	5846	8042	9738	10709	11398	11899	12295	12468	12665	12830	12948	13097	13217	13344	13465	13550	13665	13766	13880	14010	14096	14183	14277	14361	14435
XMTI4ODA4NTk3Ng==	1589	2713	3789	4560	5416	5811	6326	6645	6840	7020	7234	7422	7564	7677	7812	7956	8578	9699	10593	11451	12362	12819	13042	13243	13378	13515	13671	13803	13927	14081
XMTI4ODA4ODkyMA==	104	129	190	278	375	416	426	439	450	464	481	508	527	541	553	564	580	592	601	617	636	645	647	653	665	675	679	686	691	692
XMTI4ODA5MzM0NA==	619	1198	2011	3761	5505	5755	6844	7263	7548	7842	8125	8416	8717	9089	9389	9669	9874	10088	10304	10540	10773	10951	11133	11319	11518	11666	11804	11980	12156	12316
XMTI4ODAwOTIzMg==	9	13	18	26	32	35	43	46	47	49	50	50	51	53	55	58	58	58	134	135	135	136	136	136	139	139	139	142	143	146
XMTI4ODAxMjQxMg==	19	32	50	60	75	83	86	92	106	106	106	106	108	108	111	115	116	116	118	119	121	122	122	122	122	122	124	124	127	128
XMTI4ODAyMTEwNA==	123	211	293	323	378	428	492	549	617	683	729	772	837	910	965	1028	1065	1116	1163	1226	1288	1345	1417	1482	1550	1652	1750	1820	1896	1976
XMTI4ODAyNTU0OA==	28	41	73	94	125	141	153	160	164	177	186	193	197	202	207	223	265	288	317	323	338	345	356	371	377	380	383	383	387	391
XMTI4ODE0MzE1Ng==	2198	3845	4726	4954	5789	7534	8475	10199	10994	13756	14366	16006	16314	16592	16966	17364	18792	19016	19190	19345	19496	19692	19855	20021	20157	20345	20500	20636	20740	20858
XMTI4ODE0ODc0OA==	220	437	692	960	1126	1597	1798	2219	2429	2594	2750	2870	3026	3546	3777	3984	4149	4331	4570	4827	5222	5478	5685	5843	5975	6141	6475	6745	6958	7180
XMTI4ODE1NzMwMA==	33	48	64	73	81	106	128	224	399	425	446	469	485	507	519	525	533	537	543	547	551	553	555	557	557	561	566	567	568	568
XMTI4ODE2MjY2OA==	1276	2424	3312	4355	5066	5175	5286	5379	5482	6120	6178	6211	6288	6370	6416	6454	6502	6540	6586	6629	6677	6717	6755	6781	6795	6823	6855	6876	6908	6941
XMTI4ODE2NzUxNg==	4	7	8	8	12	15	20	22	23	28	28	31	31	32	35	37	40	41	42	43	48	51	56	58	63	65	70	72	74	77
XMTI4ODE3MzI4OA==	10	16	16	16	26	34	41	48	51	54	61	63	65	70	77	79	84	90	90	92	96	99	108	113	122	123	127	127	129	130
XMTI4ODE4MDAwNA==	41	92	122	139	156	172	196	221	239	272	304	317	337	363	395	420	445	461	487	511	533	563	596	630	661	690	722	768	808	868
XMTI4ODE4NTQ2MA==	3348	13857	36555	49629	61004	72980	84971	95967	108319	116936	120871	122884	125674	128077	130291	132507	133742	136022	138264	140482	142552	143281	145044	146917	148954	151082	153009	153619	155099	156287
XMTI4ODE5NDYyMA==	79	184	258	304	349	472	530	578	633	767	808	837	869	898	935	997	1053	1091	1153	1199	1252	1346	1383	1413	1440	1476	1527	1575	1595	1634
XMTI4ODEwMjYzNg==	17	22	32	38	53	64	88	103	138	160	182	194	197	208	213	224	240	258	278	294	313	324	357	390	410	418	426	430	445	453
XMTI4ODEzMjQwOA==	240	405	635	755	866	953	1024	1099	1160	1231	1304	1335	1363	1398	1413	1444	1472	1493	1521	1563	1586	1606	1632	1671	1693	1705	1723	1742	1752	1769
XMTI4ODEzNjg0OA==	2657	3395	5618	6848	8092	9260	9363	10161	10822	11320	11758	12151	12556	12946	13238	13523	13775	13987	14179	14392	14616	14776	14928	15081	15221	15352	15492	15634	15753	15874
XMTI4ODI0MjI4MA==	1126	1679	2294	2771	3260	3589	3993	4238	4485	4816	5044	5289	5485	5676	5931	6319	6711	7062	7491	8010	8436	8789	9044	9334	9681	10089	10580	10982	11373	11750
XMTI4ODI0OTc5Mg==	5	8	17	23	32	38	39	45	53	56	64	65	69	71	77	79	83	88	88	91	99	104	106	110	115	120	123	123	131	136
XMTI4ODI1MjM5Mg==	196	337	426	575	614	644	738	783	816	912	935	952	966	982	993	996	998	1001	1003	1003	1009	1010	1017	1030	1036	1048	1051	1053	1058	1061
XMTI4ODI2MTkxMg==	690	882	1182	1452	2091	2698	3067	3319	3703	4112	4571	5010	5453	6010	6589	7217	7850	8452	9075	9708	10429	11007	11720	12521	13580	14412	14902	15407	15820	16284
XMTI4ODI2NTY4OA==	7	32611	64114	88907	113243	135650	161245	161252	161253	161256	161260	161262	161264	161267	161269	161271	161273	161275	161282	161286	161289	161291	161296	161300	161303	161310	161313	161315	161319	161323
XMTI4ODI3NDE0OA==	237	317	499	619	739	828	927	1106	1439	1986	2272	2506	2677	2871	3127	3474	3907	4155	4401	4566	4735	4839	4978	5141	5264	5365	5444	5536	5643	5735
XMTI4ODI4MjI3Mg==	1533	1916	2316	3176	4736	5961	7358	8526	9536	10634	11781	12817	13959	14145	15490	16944	18160	19448	20634	21796	23152	24384	25610	25905	26917	28006	29033	30022	31059	32058
XMTI4ODI4NjA1Mg==	209	339	488	567	669	780	896	902	982	1066	1193	1307	1411	1518	1627	1753	1883	2057	2265	2404	2565	2672	2809	2956	3095	3219	3357	3479	3603	3713
XMTI4ODI4ODgxNg==	327	642	863	1057	1355	1676	1977	2393	3159	4018	4788	5644	6621	7595	8758	10085	11574	13112	14872	16333	17691	18896	19930	19948	21005	22341	23492	24920	25985	27271
XMTI4ODI5Mzc2OA==	180	276	414	490	585	656	720	795	860	919	980	1044	1099	1181	1248	1303	1358	1462	1562	1656	1759	1870	2030	2160	2323	2443	2596	2709	2829	2940
XMTI4ODI5NzIwNA==	1198	1547	2306	3096	3853	4436	4987	5692	6209	6697	7241	7804	8322	9039	9824	10456	11100	11623	12001	12422	12813	13282	13800	14309	14780	15279	15655	16069	16509	16974
XMTI4ODIwNzYwOA==	1706	2910	4056	4583	5448	6000	6436	6891	7340	7829	8256	8582	8994	9423	9768	10086	10349	10632	10983	11276	11576	11844	12093	12356	12598	12823	13015	13164	13327	13494
XMTI4ODIwOTExMg==	77	109	147	213	288	338	389	450	505	566	642	715	749	752	758	768	1225	1273	1310	1325	1355	1373	1383	1428	1446	1459	1461	1463	1464	1469
XMTI4ODIyNTAwMA==	23	47	78	99	120	132	143	155	170	187	196	204	227	244	255	269	289	304	319	343	356	368	387	410	423	453	471	480	493	504
XMTI4ODIyNjcyOA==	48	130	191	268	344	354	357	358	364	365	365	370	372	373	378	378	380	380	380	380	381	382	383	383	384	387	389	396	398	399
XMTI4ODM0MDI0OA==	77	156	219	246	275	290	290	294	296	296	297	297	300	301	301	302	302	303	304	305	305	306	306	306	306	306	306	308	308	310
XMTI4ODM0MjU4MA==	2534	5087	8386	11669	17049	19326	19526	20057	20415	20792	21160	21456	21739	22107	22453	22757	22989	23249	23496	23728	23919	24056	24219	24402	24616	24747	24860	24973	25111	25280
XMTI4ODM1NTI0MA==	120	172	237	300	348	388	442	475	516	561	588	610	644	690	725	751	777	829	959	972	997	1025	1059	1082	1112	1145	1186	1226	1253	1280
XMTI4ODM2ODI1Mg==	23	26	36	45	57	73	89	95	113	126	146	163	173	183	188	200	228	247	262	283	303	316	326	351	370	394	410	425	433	446
XMTI4ODM3OTYxMg==	15	27	33	47	62	69	77	82	89	96	101	105	109	118	127	141	149	161	206	257	280	296	312	317	335	342	351	354	355	362
XMTI4ODM4MTA4NA==	2	2	2	5	8	10	11	11	11	11	11	12	12	12	12	12	12	12	14	14	14	14	14	15	15	15	15	15	15	15
XMTI4ODM5MDg2MA==	0	0	0	0	0	0	0	0	0	0	0	0	0	0	0	0	0	0	0	1	1	1	1	2	2	2	2	2	2	2
XMTI4ODM5MzM1Ng==	348	438	573	752	959	1163	1338	1374	1397	1417	1428	1441	1457	1464	1470	1473	1480	1483	1486	1487	1487	1492	1494	1497	1501	1501	1501	1502	1503	1506
XMTI4ODMwOTE2NA==	1081	2126	3541	4510	5354	6681	7559	8226	8908	9481	10144	10721	11404	12095	12704	13213	13645	14165	14725	15229	15810	16331	16888	17419	17992	18793	20407	21751	23023	24136
XMTI4ODMxNTA2OA==	651	1085	1292	1692	2131	2355	2595	2788	2910	3285	3838	4217	4332	4381	4415	4444	4543	4888	5202	5412	5561	5689	5733	5812	6014	6231	6440	6581	6661	6741
XMTI4ODMxNjg1Ng==	51	67	83	128	179	211	241	265	295	310	329	345	352	361	371	381	388	397	401	1446	1453	1467	1470	1477	1484	1491	1492	1493	1498	1505
XMTI4ODMyMDM1Ng==	4	4	8	13	15	18	20	21	22	22	22	24	25	28	31	33	38	40	44	44	48	48	58	61	65	74	76	82	85	91
XMTI4ODMyMjQyNA==	195	276	367	436	519	618	686	712	753	779	806	830	879	930	979	1002	1023	1047	1065	1095	1121	1145	1157	1172	1193	1203	1219	1233	1245	1253
XMTI4ODMyNTUwOA==	726	1633	2523	2841	3646	3985	4743	5071	5491	5917	6205	7146	7474	7961	9320	9673	9895	10160	10446	11819	12122	12344	12568	12820	13038	13254	13667	13983	15370	15611
XMTI4ODMyNzc5Mg==	253	370	475	554	667	763	887	974	1052	1161	1286	1434	1588	1809	1992	2172	2408	2636	2842	3042	3234	3424	3646	3940	4188	4378	4627	4785	4964	5206
XMTI4ODMzMDQ3Mg==	1024	1696	2959	3947	5071	6508	8853	9826	10671	11431	12215	12787	13482	14207	14706	15128	15588	16013	16463	17984	18566	19023	19370	19706	19916	20085	20419	20699	20931	21113
XMTI4ODQ0MDA5Mg==	101	213	313	367	388	449	519	579	647	718	775	849	901	965	1044	1130	1192	1259	1334	1432	1521	1622	1742	1842	1941	2037	2142	2225	2309	2460
XMTI4ODQ0NDExNg==	155	165	290	489	532	573	757	788	845	879	1025	1042	1048	1053	1057	1063	1067	1069	1078	1089	1092	1094	1097	1099	1103	1107	1109	1110	1112	1114
XMTI4ODQ2MTg3Ng==	10	18	28	31	34	37	38	43	46	49	50	50	50	54	55	56	59	61	63	63	65	72	72	73	75	77	79	81	81	85
XMTI4ODQ2ODQwMA==	11	23	25	35	47	55	72	75	80	84	85	86	89	94	95	95	96	98	98	100	100	111	123	131	138	142	151	152	153	157
XMTI4ODQ3MzgyNA==	385	706	1006	1181	1445	1498	1534	1559	1583	1600	1609	1625	1645	1659	1668	1685	1699	1708	1741	1745	1758	1772	1789	1796	1801	1807	1815	1829	1834	1836
XMTI4ODQ4MTIyNA==	1534	3125	5111	6863	8547	9921	11940	14268	16123	17541	18973	20063	21152	22808	24395	25458	26223	27015	27776	28565	29443	30231	31047	31958	32598	33145	33572	33903	34255	34546
XMTI4ODQ4NTQyNA==	278	748	1432	1677	1936	2648	3158	3341	3688	3844	3877	3909	3951	3972	4006	4039	4100	4184	4245	4311	4393	4470	4544	4637	4750	4839	4941	5014	5055	5094
XMTI4ODQ5MDg0MA==	781	1661	2391	2748	3052	3267	3428	3630	3810	3940	4096	4199	4307	4408	4498	4631	4779	4916	5048	5225	5361	5487	5596	5712	5790	5864	5957	6014	6063	6112
XMTI4ODQ5Mzc2OA==	562	774	2036	3265	4204	4409	4602	6388	6714	6900	7041	7176	7298	7434	7541	7601	7679	7750	7798	7870	7946	8023	8112	8203	8266	8337	8421	8502	8592	8651
XMTI4ODQ5NDE1Ng==	195	275	421	512	623	773	886	1001	1091	1171	1261	1328	1412	1497	1606	1711	1898	2284	2584	2857	3150	3412	3602	3806	4057	4239	4393	4563	4706	4853
XMTI4ODQ5NzU3Mg==	352	543	692	734	1068	1476	1537	1560	1564	1600	1814	1831	1839	1852	1864	1873	1884	1890	1899	1910	1932	1941	1952	1966	1974	1990	2001	2008	2011	2018
XMTI4ODQwNzA1Mg==	134	342	583	771	914	968	1145	1207	1264	1289	1531	1573	1611	1727	2089	2170	2210	2237	2255	2266	2281	2295	2301	2305	2321	2334	2358	2366	2660	2669
XMTI4ODQxMTQ2MA==	1	2	2	3	4	4	4	4	4	4	11	11	16	18	21	22	23	23	24	24	24	25	25	25	25	25	25	25	25	27
XMTI4ODQxMjQ1Mg==	12	23	30	37	39	43	50	50	56	60	67	72	77	79	82	83	85	88	95	99	110	112	113	118	119	123	124	126	130	134
XMTI4ODQxMzA4MA==	423	763	1082	1252	1411	1548	1678	1738	1783	1828	1869	1905	1948	1992	2022	2047	2082	2122	2141	2155	2186	2212	2240	2263	2283	2303	2326	2360	2397	2422
XMTI4ODQxODI5Ng==	137	197	314	363	434	451	543	563	584	609	634	660	677	684	698	726	752	774	793	830	854	876	917	932	959	983	1008	1026	1046	1061
XMTI4ODQyMDQwMA==	0	0	0	0	0	0	0	1	1	1	1	1	1	1	1	1	1	1	1	1	1	1	1	1	1	1	1	1	1	1
XMTI4ODQyMTMwOA==	2	4	5	6	6	8	8	8	8	8	8	8	8	8	8	8	8	8	8	8	8	8	8	8	8	8	8	8	8	8
XMTI4ODQyNDY5Ng==	228297	452651	571469	642145	642602	735914	806193	893243	935193	983102	1034206	1034273	1034318	1034363	1057045	1057103	1057144	1057161	1072186	1072232	1072286	1072318	1072356	1072504	1072549	1072574	1072586	1134601	1134667	1134710
XMTI4ODQzMjIyNA==	4778	9744	19134	24659	32217	48988	59164	63511	66423	68355	69939	70910	71148	71630	72200	72635	73082	73520	73886	74223	74592	74849	75086	75298	75478	75672	75855	76020	76169	76317
XMTI4ODQzNjYyMA==	304	397	510	566	750	1018	1104	1217	1579	1821	1957	2070	2195	2301	2657	2755	2876	3105	3268	3423	3576	3644	4078	4120	4177	4209	4264	4304	4390	4441
XMTI4ODU0MTMyNA==	2023	4865	7911	10135	11571	12020	12430	12837	13099	13312	13457	13596	13711	13806	13948	14049	14159	14241	14306	14354	14413	14463	14518	14578	14619	14677	14729	14776	14824	14867
XMTI4ODU0NzM1Ng==	27	48	51	66	74	92	108	118	127	140	148	154	161	176	192	198	207	220	225	232	241	252	258	275	291	298	306	318	330	342
XMTI4ODU0ODg0NA==	823	2223	3073	3963	4460	4803	5606	5969	6273	6520	6741	6914	7873	8028	8221	8373	8519	8661	8780	9773	9891	10019	10129	10236	10338	10450	11701	11816	11926	12000
XMTI4ODU1MzQyMA==	2	2	4	6	6	8	8	9	9	9	9	9	9	10	10	10	10	10	10	10	11	11	11	12	12	13	13	13	13	14
XMTI4ODU1NDkwNA==	54	74	109	130	167	186	204	240	310	359	386	399	417	428	443	462	487	502	521	546	575	586	606	618	636	642	659	674	683	701
XMTI4ODU1NzQ0MA==	9295	15025	24974	33755	35952	36485	36921	37226	37463	37755	38006	38229	38393	38540	38691	38826	38952	39039	39115	39188	39244	39278	39327	39364	39395	39418	39446	39460	39489	39503
XMTI4ODU2MDM3Ng==	134	230	304	353	421	479	556	601	616	638	653	675	689	704	719	732	745	758	768	776	799	813	821	826	829	838	843	866	897	911
XMTI4ODU3NDAyOA==	5	11	15	18	19	19	26	31	32	34	34	35	39	39	41	41	42	44	48	49	52	53	54	54	57	59	70	71	71	77
XMTI4ODU3ODczMg==	434	715	1013	1212	1486	1673	1841	1964	2098	2216	2314	2412	2524	2604	2694	2780	2931	3079	3184	3250	3309	3368	3417	3452	3504	3585	3658	3709	3767	3807
XMTI4ODU4NTYyOA==	775	2227	3401	3861	4626	5421	7018	7546	7938	8214	8514	8814	9130	9412	9681	9884	10035	11247	11375	11505	11648	11789	11963	12175	12449	12724	13102	13381	13590	14620
XMTI4ODU4ODI3Mg==	1779	3528	5690	6379	6886	7278	7635	7979	8267	8571	8870	9104	9294	9480	9625	9773	9902	10009	10152	10285	10393	10492	10624	10770	10847	10959	11106	11181	11254	11338
XMTI4ODU5ODY5Ng==	768	1244	1699	1974	2313	2511	2691	2846	2986	3164	3317	3450	3617	3767	3908	4034	4183	4516	4652	4758	4861	4961	5110	5211	5319	5433	5572	5684	5734	5792
XMTI4ODUwMzI0OA==	1051	2335	3662	4251	4778	4836	4901	5012	5098	5194	5303	5420	5528	5626	5712	5772	5834	5921	6016	6110	6220	6321	6428	6546	6679	6804	6931	7062	7203	7318
XMTI4ODUwODQ5Mg==	3342	5994	9767	12838	15793	16503	17744	18572	19246	19826	20246	20595	20880	21139	21325	21519	21679	21723	21776	21851	21887	21937	21994	22039	22067	22111	22118	22146	22289	22437
XMTI4ODUwOTc2NA==	148	303	446	541	646	728	824	901	951	997	1040	1081	1117	1146	1176	1197	1221	1237	1271	1296	1324	1353	1378	1408	1446	1491	1537	1563	1595	1618
XMTI4ODUxODE4OA==	13	21	31	34	45	53	68	79	100	115	125	130	141	146	158	173	189	205	222	237	241	246	259	272	281	301	323	340	359	382
XMTI4ODUxOTQxNg==	13	15	24	26	37	40	47	56	57	61	63	64	68	70	82	91	97	105	127	164	204	237	264	295	349	410	517	553	599	658
XMTI4ODUyMTM0MA==	76	112	161	208	253	276	289	318	335	355	368	375	388	401	415	430	450	467	495	502	511	539	554	580	603	615	636	654	665	678
XMTI4ODUyNjEzMg==	1143	3769	7175	9049	10295	11740	12701	13245	13761	14294	14825	15434	16206	16881	17362	17864	18520	19048	19605	20238	20817	21323	21770	22185	22603	23059	23784	24382	24861	25435
XMTI4ODUzMjYyOA==	290	1327	2482	3429	4508	5315	6238	7064	7913	8768	9501	10215	10949	11760	12470	13232	13943	14581	15181	15834	16560	17143	17624	17903	18220	18525	18858	19068	19160	19328
XMTI4ODUzNTA1Mg==	342	660	831	1048	1213	1581	1805	1959	2109	2223	2304	2370	2472	2560	2611	2647	2697	2722	2776	2824	2874	2898	2905	2910	2941	3002	3218	3341	3399	3446
XMTI4ODUzNjkwOA==	31	64	87	103	143	166	187	217	231	240	251	262	270	278	290	303	316	334	344	359	372	377	401	410	416	424	429	444	455	457
XMTI4ODY1OTQ0OA==	529	1083	3141	4071	5888	7463	9469	10606	11744	12503	13160	13783	14172	14497	14759	14961	15155	15380	15590	15763	15929	16072	16233	16364	16485	16616	16766	16933	17018	17128
XMTI4ODY2Nzk4OA==	10	17	29	36	50	58	64	75	87	99	106	112	114	118	123	129	143	158	173	187	199	200	200	205	205	207	210	212	212	215
XMTI4ODY3OTUxNg==	236	425	598	695	803	880	949	1028	1098	1257	1443	1603	1693	1801	1911	2024	2152	2300	2485	2711	3176	3604	3948	4282	4837	5254	5499	5680	5848	6010
XMTI4ODY4MTEyMA==	383	798	1156	1442	1799	2166	2515	2859	3189	3466	3837	4195	4501	4899	5303	5683	6037	6322	6703	7055	7398	7669	7987	8274	8559	8849	9171	9466	9786	10038
XMTI4ODY4NTE1Mg==	5	6	6	6	11	16	21	23	23	24	26	27	28	31	32	35	35	35	35	35	36	36	37	38	38	38	38	38	39	39
XMTI4ODY4NzU2MA==	4	6	11	12	15	20	22	23	23	28	31	170	170	170	172	172	172	172	173	174	174	175	175	175	176	178	178	178	178	179
XMTI4ODY5NzA3Ng==	78	124	197	217	259	283	296	304	312	321	330	334	340	350	355	358	363	365	366	370	371	372	378	383	385	385	385	386	387	387
XMTI4ODYwODEwNA==	33	87	105	127	156	191	225	264	314	383	418	440	469	523	566	607	668	749	758	796	841	893	908	915	923	923	930	934	935	941
XMTI4ODYxNzkwOA==	13	16	25	28	35	38	46	56	69	83	94	105	117	125	141	153	173	178	189	207	230	246	274	304	318	327	336	351	361	377
XMTI4ODYyNDkwOA==	11148	19919	24746	30392	34534	37403	40437	41594	43229	44794	46105	47146	47878	48296	48680	48777	49249	49729	50201	50615	50958	51271	51652	51940	52196	52405	52631	52843	53023	53182
XMTI4ODc1MDY0MA==	17	25	30	31	47	57	63	63	63	65	65	67	68	74	78	79	81	82	90	91	92	93	94	94	94	95	95	96	96	96
XMTI4ODc1NTI2OA==	2	3	5	5	5	7	8	8	8	8	8	9	9	9	9	9	10	10	10	10	10	10	11	11	11	11	11	11	11	11
XMTI4ODc2NjQzMg==	854	5808	12071	15879	19856	23427	26037	29142	29447	29821	30159	30401	30648	30867	31137	31369	31557	31808	32083	32323	32586	32887	33120	33360	33556	33742	33904	34063	34206	34351
XMTI4ODc3NTcxNg==	56544	123747	155235	179762	195545	252547	270788	278481	283710	287267	289943	292126	294979	295943	297802	298207	299920	300307	301676	302444	302666	303349	304089	304682	304885	305298	305845	306310	306515	306709
XMTI4ODc5MjIyNA==	14	32	47	56	63	69	70	71	71	71	72	72	72	72	73	73	74	74	76	77	77	77	77	77	77	77	77	77	77	77
XMTI4ODc5OTMxNg==	5	7	14	18	24	26	26	28	28	28	29	29	29	29	29	29	29	29	30	30	30	31	31	31	31	32	35	36	38	38
XMTI4ODcxMzE5Mg==	3	5	9	11	14	17	19	22	22	22	23	23	23	23	23	25	26	28	28	28	28	29	31	32	32	34	34	34	34	34
XMTI4ODcxNjY1Mg==	4	7	10	12	14	14	15	15	16	16	16	17	17	17	18	18	18	18	18	18	19	19	20	20	20	20	22	22	22	22
XMTI4ODczNzYwNA==	60	137	192	220	257	279	330	338	355	361	372	390	399	410	419	428	437	449	454	456	464	468	479	486	488	496	503	508	514	515
XMTI4ODgxMDkxMg==	19204	37953	55763	67091	77878	86904	93682	98096	101098	106874	112569	114866	117521	117922	121588	125659	129126	130463	131580	132454	134355	153603	175032	178972	181482	183509	185394	187358	188937	190274
