Log-Linear-MLE: 0.3452315
Linear-LRS: 1.236304
Multi-Linear-LRS: 1.180141 1.290875 1.236982 1.533545 1.369576 1.767452 2.133439

----------------------------------------------------------------------------------------------------
0000000
1.8710562 0.7292189 1.4115649 1.2689845 1.5307522 0.7547255 5.7702485
0100000
1.7260303 1.0113645 1.0631047 1.8750424 0.7510338 3.4531069 2.4238536
1000000
1.165725 1.246080 1.268853 1.830004 1.503788 1.970634 3.043560
1010000
1.248046 1.041718 0.970693 2.397707 2.101312 1.510596 4.089463
1100000
1.211600 1.092533 1.204722 2.423859 2.362118 1.973938 3.828769
others
1.221962 1.466071 1.107178 1.195812 1.175891 1.413031 1.431739
