XMTM2MTQzNzQ5Ng==	1196	574	118	81713	36	46	52	78	48	214	261	93	24	22	35	33	14	14	17	17	34	45	40	5264	63	4	209	5	195	2
XMTM2MTEwNjA0MA==	106	42	53	1	4	1	2	0	2	1	0	2	0	0	0	1	0	5	0	1	0	0	0	0	0	0	1	0	1	0
XMTM2MDg1NjIwMA==	6	4	3	1	0	0	0	0	0	0	0	0	0	0	0	0	0	0	1	0	0	0	0	0	0	0	1	0	2	3
XMTM2MTE3MjQ2NA==	27	634	413	87	137	78	54	77	51	76	60	110	44	50	68	7	38	55	23	58	25	50	56	12	1	34	21	36	58	22
XMTM2MTIyNTY3Ng==	149	72	80	23	7	3	2	2	1	1	3	2	0	2	1	1	0	1	6	8	1	0	7	1	1	0	1	1	0	4
XMTM2MTY3NDU3Ng==	8	3	0	331	19	7	9	3	3	1	0	1	0	0	4	0	1	4	1	3	0	2	1	0	0	4	0	7	0	0
XMTM2MTEwNTkzMg==	8	6	15	0	0	0	0	0	0	0	0	0	0	0	0	0	0	0	0	0	0	1	0	0	0	0	0	0	0	0
XMTM2MTQ4MjI0OA==	25	7	9	3	0	0	0	0	0	0	0	0	0	0	0	0	0	0	1	0	0	0	0	0	0	0	0	0	0	0
XMTM2MTI1OTYyMA==	10	8	4	0	1	0	0	0	0	0	1	0	0	0	0	1	0	0	0	0	0	1	0	0	1	0	0	1	1	0
XMTM2MDg1NDUxMg==	137	71	54	12	2	0	3	0	1	0	0	1	1	2	0	0	0	1	1	2	1	1	1	0	0	0	0	0	1	0
XMTM2MTI2MjM2MA==	6	8	4	4	21	54	113	224	194	56	73	98	48	83	100	134	311	699	277	1311	960	1911	1936	657	141	326	365	213	601	421
XMTM2MDk0NDY4MA==	23	8	8	7	0	2	4	4	4	2	1	1	1	0	0	1	0	0	1	11	0	3	1	1	1	0	0	6	2	0
XMTM2MTI5NTc0OA==	10	4	5	1	0	0	0	0	0	0	0	0	0	0	0	0	0	0	0	0	0	0	0	0	0	0	0	0	2	0
XMTM2MTEwNDc1Ng==	2	1	0	4	43	16	4	12	1	4	1	0	3	0	0	1	0	14	0	0	0	0	1	1	0	3	92	12	1	2
XMTM2MTA5OTk2NA==	17	4	77	6	5	2	3	1	1	0	0	0	0	0	0	0	1	1	0	0	0	0	1	0	0	0	0	0	0	0
XMTM2MDIyMzQ4NA==	36	15	11	5	2	0	0	3	0	1	1	0	1	5	1	0	1	3	1	7	0	1	0	0	1	0	5	0	0	1
XMTM2MTU4MzkwOA==	13	5	6	0	2	2	0	4	0	0	0	0	0	1	0	0	1	0	0	2	0	0	1	0	0	0	1	0	0	0
XMTM2MTMxMTQ4NA==	10	3	6	0	0	0	0	0	0	0	0	0	1	1	0	0	0	0	0	0	0	0	0	0	0	0	0	0	0	0
XMTM2MTI1NjU2MA==	42	21	90	17	0	2	1	9	6	6	1	1	2	2	1	1	1	2	0	8	2	1	3	1	0	1	1	0	1	2
XMTM2MDkwODMzNg==	176	87	60	40	4	6	4	4	14	5	0	3	1	0	0	1	0	0	1	36	3	4	4	1	0	7	2	5	4	3
XMTM2MTMyOTIzNg==	40	15	11	6	0	0	0	0	0	1	0	0	0	0	0	0	0	0	0	0	0	0	0	0	1	0	0	0	0	3
XMTM2MTQ1NzgwOA==	69	33	26	5	0	1	2	0	0	0	1	2	0	1	0	0	4	0	0	5	0	0	3	0	1	7	0	0	1	1
XMTM2MDg5OTU2OA==	3441	7556	2821	2444	16	1	5	20	116	3	1	5	0	8	0	10	7	10	8	1	3	2	11	4	9	287	183	73	117	229
XMTM2MTI0NTQ5Ng==	7	1	1	0	1	0	950	1489	86	34	10	1	3	9	3	0	2	7	7	67	1	4	3	1	2	1	2	0	5	2
XMTM2MTEyMjA4MA==	3719	2205	1648	127	388	17	322	413	453	410	402	337	283	229	474	417	111	40	117	146	66	41	28	23	116	38	47	27	50	59
XMTM2MTEwODQ4NA==	13	2	2	0	17	1236	1572	1305	1203	846	394	343	251	146	140	121	81	140	266	234	66	14	3	7	0	0	113	5	31	22
XMTM2MDc3MzQ4MA==	1397	1835	331	186	18	80826	31419	3347	1822	55	5515	6138	5502	6294	2825	2418	3676	210	374	152	146	157	112	144	12137	1472	580	419	448	14076
XMTM2MTcwMjI4NA==	727	349	1348	20	11	19	12	27	5	10	4	9	0	0	8	23	0	30	17	1	1	2	2	4	3	6	1	5	2	4
XMTM2MDk4NjYyOA==	174	54	572	67	2	2	3	0	1	1	0	0	0	1	1	0	5	8	4	1	0	2	0	1	2	0	0	0	14	3
XMTM2MTQ0MDMwMA==	33	15	12	0	4	1	0	3	1	0	1	3	0	0	0	4	1	2	0	5	1	0	0	1	0	0	0	1	0	0
XMTM2MTUxNTk2NA==	4	0	1	8	2	2	0	1	1	0	1	1	1	0	2	1	0	7	4	1	0	3	1	1	4	0	0	8	2	3
XMTM2MTE5NTA0OA==	3	13	0	21	9	2	1	0	0	0	0	0	0	0	0	1	0	0	0	0	0	0	0	0	1	0	0	0	0	0
XMTM2MTQ0ODg4MA==	10	77	12	4	3	0	0	0	0	1	1	11	1	47	2	16	0	4	3	31	1	0	0	0	0	0	1	0	0	0
XMTM2MTE2OTA2OA==	11	3	14	0	0	0	0	0	0	0	0	0	0	0	0	0	0	1	0	0	0	0	0	0	0	2	0	0	0	1
XMTM2MTMxMDI3Ng==	23496	17237	7780	2870	2378	37	93	606	1585	440	1322	377	296	582	613	522	622	265	951	254	25	175	125	174	166	119	163	153	39	57
XMTM2MTEzNTgwNA==	12	7	281	91	42	36	27	17	21	62	9	1	13	8	33	2	23	19	15	177	16	11	0	6	3	3	0	0	2	4
XMTM2MDg1NjA3Mg==	136	53	5	30934	6	16	61	11	22	0	5	0	86	12	7	5	2	11	2	6	7	10	19	1931	4	4	1530	0	20	2
XMTM2MTA3OTMzMg==	2	1	66	59	1342	244	1065	230	79	50	33	47	49	8	30	65	305663	42	77	43	39	31	24	43	26	38	1517	87	4959	10
XMTM2MTE4ODc0OA==	83	36	5	4	170	325	52	34	34	27	12	4	6	7	11	4	1	3	2	98	13	8	5	3	3	3	0	4	4	15
XMTM2MDk4NjQxNg==	61	35	21	2	6	0	4	4	32	15	2	3	9	4	7	10	22	11	2	34	10	2	1	0	1	0	1	2	1	1
XMTM2MTY3OTEyNA==	57	20	37	0	0	0	0	0	0	0	0	1	1	0	1	0	0	0	0	0	2	0	1	0	0	1	0	0	5	0
XMTM2MTUwMDIxMg==	11	5	3	0	0	0	1	0	0	0	1	0	0	0	0	2	0	0	1	0	0	0	0	0	0	0	1	0	0	0
XMTM2MTMzNDM2NA==	50	18	10	736	23	52	41	8	1	8	26	24	12	11	14	10	24	3	8	171	31	31	381	532	38	789	38	38	9	5
XMTM2MDkyOTUyOA==	152	59	2	4	167	1120	158	52	21	6	1	1	0	3	0	2	3	0	0	18	0	0	2	1	0	2	0	0	1	0
XMTM2MTAyNTQ4NA==	116	67	21	20	3	27	322	580	142	84	105	85	80	99	58	54	33	43	4	51	34	28	2	38	5	14	2	33	20	10
XMTM2MTE3Mzk0OA==	70	23	3	437	11	17	3	3	0	0	4	0	1	0	2	2	0	3	0	8	1	0	1	0	0	2	0	8	2	0
XMTM2MTExMjA4MA==	8	2	1	0	0	1	39	0	0	0	0	0	0	0	0	0	0	0	0	0	0	0	0	0	0	0	0	0	0	0
XMTM2MDk5NTk0OA==	17	4	4	1	0	1	0	0	1	0	1	0	2	0	0	0	0	1	0	5	0	0	0	1	0	0	0	0	0	0
XMTM2MTA5NTczMg==	320	89537	823	456	260	144	145	100	87	102	109	76	71	59	31	70	78	101	46	4	47	25	40	16	17	13	16	1612	1410	294
XMTM2MTE3ODkyOA==	562	2170	1079	762	13	226	105	37	18	55	1	3	8	7	1	1	6	33	5	119	1	6	4	8	1	192	20	24	12	16
XMTM2MTYxNjU2OA==	352	831	217	45	45	0	3	84	43	56	34	9	0	11	54	9	1	47	11	21	33	50	22	5	2	0	1	8	16	49
XMTM2MTIxNTAwNA==	25	9	75	48	6	7	4	6	4	2	2	0	2	0	2	0	2	2	0	7	1	1	2	1	5	1	4	16	16	7
XMTM2MTE2MDA4OA==	7	1	0	27	4	1	0	0	0	0	0	0	0	0	3	7	1	0	0	0	0	0	1	1	0	0	0	0	0	0
XMTM2MDc4NTE2NA==	98	27	23	1	1	3	0	3	0	1	0	0	0	0	1	0	0	0	0	5	0	0	0	1	0	2	0	0	0	1
XMTM2MTI1ODE0NA==	122	45	91	161163	823	409	353	65	37	15	4	39	55	51	45	44	48	41	30	32	28	26	47	31	19	25	5	19	20	28
XMTM2MTQwNDQwOA==	7	93	0	1	0	0	0	0	0	0	1	0	3	0	0	0	1	0	0	0	0	0	0	0	1	0	0	3	0	0
XMTM2MTMxODY2NA==	18	10	7	1	0	0	0	0	0	0	0	0	0	0	0	2	0	0	0	0	0	0	0	0	0	0	0	1	1	0
XMTM2MTE1NzkyMA==	156	66	47	28	4	6	7	1	1	0	2	0	0	0	1	0	1	0	0	9	0	0	0	0	2	10	9	2	19	9
XMTM1OTU3ODgwNA==	5	0	43	10	1	0	0	0	0	1	0	1	0	0	1	0	0	0	0	3	0	0	0	0	1	0	0	0	1	0
XMTM2MTIzNTI2NA==	38	329	1	1	0	0	0	0	0	0	0	0	0	0	0	0	0	0	0	0	0	0	18	19	10	0	7	5	8	0
XMTM2MTYwMDMyMA==	560	3180	661	354	35	95	109	95	71	44	28	39	11	1	2	6	3	3	0	158	74	32	13	7	6	18	7	10	2	10
XMTM2MTMxOTcyMA==	143	91	61	9	0	1	0	0	0	1	1	0	0	0	1	0	3	0	1	0	0	0	0	0	0	2	0	20	10	0
XMTM2MTQxMzc3Ng==	25	14	11	0	3	0	5	493	179	61	5	4	0	9	41	15	1	1	4	136	10	5	5	9	2	4	5	7	7	8
XMTM2MDg5NzM4MA==	47	10	2	688	74	22	18	12	5	9	1	5	0	1	0	1	1	1	0	21	13	7	6	0	3	4	3	2	6	2
XMTM2MTI2MzQ5Mg==	107	61	64	6	3	2	2	0	1	1	1	2	0	3	1	2	5	0	2	8	3	2	3	0	0	0	1	0	0	1
XMTM2MTUxODk2NA==	7	9	3	0	0	0	1	0	1	0	0	0	0	0	0	1	0	0	0	1	0	0	0	0	0	0	0	0	0	0
XMTM2MDg5MDQ1Ng==	91	153	63	21	1	2	10	20	21	13	1	7	2	5	4	5	6	6	0	34	0	4	1	2	1	5	8	2	4	1
XMTM2MTQ2MTg2OA==	139	3027	139	40	45	22	24	14	1	17	2	24	31	20	15	11	9	9	9	56	15	18	27	4	1	19	9	18	8	10
XMTM2MDg5NTcwOA==	3	2	0	7	1979	5493	3253	3070	4029	2598	2028	3055	3087	3375	2554	3052	2430	1474	1383	1044	1195	918	1097	784	491	1017	505	705	849	794
XMTM2MTE2MTcwMA==	221	97	59	4	14	4	2	5	4	15	4	0	1	2	7	1	0	6	2	28	2	2	0	1	2	1	2	2	9	0
XMTM2MTI3NzQ4NA==	4	14	5	0	1	1	0	0	13	19	36	40	42	57	72	16	48	94	112	145	135	297	428	277	130	200	53	164	154	128
XMTM2MTI3MTk0MA==	6	15	5	2	0	0	0	0	0	0	1	0	0	0	0	0	1	1	0	1	0	0	0	0	0	0	0	0	0	0
XMTM2MTM1MDg3Ng==	68	100	13	215	43	6	3	3	4	0	1	2	0	0	1	0	0	0	4	11	3	1	3	1	0	3	0	2	0	1
XMTM2MTI1ODc3Ng==	25	20	7	9	142	201	313	627	402	384	192	222	223	227	388	481	14633	17770	16857	19611	19949	34039	31033	6222	93	755	161	1353	2319	1623
XMTM2MTE0MzA1Ng==	18	10	50	14	12	12	0	0	5	0	0	0	0	0	1	0	0	0	0	1	1	3	0	0	0	0	0	0	0	0
XMTM2MDU1NjIyNA==	2	0	0	520	173	33	12	16	11	1	2	4	2	0	1	3	6	0	3	9	0	0	0	3	2	1	2	0	2	0
XMTM2MTA4OTgxMg==	163	49	0	1591	6	2	9	0	1	0	0	0	0	0	2	3	0	6	1	10	0	9	3	3	1	10	7	2	3	0
XMTM2MTU1NDQyOA==	107	628	172	70	1	11	7	20	11	16	6	1	2	11	1	0	1	2	1	41	2	2	0	0	1	2	0	1	0	0
XMTM2MTMzNzY4OA==	40	14	11	3	2	3	0	0	1	0	1	0	1	0	0	2	2	0	0	2	1	0	0	2	0	1	0	0	0	0
XMTM2MTQ5ODk5Mg==	67	269	168	101	2	2	17	2	0	1	0	1	0	3	0	0	0	0	0	0	1	0	0	3	3	1	9	2	0	0
XMTM2MTAxMTM0NA==	256	164	59	61	2	12233	360	160	89	91	42	1	9	2	3	3	6	11	0	292	295	387	436	309	289	1028	98	31	17	15
XMTM2MTM0MDcwMA==	4	12	5	0	0	1	0	3	0	0	3	1	2	0	0	1	0	3	0	1	1	0	0	2	1	0	1	1	1	0
XMTM2MDg3NDMxMg==	1162	895	430	24	7	8	0	2	6	1	2	1	5	1	6	0	16	1	4	1	1	0	0	6	3	32	12	104	65	2
XMTM2MTU4MjAyOA==	1948	2444	893	232	56	8	46	8	44	7	18	30	4	3	1	20	26	13	5	91	5	8	7	4	6	3	6	10	7	11
XMTM2MTM3Mjc0NA==	32	235	113	29	1	15	6	0	0	0	0	2	0	0	3	1	3	1	0	2	1	0	0	1	0	1	2	0	1	0
XMTM2MTU0OTQ0OA==	8	16	2	0	0	54	2	0	0	0	1	0	1	0	0	0	0	0	0	1	0	1	0	0	0	2	0	0	4	1
XMTM2MTAwMDcxNg==	7	3	4	21828	25	23	10	22	26	12	6	18	12	7	0	2	1	1	3	29	1	2	1	0	1	0	1	1	0	1
XMTM2MDczMjY5Ng==	30	16	11	0	3	5	4	2	1	1	0	1	0	0	1	3	0	1	0	0	0	1	0	0	0	1	0	2	2	1
XMTM2MTM3MjU5Ng==	2892	2445	654	458	6904	461	126	108	166	2	140	8	25	100	107	109	80	101	140	169	126	117	76	76	49	117	185	108	64	161
XMTM2MDg2NDg2MA==	13	1	24	2	1	0	0	0	0	0	0	0	0	0	0	0	0	0	0	0	0	0	0	0	0	0	1	0	0	0
XMTM2MDk1Nzk5Ng==	52266	326777	1521	1494	1459	1295	1102	1094	279	69	16	37	132	130	109	125	112	54	74	50	62	73	19	36	35	29	25736	211	443	388
XMTM2MDc0NDQ3Mg==	978	570	131	117	7625	4823	106	48	31	65	58	56	79	68	62	53	58	51	10	63	14	10	11	13	6	0	15	6	17	7
XMTM2MTI2MTUyOA==	180	112	195	70	6729	21502	55	20	8	1074	1782	1857	2116	716	7	4	2	2	7	2	2	3	8	244	69	0	3	12	0	6
XMTM2MDk1MTk4OA==	3	10	4	0	0	0	0	0	0	1	0	0	0	1	0	0	2	0	0	4	1	0	1	0	0	8	0	1	0	0
XMTM2MDI0NDU3Mg==	7	1	0	0	0	39	11	4	0	1	0	1	0	0	1	14	3	0	1	7	1	0	0	0	0	1	0	0	0	0
XMTM2MTU5NjQ3Ng==	1100	644	372	121	80	19	7	152	75	94	48	27	20	25	50	133	46	16	2	230	33	11	109	52	20	50	35	59	57	33
XMTM2MDk4NzYwMA==	1025	530	577	142	57	41	8	11	13	45	27	37	24	7	4	0	10	25	5	115	21	10	2	20	1	2	8	18	21	15
XMTM2MTI4MjY1Mg==	12	77	20	1	2	0	0	0	0	1	0	0	1	0	6	2	1	0	0	8	0	0	0	0	0	0	1	1	0	0
XMTM2MTExODM2OA==	11	26	8	6	4	0	0	4	3	3	0	0	0	4	0	5	0	4	1	0	0	0	5	0	1	9	1	0	0	0
XMTM2MDkzMjY0MA==	29	11	309	149	92	45	63	33	38	92	80	54	72	48	58	46	47	89	66	52	106	48	83	74	76	111	30	100	64	78
XMTM2MTI0MjIzMg==	32	15	12	8	2	2	2	1	2	3	3	1	0	1	3	0	2	3	1	9	2	1	2	0	0	1	5	2	3	1
XMTM2MTQyNjIwNA==	9	3	3	0	0	0	0	0	0	0	0	0	0	0	0	0	0	0	1	1	0	0	0	0	0	0	0	0	1	0
XMTM2MTM3MDcwMA==	69	84	30	1	1	0	3	0	0	0	1	0	0	1	0	1	0	4	0	2	0	0	1	0	1	2	0	0	0	0
XMTM2MTcwNTA2OA==	6	1	2	2	0	0	10	4	1	0	0	0	0	1	0	0	0	0	0	1	0	0	0	1	0	0	0	0	0	0
XMTM2MDg0NzUzNg==	30	78	24	12	2	0	0	0	0	1	2	1	0	0	1	3	2	0	2	1	1	0	1	0	0	1	1	0	0	0
XMTM2MDg5MjM5Ng==	35	140	43	14	3	0	2	5	8	1	15	6	9	26	152	72	198	77	0	45	2	19	9	2	1	1	1	3	0	2
XMTM2MDg1ODgwMA==	19	8	7	2	2	0	6	4	0	4	0	0	2	1	0	0	2	1	3	9	1	0	2	3	1	1	2	5	1	1
XMTM2MTAxNzA0NA==	4	15	4	1	1	0	1	0	2	1	0	3	3	0	2	0	2	1	0	12	0	1	1	0	0	0	2	2	3	2
XMTM2MTI2ODMxNg==	4	14	0	2	14	36	64	127	109	57	41	22	53	66	91	69	122	158	195	255	316	482	743	559	200	378	68	269	186	203
XMTM2MTUwODE2MA==	125	1565	326	222	354	236	326	354	215	353	217	529	43	256	166	197	314	72	128	111	88	36	151	56	31	260	44	87	32	765
XMTM2MTEwNDYwOA==	20	81	19	27	14	10	0	0	0	0	0	0	0	0	0	0	0	1	0	0	0	0	0	0	0	0	12	3	2	1
XMTM2MDc1NjE1Ng==	5	6	3	0	0	0	0	0	0	0	1	0	2	0	0	0	0	1	0	1	1	0	2	0	0	0	0	0	0	1
XMTM2MTU0NjgzMg==	11	12	2	1	8	590	0	0	1	0	0	0	1	0	0	5	0	1	0	1	0	0	1	0	0	32	15	4	0	1
XMTM2MTI1NDgyOA==	11	1	3	1	0	0	903	0	17	1	12	7	0	10	0	81	0	4	3	1	4	1	0	1	4	0	932	450	104	12
XMTM2MTQ1Mzc5Ng==	13	8	4	0	0	0	0	0	0	0	0	0	0	0	0	1	0	0	0	0	0	0	0	0	0	0	1	28	28	21
XMTM2MDk2NjM2MA==	502	17052	26	18	9	10	14	10	23	10	0	9	2	6	0	37	6	1	1	1	2	2	2	2	2	5	2428	476	1732	14
XMTM2MDg4MTM0OA==	4218	2530	1522	619	185	43	285	328	248	235	211	249	277	217	215	250	267	337	294	438	199	125	136	130	111	197	268	296	145	85
XMTM2MTI2MzA2OA==	10	7	4	1	23	34	112	173	151	85	84	67	58	61	97	53	214	563	597	494	989	1609	1692	550	138	285	471	113	548	325
XMTM2MDk5Mjg1Mg==	57	26	16	4	1	1	4	0	0	1	2	2	0	0	1	1	1	0	0	11	0	2	0	0	0	0	1	0	0	1
XMTM2MTMxNDY2OA==	434	169	52	11996	22	22	21	4	1	5	1	3	6	2	0	2	1	1	1	36	7	44	98	5	4	7	6	11	30	7
XMTM2MTM1Nzg3Ng==	264	2610	1363	621	113	106	131	124	61	42	88	72	49	28	40	23	53	4	5	13	24	12	13	11	4	12	4	4	2	12
XMTM2MTMzMTI5Ng==	5	5	1	0	885	561	232	104	91	97	54	6	39	13	22	3	179	42	0	1	1	3	0	4	3	1	3	0	53	4
XMTM2MTQ5OTU0NA==	39	162	111	24	3	0	10	3	57	4	1	0	1	0	20	10	18	2	1	2	0	0	0	0	0	0	0	0	0	0
XMTM2MTI1NzUxMg==	14	6	0	23	1	1	0	3	1	1	0	0	1	0	1	1	1	0	0	7	1	1	0	1	1	0	0	1	2	1
XMTM2MTEwMzM1Mg==	897	442	328	228	5	6	124	180	129	113	63	76	59	94	118	97	43	39	72	63	23	18	21	20	16	27	14	31	26	40
XMTM2MTA2MTY4NA==	33	12	9	4	0	1	0	2	1	2	1	3	1	1	1	1	0	0	0	10	0	4	2	1	0	0	2	2	0	2
XMTM2MDc1NDM0MA==	337	216	138	3	13	7	7	19	14	10	7	9	1	1	8	8	1	1	1	51	4	15	7	1	3	27	9	6	2	6
XMTM2MTM1MjU2NA==	69	27	25	16	5	4	6	4	0	2	1	2	0	0	0	1	0	3	3	12	0	5	2	1	0	3	0	1	0	0
XMTM2MTEyOTM3Mg==	61	15	17	1	3	1	2	1	0	0	0	0	0	0	0	0	0	0	0	1	0	0	0	0	0	0	0	0	0	0
XMTM2MTIyMjEwOA==	527	21996	4105	2149	41	6589	13196	2978	2168	954	574	543	350	253	295	301	293	302	107	195	164	173	176	104	60	139	106	139	100	107
XMTM2MTUzODIyOA==	4	1	0	0	0	1	13	0	0	0	0	0	0	0	0	0	0	0	0	0	0	0	0	0	0	0	0	0	0	0
XMTM2MTI0MjE0OA==	1315	759	41	89	1948	5750	1480	307	46	65	173	126	215	143	128	97	39	68	59	69	99	212	337	183	27	105	105	91	142	48
XMTM2MTQzMTg4MA==	7957	10909	36797	51160	5348	3175	1046	2858	913	1046	864	1661	2201	1198	1302	1113	1889	4152	3629	1377	4649	2404	4430	4495	3408	5708	1675	5984	2372	4567
XMTM2MTM5OTQ3Mg==	11	14	14	13	188	32	19	12	8	24	38	25	7	5	15	14	18	20	22	44	12	23	15	12	13	25	0	11	13	13
XMTM2MDg0MDQxMg==	37	102	34	16	3	3	1	2	0	7	0	0	0	0	4	0	4	0	3	2	1	0	0	0	0	1	1	0	0	0
XMTM2MTMzMDExNg==	193	133	33	31	11	28823	55475	60411	58390	78943	57753	62434	61965	82111	70531	66407	75634	70118	5451	127985	73263	78616	63752	19669	5263	34315	874	123861	102374	326218
XMTM2MDc2MjM0NA==	18	1	2	108	4	1	1	4	0	0	0	0	0	0	1	0	0	0	0	0	1	0	0	4	2	1	0	0	0	0
XMTM2MDk0MDIyMA==	89	30	47	16	5	1	5	1	0	3	2	0	4	4	1	0	3	1	0	21	3	1	2	110	21	18	1	6	6	6
XMTM2MTMxMDQyMA==	25	10	10	1	0	0	36	22	1	0	0	0	0	0	0	1	0	0	0	0	0	0	1	0	0	0	0	0	0	0
XMTM2MDkxNzU4NA==	42	18	14	4	2	0	6	3	10	6	2	0	0	4	0	2	2	1	0	9	1	1	0	1	0	3	0	1	1	1
XMTM2MDc0MDk3Ng==	73	41	21	3	4	2	2	1	1	3	2	0	0	0	0	0	1	0	1	11	1	1	5	2	4	4	1	0	1	1
XMTM2MTQzNzgwOA==	1489	712	116	310	15	37	2393	721	352	407	337	291	606	546	522	472	826	8	1	6	8	1	1	0	7	14	7	14	6	11
XMTM2MDgxMzE3Ng==	110	234	36	19	2	684	455	55	20	14	14	15	6	8	6	9	10	3	1	24	3	18	13	4	4	10	1	2	10	9
XMTM2MTA2OTE2MA==	53	36	9	11	329	178	80	42	20	35	15	1	1	0	2	7	1	0	2	81	2	2	1	0	4	3	6	2	0	3
XMTM2MTIxOTA1Mg==	17	4	25	6	1	0	0	0	0	0	0	0	0	1	1	0	0	0	1	2	0	1	0	0	0	0	0	2	0	0
XMTM2MDg0NzIyOA==	70	20	5	138	15	0	0	0	0	0	0	0	0	0	0	0	0	1	0	0	0	0	0	0	0	0	0	0	0	3
XMTM2MTQ1MzY2OA==	132	119	396	3	3	9	3	7	0	5	4	2	0	1	0	1	1	0	2	14	0	1	0	1	1	1	1	1	0	0
XMTM2MTExMzcwMA==	491	2654	422	583	59	358	387	517	438	193	58	57	55	43	114	56	21	54	26	80	41	56	32	5	7	9	14	49	23	51
XMTM2MTQzOTIwMA==	277	427	183	381	605	1267	2611	4508	3620	1976	1890	1534	1744	2953	5947	3185	1617	2090	1410	1576	1980	2284	2952	3616	2326	1969	338	1238	865	525
XMTM2MTQ5MzMxNg==	164	1051	150	95	34	99	142	167	53	43	32	38	35	37	67	36	59	84	2	38	63	49	58	70	4	64	46	27	30	33
XMTM2MTEwNzE1Ng==	7	1	1	12	1	0	0	1	0	0	0	4	1	0	5	0	17	1	0	7	0	0	0	0	0	3	2	0	0	0
XMTM2MTU5Njg2OA==	10	4	5	3	0	0	0	0	0	0	0	0	0	0	0	0	0	0	0	0	0	0	0	0	0	0	1	0	4	0
XMTM2MTM5NTM0MA==	123	56	7607	2977	130	474	551	257	223	97	37	77	65	98	128	160	279	534	144	63	22	166	208	49	13	81	69	106	277	230
XMTM2MTIxNDU1Mg==	237	474	162	154	3	19	54	67	23	22	6	42	57	29	3	46	47	22	2	84	1	0	1	2	1	94	8	3	0	0
XMTM2MTI2NTYxNg==	9	22	3	0	14	34	68	174	137	52	43	56	53	43	89	58	119	269	323	407	513	991	1087	311	96	239	247	231	365	273
XMTM2MTMzMTkxNg==	18	13	1	1602	17	3	3	3	4	4	6	1	0	95	1	1	0	122	16	118	2	3	998	1190	76	1723	4	9	6	11
XMTM2MTAxMzUxMg==	17	11	3	15	795	1991	1109	220	138	178	173	116	1	60	2	12	7	3	9	614	65	44	99	48	16	124	77	93	52	38
XMTM2MTU1Mzk3Mg==	205	68	66	2	0	16	2	11	1	1	0	1	0	0	11	0	1	0	1	2	1	0	0	0	104	359	5	0	127	14
XMTM2MTI2MDkxMg==	100	1190	261	0	16	43	7	15	1	15	12	11	6	27	7	2	2	12	12	98	12	1	4	11	1	52	40	13	25	15
XMTM2MDkxMTA2OA==	1968	1254	66	133	9	4410	11730	5856	1098	1364	617	671	908	664	469	575	370	387	259	220	243	205	268	40	59	95	70	211	140	156
XMTM2MTE1MzQ2NA==	8	2	0	10	4	12642	2	1	0	0	0	1	0	1	0	30	128	266	105	28	37	4167	5	93	0	20546	787	179	246	157
XMTM2MTI4Mzg2MA==	30	10	1	0	1	103	148	12	7	8	0	0	2	0	1	0	1	0	0	5	0	19	3	3	0	4	0	1	0	2
XMTM2MTYxNTYyOA==	57	395	9	5	15	2	3	0	1	6	4	0	2	4	0	5	1	1	5	10	1	1	0	1	0	1	1	2	7	14
XMTM2MTMyMzc3Ng==	411	1645	497	241	30	17	49	118	57	19	47	29	38	68	25	11	3	19	3	163	29	86	51	3	22	9	11	9	14	13
XMTM2MTU5NDQ3Mg==	96	44271	7037	2	75	71	64	41	62	47	50	42	76	38	48	19	17	17	15	11	38	8	63	13	2156	563	27	106	868	371
XMTM2MTEwMjcxMg==	3	1	0	50	4	3	4	38	5	1	1	4	2	2	1	4	5	14	7	36	3	0	9	3	4	9	1	1	8	5
XMTM2MDkxOTg3Mg==	9	3	3	0	0	0	0	0	0	0	0	1	0	0	0	0	0	0	0	0	0	0	0	0	0	0	0	0	0	0
XMTM2MTE0NTY4NA==	21	10	1266	3	7	9	3	0	0	0	2	3	0	0	3	1	0	0	0	0	0	0	0	1	216	13	4	0	27	5
XMTM2MTYwOTMzMg==	368	879	310	187	11	126	131	163	57	48	11	40	11	23	40	5	18	27	17	56	29	24	26	13	14	3	13	13	13	14
XMTM2MTM2Mjg5Ng==	60	28	17	2	2	2	0	8	13	4	2	1	1	0	2	3	3	1	0	15	0	2	1	1	3	0	1	4	4	3
XMTM2MDk0NzEzNg==	502	371	656	10804	1877	836	408	24	25	13	12	1	16	1	22	2	1	3	68	4	8	5	2	1	3	1	2	11	19	55
XMTM2MDc4MzA2NA==	23	6	6	1	1	0	1	4	0	0	1	1	0	1	0	0	3	1	0	3	0	0	0	0	2	0	0	0	3	4
XMTM2MDYxOTAyMA==	13	14	6	0	53	81	18	34	9	3	0	0	0	0	0	2	0	0	0	3	0	0	0	0	0	1	0	0	0	0
XMTM2MDk2NTMyNA==	5	1	0	1	0	0	8	4	2	0	0	0	0	1	0	0	0	0	0	0	0	0	0	0	1	0	0	0	0	0
XMTM2MTI5MTU3Mg==	4	6907	12560	675	5	129	312	113	70	50	45	68	66	70	94	85	48	36	45	43	41	31	38	26	9	30	10	26	19	12
XMTM2MTQ3NjcwMA==	146	3141	362	15	35	35	12	18	12	1	0	2	2	0	0	3	5	3	8	36	3	6	5	1	3	7	2	13	3	0
XMTM2MTI3MjI5Mg==	5	10	2	1	52	47	131	395	147	85	37	60	68	59	73	84	28	143	165	275	210	564	766	181	74	283	76	184	238	206
XMTM2MDY5ODY4OA==	13	4	5	0	1	0	1	0	1	0	0	1	0	0	1	0	1	0	0	1	0	0	0	0	0	0	0	5	0	1
XMTM2MDk0OTg5Ng==	1460	9142	3324	1107	81	118	102	18	57	84	58	55	13	1	24	3	4	21	15	109	22	26	56	18	48	51	11	16	7	15
XMTM2MTI2MDkxNg==	3	21	4	1	1	1	1	0	1	0	0	0	1	0	1	1	1	0	0	6	1	1	1	1	3	3	2	0	1	1
XMTM2MTQ2MDM2NA==	21	11	7	0	1	0	0	6	8	0	2	0	1	0	0	0	1	0	0	10	1	2	2	1	1	4	1	3	6	0
XMTM2MTIxNjY2OA==	4	2	3	41451	0	0	0	0	0	0	0	0	0	0	0	0	0	0	0	0	0	0	2	3434	0	0	803	0	12	2
XMTM2MTE0ODYwNA==	4	1	12	2	0	0	0	0	0	0	0	0	0	0	0	0	0	0	0	0	0	0	0	0	0	0	0	0	1	0
XMTM2MDk2NDIzNg==	34	192	24	3	1	0	1	0	0	0	1	0	0	1	3	0	0	0	0	2	0	0	0	0	1	2	2	17	4	0
XMTM2MTQ4MTk0NA==	3720	6646	2118	873	128	102	301	299	69	937	236	146	140	149	59	57	40	65	103	53	41	52	69	34	55	42	34	180	479	175
XMTM2MTczNzc3Ng==	2	17	11	5	2	0	0	2	0	0	0	0	0	0	0	1	0	0	0	0	0	0	0	0	0	0	0	0	0	1
XMTM2MTQ1MjY3Ng==	1177	499	85	622	6797	3437	699	377	204	359	365	703	567	292	259	224	175	162	461	927	78	8	76	156	117	310	438	848	328	453
XMTM2MTA1NDU2NA==	42	50	28	15	11258	19	53	33	53	37	17	10	28	38	32	32	36	24	21	21	22	37	32	21	23	47	25	34	45	38
XMTM2MDgxNDcwNA==	97	36	24	14	0	146	404	89	34	22	12	31	5	2	71	32	267	9	40	69	18	73	80	24	19	35	26	72	82	52
XMTM2MTYwNjI2OA==	16	14	354	139	89	23	12	18	1	11	3	0	1	5	0	16	4	6	0	27	3	1	7	2	0	1	2	3	2	0
XMTM2MTQyMzUzNg==	72	36	26	0	2	10	17	5	5	3	5	2	1	0	0	1	0	1	1	16	1	0	0	2	1	1	1	0	1	0
XMTM2MDk1NzM0MA==	5	19	3	8	0	5	1	2	3	5	1	1	3	0	2	2	1	3	0	14	5	0	0	0	0	7	1	1	0	1
XMTM2MTM1MTU2OA==	23	8	7	0	0	0	1	0	0	2	1	1	0	0	0	0	1	0	0	6	0	0	1	1	0	1	1	2	1	3
XMTM2MTM0ODQ1Ng==	43	28	14	1	3	0	2	4	5	4	2	4	4	13	8	8	7	5	19	41	17	14	23	20	6	7	7	32	9	9
XMTM2MDIyODA0OA==	8	2	0	0	35	7	7	3	18	0	1	1	2	0	0	0	0	2	1	13	8	0	2	1	0	0	0	0	1	3
XMTM2MTQ4Njg2OA==	252	1968	39	41	26	42	33	25	27	30	40	4	36	37	30	47	28	5	9	13	36	29	38	19	49	39	15	29	24	29
XMTM2MTMyMzU0OA==	4	1	0	732	324	52	39	39	12	50	1	6	10	0	0	6	7	12	0	150	12	2	19	21	3	26	10	17	31	5
XMTM2MDc0OTI0MA==	63	16	169	12	0	0	4	2	2	0	8	2	1	0	1	1	0	0	13	2	0	2	0	0	0	0	0	0	4	0
XMTM2MTQxMDIwMA==	1811	12615	432	292	209	123	63	65	5	188	110	25	75	56	10	378	33	11	5	34	15	20	15	12	23	50	30	327	903	36
XMTM2MDk1Njk0NA==	3	0	0	1	39	5	1	3	0	4	2	2	1	2	0	1	0	0	1	8	3	0	1	0	2	3	0	1	0	0
XMTM2MTA3NTE5Mg==	15	5	4	0	1	0	0	0	0	0	0	0	0	0	0	0	1	0	0	3	0	0	0	0	0	0	2	0	0	0
XMTM2MTA3Njc2OA==	74	30	24	2	0	1	1	0	2	1	0	0	0	1	1	1	0	0	9	5	0	8	3	0	1482	5	10	0	14	2
XMTM2MTEzNjYwMA==	8	5	295	95	68	42	28	24	34	85	2	6	22	9	25	7	28	20	15	248	11	18	4	4	2	7	2	0	2	0
XMTM2MDkwNDQ5Mg==	1436	679	1100	30	4	16	1	5	20	28	2	1	14	1	7	1	40	2	0	1	1	2	1	1	1	0	4	93	69	2
XMTM2MDc2MTk3Ng==	11	5	5	0	0	0	0	0	0	0	0	0	0	0	0	0	0	0	0	0	0	0	0	0	0	0	0	0	3	1
XMTM2MTA4NDE4MA==	35	9	15	0	0	0	0	0	0	1	0	0	1	0	0	0	1	0	1	0	0	0	0	0	0	0	0	0	1	0
XMTM2MTUzODQ3Ng==	11	7	20	3	0	0	0	1	0	0	0	0	0	0	0	0	1	0	0	0	1	0	2	0	0	0	0	0	0	2
XMTM2MTM4NDY5Mg==	583	206	245	72	17	11	13	7	3	3	1	4	3	1	0	0	1	22	4	9	0	1	1	4	0	0	0	6	2	4
XMTM2MTU5MTAzNg==	102	684	153	113	46	176	203	204	77	168	107	198	229	230	197	199	226	197	189	216	98	151	144	101	124	171	135	133	135	133
XMTM2MDk0NjQ5Ng==	1190	523	360	140	2	86	108	159	77	33	34	44	393	1100	91	60	581	278	55	270	48	95	117	88	32	43	10	29	41	41
XMTM2MTU5OTI3Ng==	98	43	54	0	5	0	3	1	0	0	0	0	0	1	0	0	0	0	0	0	0	5	0	0	0	0	0	0	2	0
XMTM2MTI1MjIyMA==	24	9	9	1	1	0	6	4	7	2	3	0	2	0	1	9	3	3	0	7	1	0	0	0	11	25	0	11	6	0
XMTM2MTczMTYwMA==	5	4	12	6	0	0	0	1	2	0	0	0	0	1	0	2	0	0	0	2	0	0	0	0	0	0	1	0	0	0
XMTM2MTA5MDY4MA==	66	24	0	0	4	0	107	1	0	1	0	0	0	6	1	1	1	1	0	0	0	1	0	1	0	0	0	1	2	2
XMTM2MTM5MzU5Ng==	42	17	12	2	0	0	3	3	2	0	0	5	0	0	3	0	1	5	0	0	2	3	0	0	0	0	0	1	10	2
XMTM2MDk4NTc0MA==	34	8	10	1	0	1	0	0	0	0	0	0	0	0	0	0	0	0	0	0	0	0	0	0	0	0	0	2	2	0
XMTM2MTMwODEwOA==	7	4	3	0	0	0	0	0	0	0	0	1	0	0	0	0	0	0	0	0	0	0	0	0	0	1	0	1	0	0
XMTM2MTA2Mzk4MA==	77	49	281	41	14	51	10	5	17	3	1	1	1	0	14	10	11	8	0	13	1	0	0	0	2	11	0	1	0	0
XMTM2MTA3NDMzMg==	8	3	3	0	0	0	0	0	0	1	0	0	0	0	0	0	0	1	1	0	1	0	0	0	0	1	0	0	0	0
XMTM2MTExNjY2NA==	7	3	0	1	10	0	0	1	0	0	0	0	0	0	0	0	0	0	0	0	0	0	0	1	0	0	0	0	5	0
XMTM2MDgzODgzMg==	1513	482	32	223	2016	90	25	49	63	38	0	5	40	10	9	0	5	12	17	127	15	14	40	8	5	31	2	18	20	35
XMTM2MTE4MzQ3Ng==	119	52	32	0	5	2	2	4	3	2	3	0	1	3	0	0	1	0	0	18	1	1	5	2	0	1	1	0	2	1
XMTM2MTU2ODcxMg==	867	969	626	307	27136	14639	133	185	4	291	99	54	72	4	91	41	65	64	99	74	17	57	30	32	16	11	369	17	5793	112
XMTM2MDczODM2MA==	529	442	184	9	12	14	2	2	1	5	5	4	1	5	2	2	2	18	1	4	0	5	3	2	1	1	2	2	34	6
XMTM2MTUwNjQ2NA==	112	55	22	21	1	190	305	257	187	209	175	166	170	141	20	140	33	67	28	504	81	132	33	107	64	64	55	125	60	89
XMTM2MDgzOTE2OA==	4	1	10	1	1	0	1	0	0	0	0	0	1	0	0	0	0	0	0	1	3	3	1	1	0	3	0	5	0	0
XMTM2MTA5ODAwNA==	74	35	39	4	1	0	0	0	0	1	0	0	0	2	1	0	0	3	0	0	0	0	0	3	0	2	1	0	0	0
XMTM2MTI2NjkzNg==	10	4	5	1	2	0	0	0	0	0	0	0	0	0	0	1	1	0	1	0	0	1	0	0	0	1	1	0	0	1
XMTM2MTA3MzAyMA==	14	4	5	0	0	0	0	0	0	0	0	0	0	0	0	0	0	0	0	0	0	0	0	0	0	0	0	3	2	0
XMTM2MDk5MjUyMA==	83	32	1238	0	5	1	2	0	1	12	0	1	0	1	3	3	3	0	1	31	0	6	2	0	2	3	1	1	0	0
XMTM2MTUxNDE0OA==	17	8	6	0	1	2	1	14	1	2	1	0	0	2	0	16	2	2	0	5	1	1	0	1	0	0	0	1	1	3
XMTM2MTMwNTQ4NA==	1917	4199	1746	289	136	138	51	36	12	25	3	8	14	16	22	4	1	73	7	4	2	12	4	13	1	12	5	12	7	722
XMTM2MDgzMzY5Mg==	8	119	2	0	0	0	1	0	0	0	0	0	0	0	0	0	0	0	0	1	0	0	0	0	0	1	29	0	0	0
XMTM2MTE0OTM2NA==	5	3	0	1	0	34	12	1	4	0	0	0	0	0	0	1	0	0	0	0	0	0	0	0	0	0	0	0	0	0
XMTM2MTM3MjUxNg==	71	33	7	7	0	13	355	360	325	329	115	146	149	137	112	111	71	86	116	85	105	96	106	31	8	33	87	91	148	91
XMTM2MTMwMTk5Ng==	7	1	3	0	2	0	20	2	0	0	1	0	0	1	0	1	0	0	0	37	15	1	0	0	1	0	0	0	0	0
XMTM2MDg1ODQyOA==	265	176	91	20	32	0	12	54	24	27	11	14	13	20	9	22	5	6	5	48	15	9	4	4	3	6	3	0	8	8
XMTM2MTI4MjEwOA==	613	3366	766	886	443	936	511	194	324	616	587	327	85	2	17	1	13	21	4	23	23	3	16	7	5	9	6	1	13	33
XMTM2MTE2NDkxMg==	9	5	67	0	0	0	1	0	2	0	0	0	2	1	0	0	2	0	0	2	0	0	0	0	0	1	2	0	0	0
XMTM2MDk2ODQ5Mg==	23	8	6	2	0	0	0	0	0	1	0	0	0	0	0	0	0	1	0	0	0	0	0	0	0	0	0	0	0	0
XMTM2MTIzOTk0OA==	78	26	32	1	0	0	0	0	0	0	0	0	1	0	0	0	0	0	0	0	1	0	2	0	1	0	0	0	10	0
XMTM2MDk3MDY5Mg==	11	5	4	2	1	0	0	3	3	0	2	1	0	3	1	1	1	1	0	6	2	7	3	1	1	1	0	0	0	1
XMTM2MTUwODczMg==	3	17	18	0	0	0	0	0	0	0	0	0	0	0	0	0	0	0	0	0	0	0	1	0	0	0	0	0	0	0
XMTM2MTIwNzkxMg==	8	14	4	0	1	0	0	0	1	1	0	0	1	1	2	0	2	1	0	3	0	1	0	0	0	0	4	1	0	0
XMTM2MTMwNzY0OA==	16	8	5	3	0	0	1	0	2	0	1	1	1	0	0	0	1	1	0	2	0	0	1	0	0	0	0	1	1	0
XMTM2MTYwMTI4OA==	149	901	107	94	23	67	117	106	3	1	1	1	0	3	2	1	7	31	1	2	2	7	2	0	2	3	4	58	5	13
XMTM2MTI4MTE2NA==	28	7	7	1	0	2	1	0	0	0	1	0	0	0	1	0	2	2	0	2	0	1	1	2	1	0	0	0	1	1
XMTM2MTMzNDM3Mg==	23	13	8	0	0	0	1	0	0	0	0	0	0	1	0	0	2	0	1	0	1	0	1	0	0	0	0	0	1	0
XMTM2MTI2MzYxNg==	7	4	3	1	0	0	0	1	1	1	0	0	0	1	0	0	1	1	1	0	0	1	1	0	0	0	1	0	0	4
XMTM2MDc5MjExNg==	2983	1266	1021	508	80	116	111	377	724	777	987	1356	1078	774	713	784	870	751	617	595	531	629	1336	979	599	1055	576	1101	353	362
XMTM2MTQ5MzE4MA==	4	4	13	0	0	1	0	0	0	0	0	0	0	0	0	1	0	0	0	0	0	0	1	0	0	0	0	0	0	0
XMTM2MTU1ODY3Mg==	8	36	17	3	1	0	2	0	0	0	1	3	3	0	0	1	4	0	0	2	0	0	2	0	0	4	1	0	0	0
XMTM2MDc0MzU3Mg==	656	317	59	88	3060	541	47	64	0	3	5	5	2	3	4	1	2	12	6	51	18	4	3	2	1	4	1	3	49	7
XMTM2MTYwMDM4OA==	3	3	7	1	1	182	184	29	32	6	6	3	4	2	1	3	1	3	0	47	2	4	2	0	1	2	1	1	1	8
XMTM2MTI3NzcyMA==	66	17	17	2	0	0	2	0	0	0	0	0	1	0	0	0	0	0	0	0	0	0	0	0	0	1	0	1	8	0
XMTM2MTI3MDkyMA==	4	11	4	15	3	36	59	114	118	40	13	68	44	45	87	70	28	150	93	362	257	578	743	181	62	185	187	227	228	231
XMTM2MTM1MjYwMA==	61	25	19	6	1	1	2	1	5	1	1	3	0	0	1	0	2	1	2	6	0	0	2	0	0	0	0	0	1	1
XMTM2MDg1NzAyNA==	16	8	5	0	1	0	2	0	1	3	0	1	1	1	0	2	2	1	0	7	4	1	0	0	2	1	1	1	0	0
XMTM2MTI1MDk4MA==	36	22	13	6	0	1	5	2	1	4	1	0	0	2	7	2	5	1	0	9	2	4	0	1	0	0	1	0	0	0
XMTM2MTU5NjU3Ng==	232	1350	176	166	45	283	379	275	57	39	9	18	26	29	54	25	16	13	16	22	24	19	18	12	20	18	80	20	10	260
XMTM2MTQ2OTM5Ng==	141	56	10	3	6	3	616	289	104	59	62	57	55	11	7	17	11	17	1	7	4	0	0	1	4	0	1	1	4	1
XMTM2MTM3ODY2MA==	62	28	24	13	0	2	1	1	2	4	1	2	0	3	1	2	1	0	0	21	1	0	1	3	2	1	0	2	0	1
XMTM2MTIwNzc2MA==	16	13	93	4	12	2	0	2	2	0	1	0	1	0	0	1	0	4	0	2	0	0	1	1	0	2	0	2	0	1
XMTM2MTEzMTk1Mg==	34	22	13	3	0	2	5	4	5	2	3	1	1	1	0	0	1	0	1	5	1	0	1	0	0	1	0	2	5	0
XMTM2MDc1MTU1Ng==	93	45	37	1	12	0	1	22	13	7	2	4	5	1	3	9	1	6	1	34	7	2	2	4	2	1	2	8	4	3
XMTM2MTUwNTEyOA==	5	1	7	0	1	0	0	3	0	0	0	0	0	0	0	0	0	0	0	0	0	0	0	0	0	0	0	0	0	0
XMTM2MDgzNDA3Mg==	91	198	57	1	1	0	4	2	5	0	3	0	2	1	0	0	0	1	1	9	1	0	0	0	0	0	0	2	0	0
XMTM2MDg1MDk2OA==	23	9	4	6	46	13	3	1	5	4	0	1	1	1	1	2	1	0	1	8	0	1	1	0	0	0	1	0	0	0
XMTM2MDg2MjQzNg==	20	1	126	2	2	2	0	1	2	0	2	0	0	0	20	0	1	1	1	1	1	1	0	5	8	86812	3	74	2	29
XMTM2MDk3NzU0NA==	2188	45513	14551	855	1185	111	55	702	2677	830	1631	340	254	17	166	129	2258	425	174	73	2083	308	1876	165	23	24	29	114	887	1055
XMTM2MDkzMTM3Ng==	37292	854010	719497	21398	1231	11555	3530	1760	2146	1587	1012	279	711	766	613	538	89	417	551	1856	428	341	668	235	255	94	216	104581	73537	943
XMTM2MDcyMjgxNg==	575	212	164	15	19	16	21	12	5	1	0	0	2	5	1	1	4	11	12	8	13	6	0	4	0	0	3	2	1	0
XMTM2MTMzNDQwNA==	87	26	26	0	1	3	0	0	1	3	1	2	1	2	1	0	1	3	0	15	1	1	3	1	0	6	1	1	3	3
XMTM2MDg5NTU0NA==	1208	629	364	115	67	21	58	125	70	76	85	73	72	73	6	27	78	68	54	117	40	44	64	46	35	62	31	69	24	32
XMTM2MTM4NTk2MA==	3	27	6	3	1	0	0	0	0	0	0	1	0	0	0	0	0	0	0	0	0	0	0	0	0	1	0	0	0	0
XMTM2MDc2NDU5Mg==	12	26	7	2	0	0	1	1	0	1	0	0	0	0	0	2	2	1	0	5	1	0	0	3	1	1	1	1	1	2
XMTM2MTMyMzE4NA==	1220	624	315	337	61	1148	3772	1492	1013	854	630	689	978	957	1581	2592	1721	2004	1842	1392	2665	2660	3504	1847	1088	1788	1540	2053	1648	985
XMTM2MDg0OTQxNg==	20	128	4	3	2	0	1	1	0	1	0	0	0	0	1	2	0	0	1	1	0	2	0	0	0	0	2	0	1	0
XMTM2MDkyODI0OA==	11	2	26	3	8	6	4	7	4	2	0	1	0	0	3	2	0	0	0	12	0	2	1	1	1	5	2	0	1	9
XMTM2MDk3MzkyNA==	32	7	51	9	0	8	4	2	6	31	175	5024	3	1	2199	3	0	0	251	2383	12	124	1	0	0	1976	1	0	3	27918
XMTM2MTE5MDMyMA==	18	13	7	3	0	0	1	0	6	13	7	2	0	6	7	9	3	10	6	37	2	2	0	0	0	21	6	3	3	0
XMTM2MTQyMzA1Mg==	102	62	36	3	4	3	1	8	0	4	5	0	2	0	1	3	0	3	0	10	2	0	1	1	0	1	2	0	0	3
XMTM2MTcyMDcxMg==	5	2	6	0	0	0	1	2	1	1	1	1	0	0	1	1	0	3	0	3	0	0	0	0	0	1	0	0	0	0
XMTM2MTI2MDAwMA==	6	14	4	6	50	86	170	240	199	175	20	39	106	110	201	94	730	2065	1507	1595	2189	2841	3648	2513	792	758	199	743	462	482
XMTM2MTIzMTEwOA==	17	253	124	17	4	6	7	12	8	5	5	3	2	0	0	1	1	1	1	25	3	0	2	1	1	0	2	1	0	1
XMTM2MTU1MTU2OA==	13	7	0	2	5	53	4	0	0	0	1	0	1	0	0	1	0	0	1	0	0	0	0	0	0	0	0	0	2	0
XMTM2MTM3MDM4NA==	135	900	385	200	5	132	130	137	63	180	109	510	177	280	117	134	84	20	31	60	90	46	38	20	66	105	61	91	93	94
XMTM2MDk0MjQxMg==	5	3	441	313	55	18	14	8	8	4	8	1	0	8	7	117	19	12	1	25	6	0	1	4	1	4	5	7	0	4
XMTM2MTA2ODM5Ng==	8	4	89	10	1	0	1	0	2	1	1	0	0	0	0	0	1	0	0	1	0	0	0	0	0	1	1	2	0	0
XMTM2MTQyMTI0OA==	91	204	67	5	8	2	1	0	1	0	0	0	1	0	0	0	2	1	0	0	0	0	0	1	0	0	0	4	4	52
XMTM2MTcxNTU4NA==	163	64	61	0	1	1	3	0	0	0	0	0	1	0	1	0	0	2	0	0	0	0	0	1	1	0	0	0	19	0
XMTM2MTQ3NDk3Ng==	79	25	1038	92	6	1	0	1	1	0	2	2	0	0	2	0	0	0	0	9	1	0	0	0	0	0	1	0	0	0
XMTM2MTI4MTg3Ng==	79	43	29	25	0	2	0	8	4	3	4	4	36	0	1	6	7	21	12	15	15	3	3	1	0	13	23	42	9	18
XMTM2MTM0ODM1Ng==	3020	1544	1094	577	23	3	251	220	166	147	90	203	210	219	222	139	74	164	46	40	32	44	58	27	6	21	23	23	24	11
XMTI4NDg5NzMzNg==	24	1546	6	2	7	3	1	0	3	6	245	1	0	1	6	1	1	0	0	0	2	1	2	1	2	0	1	0	3	0
XMTI4NzA2MDg5Ng==	1899	763	754	216	184	113	100	120	88	76	56	80	60	68	65	69	58	51	71	54	58	56	65	46	48	40	45	82	47	38
XMTI4NzUyOTE2OA==	9	1	43	0	0	1	0	0	0	0	0	0	0	0	1	17	0	0	0	0	1	2	1	0	0	0	0	0	0	0
XMTI4NzY1ODI1Mg==	722	254	234	131	18	10	16	10	3	11	7	8	6	4	2	7	3	3	1	171	3	1	3	4	4	2	3	3	4	5
XMTI4Nzg2NTUyMA==	33	11	10	0	1	1	1	0	5	0	1	0	1	3	0	0	1	11	0	2	0	0	0	0	0	4	1	1	1	1
XMTI4NzgyOTUyOA==	12	3	1	1	8	4	27	3	0	0	0	0	1	0	0	0	0	0	0	0	0	0	0	0	0	0	0	0	0	0
XMTI4Nzk0Mjg1Ng==	410	116	119	43	41	29	27	16	26	36	21	18	16	12	18	7	23	153	6	10	4	12	9	24	19	55	27	16	24	8
XMTI4Nzk1NjU0MA==	90	26	23	5	0	2	4	2	3	3	4	6	1	4	0	7	2	3	7	4	1	1	2	2	3	0	5	1	0	2
XMTI4Nzk1NzE2OA==	6	0	1	5	12	1	0	0	0	0	1	0	1	2	0	0	0	0	0	0	0	0	0	0	0	0	0	1	0	0
XMTI4Nzk2NjU0OA==	60	18	16	7	12	4	109	1	2	0	3	1	0	1	1	4	3	1	1	0	0	0	0	0	0	0	1	0	1	2
XMTI4Nzk2ODM5Mg==	10	2	11	0	0	0	0	0	0	0	0	0	1	0	1	0	0	0	0	0	0	0	0	0	0	0	0	0	1	0
XMTI4Nzk3MDc2NA==	15	6	8	1	2	1	1	3	2	2	1	1	1	3	0	2	2	4	7	6	17	6	3	10	7	6	3	2	5	2
XMTI4Nzk4NjQyOA==	88	17	12	97	2	4	2	6	0	1	0	0	0	0	1	5	0	3	2	0	1	0	0	2	0	0	0	0	2	0
XMTI4Nzk4OTI2NA==	48	14	25	5	1	3	0	0	0	0	1	3	2	0	0	3	2	7	2	0	2	1	0	0	2	1	4	0	0	0
XMTI4Nzk5MjgwOA==	3894	1457	1197	520	464	240	256	191	182	166	147	130	109	126	121	90	74	103	96	93	158	148	196	159	86	90	82	127	93	81
XMTI4Nzk5NTg3Mg==	446	199	149	67	46	65	39	24	12	18	16	15	23	14	25	26	43	28	22	38	37	34	37	46	32	27	34	29	26	20
XMTI4Nzk5ODQ4OA==	130	10	489	0	4	3	0	3	0	1	0	1	1	2	1	0	0	0	0	0	1	1	0	0	0	0	1	1	0	0
XMTI4Nzk5OTk0NA==	30	12	10	4	4	3	6	0	1	0	3	0	2	3	2	4	4	4	20	0	1	1	2	1	3	3	1	3	4	0
XMTI4NzkxMTc3Mg==	24	2	3	0	431	2	5	50	2	8	6	1	1	0	1	0	1	0	4	0	0	0	0	2	1	4	0	0	2	1
XMTI4NzkxNTU4NA==	13	2	33	11	1	1	0	32	18	20	3	0	0	0	15	0	11	8	0	0	0	0	0	0	13	188	52	193	84	75
XMTI4NzkyMTk4OA==	16	0	2	41	1	0	6	1	2	0	1	1	0	0	0	0	0	0	1	0	1	0	0	0	0	0	0	0	0	0
XMTI4NzkzODI0OA==	18	4	0	1	275	0	1	0	1	8	1	0	0	0	0	1	0	0	0	0	0	0	2	0	0	1	0	0	0	0
XMTI4ODA0MjA1Mg==	13	2	202	744	34	17	18	15	13	10	3	5	5	6	5	4	3	3	1	4	4	1	0	1	1	0	4	0	0	2
XMTI4ODA0MjM5Ng==	400	31	4052	14	8	7	23	17	3	5	10	3	8	3	20	471	4	6	4	10	5	3	13	2	7	4	4	2	3	2
XMTI4ODA0NTMyNA==	4	2	7	0	1	1	0	1	0	0	0	0	0	0	0	0	0	0	0	0	0	0	0	0	0	0	1	0	0	0
XMTI4ODA1NDEzNg==	55	20	22	19	6	3	3	8	4	2	1	2	0	4	1	0	2	3	0	0	3	2	4	0	0	1	0	3	1	1
XMTI4ODA1NjA4MA==	10	15	31	0	0	0	0	0	0	0	0	0	0	0	0	0	0	0	0	1	4	1	2	3	2	0	0	0	0	0
XMTI4ODA1ODQwMA==	4	0	8	2	19	2	5	2	1	1	1	0	2	2	0	0	0	0	0	0	2	0	4	0	2	2	0	1	0	0
XMTI4ODA1OTU5Mg==	11	3	4	1	1	0	0	0	0	0	0	0	0	0	0	0	0	0	0	0	0	0	0	0	0	0	0	0	0	0
XMTI4ODA2MDQ0MA==	11	5	4	1	0	0	0	0	0	1	0	1	0	0	7	0	0	0	0	0	0	0	0	2	0	0	0	0	1	0
XMTI4ODA2NTEyNA==	36	4	9	129	1	2	0	2	0	2	0	1	0	3	1	0	0	0	0	0	3	0	0	2	0	0	0	1	1	2
XMTI4ODA2OTQ2NA==	1095	355	315	111	162	71	63	30	30	36	22	19	21	32	22	21	14	18	20	11	12	8	12	8	12	10	6	8	7	9
XMTI4ODA3MzA5Ng==	79	5	8	143	7	2	4	5	5	2	7	2	7	1	5	3	1	0	4	0	2	1	2	0	0	1	2	1	1	0
XMTI4ODA3MzM1Ng==	88	46	1534	5	11	2	1	0	8	5	4	3	0	2	1	0	1	1	0	0	0	0	4	0	0	1	0	2	1	0
XMTI4ODA4MDQ5Mg==	44	4	16	13	3	13	336	7	5	11	5	5	5	17	29	9	12	7	1	2	16	4	1	4	8	5	5	2	3	8
XMTI4ODA4MzU3Ng==	22466	103288	89822	2759	689	437	405	908	365	221	391	228	102	90	86	227	153	96	65	76	74	71	44	68	39	50	78	66	86	79
XMTI4ODA4NzUyOA==	21	1	1	0	98	0	1	0	1	0	0	0	0	0	0	0	0	0	1	0	0	0	0	0	0	0	0	0	0	0
XMTI4ODA4NzY4MA==	8	3	4	0	0	0	0	0	0	0	0	1	1	1	0	0	0	0	0	0	0	0	0	0	0	0	0	0	0	0
XMTI4ODA5MDA4MA==	25	0	1	69	1	0	2	0	0	0	2	0	1	1	0	0	0	0	1	0	0	0	0	1	0	0	0	0	0	0
XMTI4ODA5MTcwMA==	29	2	943	81	374	94	53	33	59	42	43	4	3	2	4	188	4	0	1	0	1	2	0	0	0	0	4	1	0	0
XMTI4ODA5MjAyOA==	6	0	1	0	1	7	0	0	0	0	0	0	0	0	0	0	0	0	0	0	0	0	0	0	0	0	0	0	0	0
XMTI4ODA5MjI5Ng==	32	5	113	2	9	9	0	1	0	0	2	70	1	0	0	0	0	0	6	1	0	1	1	2	1	0	1	0	0	0
XMTI4ODA5MjQ4MA==	56	5	2	2	206	0	2	2	0	2	0	1	0	0	0	0	0	0	0	0	0	0	0	0	0	0	0	0	0	0
XMTI4ODA5NTE3Ng==	6	2	2	15	0	0	0	0	1	0	0	0	0	0	0	0	1	1	0	0	0	0	1	0	0	0	0	0	1	0
XMTI4ODAwODUwNA==	31	6	3	1	4	112	2	1	5	0	1	1	3	2	1	2	0	2	1	2	0	2	0	0	3	1	2	5	29	1
XMTI4ODAwODk1Ng==	1108	2273	50161	663	264	209	136	148	94	45	47	55	42	85	44	22	27	36	43	18	22	29	35	23	27	14	24	29	21	16
XMTI4ODAxMDY2MA==	9	156	4	1	1	1	0	0	1	0	5	0	1	3	0	0	0	0	0	0	0	0	5	1	0	0	0	0	0	0
XMTI4ODAxOTkwNA==	45	4	59	1	0	0	1	0	1	0	0	0	0	0	0	0	0	0	0	5	0	0	0	1	0	0	0	0	0	0
XMTI4ODAyOTg1Mg==	9664	2620	2659	221	1138	695	501	365	311	275	186	175	0	45	14	45	38	35	40	26	19	106	95	50	86	67	48	74	47	30
XMTI4ODAzMjM0NA==	19	0	0	5	168	2	0	0	5	0	0	0	2	1	0	0	0	0	0	0	3	0	0	0	0	0	4	0	0	0
XMTI4ODAzNzQ4MA==	4	0	2	0	1	0	7	0	0	0	0	0	0	0	0	0	0	0	0	0	0	0	0	0	0	0	0	0	0	0
XMTI4ODAzODc5Mg==	112	29	407	115	674	158	63	53	36	48	28	34	45	28	35	30	25	50	43	29	49	26	22	24	27	26	266	21	24	18
XMTI4ODAzOTc2MA==	446	14962	15	10	25	9	7	7	7	5	6	2	3	5	3	12	3	11	3	3	3	0	4	8	4	3	6	0	2	3
XMTI4ODE0MDYwOA==	20	263	1121	14	34	5	4	1	4	5	1	0	2	1	1	1	1	1	0	1	0	1	1	1	0	0	0	0	0	0
XMTI4ODE0NTk2OA==	27	7	7	0	3	2	0	0	0	5	0	2	3	8	20	7	1	0	1	1	1	0	0	1	3	1	2	0	0	1
XMTI4ODE0NjI4MA==	21	7	11	1	2	2	0	2	0	1	0	0	0	0	0	5	0	0	0	0	0	0	0	0	0	0	0	1	0	0
XMTI4ODE0NjUzNg==	23	32	167	15	29	3	3	1	1	0	0	0	0	0	1	0	1	0	0	0	0	0	0	0	0	0	1	0	3	0
XMTI4ODE0ODIxNg==	79	124	576	266	64	34	33	20	15	13	25	11	6	7	5	9	12	12	6	23	15	14	20	7	9	3	7	5	1	5
XMTI4ODE1MjMwMA==	37	13	17	5	2	0	0	1	9	1	0	2	2	0	2	1	3	3	4	1	3	2	6	9	6	1	2	0	0	0
XMTI4ODE1NTg0NA==	1485	440	652	96	53	43	31	28	19	10	15	16	12	14	7	11	8	8	6	5	16	14	3	10	7	3	1	3	9	5
XMTI4ODE2MDQ5Mg==	39	498	2512	45	66	29	28	5	9	7	7	3	2	5	6	1	2	2	0	1	2	3	1	0	0	1	1	1	1	0
XMTI4ODE2NzA1Mg==	4	1	1	0	2	1	12	0	0	0	0	0	0	0	0	0	0	0	0	0	0	0	0	0	1	0	0	0	5	0
XMTI4ODE3MDY4NA==	31	47	178	23	36	11	11	4	2	5	4	1	0	4	0	2	3	2	3	0	2	1	2	1	6	0	3	0	2	1
XMTI4ODE3OTExMg==	7109	2057	1948	590	454	335	406	504	522	451	458	234	292	265	200	175	93	90	106	141	113	85	76	77	57	56	63	60	39	44
XMTI4ODE3OTk4NA==	23	0	1	0	76	1	0	0	0	0	0	0	0	0	0	0	0	0	0	1	0	0	0	0	0	0	0	0	0	0
XMTI4ODE4NDgyNA==	12	4	7	0	0	0	1	1	0	0	0	0	0	4	12	0	0	0	0	0	0	2	0	0	0	0	0	0	0	0
XMTI4ODE4Njc5Mg==	11	32	282	28	47	67	71	34	41	30	80	173	269	233	235	731	352	220	234	219	229	191	171	184	144	158	167	161	136	119
XMTI4ODE4NzI3Ng==	10	3	5	0	0	0	0	0	0	0	0	0	0	0	0	0	0	0	0	0	0	0	0	0	0	0	0	0	0	0
XMTI4ODE4OTA0OA==	38153	36979	151408	35271	7723	1551	2279	630	1297	1318	2086	917	1388	1152	620	452	155	114	81	71	15	57	64	43	26	76	50	15	173	83
XMTI4ODE5MjkwOA==	32	26	758	38	401	20	15	18	13	13	11	9	159	12	9	12	13	17	15	15	13	15	13	18	23	14	18	32	14	1
XMTI4ODEwNDk2MA==	5	0	0	2	9	0	0	0	0	0	0	0	0	0	0	0	0	0	0	0	0	0	0	0	0	0	0	0	0	0
XMTI4ODExMjAzNg==	101	187	83	59	0	3	0	0	86	1	69	1	1	2	0	4	15	8	6	2	1	6	2629	3	1	4	1	1	0	3
XMTI4ODExMzM2NA==	4	10	6	0	0	1	0	0	0	0	0	0	0	0	0	0	0	0	0	0	0	0	0	0	0	0	0	1	0	0
XMTI4ODExNzc0NA==	4	0	0	3	9	0	0	0	0	0	0	1	0	0	0	0	0	0	0	0	0	0	0	0	0	0	0	0	0	0
XMTI4ODExOTMyNA==	11	3	63	1	1	0	0	0	0	0	1	0	1	0	0	0	0	0	1	0	0	0	0	0	0	0	0	0	0	0
XMTI4ODEyMDUyOA==	6	9	1	1	3	4	201	0	3	2	2	4	0	1	1	1	2	0	0	0	0	0	0	0	2	0	0	0	0	2
XMTI4ODEyNzI4OA==	14	18	20	78	13	15	13	4	6	5	12	4	0	0	0	0	1	0	0	0	0	1	1	0	2	0	1	0	0	0
XMTI4ODEyNzM0OA==	32	206	821	55	76	106	49	40	58	72	114	76	2	3	2	3	1	4	1	2	2	3	0	1	4	0	0	0	0	0
XMTI4ODEzMjEyOA==	5	2	0	1	2	19	1	0	0	0	0	0	0	0	0	0	0	0	0	0	5	0	1	0	0	1	0	1	0	0
XMTI4ODEzODgwNA==	121	37	47	19	17	0	2	2	2	1	1	1	4	2	1	0	0	0	0	1	2	1	1	5	4	7	6	0	1	0
XMTI4ODI0MTM2OA==	70	9	1	138	2	1	5	3	0	0	1	0	0	0	0	0	0	0	0	1	0	0	0	0	1	0	0	0	0	0
XMTI4ODI0NzI0NA==	60	14	15	6	3	103	10	9	2	8	6	2	0	1	3	3	2	1	2	4	2	2	124	0	1	0	3	5	1	0
XMTI4ODI0Nzk3Ng==	31	6	55	0	2	3	8	7	11	45	27	2	1	3	3	1	1	1	0	0	0	0	1	1	0	0	4	1	0	0
XMTI4ODI0ODcxNg==	6	3	3	0	1	1	0	3	1	0	0	0	2	0	0	0	0	0	0	1	0	0	0	0	0	0	0	0	0	0
XMTI4ODI1NDE4OA==	6	14	4	24	1	0	0	0	0	0	0	0	0	0	0	0	0	0	0	1	0	0	0	0	0	0	0	0	0	0
XMTI4ODI1NjIxMg==	103	201	66	14	14	5	6	2	3	2	1	0	1	0	0	0	3	0	1	2	1	0	0	1	0	0	3	0	0	3
XMTI4ODI1ODEyOA==	61	11	248	2	10	1	3	9	2	1	397	3	6	2	15	303	9	1	4	5	261	9	6	11	0	2	2	7	5	8
XMTI4ODI1ODM3Ng==	4	10	9	0	0	0	0	0	0	0	0	0	0	0	0	0	0	0	0	0	0	0	0	0	0	0	0	0	0	0
XMTI4ODI1ODk4NA==	55	21	116	16	13	11	6	8	4	6	4	2	0	6	6	3	5	3	4	7	2	4	0	1	0	0	0	1	1	0
XMTI4ODI1OTIyMA==	18	15	223	8	36	6	5	6	5	3	3	3	3	4	2	1	1	5	2	4	4	1	1	0	1	3	2	1	0	1
XMTI4ODI1OTYwNA==	20	0	0	2	36	0	0	0	2	0	1	0	4	0	0	1	0	0	0	0	0	0	0	0	0	0	0	0	0	0
XMTI4ODI2NTMyMA==	54	340	597	138	14	2	6	3	0	2	11	2	2	0	1	2	1	0	0	0	0	0	7	1	0	1	0	0	0	0
XMTI4ODI2NTc5Mg==	19	0	0	0	0	2	3285	8	1954	8	694	6	2	4	11	2	0	0	1	1	1	3	0	0	68	16	3	1	7	9
XMTI4ODI2NzAyMA==	31	10	83	4	2	3	3	3	1	4	1	3	2	1	3	5	1	0	6	4	2	0	1	1	2	4	1	3	0	2
XMTI4ODI3NTUwNA==	9860	104251	1620	1716	297	288	295	34	100	195	159	114	137	100	98	83	162	379	244	86	83	128	114	131	139	141	80	84	53	69
XMTI4ODI3NTkyOA==	327	114	121	3	5	3	12	0	1	0	0	4	3	4	4	0	0	2	1	0	3	1	0	0	0	0	1	0	0	1
XMTI4ODI4MDA5Mg==	8	3	4	5	21	0	0	0	3	0	1	0	0	0	0	0	0	1	0	0	0	2	0	0	0	0	1	0	2	1
XMTI4ODI4MTA3Mg==	291	23	254	8	8	3	4	5	4	4	1	3	0	3	1	2	1	0	0	1	0	1	1	0	5	1	1	3	0	2
XMTI4ODI4NzQwNA==	46	418	1	2	6	1	0	3	1	2	1	1	3	0	0	2	0	1	0	3	1	0	1	0	1	53	0	0	1	0
XMTI4ODI5MTU5Ng==	4	1	6	0	1	0	2	2	0	0	0	1	0	2	1	0	1	1	1	0	1	1	1	1	0	0	0	1	2	0
XMTI4ODI5MTY4OA==	9	1	5	48	4	0	0	0	0	0	0	0	0	0	0	0	0	0	0	0	0	0	0	0	0	0	0	2	0	0
XMTI4ODI5MjcwOA==	1527	9020	756	112	75	40	23	28	9	11	21	16	16	8	5015	604	92	43	38	22	6	14	11	14	14	4	5	3	0	3
XMTI4ODI5Mzc4NA==	44	1	4	1	4	2	101	18	35	7	2	5	1	6	5	1	0	1	1	1	0	1	1	2	1	5	0	1	3	0
XMTI4ODI5NDkzNg==	101	34	35	14	12	18	7	8	7	2	4	3	3	6	3	1	7	2	2	2	3	0	2	1	4	0	2	2	1	4
XMTI4ODI5NjA0NA==	4	0	0	0	0	2	10	0	0	0	0	0	0	0	0	0	0	0	0	0	0	0	0	0	0	0	0	0	0	0
XMTI4ODI5NjYzNg==	53	1969	7	3	8	3	5	1	0	3	0	2	0	1	4	1	1	2	3	1	1	0	0	0	5	1	1	1	0	0
XMTI4ODI5OTA3Ng==	80	15	6	0	1	1	317	3	3	4	4	1	0	0	1	0	1	1	0	1	2	1	1	0	0	0	0	2	0	0
XMTI4ODIwMjg2OA==	61	15	6	138	6	1	0	1	1	0	2	3	2	0	2	0	0	1	0	1	0	1	2	0	0	1	0	1	0	0
XMTI4ODIxMzcxMg==	21	2	0	1	1	6	55	1	0	0	0	0	0	0	0	0	0	0	0	0	0	0	0	0	0	1	0	0	0	0
XMTI4ODIyMDUwNA==	24	14	9	1	0	5	1	0	3	0	1	7	6	0	9	3	1	1	4	6	0	0	0	0	0	1	0	0	0	0
XMTI4ODIzMjY2OA==	41	3	2	12	95	0	0	0	4	0	0	1	1	0	1	1	0	1	0	1	0	2	1	0	0	1	1	0	0	0
XMTI4ODIzNDYyMA==	48	18	20	0	3	1	0	1	1	2	0	0	2	6	2	1	1	1	0	0	0	6	7	2	1	3	1	5	3	2
XMTI4ODIzNzAzNg==	25	9	6	0	0	46	11	24	5	4	1	0	2	1	1	0	0	0	5	0	4	1	0	1	1	0	0	1	0	0
XMTI4ODIzNzY2OA==	481	1319	947	118	74	57	37	24	23	27	12	89	486	30	46	43	31	28	47	45	71	202	275	198	475	444	320	263	201	200
XMTI4ODIzOTI3Ng==	13	25	23	124	10	2	1	3	0	0	3	3	3	1	0	1	0	0	0	1	0	0	0	0	1	0	0	0	0	1
XMTI4ODM0NDA4OA==	8	1	3	1	0	18	10	0	2	1	0	2	0	1	0	1	0	0	0	1	0	0	1	0	0	0	0	0	0	0
XMTI4ODM0NTY2MA==	476	2864	277432	84246	15651	1837	400	149	44	28	28	32	51	50	42	3071	27	1712	29	26	14	15	48	7113	21	18	21	34	4215	9
XMTI4ODM0ODQwMA==	196	70	59	21	19	22	23	26	25	27	44	31	24	85	23	20	57	20	24	62	31	29	22	27	28	21	16	23	21	35
XMTI4ODM1MDQ2OA==	11	191	0	0	0	2	2	0	1	0	4	0	0	0	1	0	0	0	0	0	0	0	0	0	1	5	2	4	4	2
XMTI4ODM2MTcwNA==	7	5	3	1	0	0	0	7	2	7	2	1	0	0	2	1	0	0	0	1	0	0	0	0	0	0	0	0	0	0
XMTI4ODM2MzMzMg==	17	10	97	1	5	2	0	3	0	1	0	0	0	4	3	0	0	3	0	0	0	0	0	0	0	2	0	0	0	0
XMTI4ODM2NDQwNA==	6991	1926	1869	725	537	290	274	194	149	152	121	112	86	103	56	64	59	45	50	28	40	32	34	33	27	34	27	23	21	24
XMTI4ODM2NTM1Ng==	39	7	90	4	4	1	1	5	0	0	0	1	0	0	1	0	0	1	0	1	0	1	0	0	0	0	0	0	0	0
XMTI4ODM3MjcxNg==	26	23	144	7	8	2	0	0	0	3	4	3	5	9	0	3	2	1	3	4	2	1	0	0	0	1	1	0	1	71
XMTI4ODM3ODQ1Ng==	16	6	11	2	1	0	0	1	0	0	2	0	0	0	0	1	0	0	0	0	0	0	1	1	0	0	0	0	0	0
XMTI4ODM4NzA0OA==	34	332	9	1	0	2	0	1	1	1	0	3	3	1	2	2	0	0	22	21	13	7	2	2	1	2	1	0	1	0
XMTI4ODM4Nzg3Ng==	38	13	55	333	41	7	64	118	161	222	178	125	146	188	217	423	407	633	672	879	824	594	343	448	368	249	192	153	127	132
XMTI4ODM5MDk5Mg==	107	53	2103	47	291	35	30	30	65	57	20	22	12	21	321	9	21	17	8	14	18	11	11	7	7	16	17	13	17	17
XMTI4ODM5MTQ5Ng==	350	3549	32164	12772	7133	4101	4251	3534	2770	2116	819	2230	798	1952	843	2234	520	393	1613	474	451	456	470	390	1505	296	364	332	273	1419
XMTI4ODM5MjEzMg==	97	283	6707	194	2244	135	169	78	73	47	33	38	61	1769	54	59	55	34	37	21	49	40	1075	30	25	31	28	37	33	16
XMTI4ODM5Mzk2MA==	62	6	10	12	961	8	15	8	16	15	11	143	9	5	3	11	10	20	10	4	3	10	10	11	9	23	13	14	22	16
XMTI4ODM5OTAwNA==	7679	19382	59164	6692	763	1396	1002	180	968	667	652	510	86	241	273	114	346	270	295	231	241	178	7	136	66	53	130	2	153	5
XMTI4ODMwMTc4MA==	5	0	0	0	12	0	0	0	0	0	0	0	0	1	0	0	0	0	0	0	0	0	0	1	0	0	0	0	0	0
XMTI4ODMwMzMwMA==	1451	538	431	36	23	3	9	2	5	8	1	0	3	2	4	8	295	4	4	7	7	6	9	6	6	4	7	5	7	7
XMTI4ODMwNDg0OA==	15	4	4	1	1	0	0	0	0	0	0	0	0	0	1	1	0	0	0	0	0	0	0	0	0	0	0	0	0	0
XMTI4ODMwNTcwMA==	288	195	78	95	186	98	728	97	78	143	48	62	36	13	29	35	32	22	373	24	12	23	23	32	20	15	4	0	37	31
XMTI4ODMwNjY5Mg==	11	6	5	0	0	0	0	0	0	0	0	0	0	0	0	0	0	0	0	0	0	0	0	0	0	0	0	0	0	0
XMTI4ODMwNzg1Mg==	5837	4695	14453	2265	757	391	276	241	333	1185	159	144	113	66	93	84	66	69	68	61	53	38	54	63	61	59	64	50	47	38
XMTI4ODMwOTU4NA==	51	21	16	1	2	3	1	3	4	2	2	0	2	0	0	1	1	1	1	0	0	0	0	1	0	0	0	0	2	3
XMTI4ODMxMDkzNg==	6	0	6	0	0	1	13	0	0	0	1	0	0	0	1	0	0	1	0	0	0	2	0	0	0	0	0	0	0	0
XMTI4ODMxNDgxNg==	62	12	3	10	199	12	2	3	1	4	1	0	0	0	0	3	1	0	0	0	1	0	0	0	0	0	0	0	0	0
XMTI4ODMxNTY5Mg==	59	7	1645	749	363	16	7	8	2	4	4	12	5	6	8	10	11	14	19	17	13	13	8	15	15	19	28	22	10	9
XMTI4ODMyOTk0OA==	86	56	45	2	1	2	1	3	0	0	2	0	0	1	0	0	0	2	2	0	0	0	0	0	0	0	0	2	0	0
XMTI4ODMzNTY4NA==	11	1	1	0	1	35	0	0	0	1	0	0	0	0	0	0	0	0	0	0	0	1	0	0	0	0	0	0	0	0
XMTI4ODQ0NjQ4MA==	67	20	25	8	7	6	1	1	1	2	0	0	0	1	0	0	0	0	0	1	0	0	0	0	0	0	0	0	0	0
XMTI4ODQ0NjgwMA==	7	34	3	1743	5	4	3	6	3	1	5	2	2	2	1	1	0	4	6	0	1	1	3	3	2	1	2	3	0	0
XMTI4ODQ0ODk4OA==	2076	3040	16700	35394	2826	5620	6464	4610	3847	1734	1963	1757	1701	321	126	1171	435	318	236	207	133	166	128	170	175	159	155	28	125	159
XMTI4ODQ1MjcyOA==	26	8	13	0	3	1	0	3	1	0	0	0	0	0	0	0	1	0	0	2	0	1	0	0	1	0	0	0	0	0
XMTI4ODQ1NDMwMA==	197	57	56	24	24	13	17	10	8	5	5	0	2	1	4	4	3	0	3	2	1	2	0	1	1	0	0	2	1	1
XMTI4ODQ1ODEzMg==	200	111	81	0	3	2	2	1	0	0	0	0	0	0	0	1	1	0	1	0	0	0	0	0	0	0	0	0	1	0
XMTI4ODQ2MTEyNA==	61	15	20	1	0	0	0	0	0	0	0	1	0	0	1	1	0	2	4	1	1	1	1	4	2	2	0	0	0	0
XMTI4ODQ2MTk0NA==	222	45	45	1116	19	10	3	2	2	4	5	3	1	6	5	2	1	2	3	3	2	3	3	1	1	2	0	5	2	0
XMTI4ODQ2MjMwNA==	6	0	0	15	0	0	0	0	0	0	0	0	0	0	0	0	0	0	0	0	0	0	0	0	0	0	0	0	0	0
XMTI4ODQ2Mjc5Ng==	9	6	5	1	0	0	0	0	1	1	0	0	0	0	0	0	0	0	0	0	0	0	0	0	2	0	0	0	0	0
XMTI4ODQ2MzgyOA==	31	2	4	2	5	46	2	3	4	2	2	3	1	2	3	2	1	0	2	0	9	2	0	3	1	4	0	0	3	1
XMTI4ODQ2NTI4OA==	154	36	34	37	38	60	525	42	4	4	4	2	6	7	4	2	3	1	0	4	4	1	3	1	2	1	0	2	0	4
XMTI4ODQ2NjM1Mg==	103	25	224	4	1	0	3	0	1	0	0	0	1	1	0	0	0	1	0	0	1	0	1	0	0	0	0	1	0	0
XMTI4ODQ3MDU2NA==	609	236	22	15	28	54	804	31	41	33	32	32	21	29	45	41	40	45	29	31	43	37	42	31	29	52	61	43	39	48
XMTI4ODQ3MDgwMA==	76	27	28	6	4	4	5	8	2	1	4	7	2	2	3	5	1	4	0	0	0	0	0	0	0	0	2	0	0	3
XMTI4ODQ3MzQ4OA==	107	48	42	8	7	6	9	5	3	5	3	2	4	11	2	2	4	9	4	1	0	0	1	2	1	1	4	1	1	4
XMTI4ODQ3NjU4MA==	171	69	57	25	33	17	13	18	11	2	6	3	7	1	21	7	6	5	3	2	5	1	2	3	2	4	2	2	4	1
XMTI4ODQ3NjcxNg==	6	4	187	1	0	0	0	0	0	0	1	0	0	0	0	0	0	1	2	0	0	0	0	0	1	0	0	0	0	1
XMTI4ODQ3Nzc4MA==	13	2	0	1	16	0	0	0	0	1	0	0	0	0	0	0	0	0	0	0	0	0	0	0	0	0	0	0	0	0
XMTI4ODQ4MTg3Mg==	25	1	21	96	9	1	3	4	3	2	0	2	1	3	0	1	2	0	2	1	4	1	0	4	2	1	1	0	0	0
XMTI4ODQ4NzI2MA==	226	77	153	5	8	8	2	1	0	3	1	1	2	1	0	0	0	2	0	1	0	1	0	1	0	0	0	0	0	1
XMTI4ODQwMTY0NA==	34	193	9	2	2	0	0	2	0	3	0	1	0	0	1	0	0	0	0	0	0	0	2	1	0	0	0	0	1	1
XMTI4ODQwNjQ0OA==	17	28	11	15	255	6	0	0	0	1	0	0	0	0	1	0	0	0	0	0	0	0	0	0	0	0	0	0	0	0
XMTI4ODQwNjg0OA==	158	366	623	91	33	36	20	37	14	21	10	8	6	11	10	5	2	11	4	15	1	5	4	1	1	19	18	7	11	5
XMTI4ODQwODc3Ng==	26	1	1	41	4	8	4	0	0	0	0	0	0	1	0	0	0	0	1	0	0	0	0	0	0	0	0	0	0	0
XMTI4ODQxMTEwNA==	269	104	109	35	24	28	12	15	23	6	7	12	12	14	8	5	4	13	1	10	8	4	5	5	7	4	7	9	6	7
XMTI4ODQxMzEyOA==	38	16	500	288	124	26	37	21	16	123	9	12	8	6	8	15	15	17	9	15	15	8	11	11	15	12	14	15	10	10
XMTI4ODQxNDAyOA==	4196	1082	1302	121	111	69	71	40	33	36	38	28	14	17	30	18	20	12	10	18	16	11	9	14	4	6	8	7	8	3
XMTI4ODQxNjkzMg==	9	4	3	0	3	0	0	2	0	1	0	0	2	2	1	0	0	0	0	0	0	0	2	0	0	0	0	0	2	2
XMTI4ODQyNTk5Ng==	79	29	33	6	15	4	0	0	1	2	0	1	0	1	0	0	0	0	1	2	0	1	0	0	0	0	0	1	0	0
XMTI4ODQzMDEwMA==	62	5	101	5	5	3	4	1	2	2	1	0	0	1	0	0	8	2	0	1	0	1	1	1	0	3	1	0	0	2
XMTI4ODU0MDA5Mg==	174	48	48	41	13	6	3	3	2	1	1	0	1	0	0	0	1	2	1	2	2	0	0	0	0	4	1	0	0	1
XMTI4ODU0NDA5Mg==	25	9	7	1	2	2	1	0	2	4	0	1	2	1	2	4	3	1	0	0	0	0	1	0	1	1	0	0	0	0
XMTI4ODU0NDcyNA==	202	60	53	21	14	3	1	4	3	2	4	1	1	1	0	1	2	0	1	0	3	2	1	0	2	0	0	0	1	0
XMTI4ODU0NDk0MA==	5259	33470	9089	566	1001	329	286	298	210	245	229	230	290	205	142	170	260	51	22	15	24	12	13	21	10	6	6	5	10	5
XMTI4ODU0ODM5Mg==	22	1	33	0	0	0	0	0	0	0	0	0	0	0	0	0	0	0	0	0	0	0	0	0	0	0	0	0	0	2
XMTI4ODU1NTQ3Ng==	5	0	0	0	2	8	0	1	0	0	0	0	0	0	0	0	0	0	0	0	0	0	0	0	0	1	0	0	0	0
XMTI4ODU1NjM4MA==	45	3	3	600	1	2	0	1	1	0	0	1	0	0	0	0	2	0	1	0	1	0	0	0	0	0	0	0	0	0
XMTI4ODU2MjY4NA==	4	18	7	2	0	0	0	0	0	0	0	0	0	0	0	0	0	0	0	0	0	0	0	0	0	0	0	0	0	0
XMTI4ODU2NTM0NA==	6627	89213	10959	6593	7701	5954	5687	3748	1955	1923	1797	591	2125	665	2576	1256	2001	695	654	2142	778	2125	714	1681	584	596	1861	495	541	2054
XMTI4ODU3NDMwMA==	49	9	28	1184	44	329	276	54	532	1954	863	21	24	16	19784	242	280	130	100	87	63	60	58	54	43	36	34	31	38	40
XMTI4ODU3NTcxMg==	22	7	62	3	5	1	0	7	3	4	1	0	1	0	67	251	1	3	3	1	2	0	1	2	2	71	43	23	20	240
XMTI4ODU3ODY4MA==	149	79	8484	16	12	13	16	7	2	3	1	0	2	2	1	5	2	4	0	2	2	0	1	0	0	0	9	2	1	1
XMTI4ODUwMjQ0NA==	86	41	100	0	2	2	0	0	0	1	0	0	0	0	1	1	0	0	0	1	0	0	0	0	6	0	0	0	0	0
XMTI4ODUwNTA5Ng==	26	14	12	3	1	1	0	0	1	0	0	3	0	0	0	0	0	0	0	0	1	1	0	2	0	1	0	0	1	0
XMTI4ODUxMDEwMA==	4676	1371	1553	531	488	427	424	303	249	158	159	125	81	85	74	55	47	57	59	48	41	27	29	29	27	30	17	10	10	14
XMTI4ODUxMTAxNg==	7	0	0	0	99	0	0	0	0	0	0	1	0	3	1	0	0	0	0	1	0	1	0	0	1	2	0	2	7	0
XMTI4ODUxNzk1Mg==	484	3401	498	117	101	82	92	46	39	37	33	69	66	78	64	45	26	28	26	27	43	55	32	32	26	35	20	24	23	30
XMTI4ODUxODMwMA==	26	2	1	1	4	0	34	65	7	0	0	0	0	0	0	0	0	0	0	0	0	1	1	0	0	0	0	0	0	0
XMTI4ODUxOTIxNg==	2	5	18	117	2	1	0	0	6	1	1	0	0	1	0	0	0	0	0	0	0	1	0	0	0	0	0	0	0	0
XMTI4ODUyMDExNg==	11	34	98	162	32	2	1	1	1	0	0	0	0	2	1	0	0	0	1	0	0	0	0	0	0	0	1	0	0	0
XMTI4ODUyMjU1Mg==	655	203	314	2269	4900	1272	404	482	881	1091	3015	713	469	361	296	285	264	307	306	257	191	172	108	92	99	177	186	225	198	179
XMTI4ODUyNTI1Ng==	191	60	63	4	3	3	1	0	1	1	1	0	1	0	0	1	0	0	0	3	1	0	0	0	0	0	0	2	0	0
XMTI4ODUyNTM3Mg==	9	1	10	1	2	0	0	0	0	0	0	0	0	0	0	0	0	0	0	0	0	0	0	0	0	0	0	0	0	0
XMTI4ODUyODE4NA==	39	13	104	13	5	6	6	4	0	0	0	1	1	2	0	0	2	0	1	1	1	0	0	0	0	0	0	1	0	0
XMTI4ODUzMDgxNg==	2973	90875	6915	1872	405	411	1431	340	244	179	172	173	147	164	158	131	87	95	374	385	411	543	434	132	127	121	98	72	90	67
XMTI4ODUzMTc0OA==	74	381	110	14	2	8	6	1	1	2	2	3	5	3	2	5	4	1	14	4	1	1	2	0	2	1	1	0	1	3
XMTI4ODUzMzQyMA==	82	44	19	17	62	203	27	9	9	9	7	14	124	18	8	4	6	3	4	43	20	6	7	4	1	9	37	9	4	3
XMTI4ODUzNTg4OA==	73	28	83	3	4	1	0	0	1	1	1	0	0	0	0	0	0	0	3	0	3	40	1	1	1	0	2	2	0	0
XMTI4ODUzNzIxMg==	63	17	120	11	6	1	5	3	0	3	0	2	1	1	1	1	4	0	1	1	6	0	1	1	0	0	2	1	3	0
XMTI4ODUzNzYwOA==	67	28	85	0	1	4	1	0	3	4	1	2	1	25	2	7	4	1	6	2	0	3	3	2	3	0	1	0	0	1
XMTI4ODUzODExMg==	11	1	11	1	0	0	0	0	0	0	0	0	0	0	0	0	0	0	0	0	0	0	0	0	0	0	0	0	0	0
XMTI4ODY0MjA0NA==	16	2	1	5	392	0	0	1	1	0	0	0	0	1	3	1	6	0	1	0	0	1	0	2	1	1	0	1	1	1
XMTI4ODY0MjM1Ng==	28	199	1062	68	152	103	110	86	54	41	0	0	2	1	1	1	1	4	1	3	0	3	3	0	0	1	0	1	0	0
XMTI4ODY0NDk4OA==	2353	1372	6294	798	763	440	294	218	196	124	135	143	143	104	123	113	58	110	166	143	178	175	169	192	127	138	117	100	86	84
XMTI4ODY0NTcwOA==	9	0	1	12	1	0	0	1	0	0	0	0	0	1	0	0	0	0	3	3	0	1	4	0	0	0	0	0	0	0
XMTI4ODY0NjE3Ng==	582	22343	28266	3146	968	744	858	2098	673	695	1792	791	325	217	246	279	296	268	208	272	1238	198	212	182	152	154	186	206	250	270
XMTI4ODY3NDU1Mg==	24	52	110	5	8	14	14	11	38	3	9	5	4	0	2	7	5	5	5	4	3	2	1	3	1	3	1	2	2	0
XMTI4ODY3NzA3Mg==	44	17	13	5	1	1	3	2	3	3	0	1	0	2	0	1	2	0	1	1	0	1	0	0	0	0	1	0	0	0
XMTI4ODY3NzgwMA==	3	0	0	9	3	21	0	0	0	0	1	0	1	0	0	0	0	0	0	0	0	0	0	0	0	0	0	0	0	0
XMTI4ODY4MzcyNA==	6	0	1	7	0	0	0	0	0	0	0	0	0	0	0	0	0	0	0	0	0	0	0	1	0	0	0	0	0	0
XMTI4ODY4NDE0OA==	9	0	15	5	1	2	0	0	0	0	0	1	0	0	0	0	0	0	0	0	0	0	0	0	0	0	0	0	0	0
XMTI4ODY5MTU4NA==	18	298	36	40	38	39	106	20	1	1	0	1	0	0	0	0	0	1	0	0	0	0	0	0	2	0	0	2	0	0
XMTI4ODYwNzUzNg==	10	5	7	0	0	0	0	0	0	0	0	0	0	0	0	0	0	0	0	0	0	0	0	0	0	0	0	0	0	0
XMTI4ODYyNTc2OA==	23	3	6	38	2	1	1	1	0	1	2	0	1	0	0	0	2	1	0	0	0	0	2	0	0	0	0	0	1	1
XMTI4ODYyNzg4NA==	49	4	66	0	1	0	0	0	0	0	0	0	0	0	0	0	0	0	0	0	0	0	0	0	0	1	0	0	0	0
XMTI4ODYyOTM2OA==	323	121	130	25	13	7	4	0	3	3	3	5	2	2	1	5	6	2	2	1	0	0	0	1	0	0	1	0	0	0
XMTI4ODYzNzYzMg==	5	4	2	0	9	0	0	0	0	0	0	1	0	0	0	0	0	0	0	1	0	0	0	0	0	0	0	0	0	0
XMTI4ODYzOTM3Ng==	8	6	3	0	0	1	0	2	2	0	7	1	0	1	0	0	0	0	0	0	1	0	0	0	0	0	1	1	0	0
XMTI4ODc0NTg1Ng==	149	1388	455	11	33	25	15	27	16	8	11	2	15	6	12	19	18	19	13	11	10	1	10	4	3	1	3	4	25	22
XMTI4ODc1MTc0OA==	17891	62281	41915	545	571	519	592	503	440	48	37	16	24	28	24	25	17	12	13	16	22	10	20	14	12	13	9	13	16	5
XMTI4ODc1ODI4MA==	25	39	91	3	0	0	1	1	0	0	0	0	1	0	0	2	0	0	1	0	1	0	0	1	0	0	0	0	0	0
XMTI4ODc2NzQyOA==	4	1	2	1	13	2	0	0	0	0	0	0	0	0	0	0	0	0	0	0	0	0	0	0	0	0	0	0	0	0
XMTI4ODc2ODQ4MA==	148	189	70	11	13	2	2	5	4	3	3	1	12	5	4	5	14	10	6	0	4	1	3	0	2	9	0	3	1	2
XMTI4ODc3MjU2OA==	1071	3804	1303	189	181	769	95	76	68	40	63	41	212	281	271	142	36	25	27	24	27	20	11	20	13	17	19	28	24	16
XMTI4ODc3NTIyMA==	4	1	10	0	0	0	2	0	0	0	0	0	0	0	0	0	0	0	0	1	0	0	0	0	0	1	0	0	0	0
XMTI4ODc3NzE3Mg==	4	1	9	0	0	0	1	0	1	0	0	0	0	0	0	0	0	1	0	1	0	0	2	0	2	0	0	0	0	1
XMTI4ODc3NzczMg==	408	546	5015	3592	865	227	142	144	142	73	50	40	51	44	34	59	51	79	47	46	43	49	39	25	30	51	43	33	33	31
XMTI4ODc4ODk2OA==	20	33	12	0	0	0	0	1	0	0	0	0	0	0	0	0	0	0	0	0	0	0	0	0	0	0	0	0	0	0
XMTI4ODc4OTYxMg==	2	1	1	2	9	3	2	0	1	1	0	0	3	1	0	0	1	1	0	3	1	0	0	0	0	0	2	0	1	0
XMTI4ODc4OTk0NA==	31	97	35	18	313	3	6	6	8	4	7	5	80	14	6	6	7	5	2	2	3	6	3	5	2	0	3	6	4	3
XMTI4ODc5MDM3Mg==	19	9	6	0	4	0	2	0	0	0	0	1	0	0	0	0	0	0	0	1	0	0	0	0	0	0	0	0	0	0
XMTI4ODc5NzE5Ng==	23	64	40	3	4	4	0	4	6	3	2	2	0	0	0	1	6	8	0	1	2	5	304	5	3	1	1	5	0	2
XMTI4ODc5OTIxMg==	4	20	117	6	4	5	0	0	7	2	2	1	0	4	1	0	0	0	0	1	2	1	1	3	1	1	67	0	0	0
XMTI4ODc5OTYxNg==	12	6	4	4	33	2	2	0	1	0	1	0	0	0	0	3	0	0	4	5	1	1	0	0	0	0	3	1	1	1
XMTI4ODcwMTY1Mg==	115	91	211	7	3	2	2	2	3	2	1	516	2	1	0	813	1	1	2	0	0	0	0	0	2	1	1	2	1	7524
XMTI4ODcwMzk1Mg==	51	12	7	181	3	3	3	3	1	5	0	3	2	0	3	5	0	0	1	0	0	0	0	0	0	1	0	0	0	0
XMTI4ODcwNDkwMA==	3	57	14	35	1	4	0	0	0	2	0	0	0	0	1	0	0	0	0	0	0	0	0	0	0	0	0	0	0	0
XMTI4ODcwNzcxNg==	299	567	212	23	12	8	12	156	14	6	7	4	5	6	0	12	660	10	13	8	5	3	4	1	5	2	1	4	612	1
XMTI4ODcwNzg4MA==	4	0	2	2	3	23	18	0	0	0	0	0	0	1	2	0	0	0	2	1	0	0	0	1	2	1	0	0	0	0
XMTI4ODcxMzIyOA==	17	5	2	6	340	0	1	1	5	5	2	0	1	3	1	0	0	0	0	0	0	1	2	0	0	0	0	0	0	0
XMTI4ODcxNTA1Ng==	22	6	6	0	1	2	3	380	0	0	3	1	1	0	0	0	0	0	0	0	2	0	0	0	0	0	0	0	0	0
XMTI4ODcxNjk3Ng==	5	8	138	1	1	0	0	0	0	0	0	0	0	0	0	0	0	0	0	1	0	0	0	0	0	0	1	0	0	0
XMTI4ODcxOTI3Mg==	2	0	1	10	0	0	1	0	0	4	4	2	4	0	1	0	3	0	3	3	1	3	0	0	0	0	0	0	1	2
XMTI4ODcyNjAyMA==	4	15	8	5	1	0	0	0	0	2	4	1	0	2	0	1	1	3	0	1	0	3	0	1	2	2	0	1	1	0
XMTI4ODcyOTExNg==	8	0	7	0	0	0	0	0	0	0	0	0	0	0	4	0	0	0	0	0	0	0	0	0	0	0	0	0	0	0
XMTI4ODczNDY4NA==	214	739	2089	658	282	278	307	307	337	253	260	214	240	172	202	302	235	266	358	306	393	449	499	511	447	489	474	447	444	389
XMTI4ODczODIyOA==	15	219	32	2	1	1	0	0	3	0	0	0	0	0	0	1	1	0	1	0	0	1	0	0	0	0	0	0	0	0
XMTI4ODg0NjgyNA==	112	363	145	32	34	11	13	8	5	8	5	6	8	7	1	6	4	16	13	18	23	29	18	17	13	19	19	116	8	18
XMTI4ODg2NDQzNg==	20	31	14	0	2	1	3	2	0	1	1	2	1	0	0	2	0	0	0	0	0	1	1	3	2	1	1	0	2	1
XMTI4ODg2NTE0MA==	21	1045	84	9	17	19	16	19	17	6	1	3	1	1	1	1	1	3	14	17	17	5	6	5	8	3	2	7	6	4
XMTI4ODgxMDQwOA==	5	1	10	0	0	0	0	0	0	0	0	0	0	0	0	0	0	0	0	0	0	0	0	0	0	0	0	0	0	0
XMTI4ODgxNTM0NA==	4	0	6	2	2	0	0	1	1	1	1	0	0	0	0	1	1	3	1	3	1	1	0	2	1	2	0	1	1	5
XMTI4ODgxODEwOA==	34	23	13	0	1	3	2	1	0	1	1	2	0	0	0	2	1	2	0	1	1	1	0	1	0	1	0	0	2	1
XMTI4ODgyMTA1Mg==	7	1	200	5	7	0	0	2	0	0	1	0	0	1	0	0	0	0	0	0	0	2	0	1	1	0	1	0	0	0
XMTI4ODgyNDc1Mg==	4	5	24	5	4	2	1	0	2	0	0	3	0	0	5	2	0	0	0	1	53	1	0	1	0	1	0	1	0	0
XMTI4ODgzMzg3Ng==	7	0	0	1	8	0	0	0	2	1	0	0	1	1	1	1	0	0	3	0	0	0	1	0	0	1	2	0	0	0
