--------------------------------------------------
global
--------------------------------------------------
Log-Linear
0.3462903
Linear
1.234574
Multi-Linear
1.175979, 1.308160, 1.227412, 1.508363, 1.369082, 1.761802, 2.181996
--------------------------------------------------

--------------------------------------------------
active
--------------------------------------------------
1000000
1.172852, 1.157283, 1.141730, 1.728174, 1.726009, 1.862370, 2.066463
0000000
1.455354, 1.210279, 1.032734, 1.511062, 1.074896, 1.694086, 3.855173
1100000
1.143831, 1.151531, 1.380812, 1.954694, 2.124467, 2.421991, 4.125015
others
1.290821, 1.182476, 1.123870, 1.115366, 1.160633, 1.343272, 1.463081
--------------------------------------------------
inactive
--------------------------------------------------
1.195254, 1.278508, 1.121022, 1.360249, 1.296887, 1.373909, 1.541489
--------------------------------------------------