XMTM2MTE3ODY3Ng==	93	58	0.141634871083	51	0.20395421436
XMTM2MTExMjM4NA==	173	122	0.0869056767684	106	0.149988305657
XMTM2MTYwNzM2MA==	1022	761	0.0652197640174	664	0.122705565619
XMTM2MTUzMTc3Mg==	76672	82678	0.0061361656002	72197	0.00340653217488
XMTM2MTMwMjA3Mg==	244	240	0.000268744961032	210	0.0194168234346
XMTM2MDc1NTYyOA==	45	52	0.0241975308642	46	0.000493827160494
XMTM2MTQ5MjU4NA==	40	45	0.015625	40	0.0
XMTM2MTQ2MzY0MA==	163	110	0.105724716775	96	0.168956302458
XMTM2MTI3MDU0MA==	8819929	3291669	0.392868077978	2874361	0.454419043157
XMTM2MDg1OTMwNA==	1664	1296	0.0489090236686	1132	0.102215467825
XMTM2MTI1MzU1Ng==	35	44	0.0661224489796	38	0.00734693877551
XMTM2MTE1OTUwOA==	10809	11832	0.00895736422195	10332	0.00194744734647
XMTM2MTIyNDg5Ng==	1898027	1120698	0.16772776828	978620	0.23464474897
XMTM2MTQzNzU4NA==	425	303	0.0824027681661	264	0.143507266436
XMTM2MTYwNjIxMg==	92	79	0.0199669187146	69	0.0625
XMTM2MTE5NDkwOA==	59	47	0.0413674231543	41	0.0930767020971
XMTM2MDgzNDcyNA==	597	170	0.511572378924	148	0.565645087526
XMTM2MTA5NDg2MA==	22216	22416	8.10453790583e-05	19574	0.0141427509317
XMTM2MDk2MzY3Ng==	264	141	0.217071280992	123	0.285253099174
XMTM2MTM1NjI5Mg==	50	37	0.0676	32	0.1296
XMTM2MDkxODQ1Mg==	5634	1388	0.567971173547	1212	0.616032735979
XMTM2MTQzOTAxNg==	83	58	0.0907243431558	51	0.148642763826
XMTM2MDc4MDc0MA==	425	198	0.2852816609	173	0.351579238754
XMTM2MTExOTcxNg==	39661	2968	0.855931720456	2591	0.873610513076
XMTM2MTU1NjU4MA==	31	24	0.05098855359	21	0.104058272633
XMTM2MTA3Nzg1Mg==	230	116	0.245671077505	101	0.314574669187
XMTM2MDc0NTc2NA==	63	55	0.0161249685059	48	0.0566893424036
XMTM2MTM0OTE4OA==	336	171	0.241151147959	149	0.309745252268
XMTM2MTI0NjEyMA==	326	123	0.387754525951	107	0.451287214423
XMTM2MTQ4NTkyMA==	221	147	0.112118916484	128	0.177084826273
XMTM2MTI5ODg3Mg==	46	65	0.170604914934	57	0.0571833648393
XMTM2MTIwODcyOA==	5764	4005	0.0931287416066	3498	0.154551016841
XMTM2MTYxOTcwMA==	19907	16486	0.029532112589	14396	0.076638887025
XMTM2MDk4MTE0OA==	26790	4388	0.699243050165	3832	0.734383103009
XMTM2MDg5MTkyOA==	25252	17981	0.0829080552178	15701	0.143056016893
XMTM2MTI0Nzc4MA==	1218	940	0.0520948767934	821	0.10623960246
XMTM2MTQ1Mzg0NA==	24	25	0.00173611111111	22	0.00694444444444
XMTM2MTM1OTQ4OA==	473984	401353	0.023481005158	350471	0.0679044095751
XMTM2MDkxMzU4NA==	100402	61302	0.151659209085	53530	0.217942657394
XMTM2MTMxODU5Mg==	1512	1281	0.0233410493827	1119	0.0675587364575
XMTM2MTM0OTcyNA==	19455	17015	0.0157295820225	14858	0.0558324309154
XMTM2MDk2NzE4MA==	19914	21740	0.00840784198003	18984	0.00218096598138
XMTM2MDc4MjI0NA==	560	243	0.320436862245	212	0.386173469388
XMTM2MTM5MjUzNg==	46	21	0.295368620038	19	0.344517958412
XMTM2MTMzNTAwOA==	4444	3604	0.0357281452718	3147	0.0851788655463
XMTM2MTM5MTk5Mg==	258	123	0.273796646836	107	0.342542515474
XMTM2MDk2NjkwOA==	176	240	0.132231404959	210	0.037319214876
XMTM2MTQ0MTM2MA==	5573	4824	0.0180628197995	4212	0.0596400727161
XMTM2MTY1OTk0OA==	79	88	0.0129786893126	77	0.000640922929018
XMTM2MTIyNjI2MA==	66	49	0.0663452708907	43	0.121441689624
XMTM2MTEyODAzNg==	129	65	0.246139054143	57	0.3115197404
XMTM2MTI2NTU4OA==	470	363	0.051828881847	317	0.105971027614
XMTM2MTU3NTgyMA==	3731	4791	0.0807162975156	4184	0.0147416435536
XMTM2MDk5MTU3Ng==	6447	5620	0.0164549163432	4907	0.0570592555653
XMTM2MTEzODk2OA==	3453	543	0.710219874532	474	0.744299709919
XMTM2MTQ5NDIwOA==	70	74	0.00326530612245	64	0.00734693877551
XMTM2MTMyOTQ4NA==	2980	1870	0.138743750282	1633	0.204316134408
XMTM2MTIxODYzMg==	22674	24906	0.00969018561302	21748	0.00166788340951
XMTM2MDc3OTY1Ng==	99	109	0.0102030405061	95	0.00163248648097
XMTM2MDgzOTA0MA==	650422	848459	0.0927048023791	740894	0.0193480827934
XMTM2MTE4ODI1Mg==	646	344	0.218549013218	300	0.286871339704
XMTM2MTAwMTY2OA==	865	304	0.420623475559	265	0.481138694911
XMTM2MTE5NjIxNg==	1171	1021	0.0164084942034	891	0.0571744864688
XMTM2MTY1NzUzMg==	254	300	0.0327980655961	262	0.000992001984004
XMTM2MTYwOTYwNA==	283	65	0.593389853788	57	0.637740513679
XMTM2MTA2MTQ0MA==	183	147	0.0386992743886	128	0.090328167458
XMTM2MTMyNDIzMg==	3291	1759	0.216701424407	1536	0.284379624882
XMTM2MTI0ODk1Mg==	5670	5805	0.000566893424036	5069	0.011235252217
XMTM2MTQ1MTA0NA==	107	109	0.000349375491309	95	0.0125775176871
XMTM2MTMwMzg0OA==	2766	1246	0.301983228847	1088	0.368026898257
XMTM2MTYwMjI4MA==	95	47	0.255290858726	41	0.323102493075
XMTM2MDk1NzU5Ng==	3567	2409	0.105392789666	2104	0.168221861158
XMTM2MDQ0NzAyMA==	28	37	0.103316326531	32	0.0204081632653
XMTM2MDg1NjUwNA==	8863	5546	0.140064941568	4843	0.205726675275
XMTM2MTQzMDg1Mg==	342	201	0.169975377039	175	0.238440887795
XMTM2MDk5NTUxMg==	1012	1025	0.000165015857145	895	0.0133662844288
XMTM2MTQzNTY0NA==	376	312	0.0289723856949	273	0.0750410253508
XMTM2MTEyMjczNg==	12190	9567	0.046300871961	8354	0.0990261251809
XMTM2MDg0NDQ3Ng==	81	89	0.00975461057766	78	0.00137174211248
XMTM2MDgwNTY0OA==	349	351	3.28404528698e-05	306	0.0151804993391
XMTM2MDg0MDQwMA==	9421	690	0.858882925009	602	0.87628358758
XMTM2MTIxODU1Ng==	168	62	0.398100907029	54	0.460459183673
XMTM2MDg2ODEwNA==	189	122	0.125668374346	106	0.19285574312
XMTM2MTMyODQ1Ng==	153	90	0.16955017301	79	0.233927122047
XMTM2MTIyNDY2NA==	23	24	0.00189035916824	21	0.00756143667297
XMTM2MTI5NjM3Mg==	444	605	0.131487906826	528	0.0357925493061
XMTM2MDgzOTA1Mg==	169	124	0.0709008788208	109	0.126046006792
XMTM2MTQ3MDg0MA==	844	435	0.234834403989	380	0.302239392646
XMTM2MTM0NDQ0MA==	930	1250	0.118395190195	1091	0.0299699387212
XMTM2MTQxMzk1Ng==	88	54	0.149276859504	47	0.217071280992
XMTM2MTQ2MzY0OA==	141	147	0.00181077410593	128	0.00850057844173
XMTM2MTI1ODQwOA==	198	164	0.0294867870625	143	0.0771604938272
XMTM2MDk3ODEzNg==	2749	2355	0.0205420113085	2057	0.0633669361695
XMTM2MTEwMDM0OA==	971	373	0.37928346349	326	0.441246191033
XMTM2MDg4NTAzNg==	2105	2128	0.000119385469502	1858	0.0137685975593
XMTM2MDk0OTU4MA==	9873	1977	0.639611119559	1726	0.68092167468
XMTM2MDU1Mzk0OA==	204	131	0.12805171088	115	0.190335447905
XMTM2MTE2NzE2NA==	183	233	0.0746513780644	204	0.0131685030906
XMTM2MDgxNTQwMA==	7048	7465	0.00350058251445	6519	0.00563351627433
XMTM2MTM1MTE1Mg==	75	68	0.00871111111111	59	0.0455111111111
XMTM2MTU5Mjc1Mg==	107	120	0.0147611145078	105	0.000349375491309
XMTM2MTA1NTEwMA==	4958	6659	0.117705181776	5815	0.0298777988431
XMTM2MTQxOTQxNg==	253	250	0.00014060522739	219	0.0180599603181
XMTM2MDkxODE1Ng==	285	321	0.0159556786704	280	0.000307787011388
XMTM2MTQ4ODQxNg==	1938	836	0.323337178008	730	0.388531579054
XMTM2MTIwMDk1Mg==	17205	9648	0.192925436053	8425	0.260423204091
XMTM2MTIwMTAzNg==	8801	3397	0.377021952952	2967	0.439408858015
XMTM2MDgzODc1Ng==	227	117	0.234819228008	102	0.303227308894
XMTM2MTMyODE2NA==	8110	6212	0.0547710047269	5425	0.109609165588
XMTM2MDkwNDQ1Ng==	5388	7076	0.0981498658792	6179	0.0215525069045
XMTM2MTQ1ODA5Mg==	5006	2553	0.240111746049	2230	0.307508576604
XMTM2MTMzNzA5Ng==	214	126	0.169097737794	110	0.236177832125
XMTM2MTIyODIyOA==	1041	1243	0.0376531470054	1085	0.00178650359285
XMTM2MTQ3NjcxMg==	8282	4513	0.207100821962	3941	0.274731918772
XMTM2MTM4MTQ5Ng==	2827	2285	0.0367575838074	1995	0.0866153840956
XMTM2MTY5MzM3Mg==	316	277	0.0152319339849	242	0.0548389681141
XMTM2MDczMjQwOA==	37	51	0.143170197224	44	0.0357925493061
XMTM2MTQxMTM4MA==	276	338	0.0504620877967	295	0.00473902541483
XMTM2MTQ5Mzk0NA==	1772	2268	0.0783494438188	1980	0.0137784141575
XMTM2MTYyNjA4NA==	21035	13932	0.114024610301	12165	0.177812466788
XMTM2MDg0MTc2MA==	8200	3002	0.401832302201	2621	0.462897694825
XMTM2MTU2NzExMg==	142	134	0.00317397341797	117	0.0309958341599
XMTM2MDc0NDU3Mg==	4831	4664	0.0011949751315	4073	0.0246186557946
XMTM2MDk3MjAyNA==	4525	5052	0.0135638838863	4411	0.000634705900308
XMTM2MTM1OTcwMA==	76	88	0.0249307479224	77	0.000173130193906
XMTM2MDcyNTAyNA==	2507	2815	0.0150935975201	2458	0.000382017705829
XMTM2MTE4NzY4MA==	195	174	0.0115976331361	152	0.0486259040105
XMTM2MTIyMDg5Ng==	233	293	0.0663117758662	256	0.00974414706478
XMTM2MDk4MzY0MA==	4513	4719	0.002083549265	4121	0.00754469116449
XMTM2MDk0NDMyOA==	59	55	0.00459638035047	48	0.0347601264005
XMTM2MDg3MDU0MA==	224	245	0.0087890625	214	0.00199298469388
XMTM2MTA2OTYzMg==	1283	1086	0.0235764894851	948	0.0681767510748
XMTM2MTA3NzYwMA==	23649	12231	0.233106570373	10680	0.300737384206
XMTM2MDk1NzYyMA==	226	38	0.691988409429	33	0.729285770225
XMTM2MDk1ODIwOA==	4010	4413	0.0100999993781	3853	0.00153288847706
XMTM2MTQ5MDk5Mg==	8158	9072	0.0125523485325	7922	0.000836867310673
XMTM2MDg0MzY0MA==	259545	291294	0.0149635544401	254364	0.00039847570796
XMTM2MTcwOTczNg==	60	44	0.0711111111111	38	0.134444444444
XMTM2MDg0MjMwMA==	2157	2449	0.0183259042322	2138	7.75902072131e-05
XMTM2MTEwNjA2OA==	826	174	0.623067497611	152	0.665824387784
XMTM2MDc1NjUwMA==	138	98	0.084015963033	85	0.1475005251
XMTM2MTM0MjQ2NA==	4492	3895	0.0176631910772	3401	0.0589888603783
XMTM2MTE5NzI0OA==	8463	8489	9.43839207553e-06	7412	0.0154225700074
XMTM2MTQ1NDYwMA==	1388	1629	0.0301477671935	1422	0.000600038203124
XMTM2MTIxNzE0OA==	87571	72908	0.0280365809827	63665	0.074523494649
XMTM2MTEyMjcxNg==	6128	7140	0.0272724096558	6235	0.000304880776677
XMTM2MTE5NTc2NA==	90	95	0.00308641975309	83	0.00604938271605
XMTM2MTE4MjkzMg==	118	27	0.594728526286	23	0.64816144786
XMTM2MTMzNjA4OA==	17512	16895	0.00124136309793	14753	0.0248217218041
XMTM2MTQyOTE4MA==	1426	1155	0.0361159905502	1009	0.0855131803867
XMTM2MTA5MTk5Ng==	34	44	0.0865051903114	38	0.0138408304498
XMTM2MTEyNjM2MA==	365	250	0.0992681553762	219	0.16
XMTM2MTMwMDgyNA==	8469	6823	0.0377742104901	5958	0.0879081538734
XMTM2MDg4NTc4OA==	27328	31012	0.0181728710532	27080	8.23545623571e-05
XMTM2MTQyMzg3Ng==	4978	1308	0.543528528337	1142	0.593809870703
XMTM2MTU4NjUyNA==	136	165	0.0454692906574	144	0.00346020761246
XMTM2MDgyMjU1Ng==	298	396	0.108148281609	346	0.0259447772623
XMTM2MTQ2ODgzMg==	2256	2992	0.106433278004	2612	0.0249012876616
XMTM2MTM3NDczNg==	124	124	0.0	109	0.014633194589
XMTM2MDQ5Mzk5Mg==	73819	41363	0.193309712116	36119	0.260823299803
XMTM2MTYwNzM4OA==	648	434	0.109063023929	379	0.172327484377
XMTM2MTY3MzcxNg==	19571	22967	0.0301099011171	20056	0.000614125942032
XMTM2MDk2NzMyOA==	202	69	0.433511420449	60	0.494167238506
XMTM2MTMxOTY4NA==	587	785	0.113776921313	685	0.0278725015889
XMTM2MDY3MDY0MA==	564	133	0.583977792868	116	0.630954177355
XMTM2MTQ0NTU0OA==	116516	139372	0.0384794912123	121703	0.00198180701918
XMTM2MTQ5OTE2NA==	3767	4007	0.00405911394757	3499	0.00506148958629
XMTM2MTAwNDUwNA==	1878	2125	0.017298272356	1856	0.000137231618619
XMTM2MTAwOTc4MA==	172	201	0.0284275283937	175	0.000304218496485
XMTM2MDkwNjQ3Mg==	9003	5001	0.197596691362	4367	0.265162652226
XMTM2MTI1MjM0NA==	32	37	0.0244140625	32	0.0
XMTM2MTI0NDkxNg==	5091	3716	0.0729456170338	3244	0.131621730623
XMTM2MTU2MjE1Mg==	20651	24865	0.0416396326215	21712	0.00263966366515
XMTM2MDk4NzEwMA==	3108	2556	0.0315439543239	2232	0.0794412724915
XMTM2MDc2ODU0NA==	48	54	0.015625	47	0.000434027777778
XMTM2MTI0NDExMg==	58252	49440	0.0228837553076	43172	0.0670163856145
XMTM2MDk4MzExNg==	117	120	0.000657462195924	105	0.0105193951348
XMTM2MDkxMDE2OA==	1094	493	0.30179657029	431	0.367275884081
XMTM2MDgyOTAxNg==	16511	3683	0.603630461353	3216	0.648380475421
XMTM2MTM5MDk4OA==	180	170	0.00308641975309	148	0.0316049382716
XMTM1ODkwNDgyMA==	220	98	0.307520661157	85	0.376549586777
XMTM2MDgzNTY1Mg==	2553	1130	0.310676333105	986	0.376735341585
XMTM2MDg1MzI4OA==	507	454	0.0109278775642	396	0.0479324953608
XMTM2MTAyMDg2OA==	274	187	0.100817837924	163	0.164113698119
XMTM2MTM3NzY0MA==	103	107	0.00150815345461	94	0.00763502686398
XMTM2MDY0MjIyNA==	813	509	0.139818962765	444	0.206002096921
XMTM2MDY5NjIyOA==	357	269	0.0607615595258	235	0.116783968489
XMTM2MTM4OTQ4OA==	19091	8090	0.332052667994	7064	0.396878220403
XMTM2MTU4MDYyOA==	139	154	0.011645359971	135	0.000828114486828
XMTM2MTUwNTM2MA==	10324	7933	0.0536368371467	6927	0.108266750466
XMTM2MDkwNTUwOA==	8868	11764	0.106646288602	10273	0.0251015927687
XMTM2MTEwMzExNg==	372	385	0.00122123944965	336	0.00936524453694
XMTM2MTE2NDk5Ng==	278	246	0.0132498317892	215	0.0513560374722
XMTM2MDc4MDU2NA==	68379	76410	0.0137941124284	66723	0.000586509666718
XMTM2MTI0ODU4NA==	3987	1463	0.400761718122	1278	0.461663498922
XMTM2MTE2NDkzMg==	362	137	0.386320625134	120	0.446903330179
XMTM2MTQ0NjM2MA==	284	146	0.236113866296	127	0.305606526483
XMTM2MTE0ODY4MA==	912	633	0.0935876904432	553	0.154952725839
XMTM2MDkzODM0OA==	2295	2719	0.0341323612476	2374	0.00118491938049
XMTM2MTUzNTIwOA==	678	461	0.102437761593	402	0.165713838202
XMTM2MTY1MzI1Mg==	125	96	0.053824	84	0.107584
XMTM2MDc0NDQzNg==	582	120	0.630141354023	105	0.67172388139
XMTM2MTIzMDc5Mg==	156	150	0.00147928994083	131	0.0256821170283
XMTM2MTM3NTc0MA==	647	841	0.0899072881854	735	0.0184993633677
XMTM2MTczMjMwNA==	281	332	0.0329403123061	290	0.00102582287458
XMTM2MTIzNzA2MA==	136	65	0.272545415225	57	0.337424307958
XMTM2MDg0MTUzMg==	100	57	0.1849	49	0.2601
XMTM2MTM0NTQ1Mg==	110	131	0.0364462809917	115	0.00206611570248
XMTM2MTE3MjkwNA==	1782	2442	0.137174211248	2132	0.0385763105554
XMTM2MTQ4MjM4MA==	84	110	0.0958049886621	96	0.0204081632653
XMTM2MTU5MDgzNg==	117	153	0.094674556213	133	0.0187011469063
XMTM2MTY5ODk4MA==	342	409	0.0383793303923	357	0.00192366882118
XMTM2MTE2NTk5Mg==	23	28	0.047258979206	25	0.00756143667297
XMTM2MTI1MTcxNg==	80	64	0.04	56	0.09
XMTM2MDczNDI4MA==	2623	2391	0.00782310913066	2088	0.0416016908985
XMTM2MTA5Mzk3Mg==	311	123	0.365422193732	107	0.430268504255
XMTM2MDg2NDA2OA==	18	23	0.0771604938272	20	0.0123456790123
XMTM2MTE3NTMxNg==	1616	916	0.187634790707	800	0.254975002451
XMTM2MTIyMTg4OA==	101	49	0.26507205176	43	0.32977159102
XMTM2MDkzNzcwOA==	87	100	0.0223279165015	88	0.000132117849121
XMTM2MTM2OTg4NA==	246048	288522	0.0297993401105	251944	0.000574215975817
XMTM2MTE3MjM4MA==	19090	14043	0.0698963910851	12263	0.127893345766
XMTM2MTMzMDYzNg==	674	499	0.0674149635904	436	0.124690716657
XMTM2MDY3NzQ3Mg==	2533	1712	0.105054808311	1495	0.167928468573
XMTM2MTE3MzE2MA==	120	156	0.09	136	0.0177777777778
XMTM2MTU3Nzc3Mg==	60	76	0.0711111111111	67	0.0136111111111
XMTM2MTI5MTc4MA==	506	325	0.127954662626	284	0.192488556297
XMTM2MTI2NTU1Ng==	599	502	0.0262234497674	438	0.0722433883964
XMTM2MTEzNTIwMA==	276	124	0.303297626549	109	0.36611268641
XMTM2MTI4OTE2MA==	135	126	0.00444444444444	110	0.0342935528121
XMTM2MDk1ODUwNA==	47291	41211	0.0165291363962	35987	0.0571356671147
XMTM2MTIwNTI4OA==	70639	62553	0.0131032307456	54622	0.0514130378792
XMTM2MTI3OTIwOA==	262	305	0.0269360759862	267	0.000364197890566
XMTM2MDgzMzA4MA==	1135	756	0.111503037125	660	0.175144093617
XMTM2MTUwNTc2OA==	252	30	0.776077097506	26	0.804295792391
XMTM2MTMyOTA5Ng==	327	434	0.107071047143	379	0.0252878077977
XMTM2MTM3NDU2MA==	17612	23351	0.106183025567	20390	0.0248798139975
XMTM2MTQxMjM4OA==	473	197	0.340483352628	172	0.404958677686
XMTM2MTMzNTIyNA==	4151	3932	0.00278344576088	3433	0.0299187484087
XMTM2MDgzNzk2NA==	3790	3291	0.0173349531123	2874	0.0584134056432
XMTM2MDgyMjEzMg==	157344	56229	0.412981691913	49100	0.473268164925
XMTM2MTE4Nzk5Ng==	287	226	0.0451747623499	198	0.0961648192888
XMTM2MDk2NDEwOA==	15009	12669	0.0243068230619	11063	0.0691211009064
XMTM2MTE5MjQwOA==	37403	31815	0.022320294493	27782	0.0661648839004
XMTM2MTM5MjY5Mg==	151	204	0.123196351037	178	0.0319722819175
XMTM2MDk0Nzc5Mg==	18302	20855	0.0194582835433	18211	2.4722118433e-05
XMTM2MTIxMDQ3Ng==	4399	1794	0.350677200862	1567	0.41445613634
XMTM2MTUyNzU3Ng==	208	54	0.548169378698	47	0.599135539941
XMTM2MDc3ODU1Mg==	429183	555797	0.0870318942819	485334	0.0171170913263
XMTM2MTU3MjY0MA==	1190	635	0.217516418332	554	0.285640844573
XMTM2MTA0NzA2OA==	15850	9884	0.14167980973	8631	0.207441455284
XMTM2MTQwNzExNg==	108	34	0.469478737997	30	0.521604938272
XMTM2MTQwNzM5Mg==	409	262	0.129177850443	228	0.195844118579
XMTM2MDk0MDgwMA==	63	55	0.0161249685059	48	0.0566893424036
XMTM2MTA2OTAxMg==	306	389	0.0735721303772	340	0.0123456790123
XMTM2MDkwNzYyOA==	20	23	0.0225	20	0.0
XMTM2MDc2NTA2OA==	11085	13394	0.0433886832975	11696	0.00303816268637
XMTM2MDkyNDM2NA==	504918	607818	0.0415325926872	530761	0.00261965529355
XMTM2MTA2ODg5Ng==	4151	1844	0.308879952824	1610	0.374717402865
XMTM2MTU3OTk4MA==	105	42	0.36	37	0.419410430839
XMTM2MTE0NDE0OA==	663	841	0.0720796962479	735	0.0117933703241
XMTM2MDkxMTU3Ng==	92717	57522	0.144093104121	50230	0.209987475087
XMTM2MTcyMTE2MA==	54804	21002	0.380417318105	18340	0.442694473487
XMTM2MDg4MDUyNA==	238	83	0.424140244333	73	0.480633429843
XMTM2MDkwNDQ4NA==	38626	49994	0.0866181008846	43656	0.0169580728962
XMTM2MTQzNDMyMA==	100	64	0.1296	56	0.1936
XMTM2MTU1ODU4OA==	96	105	0.0087890625	91	0.00271267361111
XMTM2MTE0NzI2OA==	7859	1359	0.684056754788	1186	0.720954193277
XMTM2MTQwNjQ0MA==	1654	2177	0.0999844282082	1901	0.0223009259733
XMTM2MTA2ODg0MA==	79	98	0.0578432943439	85	0.00576830636116
XMTM2MTM5MDE3Mg==	824	949	0.0230125954378	828	2.35648977283e-05
XMTM2MTUyNjU2NA==	111447	127146	0.0198429945999	111026	1.4270113486e-05
XMTM2MDg3MDQyOA==	366	267	0.073165815641	233	0.132050822658
XMTM2MTE4NzE5Mg==	2409	901	0.391858329797	786	0.453903403954
XMTM2MDc3MDk5Ng==	478	560	0.0294287564994	489	0.000529577563418
XMTM2MTU3MjE1Mg==	471	310	0.116844947507	270	0.182116921579
XMTM2MTU3NzUwMA==	451	611	0.125859754868	533	0.0330578512397
XMTM2MTE3MDk4MA==	373	205	0.202862092015	179	0.27051153965
XMTM2MTAwOTc2OA==	3505	2050	0.172325656643	1790	0.239415467205
XMTM2MDg4MzgwOA==	122405	27757	0.597894510803	24238	0.643180281906
XMTM2MTM5NjY5Ng==	2997	2037	0.10260510761	1779	0.165166167168
XMTM2MTIwNTA4OA==	30820	31248	0.000192851166115	27287	0.0131408060704
XMTM2MDk1Mjg5Ng==	4298	3103	0.0773041818665	2710	0.136511165278
XMTM2MTUxMTAxNg==	184	191	0.00144730623819	167	0.00853615311909
XMTM2MTE4ODM0MA==	350	355	0.000204081632653	310	0.0130612244898
XMTM2MTM4MzE2OA==	899	927	0.000970055716338	810	0.00980077975652
XMTM2MDg5MjI1Mg==	21	24	0.0204081632653	21	0.0
XMTM2MTIwMDM0NA==	106	66	0.142399430402	58	0.205055179779
XMTM2MTMyNjM3Ng==	976	455	0.284954691279	398	0.350716373287
XMTM2MTI5OTI4OA==	1378	681	0.255839219247	595	0.322868063557
XMTM2MDg2NzM1Mg==	47	41	0.0162969669534	36	0.0547759167044
XMTM2MTEwNjQxMg==	96	61	0.132921006944	53	0.200629340278
XMTM2MDkwMjQ3Ng==	124	76	0.149843912591	67	0.211303329865
XMTM2MTU0NDUxNg==	64	65	0.000244140625	57	0.011962890625
XMTM2MDkyNzc0MA==	818	799	0.000539511361123	698	0.0215206747927
XMTM2MTEyNDI2OA==	16453	14282	0.0174112299587	12472	0.0585455863258
XMTM2MDgwNTk3Mg==	4936	2835	0.181176473775	2475	0.248583858806
XMTM2MTE4MTM4MA==	2527	1822	0.0778337132691	1591	0.137195925477
XMTM2MTE1MDUyMA==	16206	13059	0.0377087222484	11404	0.0877996212195
XMTM2MDc0MTY2NA==	82667	73579	0.0120857131483	64251	0.049627941085
XMTM2MTA0NTgxMg==	108	28	0.548696844993	25	0.590620713306
XMTM2MTYwNjA5Mg==	57	61	0.00492459218221	53	0.00492459218221
XMTM2MTQ4MDI0NA==	575	194	0.439050283554	169	0.49855879017
XMTM2MTEzNTQ0NA==	224	286	0.0766103316327	249	0.0124561543367
XMTM2MTUwMTQ1Ng==	5457	4165	0.0560553566056	3637	0.111233311939
XMTM2MTA0MzI2NA==	169	119	0.0875319491614	104	0.147928994083
XMTM2MTE4MjA0OA==	146	88	0.157815725277	77	0.223353349597
XMTM2MDk5ODcwMA==	47	44	0.00407424173834	38	0.0366681756451
XMTM2MTM1MTM4MA==	5787	5252	0.00854674210195	4586	0.0430704143754
XMTM2MTQ4NzAwOA==	446	540	0.044420760522	472	0.00339841943333
XMTM2MDg0Mjc0OA==	102	74	0.0753556324491	64	0.138792772011
XMTM2MDgyMzI2OA==	199	126	0.134567308906	110	0.20002020151
XMTM2MTE0MzI1Ng==	38	31	0.0339335180055	27	0.0837950138504
XMTM2MDgyNTExMg==	224	254	0.0179368622449	222	7.97193877551e-05
XMTM2MDkzNDU3Mg==	706	713	9.83075058784e-05	622	0.0141562808465
XMTM2MTU0MDUyOA==	527	413	0.0467938169943	360	0.100418033407
XMTM2MDc5ODU1Ng==	19207	5471	0.511448008123	4778	0.564356321526
XMTM2MTUyMDUyMA==	54	47	0.0168038408779	41	0.0579561042524
XMTM2MTM3NjgxMg==	580	782	0.1212960761	683	0.0315368608799
XMTM2MTE2NDQyOA==	1013	547	0.211618164259	478	0.278925790976
XMTM2MTE0NTM1Ng==	5014	2734	0.20677643086	2388	0.27429682728
XMTM2MTQ4Mjg2OA==	484	601	0.0584360699406	525	0.00717591011543
XMTM2MTYwMDE2OA==	428	530	0.056795353306	463	0.00668726526334
XMTM2MTMwMTgyMA==	72	98	0.130401234568	85	0.032600308642
XMTM2MDgzMDE1Mg==	272	283	0.00163548875433	247	0.00844777249135
XMTM2MTEwNDA4NA==	24	20	0.0277777777778	17	0.0850694444444
XMTM2MTA1MzI5Ng==	81	31	0.38103947569	27	0.444444444444
XMTM2MDgxNjY1Mg==	5125	4533	0.0133430672219	3958	0.0518506222487
XMTM2MTI1Njc2OA==	7273	6925	0.00228945078797	6047	0.0284153994301
XMTM2MTMyNjA5Mg==	31	27	0.0166493236212	23	0.0665972944849
XMTM2MDkyNTQ4MA==	1258	301	0.578712140552	263	0.625582914814
XMTM2MTE4MjA5Ng==	17369	16731	0.00134924782642	14610	0.0252321216964
XMTM2MTYwMDk0MA==	2843	1312	0.289999107966	1146	0.356295194806
XMTM2MTA1ODU5Ng==	19260	13093	0.102526310994	11433	0.165149819004
XMTM2MDQ3ODgyMA==	737	826	0.0145829382752	721	0.000471308193214
XMTM2MTU1ODcxNg==	1796	1289	0.0796898948914	1126	0.139167216432
XMTM2MTYyMjU3Mg==	216	263	0.0473465363512	230	0.00420096021948
XMTM2MTMxMzcxNg==	217	74	0.434262778993	64	0.497122470216
XMTM2MTE3NDM3Mg==	119	55	0.289245109809	48	0.355977685192
XMTM2MTI1MjA3Ng==	78	95	0.0475016436555	83	0.00410913872452
XMTM2MTE5NTk1Mg==	52	57	0.00924556213018	49	0.00332840236686
XMTM2MTQxODQzMg==	272	283	0.00163548875433	247	0.00844777249135
XMTM2MDg4ODA2OA==	375	312	0.028224	273	0.073984
XMTM2MTIwNDI3Mg==	1475	1096	0.0660228669922	957	0.123331916116
XMTM2MDk4NzUyNA==	193	264	0.135332492147	231	0.0387661413729
XMTM2MTQ5NjI1Mg==	376	478	0.0735909913988	417	0.0118902784065
XMTM2MTEwNTU3Mg==	250	334	0.112896	291	0.026896
XMTM2MDk3Mjg3Mg==	60	38	0.134444444444	33	0.2025
XMTM2MTU1MDMxMg==	1330	1585	0.0367601334162	1384	0.00164848210752
XMTM2MDk2OTk0OA==	78	55	0.0869493754109	48	0.147928994083
XMTM2MTM5MjQyNA==	837	762	0.00802918770314	665	0.0422285313795
XMTM2MDY3MDY5Ng==	18	21	0.0277777777778	19	0.00308641975309
XMTM2MTUzMjEyNA==	123	143	0.0264392887831	125	0.000264392887831
XMTM2MTU1MjkwNA==	104	137	0.100684171598	120	0.0236686390533
XMTM2MTA2MTcwOA==	571	717	0.0653782806457	626	0.0092779742425
XMTM2MTI1ODA1Mg==	150206	15242	0.807349016273	13310	0.830628742717
XMTM2MDkyODk2OA==	707	270	0.382053380121	236	0.443816032442
XMTM2MTQ5ODU5Mg==	12179	2569	0.622620641231	2243	0.665579450348
XMTM2MDk1NDUyMA==	89	74	0.0284055043555	64	0.0789041787653
XMTM2MTcwNTk0NA==	224	102	0.296635841837	89	0.363221460459
XMTM2MDk1NDgxMg==	606	575	0.002616845843	502	0.0294524501955
XMTM2MTQ3NjQ3Ng==	199	129	0.123734249135	112	0.191131537082
XMTM2MTU0MDAzNg==	74	74	0.0	64	0.018261504748
XMTM2MTE1MDg5Ng==	577	696	0.0425345944631	607	0.00270327907752
XMTM2MDk5OTI2OA==	3740	1709	0.294901269696	1493	0.360963210272
XMTM2MDcwOTkwMA==	10092	7185	0.0829727682491	6274	0.14312561454
XMTM2MTIyMDM0NA==	419	440	0.00251194741429	384	0.00697763170636
XMTM2MTQ1MjQ1Ng==	1042	464	0.307694858183	405	0.373717492936
XMTM2MTI3OTUyOA==	2618	57	0.956929344416	49	0.962917155195
XMTM2MTAxMDY0NA==	65	65	0.0	57	0.0151479289941
XMTM2MTMzOTg4MA==	586	549	0.00398665098021	479	0.0333405164883
XMTM2MDg1NTMzNg==	521	591	0.0180518049963	516	9.21010458995e-05
XMTM2MDk0Nzg1Mg==	402	390	0.000891067052796	341	0.0230254201629
XMTM2MTQ1OTE5Ng==	196	206	0.00260308204915	180	0.00666389004581
XMTM2MTQzNzU0OA==	715	187	0.545325443787	163	0.596027189594
XMTM2MTQyOTYzMg==	903	1086	0.0410701868633	948	0.00248341629783
XMTM2MDg3OTY4OA==	34	23	0.104671280277	20	0.16955017301
XMTM2MTQwNjEzMg==	127	110	0.0179180358361	96	0.0595821191642
XMTM2MTQ0NDA4OA==	974	376	0.376950613276	328	0.439893072029
XMTM2MTQ0NjYyMA==	3319	2826	0.0220637502938	2468	0.0657422578431
XMTM2MDk2MDE5Ng==	3308	2549	0.0526444448181	2226	0.106985154892
XMTM2MDc1MzUwOA==	40884	52358	0.0787631237337	45720	0.0139915498823
XMTM2MTQxNjE2OA==	393	404	0.000783430129039	353	0.010359406665
XMTM2MTIyNDU5Ng==	26323	12624	0.270836357187	11024	0.337796637126
XMTM2MDgzNjkwOA==	285	318	0.0134072022161	278	0.000603262542321
XMTM2MTQxMzMyOA==	61956	45629	0.0694458092842	39845	0.127364978602
XMTM2MDk2OTIxNg==	50	35	0.09	31	0.1444
XMTM2MDc2NjU5Mg==	567	512	0.00940934215479	447	0.0447915791831
XMTM2MTM0OTQ0MA==	188	191	0.000254640108646	167	0.0124773653237
XMTM2MTE4ODA5Mg==	25384	28213	0.0124206915469	24636	0.000868326544615
XMTM2MTMyNTcwNA==	126	90	0.0816326530612	79	0.139140841522
XMTM2MTEwMTc2OA==	208	211	0.000208025147929	184	0.0133136094675
XMTM2MTA5NDIxMg==	377	141	0.391869358118	123	0.453925659084
XMTM2MTY4NTI1Mg==	229	178	0.049598596518	156	0.101618962262
XMTM2MDc0OTQ5Mg==	273	148	0.209649934925	130	0.274376417234
XMTM2MTY5Njg4MA==	65	41	0.136331360947	36	0.199053254438
XMTM2MTQ0OTY4OA==	3684	3171	0.0193907892922	2769	0.0616883203005
XMTM2MTU0NTI4NA==	11671	165	0.97192465984	144	0.975475684304
XMTM2MTA2NTc1Mg==	2021	1684	0.0278052737204	1470	0.074331101857
XMTM2MDkwNDQ0MA==	55047	73698	0.114798690308	64355	0.0285920594687
XMTM2MTU2NzI2OA==	1538	1697	0.0106876341186	1481	0.00137352649228
XMTM2MDUzMjc2MA==	26331	29318	0.0128687314832	25601	0.000768618819861
XMTM2MTM0Njk5Mg==	318	369	0.0257208971164	322	0.000158221589336
XMTM2MDg4MTAyOA==	59660	27797	0.285237636415	24273	0.351820380581
XMTM2MTE3Mjg4MA==	299	363	0.0458160423261	317	0.00362412053556
XMTM2MTUxNTM0NA==	197	191	0.000927619881986	167	0.0231904970497
XMTM2MDczNzI3Mg==	34235	1001	0.942376758344	874	0.949592893848
XMTM2MTYyMjQxMg==	701	551	0.04578745261	481	0.0984938980588
XMTM2MDk2MjkxMg==	291	290	1.18090244565e-05	253	0.0170522313152
XMTM2MTA3MTA1Mg==	515	212	0.346155151287	185	0.410594778019
XMTM2MTI4NDE2MA==	1141	1305	0.0206593382959	1140	7.68119359604e-07
XMTM2MTM4NDc4OA==	316	293	0.00529762858516	256	0.0360519147573
XMTM2MTA2NTU4OA==	98	71	0.0759058725531	62	0.134943773428
XMTM2MTcyODIyNA==	129	85	0.11633916231	74	0.181779941109
XMTM2MTEzOTYyMA==	155	187	0.0426222684703	163	0.0026638917794
XMTM2MTE2Nzc2OA==	2637	1185	0.303188673653	1035	0.369066616967
XMTM2MTEzNzk3Ng==	93955	72919	0.0501287102057	63674	0.103872511556
XMTM2MDk0MTAwNA==	127	66	0.230702461405	58	0.295182590365
XMTM2MTUwOTI0OA==	3303	3289	1.79654840887e-05	2872	0.0170269708663
XMTM2MTIzMjQ0MA==	35	37	0.00326530612245	32	0.00734693877551
XMTM2MTEwNjU4NA==	10671	9193	0.0191839762594	8027	0.0613921243918
XMTM2MDg3ODUwNA==	2079	1868	0.0103004436819	1631	0.0464351710143
XMTM2MTE5MDczMg==	2076	1407	0.103847856594	1228	0.166854147408
XMTM2MTU3OTM5Mg==	697	544	0.0481856038073	475	0.101447276605
XMTM2MTM1Nzg4MA==	25	31	0.0576	27	0.0064
XMTM2MDg3MTM4OA==	169	156	0.00591715976331	136	0.0381289170547
XMTM2MTI2Nzc2MA==	4427	4688	0.00347585755908	4094	0.00565808442138
XMTM2MTAwNzE1Mg==	4172	1345	0.459158911301	1174	0.51638623559
XMTM2MTA3MjM1Mg==	278	206	0.0670772734331	180	0.12426893018
XMTM2MTU2MjQ1Mg==	267	147	0.201994697639	128	0.271023580075
XMTM2MDgzNDU3Mg==	294077	378345	0.0821113617376	330379	0.0152383865572
XMTM2MTQ2NjAwMA==	153	105	0.0984236831988	91	0.164210346448
XMTM2MTI1NTQ2NA==	136	124	0.00778546712803	109	0.0394139273356
XMTM2MDQ3MDI0NA==	2630	953	0.406588066909	832	0.467377582443
XMTM2MTExMzA4NA==	2388	2419	0.000168521277521	2112	0.0133582485291
XMTM2MTYxMzM5Mg==	187	141	0.0605107380823	123	0.117132317195
XMTM2MTE2NzEyMA==	106	116	0.00889996440014	101	0.00222499110004
XMTM2MTIxOTUzMg==	69	86	0.0607015332913	75	0.00756143667297
XMTM2MTA1MzUyMA==	4409	2256	0.23845578445	1970	0.306015484832
XMTM2MTI4ODc2NA==	1078	730	0.104212776357	637	0.167355371901
XMTM2MTIzNDQzMg==	9972	3865	0.375051839897	3375	0.437651507253
XMTM2MTI4NjcwNA==	338359	47503	0.738925388935	41480	0.769845350945
XMTM2MDc0NjQ1Mg==	207	277	0.114355060795	242	0.0285887651987
XMTM2MTI0MjA2OA==	37	34	0.00657414170928	30	0.0357925493061
XMTM2MTExNjE3Ng==	2705	3317	0.0511880169878	2896	0.00498576948965
XMTM2MTM4OTY5Ng==	788	715	0.00858209435956	625	0.0427880775078
XMTM2MTA2Nzk5Ng==	1516	1005	0.113617020906	878	0.177109947717
XMTM2MTAxMTA2NA==	15546	7213	0.287319721575	6299	0.35380534413
XMTM2MDk3NzkwNA==	290	123	0.331617122473	107	0.39820451843
XMTM2MDk4MzcxNg==	200	88	0.3136	77	0.378225
XMTM2MTAzMDMyNA==	84803	104887	0.0560890382187	91589	0.00640332106797
XMTM2MDk4NjY5Mg==	18146	8834	0.263344420604	7714	0.330501430594
XMTM2MTUzODgzMg==	99	122	0.0539740842771	106	0.00499948984797
XMTM2MTU5MjY5Ng==	69	57	0.0302457466919	49	0.084015963033
XMTM2MTc0MjQ0NA==	81	24	0.495198902606	21	0.548696844993
XMTM2MTQ0NzI4NA==	43	28	0.121687398594	25	0.175229853975
XMTM2MTEzMzA2MA==	184	95	0.233961483932	83	0.301305529301
XMTM2MTU0NTM0MA==	18223	5473	0.489531473518	4779	0.544273584815
XMTM2MTM3ODYxMg==	2216	2306	0.00164947412321	2014	0.00830927680538
XMTM2MTI4OTg0MA==	103	83	0.0377038363654	73	0.084833631822
XMTM1OTgwMjgzNg==	618	543	0.0147280610802	474	0.0542935243661
XMTM2MTE5NTQ3Ng==	180004	215011	0.0378220859442	187753	0.00185322013375
XMTM2MTI3Njk0NA==	46672	37969	0.0347716375083	33156	0.0838655390263
XMTM2MDk0MzQ0OA==	2723	1462	0.214454365089	1277	0.281994931979
XMTM2MTE3MTQ0OA==	227	98	0.322944361428	85	0.391313629218
XMTM2MTAyNzgxNg==	522	143	0.527153887935	125	0.578415613394
XMTM2MTI0ODAxMg==	18562	22905	0.0547431926464	20001	0.00600996649975
XMTM2MTExMjAzNg==	738	667	0.00925558713582	583	0.0441113828482
XMTM2MTUzNzYyMA==	2872	3256	0.017876956262	2843	0.000101959365616
XMTM2MTU3NzM5Mg==	1790	2430	0.127836209856	2122	0.0344009238164
XMTM2MDkyOTIxNg==	34628	32324	0.00442700621636	28226	0.034180351293
XMTM2MDkzOTM0OA==	1267	1374	0.00713204912013	1200	0.00279638121235
XMTM2MTQzODM1Mg==	151	147	0.000701723608614	128	0.0232007368098
XMTM2MTUxMTg5Ng==	143	81	0.187979852316	70	0.26059954032
XMTM2MDcyNzEzNg==	14435	1329	0.824340715382	1160	0.845737296379
XMTM2MTI1OTcxNg==	37	40	0.00657414170928	35	0.00292184075968
XMTM2MDMyMTc2NA==	299	44	0.727340857485	38	0.761971342602
XMTM2MTE4NDY5Ng==	3491	3317	0.00248427002331	2896	0.0290492038249
XMTM2MTU3MDU1Mg==	8494	5802	0.100444369685	5067	0.162780993789
XMTM1ODIzNjMxMg==	97	66	0.102136252524	58	0.161653735785
XMTM2MTIzNTM5Mg==	181	164	0.00882146454626	143	0.0440767986325
XMTM2MTU1MjMyOA==	2521	1586	0.137555363979	1385	0.203053729867
XMTM2MTI0MzQ4MA==	5996	1735	0.505009816418	1515	0.558504452156
XMTM2MTU1MzU3Ng==	41	47	0.0214158239143	41	0.0
XMTM2MDgzODk5Mg==	1078	1212	0.0154515508345	1058	0.000344209196581
XMTM2MTEwNjgxNg==	187	188	2.85967571277e-05	164	0.0151276845206
XMTM2MDY5MjgxNg==	373	284	0.0569327746192	248	0.112305845654
XMTM2MTIxMTE4OA==	10253	5992	0.172711459282	5232	0.23981620602
XMTM2MTI2NDMxNg==	7277	245	0.933798074956	214	0.942049368244
XMTM2MTE3OTk5Ng==	1270	804	0.134636989274	702	0.200027280055
XMTM2MDU3Mjg1Ng==	1305	780	0.161844365174	681	0.228637864976
XMTM2MTIwMDE3Ng==	370	336	0.00844411979547	294	0.0421913805698
XMTM2MDk2MjI5Mg==	776	932	0.0404134339462	814	0.0023979700287
XMTM2MDk4OTgwOA==	2109	2166	0.00073046018992	1891	0.0106846383705
XMTM2MDk2MDYwMA==	15175	10387	0.0995522050542	9070	0.161850459629
XMTM2MTA3MzA3Ng==	150	79	0.224044444444	69	0.2916
XMTM2MTIyOTIyMA==	269	189	0.0884454333135	165	0.1494727823
XMTM2MTQzMjc3Mg==	648	368	0.186709343088	321	0.2546510631
XMTM2MTA1NjUxMg==	74574	63016	0.0240209679328	55027	0.0687045262228
XMTM2MTQzOTkwNA==	486	404	0.028467882606	353	0.0748911920608
XMTM2MTA5NzQ2MA==	210	177	0.024693877551	154	0.0711111111111
XMTM2MTE0MDc2NA==	69	59	0.0210039907582	52	0.0607015332913
XMTM2MTE0Njk0NA==	49092	13250	0.533043951707	11570	0.584185142114
XMTM2MTU5NzY5Ng==	1365	619	0.298684270552	541	0.364409021991
XMTM2MDk4MDA5Mg==	9388	3011	0.461409648866	2630	0.518191414254
XMTM2MTU1MjgzMg==	16173	7797	0.268220621349	6809	0.33522904277
XMTM2MTA1MzY0MA==	46	51	0.0118147448015	44	0.00189035916824
XMTM2MDU2OTU4NA==	2106	959	0.296626605664	837	0.363083497699
XMTM2MTUwMTEwNA==	168447	100825	0.161157106548	88042	0.227845025491
XMTM2MTczNzk0NA==	70	54	0.0522448979592	47	0.107959183673
XMTM2MTU2NzEyNA==	53	48	0.00889996440014	42	0.0430758276967
XMTM2MTIxODQxMg==	759	626	0.0307057514481	547	0.0780168066643
XMTM2MDczMzcxMg==	30	42	0.16	37	0.0544444444444
XMTM2MTE1NTQ5Mg==	657	669	0.000333604386898	584	0.0123456790123
XMTM2MTEwODAwNA==	371	147	0.36454254183	128	0.429007345195
XMTM2MTYyOTY5Ng==	67329	92892	0.144151548392	81115	0.0419249178165
XMTM2MDg4OTM1Ng==	39	27	0.094674556213	23	0.168310322156
XMTM2MDk5MTIxMg==	13635	9724	0.0822745181253	8491	0.142328422306
XMTM2MDg4MzYwOA==	135524	123710	0.00759908863716	108026	0.0411689501741
XMTM2MTE3ODkyMA==	1756	588	0.442421946752	514	0.500258145194
XMTM2MTIyNzgzMg==	195	246	0.0684023668639	215	0.0105193951348
XMTM2MDkwMDM2NA==	19395	16136	0.0282350884825	14090	0.0748154355514
XMTM2MDk2Nzc1Ng==	81	103	0.0737692424935	90	0.0123456790123
XMTM2MTQ2NDgzNg==	1352	888	0.117782990792	775	0.18213702689
XMTM2MTMxMTY0MA==	63569	32095	0.245139401653	28026	0.312620464377
XMTM2MDg1NTI0MA==	505	570	0.016567003235	498	0.000192138025684
XMTM2MTUzODA5Ng==	447	457	0.000500477956448	399	0.0115310121166
XMTM2MDgxNDQwOA==	989	1173	0.0346133044889	1025	0.00132498944405
XMTM2MTM5Njk3Mg==	242	120	0.254149306741	105	0.320486988594
XMTM2MDYyNzA3Mg==	385	345	0.0107944004048	301	0.0476033057851
XMTM2MTAyNzA2OA==	401	471	0.0304724473107	411	0.000621886679809
XMTM2MTI0MzM2NA==	15319	11976	0.0476224704344	10458	0.100690943381
XMTM2MTI2Njc5Mg==	5230	247	0.907775372995	216	0.919105323384
XMTM2MTI2MjczNg==	120	124	0.00111111111111	109	0.00840277777778
XMTM2MTUxMzU0OA==	155	89	0.181311134235	78	0.246784599376
XMTM2MTUyMDAzNg==	2048	2231	0.00798439979553	1948	0.00238418579102
XMTM2MTE3MDY1Mg==	284	315	0.0119147986511	275	0.00100426502678
XMTM2MTM5MTYzMg==	4600	2572	0.194365973535	2246	0.261876937618
XMTM2MTM3NDE4OA==	971	738	0.0575802282675	644	0.113411487197
XMTM2MTQzMjMyMA==	854	551	0.125883704732	481	0.190766416752
XMTM2MTQzOTc5Mg==	18	24	0.111111111111	21	0.0277777777778
XMTM2MDgwMzI0NA==	15332	6665	0.319550846219	5820	0.384898361266
XMTM2MDkzMzUyNA==	474	126	0.539016183304	110	0.589720308355
XMTM2MTE1MzY0NA==	460	411	0.0113468809074	359	0.0482088846881
XMTM2MTIyMzM5Ng==	344	117	0.435446525149	102	0.49489588967
XMTM2MDg3Njg0NA==	326	441	0.124440137002	385	0.0327543377621
XMTM2MDg0Mjk1Ng==	96	66	0.09765625	58	0.156684027778
XMTM2MTM0NTI2OA==	207	222	0.00525099768956	194	0.00394408270905
XMTM2MTA2OTIxNg==	2231106	2098038	0.00355718826374	1832055	0.0319901590003
XMTM2MTQ2NDU0NA==	3466	1732	0.250288600265	1512	0.317827888025
XMTM2MTM2NDM2OA==	6860	6293	0.00683152852978	5495	0.0395928779675
XMTM2MTEzNjQxMg==	110	86	0.0476033057851	75	0.101239669421
XMTM2MTE1MDA4MA==	2705	3580	0.104636105521	3126	0.0242230961354
XMTM2MTUxMTk4MA==	328	341	0.00157086555622	298	0.00836555621654
XMTM2MTM5ODQ1Mg==	1789	1705	0.00220464105688	1489	0.0281204216439
XMTM2MTU2NjcwOA==	1790	1219	0.101757435785	1064	0.164500483755
XMTM2MTE0MDQ0OA==	80	61	0.05640625	53	0.11390625
XMTM2MTI3NDg1Mg==	3099	27	0.982650931647	23	0.985211584455
XMTM2MDg1NjQ1Ng==	1773	2067	0.0274964856376	1805	0.000325748545663
XMTM2MTY5ODMzNg==	933	998	0.00485359378464	872	0.00427460886927
XMTM2MTM1MzMyOA==	28955	25317	0.0157862236345	22108	0.05591824302
XMTM2MTU4NDgzMg==	418	491	0.0304995306884	428	0.000572331219523
XMTM2MDkwMjExNg==	7511	6241	0.0285898527099	5449	0.0753670988315
XMTM2MTA5ODkzMg==	3979	3798	0.00206923240706	3316	0.0277638173419
XMTM2MTUxMjYyOA==	5595	5504	0.000264534672458	4806	0.0198862925774
XMTM2MDk5NzU4OA==	12663	11663	0.00623629694574	10184	0.0383247949386
XMTM2MDM5NDYwNA==	2041	1125	0.201421088173	983	0.268710926257
XMTM2MTQwMTYxNg==	797	780	0.000454968364743	681	0.021183578948
XMTM2MTIxMzk0MA==	60	64	0.00444444444444	56	0.00444444444444
XMTM2MTMwMDg2MA==	645	628	0.000694669791479	548	0.0226164293011
XMTM2MTQ5OTg0MA==	327	195	0.162949246696	170	0.230517446156
XMTM2MTI4MjYyNA==	291137	217679	0.0636624568296	190082	0.120481622583
XMTM2MDk5Nzk0NA==	5589	4625	0.0297499231758	4038	0.0770114634538
XMTM2MDk1ODMyOA==	557	314	0.190327768986	274	0.258144264768
XMTM2MTIyMjU1Ng==	6608	6716	0.000267120637396	5864	0.0126766880265
XMTM2MDk4Mzc1Ng==	395	208	0.224124339048	181	0.293517064573
XMTM2MDg3NzU0OA==	451	311	0.0963613748212	272	0.157526265849
XMTM2MTQ3OTI5Mg==	1156	1246	0.00606134984016	1088	0.00346020761246
XMTM2MTIwMTI4OA==	1046	547	0.227581901736	478	0.294871841743
XMTM2MTMxNzgxMg==	5060	4961	0.000382797731569	4332	0.0206995891203
XMTM2MDg1NzYxNg==	453	280	0.145846429737	244	0.21286103436
XMTM2MDkzMjc2NA==	219	79	0.40866537395	69	0.469131169075
XMTM2MTM0NzM1Ng==	175	163	0.00470204081633	142	0.0355591836735
XMTM2MTM3NTI2MA==	181	223	0.0538445102408	195	0.00598272336009
XMTM2MTE3OTgwNA==	190	259	0.13188365651	226	0.0359002770083
XMTM2MTczMDYyOA==	3038	826	0.53014504449	721	0.58166981673
XMTM2MTMzODg1Mg==	912	546	0.161054362881	477	0.227503895429
XMTM2MTM3NTc2OA==	137	113	0.0306889019127	99	0.0769353721562
XMTM2MTQ1MzMyOA==	28274	37588	0.108517045195	32822	0.0258741686569
XMTM2MTI3ODIwNA==	2720	54	0.96068825692	47	0.965739754542
XMTM2MTA1ODE1Ng==	21358	17413	0.0341171583132	15205	0.0829951407581
XMTM2MTA5MjQ2MA==	756	267	0.418383093978	233	0.478585775874
XMTM2MTAxMTc4OA==	354	307	0.0176274378371	268	0.0590188004724
XMTM2MTUxNTgyOA==	680	409	0.158825692042	357	0.225625
XMTM2MTQxMjY2NA==	2828	995	0.420112999126	869	0.479855041222
XMTM2MTIwNDY5Mg==	21066	18518	0.0146296753133	16170	0.0540155320938
XMTM2MTMyOTkwNA==	5122	5848	0.0200906548701	5106	9.75800007349e-06
XMTM2MTA1Mzk5Mg==	1156	963	0.027873977802	841	0.074251535542
XMTM2MTE2MDI5Mg==	214	105	0.259433138265	91	0.330356363001
XMTM2MTMzNzM0NA==	923	1069	0.0250208644148	933	0.000117380673742
XMTM2MTIyNjgyNA==	223	103	0.289569466508	90	0.355707937019
XMTM2MTAwMDU4MA==	404	431	0.00446647387511	377	0.00446647387511
XMTM2MTIzMjgwNA==	14127	9203	0.121488787645	8036	0.185899109189
XMTM2MTAwMzUxMg==	8245	8784	0.00427362302382	7670	0.00486356102399
XMTM2MTU3ODM0NA==	5333	4753	0.0118280409589	4151	0.0491237809057
XMTM2MTQwNjAyOA==	61530	39202	0.131681818911	34232	0.196828430153
XMTM2MDczMDgyMA==	20340	24774	0.0475214277634	21633	0.00404105864028
XMTM2MTE4NzQyOA==	75	90	0.04	79	0.00284444444444
XMTM2MTUxNjY0NA==	12097	10967	0.008725725081	9577	0.0433956022824
XMTM2MDY3ODU2NA==	115	66	0.181550094518	58	0.245671077505
XMTM2MTQyODYxNg==	290	96	0.447514863258	84	0.504589774078
XMTM2MDg3MTk3Ng==	152	86	0.188538781163	75	0.256622229917
XMTM2MTM1ODg3Ng==	63	86	0.133282942807	75	0.0362811791383
XMTM2MTQzODc1Ng==	223	100	0.30422892075	88	0.36648635605
XMTM2MTcwMjczMg==	4679	4742	0.00018129048404	4141	0.0132208220868
XMTM2MDk1Mzc0MA==	669	365	0.206488054142	319	0.273705707155
XMTM2MTYyNTA3Mg==	19348	13870	0.080162619143	12111	0.139908785878
XMTM2MTY0MjM5Mg==	175	235	0.117551020408	205	0.029387755102
XMTM2MTM5NzYzNg==	41466	42320	0.000424161703583	36955	0.0118348121113
XMTM2MTAzMTA5Mg==	35	31	0.0130612244898	27	0.0522448979592
XMTM2MDg5MjIyOA==	466	346	0.0663117758662	302	0.123855661368
XMTM2MTYxODI3Ng==	52	33	0.13350591716	28	0.213017751479
XMTM2MDkxNjQwNA==	18	24	0.111111111111	21	0.0277777777778
XMTM2MDk0NDQxMg==	9422	1318	0.739797168732	1151	0.770601485452
XMTM2MTExNzM3Ng==	263	206	0.0469719093814	180	0.0995966401133
XMTM2MDkzMzM0NA==	518	448	0.018261504748	391	0.0601101653225
XMTM2MTE3MzMzNg==	32	35	0.0087890625	31	0.0009765625
XMTM2MTA4MTExMg==	18	24	0.111111111111	21	0.0277777777778
XMTM2MDQ4NjE1Mg==	76	81	0.00432825484765	70	0.00623268698061
XMTM2MTIwMTEwOA==	2262	1924	0.0223279165015	1680	0.0662004235589
XMTM2MTMyMTYzNg==	91049	99619	0.00885954224496	86989	0.00198839062411
XMTM2MDk2MjkyMA==	126	47	0.39310909549	41	0.455089443185
XMTM2MDc1NjMxMg==	41	38	0.00535395597858	33	0.0380725758477
XMTM2MTE3MDM4MA==	5464	4521	0.0297853017434	3948	0.0769798430402
XMTM2MTAwMDg3Ng==	339	300	0.013235178949	262	0.0515919631747
XMTM2MTAzMzM4MA==	20	25	0.0625	22	0.01
XMTM2MDk2NzAxNg==	9023	2040	0.598938415525	1781	0.64419170195
XMTM2MTEyNjEyNA==	131	151	0.0233086649962	132	5.82716624905e-05
XMTM2MTY1ODY5Mg==	109	126	0.0243245518054	110	8.41679993267e-05
XMTM2MTQxMzg0MA==	200	165	0.030625	144	0.0784
XMTM2MTExMzAzNg==	16309	9823	0.158160934814	8578	0.224707041111
XMTM2MTY3NTU1Mg==	2299	2187	0.00237332985709	1910	0.0286299942048
XMTM2MDkwNDM5Ng==	145	96	0.114197384067	84	0.176979785969
XMTM2MTM4NjkxNg==	23642	5111	0.6143689891	4463	0.658087273633
XMTM2MTU4NTY0OA==	1393	1499	0.00579041242517	1309	0.00363627181132
XMTM2MTMzNDgyOA==	1366	1212	0.0127098388172	1058	0.0508393552688
XMTM2MTQ0MjY5Ng==	81	47	0.176192653559	41	0.243865264441
XMTM2MDk5MzI3Ng==	4628	2296	0.25390449625	2005	0.321225401506
XMTM2MTA2NTczMg==	679	608	0.0109339516442	531	0.0475098743929
XMTM2MTA2MDIwMA==	40900	23244	0.186353701855	20298	0.253730192909
XMTM2MTMxOTI4OA==	48665	65214	0.115640525487	56946	0.0289555696851
XMTM2MTMwOTY2NA==	142	157	0.0111585002976	137	0.0012398333664
XMTM2MDg1MTg4MA==	71	92	0.0874826423329	80	0.0160682404285
XMTM2MTE3MjYyOA==	1653	932	0.190250068712	814	0.257619192442
XMTM2MTU5NjczMg==	29	40	0.143876337693	35	0.0428061831153
XMTM2MTMyNDM4OA==	654	320	0.260817925913	279	0.32878124737
XMTM2MTU4MTA2MA==	118	120	0.000287273771905	105	0.012137316863
XMTM2MDk2NTU3Ng==	1678	1330	0.0430105082815	1162	0.0945617476961
XMTM2MTI0MjgwOA==	5064	4486	0.0130277160092	3917	0.0513026078205
XMTM2MDc0MzU0NA==	10422	11169	0.00513734895195	9753	0.00412050170209
XMTM2MDg2NDQ1Mg==	5908	7970	0.121813759982	6959	0.0316464106138
XMTM2MTA2ODU2MA==	256	284	0.011962890625	248	0.0009765625
XMTM2MTIzMzY2OA==	30705	40009	0.091816598594	34937	0.0189964791202
XMTM2MTUzMDYyOA==	25	28	0.0144	25	0.0
XMTM2MTUwNzg4MA==	3742	1295	0.427622326882	1131	0.486862334641
XMTM2MTEwMTYwMA==	7283	5870	0.0376412211065	5126	0.087716171963
XMTM2MTU2NTc1Ng==	80	92	0.0225	80	0.0
XMTM1ODk3MjkzNg==	86	68	0.0438074634938	59	0.098566792861
XMTM2MDgzMzQ1Mg==	38955	14309	0.400282377761	12495	0.461374154503
XMTM2MTMxNTU1Mg==	786	481	0.150575594533	420	0.216828856127
XMTM2MDg5NzQ0OA==	176	229	0.0906831095041	200	0.0185950413223
XMTM2MTA5ODYwMA==	147	122	0.0289231338794	106	0.077791660882
XMTM2MTI4NDg1Ng==	117501	109112	0.0050972655962	95279	0.0357670532336
XMTM2MTI4OTQ4MA==	530	151	0.51135991456	132	0.563915984336
XMTM2MDk3MDQ0MA==	41	24	0.171921475312	21	0.237953599048
XMTM2MTYxMzE0MA==	20286	11479	0.188479078761	10024	0.255900525862
XMTM2MTIwMzI3Ng==	1848065	1858150	2.977949446e-05	1622580	0.0148867820018
XMTM2MDc2MjE0OA==	106	54	0.24065503738	47	0.309807760769
XMTM2MDg3NDMwNA==	579	373	0.126583562273	326	0.190934283098
XMTM2MTIyOTc1Ng==	2855	3064	0.00535895792247	2675	0.00397496020439
XMTM2MTYwNDM0OA==	139	31	0.603695460897	27	0.649241757673
XMTM2MTQ3OTQ2NA==	1420	973	0.0990919460425	849	0.161694604245
XMTM2MTE0ODc2OA==	417	564	0.12426893018	493	0.0332165921939
XMTM2MTQxNDQxMg==	135	146	0.00663923182442	127	0.00351165980796
XMTM2MTEzMzMzNg==	1659	575	0.426938964444	502	0.486378026081
XMTM2MDg3NzIwMA==	3006	3054	0.000254979063828	2667	0.0127180768204
XMTM2MTI3Mjk1Mg==	3528	24	0.986440834837	21	0.988130668934
XMTM2MTU3NjY2OA==	340	325	0.00194636678201	284	0.0271280276817
XMTM2MTQ5MTk0OA==	93	102	0.00936524453694	89	0.0018499248468
XMTM2MTE5MTA4MA==	1772	635	0.411711970507	554	0.472462280063
XMTM2MDkyMDU4MA==	3776	3345	0.0130283845563	2921	0.051270583278
XMTM2MTU3NDA4OA==	1072	1347	0.0658075643239	1177	0.00959376392292
XMTM2MTY5MDA5Mg==	27	37	0.137174211248	32	0.0342935528121
XMTM2MTIzNDAwOA==	134	112	0.0269547783471	98	0.0721764312765
XMTM2MTUyNTk5Ng==	327	320	0.000458247996334	279	0.0215470078276
XMTM2MDk1MDI2OA==	165	188	0.0194306703398	164	3.67309458219e-05
XMTM2MTE3Nzc3Ng==	1076	488	0.298627713824	426	0.364923784912
XMTM2MTIxNDExNg==	75	98	0.0940444444444	85	0.0177777777778
XMTM2MTU5NzE2OA==	318	385	0.044391044658	336	0.00320398718405
XMTM2MTI1MTk4NA==	20	25	0.0625	22	0.01
XMTM2MTEyMjM2OA==	52	49	0.00332840236686	43	0.0299556213018
XMTM2MTQ0Njg4NA==	59	42	0.0830221200804	37	0.139040505602
XMTM2MDgzOTA3Mg==	305	291	0.00210696049449	254	0.0279602257458
XMTM2MTQ5MjU1Mg==	2634	1801	0.100013462178	1573	0.162255425085
XMTM2MTMzNTQwMA==	5163	5727	0.0119331186245	5001	0.000984522801865
XMTM2MDg0MTgwNA==	82	51	0.142920880428	44	0.214753123141
XMTM2MTU0ODA3Ng==	14538	1736	0.775436637787	1516	0.802317108209
XMTM2MTM4NDU4OA==	82	47	0.182183224271	41	0.25
XMTM2MTIwODg5Mg==	12743	13007	0.000429204718254	11358	0.0118128905629
XMTM2MTMyNjM4OA==	2225	1056	0.276038076001	922	0.342948415604
XMTM2MTM0ODAyOA==	9648	5054	0.226729166839	4414	0.294301751676
XMTM2MTM3NTA2NA==	1154	1179	0.000469319284292	1030	0.0115460053044
XMTM2MTA5MDE2OA==	53	59	0.0128159487362	52	0.000355998576006
XMTM2MTU0NDI4NA==	325	233	0.0801325443787	204	0.138613017751
XMTM2MTQ4MzUxNg==	1511	1776	0.0307583347532	1551	0.000700795095836
XMTM2MDgyMzk0OA==	75	99	0.1024	86	0.0215111111111
XMTM2MDgxODgyNA==	5401	5799	0.00543022455914	5064	0.00389324242416
XMTM2MDg0MjI1Ng==	605	467	0.0520292329759	407	0.107107438017
XMTM2MDczNDA0OA==	923	146	0.708661167773	127	0.743742729735
XMTM2MTEwNjEwMA==	545	626	0.0220890497433	547	1.34668798923e-05
XMTM2MTI1OTczMg==	124	126	0.000260145681582	110	0.0127471383975
XMTM2MTIwNjgwMA==	25	28	0.0144	25	0.0
XMTM2MTE0MTgxMg==	2635	1582	0.159696538712	1381	0.226482074252
XMTM2MDkwNTY5Mg==	135	83	0.148367626886	73	0.210919067215
XMTM2MTEzOTQzNg==	186	62	0.444444444444	54	0.503642039542
XMTM2MTEwNTUyOA==	182	170	0.0043473010506	148	0.0348991667673
XMTM2MTE2OTU0MA==	114	71	0.142274546014	62	0.208064019698
XMTM2MTM5ODU1Ng==	954	1171	0.0517395584739	1022	0.00508067103534
XMTM2MDg0OTQ5Ng==	168	161	0.00173611111111	141	0.0258290816327
XMTM2MDg1OTI4OA==	115	90	0.047258979206	79	0.0979962192817
XMTM2MTQ5ODA4MA==	20886	10071	0.268128204648	8794	0.33518589109
XMTM2MDk3MjYwNA==	61	25	0.348293469497	22	0.40876108573
XMTM2MDg0MTIzMg==	2799	1493	0.217711092399	1304	0.285283456897
XMTM2MDg1NjAyNA==	643	623	0.000967471199592	544	0.023705463068
XMTM2MTA5NzE4OA==	186	131	0.0874378540872	115	0.145710486761
XMTM2MTUzMzU4NA==	34857	23872	0.0993162034938	20846	0.161569080465
XMTM2MTIxNDg0NA==	122	143	0.0296291319538	125	0.000604676162322
XMTM2MTU3OTkwMA==	293	293	0.0	256	0.0159466039208
XMTM2MTUyNjc0MA==	2616	1698	0.123143043515	1483	0.187579053624
XMTM2MTcxNzM3Ng==	17935	13225	0.0689666374929	11548	0.12682096991
XMTM2MTM0OTQxMg==	167	180	0.0060597368138	157	0.00358564308509
XMTM2MTYzOTUyMA==	1701	1545	0.00841086320216	1349	0.0428229616289
XMTM2MDk4NTIwOA==	17878	8124	0.297664906872	7094	0.363849592196
XMTM2MTM4NDQ4MA==	83469	58662	0.088327934	51225	0.149226998568
XMTM2MDk5NDgxMg==	48	20	0.340277777778	17	0.417100694444
XMTM2MDkwMDI4MA==	430	211	0.259388858843	184	0.327290427258
XMTM2MTQxOTg0MA==	390	465	0.0369822485207	406	0.00168310322156
XMTM2MDk4NDIyOA==	2249	547	0.572717166327	478	0.620094974279
XMTM2MTM3Nzk4NA==	92	123	0.113539697543	107	0.0265831758034
XMTM2MTEzMzYzNg==	87	52	0.161844365174	46	0.222090104373
XMTM2MDc5NDY0OA==	373	370	6.46881670967e-05	323	0.0179689353046
XMTM2MTQ4NjcwMA==	67006	47079	0.0884415724642	41110	0.149361266243
XMTM2MTYxMzQ2OA==	140	130	0.00510204081633	114	0.0344897959184
XMTM2MTA4Nzg2OA==	300	127	0.332544444444	111	0.3969
XMTM2MTQ2MTk1Mg==	230	148	0.127107750473	130	0.189035916824
XMTM2MTMzNzYyNA==	2094	1434	0.0993423699313	1252	0.161685408531
XMTM2MDgwMzA3Ng==	137	120	0.0153977303	105	0.0545580478449
XMTM2MTIzNDgyOA==	136365	161665	0.0344219293357	141170	0.0012415978457
XMTM2MTAyMzc4MA==	120	168	0.16	147	0.050625
XMTM2MTA5MTY3Ng==	136	93	0.0999675605536	81	0.163548875433
XMTM2MDk3MjAwMA==	78	25	0.461702827087	22	0.515450361604
XMTM2MTI5Nzg5Ng==	385	322	0.0267768595041	281	0.0729701467364
XMTM2MTQzNTgxMg==	223	242	0.00725934565344	211	0.00289569466508
XMTM2MTUxOTU1Ng==	670	698	0.00174649142348	610	0.00801960347516
XMTM2MTAwNjM3Mg==	3165	3041	0.00153495603822	2656	0.0258635500351
XMTM2MTUzODExNg==	140	161	0.0225	141	5.10204081633e-05
XMTM2MDgyOTczMg==	8799	2432	0.523604131058	2123	0.575659956606
XMTM2MDk4NTY5Ng==	2999	3373	0.0155521441459	2946	0.000312319289268
XMTI4NzE4MTk2OA==	1339	472	0.419253832154	412	0.479289940828
XMTI4Nzc3NTg4NA==	9686	11762	0.0459373320829	10270	0.00363527077297
XMTI4Nzc5MjYwOA==	5610	2890	0.23507805326	2523	0.302794189139
XMTI4NzcxOTkzNg==	583	513	0.0144164712597	448	0.0536204466752
XMTI4Nzg0ODM4MA==	415408	496893	0.0384773919923	433898	0.00198118079918
XMTI4Nzg2MDUzMg==	123	92	0.0635203913015	80	0.1222156124
XMTI4Nzk0MTE5Mg==	521	274	0.224759708371	240	0.290895627411
XMTI4Nzk2MzEyMA==	101	93	0.0062738947162	81	0.0392118419763
XMTI4Nzk2OTM0NA==	11474	13437	0.0292692037646	11733	0.000509530091132
XMTI4Nzk3MjEwMA==	136	131	0.00135164359862	115	0.0238429930796
XMTI4Nzk3NDU0NA==	199	92	0.289108860887	80	0.357591980001
XMTI4Nzk3NjE0OA==	85	47	0.199861591696	41	0.267958477509
XMTI4Nzk3NzE2NA==	330882	331610	4.84079258085e-06	289569	0.0155893203538
XMTI4Nzk4NDM5Mg==	98	131	0.113390254061	115	0.0300916284881
XMTI4Nzk4NTI2NA==	2987	2953	0.000129564907367	2579	0.0186573466609
XMTI4Nzk4NTY3Mg==	5948	5794	0.000670346771323	5059	0.0223388906501
XMTI4Nzk4NjQ3Mg==	219	266	0.0460582556661	232	0.00352369633661
XMTI4Nzk4ODI3Ng==	49	28	0.183673469388	25	0.239900041649
XMTI4Nzk4OTU2MA==	404	488	0.0432310557788	426	0.00296539554946
XMTI4Nzk5MDA0MA==	143	191	0.112670546237	167	0.0281676365592
XMTI4Nzk5NDEyNA==	546	427	0.0475016436555	373	0.100393806438
XMTI4Nzk5NDU4MA==	80922	45929	0.186994631228	40106	0.254406185758
XMTI4Nzk5Njk1Mg==	323	160	0.254665529239	140	0.320994162697
XMTI4Nzk5NzAwOA==	38496	38347	1.49810179888e-05	33485	0.0169440644296
XMTI4Nzk5OTc4MA==	13457	2958	0.608694484612	2583	0.65295334719
XMTI4Nzk5OTgwMA==	21880	9437	0.323411580618	8241	0.388571034377
XMTI4NzkxNjA3Ng==	431	269	0.141278309225	235	0.206803365615
XMTI4NzkyOTEzMg==	5524	3173	0.181133141093	2770	0.248553871435
XMTI4ODA0MzM3Ng==	4720	628	0.751600833094	548	0.781276213732
XMTI4ODA0MzkzNg==	24	24	0.0	21	0.015625
XMTI4ODA0NzI1Mg==	1010	814	0.037659053034	711	0.087639447113
XMTI4ODA0OTA4MA==	8842	11831	0.114274889217	10331	0.0283588342554
XMTI4ODA1MTE3Mg==	2493	1523	0.15139060046	1330	0.217628050881
XMTI4ODA1MTE5Ng==	4410	2074	0.280587615243	1811	0.347324468714
XMTI4ODA1MjQ4NA==	2092	2572	0.0526452405412	2246	0.00541898665224
XMTI4ODA1MzA3Ng==	1082	1422	0.0987423167203	1242	0.0218668106232
XMTI4ODA1MzkyOA==	96	98	0.000434027777778	85	0.0131293402778
XMTI4ODA1NDE0OA==	77	41	0.218586608197	36	0.283521673132
XMTI4ODA1NTQyNA==	778	1041	0.114275282347	909	0.0283519802275
XMTI4ODA1NjM5Mg==	668	807	0.0432988812794	705	0.00306796586468
XMTI4ODA1Njc4NA==	606	785	0.0872490714418	685	0.0169945212343
XMTI4ODA1OTMyMA==	1707	2155	0.0688793413797	1881	0.0103903805585
XMTI4ODA2NjQwOA==	1405	1682	0.0388693152316	1469	0.00207494839224
XMTI4ODA2OTUwMA==	54	72	0.111111111111	63	0.0277777777778
XMTI4ODA3MTUyOA==	7030	5580	0.0425427298977	4873	0.0941433482595
XMTI4ODA3MjU4NA==	5475	5230	0.00200246033235	4567	0.0275044807239
XMTI4ODA3NDY0MA==	390	208	0.217777777778	181	0.287186061801
XMTI4ODA3NjUzNg==	414	338	0.0336997362832	295	0.0826215314243
XMTI4ODA3Nzk5Ng==	92	86	0.00425330812854	75	0.0341446124764
XMTI4ODA3OTI2MA==	76	28	0.398891966759	25	0.450311634349
XMTI4ODA4MTQ1Ng==	234	33	0.737836949375	28	0.775001826284
XMTI4ODA4MzMzMg==	550	281	0.239209917355	246	0.305507438017
XMTI4ODA4NTk3Ng==	14081	8944	0.133092056121	7810	0.198338308261
XMTI4ODA4ODQyNA==	35700	22834	0.129882506728	19940	0.19488391435
XMTI4ODA4ODkyMA==	692	602	0.016915032243	526	0.0575445220355
XMTI4ODA5MTM5Ng==	88048	111990	0.0739404112922	97792	0.0122471647385
XMTI4ODAwMTc2MA==	148	123	0.0285336011687	107	0.0767439737034
XMTI4ODAwMjIyOA==	645	297	0.291097890752	259	0.358141938585
XMTI4ODAwMjY4MA==	302	24	0.847375115127	21	0.865762466558
XMTI4ODAwNDY1Mg==	12932	10922	0.0241579858728	9537	0.0689204596716
XMTI4ODAwNTg2MA==	166	218	0.0981274495573	190	0.0209028886631
XMTI4ODAwNjg0OA==	378	165	0.317523305619	144	0.383219954649
XMTI4ODAwOTIzMg==	146	61	0.338947269657	53	0.405751548133
XMTI4ODAxNDA0MA==	30	37	0.0544444444444	32	0.00444444444444
XMTI4ODAxNDU4MA==	544	68	0.765625	59	0.794850913711
XMTI4ODAxNTEyNA==	732	905	0.0558560273523	790	0.00627818089522
XMTI4ODAxNTY5Mg==	179	62	0.427233856621	54	0.487656440186
XMTI4ODAxNjE2MA==	444	133	0.490630833536	116	0.545734924113
XMTI4ODAxNjQ3Mg==	3825	3311	0.0180577384767	2891	0.0596253406809
XMTI4ODAxNzAwOA==	61	24	0.367911851653	21	0.429991937651
XMTI4ODAxNzQyOA==	1680	1445	0.019566680839	1262	0.0619061791383
XMTI4ODAyMTYyNA==	274	355	0.0873914433374	310	0.0172625073259
XMTI4ODAyNDYwOA==	363	187	0.23507805326	163	0.303561535718
XMTI4ODAyNTEwMA==	16	21	0.09765625	19	0.03515625
XMTI4ODAyNTU0OA==	391	216	0.200319202517	189	0.266900399657
XMTI4ODAyNjA5Ng==	3412	3100	0.00836163378958	2707	0.0426933456018
XMTI4ODAyNzYwMA==	64	31	0.265869140625	27	0.334228515625
XMTI4ODAzMDY0OA==	97798	69724	0.0824040665752	60884	0.142469620981
XMTI4ODAzNjU0NA==	222	90	0.353542731921	79	0.414921678435
XMTI4ODAzNjc0MA==	523	413	0.0442366257326	360	0.097134124718
XMTI4ODAzOTQzNg==	16491	9939	0.157853346769	8679	0.224403944149
XMTI4ODE0MDczMg==	427	479	0.0148303341761	419	0.000351013826654
XMTI4ODE0MjQ3Mg==	8706	2204	0.557771865998	1925	0.606666708358
XMTI4ODE0MjU5Mg==	215	172	0.04	151	0.0886100594916
XMTI4ODE0MzE1Ng==	20858	11982	0.181087828467	10463	0.248372587131
XMTI4ODE0NDk3Mg==	141	64	0.298224435391	56	0.363412303204
XMTI4ODE0NjgwMA==	2106	1769	0.0256060782335	1544	0.0712124450649
XMTI4ODE0NzMyNA==	53	44	0.0288358846565	38	0.0800996796013
XMTI4ODE0OTU2NA==	159	74	0.285787745738	64	0.356987460939
XMTI4ODE0OTUzNg==	701	369	0.224305607844	322	0.29230913246
XMTI4ODE0OTc4NA==	17453	3854	0.607118924096	3365	0.651566142021
XMTI4ODE1MDAxMg==	16	21	0.09765625	19	0.03515625
XMTI4ODE1MjA2MA==	62	64	0.00104058272633	56	0.00936524453694
XMTI4ODE1NTE3Mg==	1154	598	0.23213357803	522	0.299931817294
XMTI4ODE1NTkxNg==	504556	693501	0.140233591733	605581	0.0400902688047
XMTI4ODE1NzUwMA==	278	148	0.218673981678	130	0.283422183117
XMTI4ODE1OTg0MA==	124	131	0.00318678459938	115	0.00526795005203
XMTI4ODE2MTIzMg==	57	45	0.0443213296399	40	0.0889504462912
XMTI4ODE2MTU1Mg==	5917	7758	0.0968064821205	6774	0.0209777306712
XMTI4ODE2MjY2OA==	6941	7473	0.00587461183369	6526	0.00357480292504
XMTI4ODE2NjYyNA==	914	741	0.0358261231799	647	0.0853355773789
XMTI4ODE2ODIwOA==	73667	92550	0.0657046366677	80816	0.0094176950998
XMTI4ODE3MTAwNA==	391	351	0.0104656562948	306	0.047258979206
XMTI4ODE3MjExNg==	32	25	0.0478515625	22	0.09765625
XMTI4ODE3MzI4OA==	130	58	0.30674556213	51	0.369289940828
XMTI4ODE3MzY0OA==	136	192	0.16955017301	168	0.0553633217993
XMTI4ODE3MzgzNg==	143	102	0.0822045087779	89	0.142598660081
XMTI4ODE3NjEwNA==	880	631	0.0800632747934	551	0.139774018595
XMTI4ODE3Nzc1Mg==	94	51	0.209257582617	44	0.282933454052
XMTI4ODE3OTQzNg==	459	409	0.0118662812499	357	0.0493827160494
XMTI4ODE4MDQyOA==	643	346	0.213349167612	302	0.281246296399
XMTI4ODE4MTkwMA==	906	937	0.00117075761784	819	0.00922108679444
XMTI4ODE4Mjk4NA==	238	82	0.4296306758	72	0.486476943719
XMTI4ODE4NTQ2MA==	156287	120133	0.0535139486805	104903	0.108096120694
XMTI4ODE4NzQ3Mg==	21541	11568	0.2143482374	10101	0.282046248446
XMTI4ODE4OTE5Ng==	11848	4509	0.383692830603	3937	0.445833479133
XMTI4ODE5MDEwNA==	433	271	0.139976211938	237	0.204897353978
XMTI4ODE5MTEzMg==	11544	1777	0.715829742564	1552	0.749190418629
XMTI4ODE5MTMwMA==	687	659	0.00166112604853	575	0.0265780167765
XMTI4ODE5MzE4MA==	2418	2023	0.0266858842661	1767	0.0724852071006
XMTI4ODE5NDYyMA==	1634	749	0.293347530821	654	0.359706302276
XMTI4ODE5NzA2NA==	102	81	0.0423875432526	70	0.0984236831988
XMTI4ODE5OTg4NA==	88693	74863	0.0243145183119	65372	0.0691378146509
XMTI4ODEwNDE0MA==	8843	7283	0.0311207422522	6359	0.0789048925896
XMTI4ODEwNDgxMg==	100	82	0.0324	72	0.0784
XMTI4ODEwNTEyNA==	2712	1934	0.0822962078297	1689	0.142289186702
XMTI4ODEwNTI0MA==	32735	34682	0.00353758767805	30285	0.00560154047262
XMTI4ODEwNTg4OA==	86	89	0.00121687398594	78	0.00865332612223
XMTI4ODEwOTc4OA==	256	246	0.00152587890625	215	0.0256500244141
XMTI4ODExMDA4NA==	1209	1254	0.00138539120369	1095	0.00889113288057
XMTI4ODExMTQwNA==	79475	35671	0.303785098992	31148	0.369758868621
XMTI4ODExMTkyOA==	108	98	0.00857338820302	85	0.045353223594
XMTI4ODExMjI3Ng==	58	72	0.0582639714625	63	0.00743162901308
XMTI4ODExMzc0OA==	16	23	0.19140625	20	0.0625
XMTI4ODExNDkxNg==	1308	1436	0.00957644792339	1254	0.00170440198636
XMTI4ODExNTIwNA==	98317	108066	0.0098324762112	94366	0.00161494160396
XMTI4ODExNzU4MA==	350	314	0.0105795918367	274	0.0471510204082
XMTI4ODExODQyNA==	5923	1055	0.675488055403	921	0.713187806748
XMTI4ODEyMTI4NA==	359	180	0.248609182114	157	0.316602136855
XMTI4ODEyMzI4NA==	1411	1640	0.0263400707512	1432	0.000221505524328
XMTI4ODEyMzM2NA==	349	318	0.00788991880198	278	0.0413871807292
XMTI4ODEyNDE2NA==	7742	10796	0.155607932149	9427	0.0473689192821
XMTI4ODEyODUyOA==	41	47	0.0214158239143	41	0.0
XMTI4ODEzMDMzMg==	774	372	0.269755423352	325	0.336519907324
XMTI4ODEzMDQzMg==	712	795	0.0135892721879	694	0.000639123847999
XMTI4ODEzMTE0OA==	342	468	0.135734072022	409	0.0383793303923
XMTI4ODEzMTYzNg==	3683	2119	0.180330862445	1851	0.24742723445
XMTI4ODEzMjcwMA==	88	122	0.149276859504	106	0.0418388429752
XMTI4ODEzMzcwOA==	2559	1265	0.255698382571	1105	0.322840670989
XMTI4ODEzNDU5Ng==	24613	19587	0.0416980614596	17104	0.0930754415656
XMTI4ODEzNjI3Ng==	26245	32990	0.0660496854657	28808	0.00953683037395
XMTI4ODEzNjg0OA==	15874	13238	0.027575161198	11559	0.0738905413138
XMTI4ODEzNzEyNA==	34127	30534	0.0110845536436	26663	0.0478351385901
XMTI4ODEzOTE2OA==	6668	3089	0.288092673907	2698	0.354478444443
XMTI4ODEzOTUzNg==	12141	12345	0.000282326352045	10780	0.0125662973555
XMTI4ODI0MjI4MA==	11750	5645	0.269957627886	4930	0.336893798099
XMTI4ODI0MjQxMg==	322	402	0.0617260136569	351	0.0081111839821
XMTI4ODI0MzA5Mg==	487	670	0.141203108332	585	0.0404943310466
XMTI4ODI0NDUyMA==	616	410	0.1118337831	358	0.175419547984
XMTI4ODI0NTM2NA==	214	78	0.403878067954	68	0.465455498297
XMTI4ODI1MDE5Mg==	60	83	0.146944444444	73	0.0469444444444
XMTI4ODI1MTAwOA==	209	146	0.0908633044115	127	0.153934204803
XMTI4ODI1MjM5Mg==	1061	1043	0.000287815542217	911	0.0199871904317
XMTI4ODI1Mzg5Ng==	10642	2767	0.547588874328	2416	0.597490357888
XMTI4ODI1NDI2NA==	237	205	0.0182306966476	179	0.0598906870338
XMTI4ODI2MDcwOA==	2774	1509	0.207954411366	1317	0.275871089512
XMTI4ODI2MTI0NA==	521	553	0.00377245884004	483	0.00531975641115
XMTI4ODI2MjQ2MA==	41	51	0.059488399762	44	0.00535395597858
XMTI4ODI2Mjc1Mg==	59	54	0.00718184429762	47	0.0413674231543
XMTI4ODI2NTU1Mg==	46	25	0.208412098299	22	0.272211720227
XMTI4ODI2NTU4MA==	71	52	0.071612775243	46	0.12398333664
XMTI4ODI2NTc0OA==	6061	4314	0.0830801442552	3767	0.143251196839
XMTI4ODI2Nzc3Ng==	328	280	0.0214158239143	244	0.0655859607377
XMTI4ODI2ODg4NA==	111	82	0.0682574466358	72	0.123447772096
XMTI4ODI3MDQ4NA==	98	119	0.0459183673469	104	0.00374843815077
XMTI4ODI3MTA0OA==	272	341	0.0643517517301	298	0.00913711072664
XMTI4ODI3Mjk3Mg==	426973	253758	0.164577389941	221588	0.231385755141
XMTI4ODI3NDE0OA==	5735	1311	0.595063609325	1144	0.640837239636
XMTI4ODI3NDEyOA==	353	484	0.137718784357	422	0.038207513101
XMTI4ODI3NDg0OA==	80	107	0.11390625	94	0.030625
XMTI4ODI3NTE4OA==	1403	1216	0.0177651087757	1062	0.0590735970014
XMTI4ODI3NjU2NA==	63	59	0.00403124212648	52	0.0304862685815
XMTI4ODI3Nzc2NA==	260	349	0.117174556213	305	0.0299556213018
XMTI4ODI3OTkwOA==	852	232	0.529546606714	202	0.582032885891
XMTI4ODI4NDUzNg==	80	89	0.01265625	78	0.000625
XMTI4ODI4NjA1Mg==	3713	1267	0.433973296377	1106	0.49298325034
XMTI4ODI4NzAzNg==	67	79	0.0320784139006	69	0.000891067052796
XMTI4ODI4NzgwNA==	15126	11849	0.0469358503647	10347	0.0998219085033
XMTI4ODI4ODQ1Ng==	5681	3839	0.105130728334	3352	0.168069689802
XMTI4ODI4ODY0MA==	4039	1837	0.297226086263	1604	0.363454645996
XMTI4ODI4OTIxNg==	1325	844	0.131782698469	737	0.19693499466
XMTI4ODI5MzAxMg==	3696	649	0.679643211451	567	0.716716167355
XMTI4ODI5Mzc2OA==	2940	1018	0.427377944375	889	0.486672335601
XMTI4ODI5NDQwOA==	131	54	0.345492686906	47	0.411164850533
XMTI4ODI5NDcwMA==	107	133	0.0590444580313	116	0.00707485369901
XMTI4ODI5NTIxNg==	93	35	0.38894669904	31	0.444444444444
XMTI4ODI5NjM2MA==	16147	10023	0.143842318151	8752	0.209745506817
XMTI4ODI5Nzk3Ng==	102	71	0.092368319877	62	0.153787004998
XMTI4ODI5OTA1Mg==	25262	13590	0.213478968735	11867	0.28115769505
XMTI4ODI5OTM2MA==	4869	4240	0.0166886705667	3702	0.0574463133734
XMTI4ODIwMDk1Mg==	432	303	0.089168595679	264	0.151234567901
XMTI4ODIwMjE4NA==	1985	1319	0.112571236414	1152	0.176103902696
XMTI4ODIwNjQwNA==	719	455	0.134818680713	398	0.199320645078
XMTI4ODIwNzYyNA==	14724	13642	0.00540011369942	11912	0.0364736322655
XMTI4ODIwODQ0NA==	62	41	0.114724245578	36	0.175858480749
XMTI4ODIwOTExMg==	1469	550	0.391369908909	480	0.453261666916
XMTI4ODIxMzI1Mg==	221	123	0.196638070474	107	0.266087917938
XMTI4ODIxNTY0NA==	61	62	0.000268744961032	54	0.0131685030906
XMTI4ODIxNjYyNA==	82190	105909	0.0832826986325	92482	0.0156805609241
XMTI4ODIxOTkxMg==	60	72	0.04	63	0.0025
XMTI4ODIyMjEyOA==	82	49	0.161957168352	43	0.226204640095
XMTI4ODIyMzQ3Mg==	317	379	0.0382529431082	331	0.00195046223965
XMTI4ODIyMzkyMA==	109	154	0.170440198636	135	0.0568975675448
XMTI4ODIyNDI4MA==	251	78	0.475055951493	68	0.531562991064
XMTI4ODIyNTYwNA==	4521	5218	0.0237682136219	4557	6.34068221337e-05
XMTI4ODIyNjA1Ng==	2236	2507	0.0146890930969	2189	0.000441826863073
XMTI4ODIyNjcyMA==	35	24	0.0987755102041	21	0.16
XMTI4ODIyNjgwNA==	1314	840	0.130126561164	733	0.195506650079
XMTI4ODIyODk2NA==	32	34	0.00390625	30	0.00390625
XMTI4ODIzMDYwOA==	871	837	0.00152377738614	731	0.025835671945
XMTI4ODIzMjQ2NA==	135	100	0.0672153635117	88	0.121207133059
XMTI4ODIzNzcwNA==	86	55	0.129935100054	48	0.195240670633
XMTI4ODM0MTAwOA==	500	605	0.0441	528	0.003136
XMTI4ODM0MTk4NA==	402	428	0.00418306477562	374	0.00485136506522
XMTI4ODM0NDQ2NA==	1067	756	0.0849555858686	660	0.145498990328
XMTI4ODM0NTUwMA==	125	167	0.112896	146	0.028224
XMTI4ODM0NjM2OA==	107	65	0.154074591667	57	0.218359682068
XMTI4ODM1MTU0NA==	950	359	0.387014958449	314	0.44819501385
XMTI4ODM1NTI0MA==	1280	625	0.261856079102	546	0.328830566406
XMTI4ODM1NTc2NA==	1230	1132	0.00634807323683	989	0.0383905082953
XMTI4ODM1ODAwNA==	50231	31094	0.145145663621	27152	0.211101017177
XMTI4ODM1OTg1Mg==	2020	1159	0.181678511911	1012	0.249010881286
XMTI4ODM2NDg4NA==	2346	2138	0.00786087072807	1867	0.0416883792696
XMTI4ODM2ODI1Mg==	446	126	0.514790162682	110	0.567556154357
XMTI4ODM2ODYyOA==	17309	15439	0.0116718381642	13482	0.048884701608
XMTI4ODM2ODc5Mg==	102	119	0.0277777777778	104	0.000384467512495
XMTI4ODM2ODk5Mg==	46	59	0.0798676748582	52	0.0170132325142
XMTI4ODM2OTE4OA==	121	122	6.83013455365e-05	106	0.0153678027457
XMTI4ODM3MDE0NA==	370	437	0.0327903579255	381	0.000883856829803
XMTI4ODM3MTI4NA==	827	795	0.00149723143777	694	0.0258637958034
XMTI4ODM3MzUzNg==	67	47	0.0891067052796	41	0.150590331922
XMTI4ODM3NTc0NA==	288	310	0.00583526234568	270	0.00390625
XMTI4ODM3OTYxMg==	362	109	0.488454259638	95	0.54400811941
XMTI4ODM4MDcwNA==	2952	577	0.647283477831	504	0.687685901249
XMTI4ODM4MzIyNA==	95	59	0.143601108033	52	0.20487534626
XMTI4ODM4NTAyOA==	1121	662	0.167654087365	578	0.234632643691
XMTI4ODM4Nzc1Mg==	1034	519	0.248069505292	453	0.315726610523
XMTI4ODM5MTI1Ng==	201	274	0.131902675676	240	0.0376475829806
XMTI4ODM5MTY3Mg==	626	508	0.0355316477661	443	0.0854581551307
XMTI4ODM5MjA3Mg==	1178	1610	0.134485949251	1406	0.0374609781478
XMTI4ODM5MzE3Mg==	953	1251	0.0977792556559	1093	0.0215809356657
XMTI4ODM5NDMwNA==	66	51	0.051652892562	44	0.111111111111
XMTI4ODM5NTY3Mg==	471	380	0.0373285371054	332	0.0870939096019
XMTI4ODM5ODU3Mg==	257	194	0.0600917500643	169	0.117246286848
XMTI4ODMwMDkxNg==	17617	12839	0.0735577407984	11211	0.132223899167
XMTI4ODMwMjE4MA==	18964	18479	0.000654069027024	16136	0.0222381633985
XMTI4ODMwMzUyNA==	91	47	0.233788189832	41	0.301895906292
XMTI4ODMwMzk0OA==	30	25	0.0277777777778	22	0.0711111111111
XMTI4ODMwNTE2OA==	17830	23261	0.0927805449926	20312	0.0193776393174
XMTI4ODMwNjc5Mg==	3748	4565	0.0475165552542	3986	0.00403231776976
XMTI4ODMwNzE2OA==	3407	1593	0.283485139842	1391	0.350136018069
XMTI4ODMwODgyMA==	291	394	0.125281940459	344	0.0331715496983
XMTI4ODMwOTk1Ng==	57	51	0.01108033241	44	0.0520160049246
XMTI4ODMxMDEzNg==	568	762	0.116655921444	665	0.029163980361
XMTI4ODMxMDM1Ng==	32	27	0.0244140625	23	0.0791015625
XMTI4ODMxMTUwMA==	573	734	0.0789482500784	641	0.0140834346037
XMTI4ODMxNDI2MA==	294	358	0.047387662548	312	0.00374843815077
XMTI4ODMxNTA2OA==	6741	3669	0.207679566426	3204	0.27530966968
XMTI4ODMxNTk0MA==	2218	1155	0.229690718045	1009	0.297118379746
XMTI4ODMxNjExNg==	194	74	0.38261239239	64	0.449038154958
XMTI4ODMxNjMyOA==	11116	9039	0.034912095497	7893	0.0840666100079
XMTI4ODMxNjg1Ng==	1505	341	0.598181477026	298	0.643193342237
XMTI4ODMxNzM0OA==	119	79	0.112986371019	69	0.176541204717
XMTI4ODMxODAyNA==	223	202	0.00886806491182	177	0.0425506243842
XMTI4ODMxODI2OA==	385232	185730	0.268194456475	162184	0.335237008069
XMTI4ODMxODMwNA==	127	96	0.0595821191642	84	0.114638229276
XMTI4ODMxODc2NA==	1471	1538	0.00207455168841	1343	0.00757172084271
XMTI4ODMxOTk2NA==	44	45	0.00051652892562	40	0.00826446280992
XMTI4ODMyMDM1Ng==	91	28	0.479289940828	25	0.526023427122
XMTI4ODMyMDYzNg==	866	236	0.529231048221	206	0.580834075599
XMTI4ODMyMTQ0MA==	199	222	0.0133582485291	194	0.000631297189465
XMTI4ODMyMzQ4MA==	59	34	0.17954610744	30	0.241597242172
XMTI4ODMyNTA0OA==	1208	1411	0.028239578308	1232	0.000394719529845
XMTI4ODMyNTUwOA==	15611	6706	0.325391647002	5856	0.390474879905
XMTI4ODMyNjM1Ng==	194	271	0.157535338506	237	0.0491284939951
XMTI4ODMyNzA5Ng==	620	625	6.50364203954e-05	546	0.0142455775234
XMTI4ODMyNzU0OA==	33	42	0.0743801652893	37	0.0146923783287
XMTI4ODMyOTg1Mg==	5459	6843	0.0642755781319	5975	0.00893456092497
XMTI4ODMzMDQ3Mg==	21113	12516	0.165803600826	10930	0.232622432157
XMTI4ODMzMDUyMA==	180069	76647	0.329873902646	66930	0.394772385661
XMTI4ODMzMTA5Ng==	345	346	8.4015963033e-06	302	0.0155345515648
XMTI4ODMzMjU5Mg==	229	197	0.0195267062032	172	0.0619553402872
XMTI4ODMzMzE1Mg==	32	24	0.0625	21	0.1181640625
XMTI4ODMzNDU1Mg==	1459	81	0.892047234884	70	0.906345760591
XMTI4ODMzNzkxMg==	4784	2196	0.292648432344	1917	0.359147662288
XMTI4ODMzOTkzMg==	1105	1353	0.0503707950288	1181	0.00473045187445
XMTI4ODQ0MDA5Mg==	2460	734	0.492279066693	641	0.546758047459
XMTI4ODQ0MDM3Mg==	2514	3313	0.101009683877	2893	0.0227273014951
XMTI4ODQ0MTMzNg==	86	62	0.0778799351001	54	0.138453217956
XMTI4ODQ0Mjc2OA==	666	611	0.00681988294601	533	0.0398799700602
XMTI4ODQ0Mzc5Mg==	4661	2379	0.239702781888	2078	0.307107629989
XMTI4ODQ0NDg4NA==	29	33	0.0190249702735	28	0.00118906064209
XMTI4ODQ0NTMwNA==	1455	1427	0.000370331006956	1246	0.0206331998914
XMTI4ODQ0NjUyNA==	117	38	0.455913507196	33	0.515450361604
XMTI4ODQ0ODcxMg==	215	45	0.625202812331	40	0.662520281233
XMTI4ODQ1MjE2OA==	88	105	0.037319214876	91	0.00116219008264
XMTI4ODQ1MjUzMg==	695	591	0.0223922157238	516	0.0663340406811
XMTI4ODQ1MzU3Mg==	2106	1510	0.0800895375128	1319	0.139647360366
XMTI4ODQ1ODUwOA==	110	129	0.0298347107438	112	0.000330578512397
XMTI4ODQ1ODgwNA==	19	25	0.0997229916898	22	0.0249307479224
XMTI4ODQ2MTg3Ng==	85	54	0.133010380623	47	0.199861591696
XMTI4ODQ2MzY2OA==	909	951	0.00213486695204	831	0.00736311254888
XMTI4ODQ2NTIzMg==	208	151	0.0750970784024	132	0.13350591716
XMTI4ODQ2NTc2NA==	2466	1524	0.145920282262	1331	0.21183883459
XMTI4ODQ2ODI3Mg==	254	271	0.00447950895902	237	0.00447950895902
XMTI4ODQ2ODkxNg==	30	28	0.00444444444444	25	0.0277777777778
XMTI4ODQ3MDE5Mg==	3018	3911	0.0875516725141	3415	0.017303842068
XMTI4ODQ3MzgyNA==	1836	2169	0.0328960015379	1894	0.000997954253113
XMTI4ODQ3NDU4OA==	71	27	0.384050783575	23	0.457052172188
XMTI4ODQ3NDc5Ng==	117	30	0.552925706772	26	0.604938271605
XMTI4ODQ3NjI3Ng==	319	205	0.127711009129	179	0.192608170124
XMTI4ODQ3ODIwMA==	156	147	0.00332840236686	128	0.0322156476003
XMTI4ODQ3ODgyOA==	103338	120192	0.0266002596101	104955	0.000244849902756
XMTI4ODQ4Mjk2OA==	1230	745	0.1554795426	651	0.221588340274
XMTI4ODQ4NTE5Ng==	671	465	0.0942517451765	406	0.155972023872
XMTI4ODQ4NTQyNA==	5094	4465	0.0152469652203	3899	0.0550323336276
XMTI4ODQ4NTYyOA==	202	225	0.0129644152534	196	0.000882266444466
XMTI4ODQ4Njk4MA==	104	65	0.140625	57	0.204234467456
XMTI4ODQ4NzYwNA==	413	558	0.123263899067	488	0.0329778564686
XMTI4ODQ4Nzc5Mg==	1086	1353	0.0604453466011	1181	0.00765222198481
XMTI4ODQ4NzczMg==	38	48	0.0692520775623	42	0.01108033241
XMTI4ODQ4ODk1Mg==	18	21	0.0277777777778	19	0.00308641975309
XMTI4ODQ5MzY4OA==	109	86	0.0445248716438	75	0.0972982072216
XMTI4ODQ5NDA4NA==	4235	1101	0.547634947429	962	0.597289914122
XMTI4ODQ5NDE1Ng==	4853	1253	0.550280874653	1094	0.599962448425
XMTI4ODQ5NzY1Mg==	879	653	0.0661057334519	570	0.123577444117
XMTI4ODQ5NzgyOA==	1114	599	0.213719464043	523	0.281452156171
XMTI4ODQwNTU1Mg==	44299	25922	0.172092278791	22636	0.239138419266
XMTI4ODQwNzA1Mg==	2669	1619	0.154768099831	1414	0.221100794954
XMTI4ODQwODA2MA==	1400	652	0.28546122449	569	0.352327040816
XMTI4ODQwODk2NA==	511	648	0.0718785543867	565	0.0111672366451
XMTI4ODQxMDc1Ng==	1043	778	0.064553996005	679	0.121796315481
XMTI4ODQxMTcxMg==	23296	32369	0.151683767296	28266	0.0455145299787
XMTI4ODQxMTk2NA==	304	394	0.0876471606648	344	0.0173130193906
XMTI4ODQxMjE4NA==	657	855	0.0908237943329	747	0.018765246763
XMTI4ODQxMjQ1Mg==	134	71	0.221040320784	62	0.288705725106
XMTI4ODQxMzQ1Ng==	5010	3433	0.0990804419106	2998	0.1612799949
XMTI4ODQxNDc0NA==	87	122	0.161844365174	106	0.0476945435328
XMTI4ODQxNTExNg==	120	41	0.433402777778	36	0.49
XMTI4ODQxNzI5Ng==	2063	184	0.829573946615	160	0.850901169628
XMTI4ODQxNzU4MA==	26002	27342	0.00265580441674	23875	0.00669146902434
XMTI4ODQyMDA4OA==	274	157	0.18233523363	137	0.25
XMTI4ODQyMTA4NA==	1767	386	0.610821419798	337	0.654936170226
XMTI4ODQyNDIyNA==	25	20	0.04	17	0.1024
XMTI4ODQyNTgxMg==	151	140	0.00530678479014	122	0.0368843471778
XMTI4ODQyODE0NA==	83	27	0.455218464218	23	0.522572216577
XMTI4ODQyOTU3Ng==	2573	1230	0.272440991981	1074	0.339409265008
XMTI4ODQyOTY2MA==	46	47	0.00047258979206	41	0.0118147448015
XMTI4ODQyOTgwMA==	1165	311	0.537358212529	272	0.587558437252
XMTI4ODQzMzc5Mg==	772	778	6.04043061559e-05	679	0.0145121345539
XMTI4ODQzNTgyNA==	122	165	0.124227358237	144	0.0325181402849
XMTI4ODQzNjMzMg==	276	372	0.120982986767	325	0.0315191136316
XMTI4ODQzNzI4MA==	276	266	0.00131274942239	232	0.0254148288175
XMTI4ODQzODI2MA==	1249	1384	0.0116826848188	1209	0.00102564036818
XMTI4ODU0MTMyNA==	14867	17574	0.03315353399	15346	0.00103806451146
XMTI4ODU0MjIyNA==	120	151	0.0667361111111	132	0.01
XMTI4ODU0NDE5Ng==	67162	81714	0.0469459499375	71355	0.00389764682399
XMTI4ODU0NDU0OA==	1071	1056	0.00019615689413	922	0.0193550186959
XMTI4ODU0NjE5Mg==	271	82	0.48639043586	72	0.539221960485
XMTI4ODU0Njk1Mg==	2864045	3537315	0.0552610142948	3088865	0.00616183709354
XMTI4ODU0NzY2NA==	371	198	0.217442477169	173	0.284827921913
XMTI4ODU0ODc3Mg==	298	353	0.0340637809108	309	0.00136255123643
XMTI4ODU0OTM2OA==	18357	9605	0.227306158365	8388	0.29491697875
XMTI4ODU0OTk5Mg==	697	869	0.0608963605038	759	0.00791257469499
XMTI4ODU1MTU5Ng==	7494	9758	0.0912694571635	8521	0.0187807749981
XMTI4ODU1NDAyNA==	1764	1405	0.0414182490835	1227	0.092672613263
XMTI4ODU1NjE3Ng==	5217	4085	0.0470815964191	3567	0.100029066297
XMTI4ODU1Njk1Ng==	197	239	0.0454533742173	209	0.00371047952794
XMTI4ODU1NzE4OA==	92	99	0.00578922495274	86	0.00425330812854
XMTI4ODU1NzQ0MA==	39503	52199	0.103293660934	45582	0.0236812230969
XMTI4ODU2MDM3Ng==	911	786	0.0188270931812	686	0.060999781907
XMTI4ODU2MDgyNA==	365	341	0.00432351285419	298	0.0336948770876
XMTI4ODU2NzE4OA==	258	134	0.230995733429	117	0.298674959438
XMTI4ODU2ODU2OA==	836	687	0.0317658135116	600	0.0796913990064
XMTI4ODU2ODY3Mg==	8495	10095	0.0354742480862	8815	0.00141896992345
XMTI4ODU3MTE0OA==	3013	1579	0.226516602632	1379	0.294107324946
XMTI4ODU3MTg2OA==	731	1005	0.140496780267	878	0.0404389541901
XMTI4ODU3MjQwOA==	468	508	0.00730513551026	443	0.0028535685587
XMTI4ODU3NDAyOA==	77	37	0.26986001012	32	0.341541575308
XMTI4ODU3Njg3Ng==	25	24	0.0016	21	0.0256
XMTI4ODU3NzAwOA==	40	34	0.0225	30	0.0625
XMTI4ODU3NzM1Ng==	63	27	0.326530612245	23	0.403124212648
XMTI4ODU3OTM0OA==	101	51	0.245074012352	44	0.318498186452
XMTI4ODU4MTIxNg==	430	266	0.145462412115	232	0.21202812331
XMTI4ODU4MTM4MA==	105	78	0.0661224489796	68	0.124172335601
XMTI4ODU4MjQ2OA==	534	660	0.0556747885368	577	0.00648417006831
XMTI4ODU4MzAyOA==	27	31	0.0219478737997	27	0.0
XMTI4ODU4MzQ4MA==	489	506	0.00120859313904	442	0.00923800084476
XMTI4ODU4Mzk1Mg==	608	724	0.0364006232687	632	0.00155817174515
XMTI4ODU4NTcwOA==	2828	2394	0.023551612587	2090	0.0681010665221
XMTI4ODU4ODI3Mg==	11338	10794	0.00230210375952	9426	0.0284382501833
XMTI4ODU5MDc1Mg==	164	156	0.00237953599048	136	0.0291493158834
XMTI4ODU5MTk2MA==	30	38	0.0711111111111	33	0.01
XMTI4ODU5ODY5Ng==	5792	3805	0.117689746621	3322	0.181859838108
XMTI4ODUwMTc5Mg==	58	35	0.157253269917	31	0.216706302021
XMTI4ODUwMjkxMg==	5069	2418	0.273511047641	2111	0.340527160381
XMTI4ODUwMzI0OA==	7318	6929	0.00282562414099	6051	0.0299756369022
XMTI4ODUwNDMwOA==	9293	7266	0.047576843262	6344	0.100701901413
XMTI4ODUwOTQ0MA==	9312	7835	0.0251579387828	6842	0.0703571067447
XMTI4ODUwOTY4MA==	501	139	0.52208556938	121	0.575296512763
XMTI4ODUwOTc2NA==	1618	1165	0.078386156359	1017	0.137972301717
XMTI4ODUxMTQwNA==	456	513	0.015625	448	0.000307787011388
XMTI4ODUxMTQzNg==	4200877	5057572	0.0415884306909	4416388	0.00263183678467
XMTI4ODUxMzA5Ng==	19714	21964	0.01302613371	19179	0.00073647508566
XMTI4ODUxNzYxNg==	4235	3755	0.0128462285809	3279	0.0509575988035
XMTI4ODUxODg1Mg==	225	211	0.00387160493827	184	0.0332049382716
XMTI4ODUxOTQxNg==	658	66	0.809452979924	58	0.831477905784
XMTI4ODUxOTYyMA==	68191	20295	0.493337776054	17722	0.547766263297
XMTI4ODUyMTI3Mg==	2436	550	0.599416659252	480	0.644737799995
XMTI4ODUyMjAwNA==	650	577	0.0126130177515	504	0.0504520710059
XMTI4ODUyNjExMg==	40125	45357	0.0170022101494	39606	0.00016730334527
XMTI4ODUyNjEzMg==	25435	17957	0.0864385429713	15680	0.147092680924
XMTI4ODUyNjY5Mg==	28	37	0.103316326531	32	0.0204081632653
XMTI4ODUyODM1Ng==	429	273	0.132231404959	238	0.198222135285
XMTI4ODUyOTE1Ng==	140	85	0.154336734694	74	0.222244897959
XMTI4ODUyOTQyMA==	9338	11062	0.0340852735521	9659	0.00118168664039
XMTI4ODUzMjE0MA==	1046	638	0.152144745164	557	0.218551780616
XMTI4ODUzMjYyOA==	19328	8819	0.295630304151	7701	0.361877441406
XMTI4ODUzMzc3Mg==	52	52	0.0	46	0.0133136094675
XMTI4ODUzNDAwMA==	237	185	0.0481404333351	162	0.100144207659
XMTI4ODUzNTA1Mg==	3446	2552	0.0673045603017	2228	0.124929220552
XMTI4ODUzNTQwMA==	391	172	0.313714588471	151	0.376763626612
XMTI4ODUzNTQzNg==	126	76	0.157470395566	67	0.219261778786
XMTI4ODY0MDI2NA==	25	24	0.0016	21	0.0256
XMTI4ODY0MDQ0OA==	61	33	0.210696049449	28	0.292663262564
XMTI4ODY0MTY5Ng==	108	136	0.0672153635117	119	0.0103737997257
XMTI4ODY0MTg5Mg==	5569	5011	0.0100395434143	4375	0.0459678527864
XMTI4ODY0NDI5Mg==	15	20	0.111111111111	17	0.0177777777778
XMTI4ODY0NTE0NA==	468	416	0.0123456790123	363	0.0503369493754
XMTI4ODY0NTM5Mg==	26	34	0.094674556213	30	0.0236686390533
XMTI4ODY0NjYyMA==	138	38	0.525099768956	33	0.578922495274
XMTI4ODY0OTU2MA==	413	259	0.139040505602	226	0.205013806729
XMTI4ODY0OTc4NA==	43	47	0.00865332612223	41	0.00216333153056
XMTI4ODY0OTk4MA==	35	34	0.000816326530612	30	0.0204081632653
XMTI4ODY1MDMzMg==	440	482	0.00911157024793	421	0.00186466942149
XMTI4ODY1MzI3Ng==	76	37	0.263331024931	32	0.335180055402
XMTI4ODY1MzYwNA==	6128	7447	0.0463289095041	6503	0.00374476890735
XMTI4ODY1NTg4MA==	26	24	0.00591715976331	21	0.0369822485207
XMTI4ODY2MDIxNg==	2128	2013	0.00292046787552	1758	0.0302315351348
XMTI4ODY2NTIyMA==	1000	1147	0.021609	1001	1e-06
XMTI4ODY2Nzk4OA==	215	90	0.33802055165	79	0.400129799892
XMTI4ODY2OTU4NA==	382	491	0.0814190948713	428	0.014500698994
XMTI4ODY3MDQyOA==	901	833	0.00569597721609	727	0.0372948542808
XMTI4ODY3MzQ0NA==	2764	3315	0.0397399320601	2895	0.0022462935698
XMTI4ODY3Mzg3Ng==	1597	1933	0.0442658412827	1688	0.00324693019825
XMTI4ODY3NDkwOA==	840	926	0.0104818594104	809	0.00136196145125
XMTI4ODY3NjU1Mg==	24	31	0.0850694444444	27	0.015625
XMTI4ODY4MDM1Ng==	3646	1526	0.338094723694	1332	0.402803634548
XMTI4ODY4MTEyMA==	10038	3556	0.416988109063	3105	0.477032554238
XMTI4ODY4MzMwNA==	218	83	0.383490446932	73	0.442408046461
XMTI4ODY4Njk4OA==	41	49	0.0380725758477	43	0.00237953599048
XMTI4ODY4NzA5Ng==	227	229	7.76261910769e-05	200	0.0141473733238
XMTI4ODY4NzU2MA==	179	31	0.683624106613	27	0.72107612122
XMTI4ODY4NzcyNA==	1889	2109	0.0135638021355	1842	0.000619058655317
XMTI4ODY4ODczMg==	96831	69895	0.0773815407696	61034	0.136667241772
XMTI4ODY4OTY1Ng==	29	28	0.00118906064209	25	0.0190249702735
XMTI4ODY5MDQ2OA==	76	30	0.366343490305	26	0.432825484765
XMTI4ODY5MTk0NA==	99	107	0.00652994592389	94	0.00255076012652
XMTI4ODY5ODI2OA==	39	37	0.00262984878369	32	0.0322156476003
XMTI4ODY5OTkxMg==	169095	157162	0.00498009639576	137238	0.0354934502987
XMTI4ODYwMTMwNA==	20186	19375	0.00161413989107	16919	0.0261937531929
XMTI4ODYwNTc0NA==	56	49	0.015625	43	0.0538903061224
XMTI4ODYwODI2NA==	41	27	0.116597263534	23	0.192742415229
XMTI4ODYwODQ3Mg==	37175	36674	0.000181624109238	32025	0.019191658349
XMTI4ODYxMTk5Mg==	1244	1207	0.000884632086103	1054	0.0233274056306
XMTI4ODYxNDQzNg==	86	81	0.0033802055165	70	0.0346133044889
XMTI4ODYxNzg0NA==	21810	14777	0.103984810252	12904	0.166745472392
XMTI4ODYxNzkwOA==	377	65	0.684898929845	57	0.720472247043
XMTI4ODYxODg4NA==	97	68	0.0893825061112	59	0.153470081837
XMTI4ODYxOTUyOA==	56	48	0.0204081632653	42	0.0625
XMTI4ODYyMDA5Mg==	549	761	0.149116957143	664	0.0438784211068
XMTI4ODYyMTYyOA==	299	304	0.000279638930213	265	0.0129305041331
XMTI4ODYyMzQwOA==	975	959	0.00026929651545	837	0.0200331360947
XMTI4ODYyNDQ5Ng==	117	89	0.0572722624005	78	0.111111111111
XMTI4ODYyNTc1Ng==	42	59	0.163832199546	52	0.0566893424036
XMTI4ODYyNjY4OA==	27	24	0.0123456790123	21	0.0493827160494
XMTI4ODYyOTQ2OA==	193	164	0.0225777873231	143	0.0671158957287
XMTI4ODYyOTUyNA==	208	74	0.415033284024	64	0.479289940828
XMTI4ODYzOTY5Ng==	7350	3544	0.268140793188	3095	0.335138599658
XMTI4ODc0MjkwMA==	255	236	0.00555171088043	206	0.0369242599
XMTI4ODc0NDk2OA==	106	112	0.00320398718405	98	0.00569597721609
XMTI4ODc0NTA0NA==	482	450	0.00440763760955	393	0.0340946264699
XMTI4ODc0NzMyOA==	3671	3341	0.00808088843172	2917	0.0421865414844
XMTI4ODc1MDkyOA==	331	113	0.433767490257	99	0.491269703635
XMTI4ODc1MTQ2NA==	34171	26827	0.0461902124238	23426	0.0988774967054
XMTI4ODc1MjkyMA==	4502	5231	0.0262206875428	4568	0.000214920028632
XMTI4ODc1NTAwNA==	19	27	0.17728531856	23	0.0443213296399
XMTI4ODc1NjE4NA==	268	61	0.596583314769	53	0.643587101804
XMTI4ODc1NjkzNg==	214	69	0.459101231549	60	0.517861821993
XMTI4ODc1NzU4MA==	335	418	0.0613856092671	365	0.00801960347516
XMTI4ODc1ODAyMA==	52	69	0.106878698225	60	0.0236686390533
XMTI4ODc2MDkxMg==	208	177	0.0222124630178	154	0.067400147929
XMTI4ODc2Mzc4MA==	141	195	0.14667270258	170	0.0423016950858
XMTI4ODc2NjQzMg==	34351	36811	0.00512851281846	32145	0.00412412905781
XMTI4ODc2ODI1Ng==	37	27	0.073046018992	23	0.143170197224
XMTI4ODc2OTQwOA==	1260353	1185318	0.00354440527978	1035047	0.0319566404037
XMTI4ODc3MDQ4MA==	2240	2963	0.104179089605	2588	0.0241358418367
XMTI4ODc3MDg2OA==	4367	4951	0.0178837796579	4323	0.000101517045346
XMTI4ODc3MzA0MA==	8089	9856	0.0477181313384	8606	0.00408499392827
XMTI4ODc3NzQ0OA==	55	64	0.0267768595041	56	0.000330578512397
XMTI4ODc3NzQzMg==	50	59	0.0324	52	0.0016
XMTI4ODc4Mjc3Mg==	20483	23270	0.0185134265507	20320	6.33268781263e-05
XMTI4ODc4MzI4MA==	41	52	0.0719809637121	46	0.0148720999405
XMTI4ODc4NDc4MA==	80	98	0.050625	85	0.00390625
XMTI4ODc4ODE2NA==	92	86	0.00425330812854	75	0.0341446124764
XMTI4ODc4ODc2NA==	36	48	0.111111111111	42	0.0277777777778
XMTI4ODc4OTY0MA==	227	140	0.146888160065	122	0.213957189156
XMTI4ODc4OTY2OA==	45	27	0.16	23	0.239012345679
XMTI4ODc4OTYzNg==	106	37	0.423727305091	32	0.487362050552
XMTI4ODc5NDAwNA==	40	33	0.030625	28	0.09
XMTI4ODc5NTU2OA==	76	85	0.0140235457064	74	0.000692520775623
XMTI4ODc5ODExMg==	12095	10232	0.0237254230111	8935	0.0682593926646
XMTI4ODcwMjgyMA==	79711	80918	0.000229286257237	70660	0.0128930781391
XMTI4ODcwNDcyNA==	2303	2657	0.0236275476738	2320	5.44891416716e-05
XMTI4ODcwNTI2NA==	65204	63073	0.00106811600305	55077	0.0241219905209
XMTI4ODcwNzQyOA==	42237	49448	0.0291477384488	43179	0.00049741133562
XMTI4ODcwNzY2OA==	84730	19976	0.584061781824	17443	0.630649300701
XMTI4ODcwODAwMA==	22163	9531	0.324853193943	8322	0.390011887433
XMTI4ODcwODczNg==	13440	11876	0.0135417552438	10370	0.0521768928926
XMTI4ODcxMTM0NA==	38	54	0.17728531856	47	0.0560941828255
XMTI4ODcxMTc2MA==	383	525	0.137460886638	458	0.0383464336112
XMTI4ODcxMjg3Mg==	795	786	0.000128159487362	686	0.018798307029
XMTI4ODcxMzk0OA==	173	188	0.00751779210799	164	0.00270640515888
XMTI4ODcxNTk1Mg==	97	58	0.161653735785	51	0.224891061749
XMTI4ODcxODI4NA==	33	28	0.0229568411387	25	0.058769513315
XMTI4ODcyMjk1Mg==	45	44	0.000493827160494	38	0.0241975308642
XMTI4ODcyMzkyMA==	24	25	0.00173611111111	22	0.00694444444444
XMTI4ODcyNzQyMA==	31336397	34334458	0.00915340774307	29981638	0.00186907172825
XMTI4ODczMDA0OA==	25	28	0.0144	25	0.0
XMTI4ODczMTU1Ng==	43	47	0.00865332612223	41	0.00216333153056
XMTI4ODczMjY3Ng==	49	51	0.00166597251145	44	0.0104123281966
XMTI4ODczNjAyMA==	195	144	0.0684023668639	126	0.125207100592
XMTI4ODczNjUyOA==	27	28	0.00137174211248	25	0.00548696844993
XMTI4ODczNjcwOA==	450	506	0.0154864197531	442	0.000316049382716
XMTI4ODczNzM0MA==	104	31	0.492696005917	27	0.548169378698
XMTI4ODczNzYwNA==	515	467	0.00868696389858	407	0.0439777547365
XMTI4ODczODU0OA==	67	78	0.0269547783471	68	0.000222766763199
XMTI4ODczODcwMA==	490822	251980	0.236795451982	220034	0.304376267953
XMTI4ODg0MDAzMg==	20082	12795	0.131669023154	11173	0.196808563924
XMTI4ODg0NDY4NA==	313	147	0.28127264747	128	0.349345201033
XMTI4ODg0NTE1Ng==	22	25	0.0185950413223	22	0.0
XMTI4ODg2NDI4OA==	28	40	0.183673469388	35	0.0625
XMTI4ODgwMDYwMA==	34	33	0.000865051903114	28	0.0311418685121
XMTI4ODgwMjE2NA==	82	89	0.00728732897085	78	0.00237953599048
XMTI4ODgwMzA5Mg==	220	223	0.000185950413223	195	0.0129132231405
XMTI4ODgwNDU4NA==	28	37	0.103316326531	32	0.0204081632653
XMTI4ODgwNjg4OA==	130	74	0.185562130178	64	0.25775147929
XMTI4ODgxMDk1Mg==	261	298	0.0200965928275	260	1.46797610135e-05
XMTI4ODgxMDkxMg==	190274	132449	0.0923575463556	115657	0.153785954288
XMTI4ODgyMjk5Mg==	38244	15979	0.338936842964	13953	0.403426264518
XMTI4ODgyNTgzMg==	27	35	0.0877914951989	31	0.0219478737997
XMTI4ODgyNzI2MA==	37	24	0.123447772096	21	0.186997808619
XMTI4ODgyNzc1Ng==	41	21	0.237953599048	19	0.287923854848
XMTI4ODgzMzA0OA==	104	98	0.00332840236686	85	0.0333764792899
XMTI4ODgzNzU5Mg==	2061	1257	0.152179486365	1098	0.218321542305
XMTI4ODgzODA4NA==	48	31	0.125434027778	27	0.19140625
XMTI4ODgzOTQ3Mg==	197	189	0.00164910201242	165	0.0263856321987
Log-Linear MRSE = 0.139141134475, Linear-LRS MRSE = 0.159758389344
