XMTM2MTE3ODY3Ng==	93	58	0.141634871083
XMTM2MTExMjM4NA==	173	127	0.0707006582245
XMTM2MTYwNzM2MA==	1022	787	0.0528729975758
XMTM2MTUzMTc3Mg==	76672	106634	0.152710189223
XMTM2MTMwMjA3Mg==	244	244	0.0
XMTM2MDc1NTYyOA==	45	46	0.000493827160494
XMTM2MTQ5MjU4NA==	40	52	0.09
XMTM2MTQ2MzY0MA==	163	100	0.149384621175
XMTM2MTI3MDU0MA==	8819929	4133145	0.282370744618
XMTM2MDg1OTMwNA==	1664	1253	0.0610066250231
XMTM2MTI1MzU1Ng==	35	48	0.137959183673
XMTM2MTE1OTUwOA==	10809	12922	0.0382144805351
XMTM2MTIyNDg5Ng==	1898027	1696238	0.0113029082954
XMTM2MTQzNzU4NA==	425	360	0.0233910034602
XMTM2MTYwNjIxMg==	92	83	0.00956994328922
XMTM2MTE5NDkwOA==	59	43	0.0735420856076
XMTM2MDgzNDcyNA==	597	205	0.431145116986
XMTM2MTA5NDg2MA==	22216	22692	0.000459073445138
XMTM2MDk2MzY3Ng==	264	181	0.0988435491276
XMTM2MTM1NjI5Mg==	50	33	0.1156
XMTM2MDkxODQ1Mg==	5634	1591	0.5149603572
XMTM2MTQzOTAxNg==	83	74	0.011757874873
XMTM2MDc4MDc0MA==	425	207	0.263108650519
XMTM2MTExOTcxNg==	39661	3988	0.809006381401
XMTM2MTU1NjU4MA==	31	23	0.0665972944849
XMTM2MTA3Nzg1Mg==	230	124	0.212400756144
XMTM2MDc0NTc2NA==	63	50	0.0425799949609
XMTM2MTM0OTE4OA==	336	218	0.123334750567
XMTM2MTI0NjEyMA==	326	164	0.2469419248
XMTM2MTQ4NTkyMA==	221	166	0.0619356688029
XMTM2MTI5ODg3Mg==	46	57	0.0571833648393
XMTM2MTIwODcyOA==	5764	4355	0.0597549712711
XMTM2MTYxOTcwMA==	19907	19549	0.000323410726811
XMTM2MDk4MTE0OA==	26790	5348	0.640597377108
XMTM2MDg5MTkyOA==	25252	18775	0.0657894465292
XMTM2MTI0Nzc4MA==	1218	928	0.0566893424036
XMTM2MTQ1Mzg0NA==	24	23	0.00173611111111
XMTM2MTM1OTQ4OA==	473984	530135	0.0140341988826
XMTM2MDkxMzU4NA==	100402	69213	0.0964979689836
XMTM2MTMxODU5Mg==	1512	1301	0.019474276336
XMTM2MTM0OTcyNA==	19455	18871	0.000901079737681
XMTM2MDk2NzE4MA==	19914	23954	0.0411571908448
XMTM2MDc4MjI0NA==	560	250	0.306441326531
XMTM2MTM5MjUzNg==	46	23	0.25
XMTM2MTMzNTAwOA==	4444	3935	0.0131185992137
XMTM2MTM5MTk5Mg==	258	130	0.246139054143
XMTM2MDk2NjkwOA==	176	241	0.136395919421
XMTM2MTQ0MTM2MA==	5573	4462	0.0397420286198
XMTM2MTY1OTk0OA==	79	81	0.000640922929018
XMTM2MTIyNjI2MA==	66	49	0.0663452708907
XMTM2MTEyODAzNg==	129	80	0.14428219458
XMTM2MTI2NTU4OA==	470	404	0.0197193300136
XMTM2MTU3NTgyMA==	3731	5785	0.303075186053
XMTM2MDk5MTU3Ng==	6447	5829	0.00918885947147
XMTM2MTEzODk2OA==	3453	718	0.627366760073
XMTM2MTQ5NDIwOA==	70	71	0.000204081632653
XMTM2MTMyOTQ4NA==	2980	2135	0.0804045988919
XMTM2MTIxODYzMg==	22674	23827	0.00258584405343
XMTM2MDc3OTY1Ng==	99	129	0.0918273645546
XMTM2MDgzOTA0MA==	650422	760802	0.028799857206
XMTM2MTE4ODI1Mg==	646	386	0.161987558589
XMTM2MTAwMTY2OA==	865	333	0.378260549968
XMTM2MTE5NjIxNg==	1171	1093	0.00443685683261
XMTM2MTY1NzUzMg==	254	296	0.0273420546841
XMTM2MTYwOTYwNA==	283	81	0.50948319994
XMTM2MTA2MTQ0MA==	183	159	0.017199677506
XMTM2MTMyNDIzMg==	3291	1964	0.162587098632
XMTM2MTI0ODk1Mg==	5670	5625	6.29881582263e-05
XMTM2MTQ1MTA0NA==	107	127	0.0349375491309
XMTM2MTMwMzg0OA==	2766	1389	0.24783550802
XMTM2MTYwMjI4MA==	95	59	0.143601108033
XMTM2MDk1NzU5Ng==	3567	2879	0.0372023742859
XMTM2MDQ0NzAyMA==	28	37	0.103316326531
XMTM2MDg1NjUwNA==	8863	6341	0.0809708439431
XMTM2MTQzMDg1Mg==	342	237	0.0942597722376
XMTM2MDk5NTUxMg==	1012	952	0.00351513068475
XMTM2MTQzNTY0NA==	376	331	0.0143235061114
XMTM2MTEyMjczNg==	12190	10148	0.028061059476
XMTM2MDg0NDQ3Ng==	81	78	0.00137174211248
XMTM2MDgwNTY0OA==	349	323	0.005550036535
XMTM2MDg0MDQwMA==	9421	1070	0.785747412933
XMTM2MTIxODU1Ng==	168	67	0.361429988662
XMTM2MDg2ODEwNA==	189	130	0.0974496794603
XMTM2MTMyODQ1Ng==	153	112	0.0718099876116
XMTM2MTIyNDY2NA==	23	25	0.00756143667297
XMTM2MTI5NjM3Mg==	444	550	0.0569961853746
XMTM2MDgzOTA1Mg==	169	146	0.0185217604426
XMTM2MTQ3MDg0MA==	844	493	0.172953493857
XMTM2MTM0NDQ0MA==	930	1064	0.0207607815932
XMTM2MTQxMzk1Ng==	88	52	0.167355371901
XMTM2MTQ2MzY0OA==	141	134	0.00246466475529
XMTM2MTI1ODQwOA==	198	204	0.000918273645546
XMTM2MDk3ODEzNg==	2749	2462	0.0108996942041
XMTM2MTEwMDM0OA==	971	421	0.320838826483
XMTM2MDg4NTAzNg==	2105	1957	0.0049433257542
XMTM2MDk0OTU4MA==	9873	2559	0.548796885441
XMTM2MDU1Mzk0OA==	204	130	0.131584006151
XMTM2MTE2NzE2NA==	183	240	0.0970169309325
XMTM2MDgxNTQwMA==	7048	8652	0.0517937000184
XMTM2MTM1MTE1Mg==	75	88	0.0300444444444
XMTM2MTU5Mjc1Mg==	107	153	0.184819634903
XMTM2MTA1NTEwMA==	4958	6181	0.060847097873
XMTM2MTQxOTQxNg==	253	258	0.000390570076083
XMTM2MDkxODE1Ng==	285	279	0.000443213296399
XMTM2MTQ4ODQxNg==	1938	1007	0.230776624375
XMTM2MTIwMDk1Mg==	17205	10390	0.156899791487
XMTM2MTIwMTAzNg==	8801	5337	0.154914376963
XMTM2MDgzODc1Ng==	227	141	0.143530827301
XMTM2MTMyODE2NA==	8110	6592	0.0350349768367
XMTM2MDkwNDQ1Ng==	5388	6090	0.0169753622254
XMTM2MTQ1ODA5Mg==	5006	3163	0.135540467699
XMTM2MTMzNzA5Ng==	214	144	0.106996244213
XMTM2MTIyODIyOA==	1041	1284	0.0544892823626
XMTM2MTQ3NjcxMg==	8282	5032	0.153991329891
XMTM2MTM4MTQ5Ng==	2827	2515	0.0121802883884
XMTM2MTY5MzM3Mg==	316	265	0.0260475084121
XMTM2MDczMjQwOA==	37	51	0.143170197224
XMTM2MTQxMTM4MA==	276	313	0.0179715395925
XMTM2MTQ5Mzk0NA==	1772	2162	0.0484397372725
XMTM2MTYyNjA4NA==	21035	16759	0.0413228589046
XMTM2MDg0MTc2MA==	8200	3538	0.323233848899
XMTM2MTU2NzExMg==	142	152	0.00495933346558
XMTM2MDc0NDU3Mg==	4831	4702	0.000713025965911
XMTM2MDk3MjAyNA==	4525	4903	0.00697824852721
XMTM2MTM1OTcwMA==	76	82	0.00623268698061
XMTM2MDcyNTAyNA==	2507	2667	0.00407315837951
XMTM2MTE4NzY4MA==	195	185	0.00262984878369
XMTM2MTIyMDg5Ng==	233	270	0.0252168947669
XMTM2MDk4MzY0MA==	4513	4739	0.00250776138795
XMTM2MDk0NDMyOA==	59	59	0.0
XMTM2MDg3MDU0MA==	224	235	0.00241151147959
XMTM2MTA2OTYzMg==	1283	1218	0.00256668989344
XMTM2MTA3NzYwMA==	23649	11677	0.256275950987
XMTM2MDk1NzYyMA==	226	54	0.579215287023
XMTM2MDk1ODIwOA==	4010	4826	0.0414086977071
XMTM2MTQ5MDk5Mg==	8158	9493	0.0267790477371
XMTM2MDg0MzY0MA==	259545	268342	0.00114879847469
XMTM2MTcwOTczNg==	60	53	0.0136111111111
XMTM2MDg0MjMwMA==	2157	2345	0.00759653264194
XMTM2MTEwNjA2OA==	826	275	0.444982675633
XMTM2MDc1NjUwMA==	138	120	0.0170132325142
XMTM2MTM0MjQ2NA==	4492	4280	0.00222736928577
XMTM2MTE5NzI0OA==	8463	8443	5.58484738197e-06
XMTM2MTQ1NDYwMA==	1388	1704	0.0518316737121
XMTM2MTIxNzE0OA==	87571	77109	0.0142727879394
XMTM2MTEyMjcxNg==	6128	8222	0.116765849007
XMTM2MTE5NTc2NA==	90	114	0.0711111111111
XMTM2MTE4MjkzMg==	118	41	0.425811548406
XMTM2MTMzNjA4OA==	17512	17518	1.17389973248e-07
XMTM2MTQyOTE4MA==	1426	1255	0.014379810728
XMTM2MTA5MTk5Ng==	34	45	0.104671280277
XMTM2MTEyNjM2MA==	365	234	0.12881215988
XMTM2MTMwMDgyNA==	8469	7717	0.0078844502188
XMTM2MDg4NTc4OA==	27328	46199	0.476841594181
XMTM2MTQyMzg3Ng==	4978	1759	0.418150065188
XMTM2MTU4NjUyNA==	136	155	0.019517733564
XMTM2MDgyMjU1Ng==	298	382	0.0794558803657
XMTM2MTQ2ODgzMg==	2256	3168	0.16342236306
XMTM2MTM3NDczNg==	124	128	0.00104058272633
XMTM2MDQ5Mzk5Mg==	73819	47273	0.129318859201
XMTM2MTYwNzM4OA==	648	491	0.0587015127267
XMTM2MTY3MzcxNg==	19571	21352	0.00828136268345
XMTM2MDk2NzMyOA==	202	93	0.291172434075
XMTM2MTMxOTY4NA==	587	791	0.12077697065
XMTM2MDY3MDY0MA==	564	195	0.428050022635
XMTM2MTQ0NTU0OA==	116516	142713	0.0505512601787
XMTM2MTQ5OTE2NA==	3767	4113	0.00843647370395
XMTM2MTAwNDUwNA==	1878	1969	0.00234796494583
XMTM2MTAwOTc4MA==	172	202	0.0304218496485
XMTM2MDkwNjQ3Mg==	9003	5098	0.188134124248
XMTM2MTI1MjM0NA==	32	35	0.0087890625
XMTM2MTI0NDkxNg==	5091	3742	0.0702130284026
XMTM2MTU2MjE1Mg==	20651	23873	0.0243427085151
XMTM2MDk4NzEwMA==	3108	2715	0.0159890654582
XMTM2MDc2ODU0NA==	48	56	0.0277777777778
XMTM2MTI0NDExMg==	58252	52252	0.0106091556004
XMTM2MDk4MzExNg==	117	110	0.00357951640003
XMTM2MDkxMDE2OA==	1094	740	0.104706075018
XMTM2MDgyOTAxNg==	16511	4829	0.500596315758
XMTM2MTM5MDk4OA==	180	164	0.0079012345679
XMTM1ODkwNDgyMA==	220	115	0.227789256198
XMTM2MDgzNTY1Mg==	2553	1358	0.219095864883
XMTM2MDg1MzI4OA==	507	506	3.89030885162e-06
XMTM2MTAyMDg2OA==	274	204	0.0652671959081
XMTM2MTM3NzY0MA==	103	132	0.0792723159581
XMTM2MDY0MjIyNA==	813	598	0.069935201197
XMTM2MDY5NjIyOA==	357	314	0.0145077638899
XMTM2MTM4OTQ4OA==	19091	8683	0.297219440171
XMTM2MTU4MDYyOA==	139	165	0.0349878370685
XMTM2MTUwNTM2MA==	10324	8394	0.0349477021977
XMTM2MDkwNTUwOA==	8868	10580	0.0372697218708
XMTM2MTEwMzExNg==	372	366	0.000260145681582
XMTM2MTE2NDk5Ng==	278	266	0.00186325759536
XMTM2MDc4MDU2NA==	68379	81508	0.0368653028677
XMTM2MTI0ODU4NA==	3987	1656	0.341815754475
XMTM2MTE2NDkzMg==	362	149	0.346211959342
XMTM2MTQ0NjM2MA==	284	179	0.136691628645
XMTM2MTE0ODY4MA==	912	711	0.0485738400277
XMTM2MDkzODM0OA==	2295	2591	0.0166348175678
XMTM2MTUzNTIwOA==	678	462	0.101495810165
XMTM2MTY1MzI1Mg==	125	111	0.012544
XMTM2MDc0NDQzNg==	582	126	0.613880327346
XMTM2MTIzMDc5Mg==	156	133	0.0217373438527
XMTM2MTM3NTc0MA==	647	825	0.0756887692333
XMTM2MTczMjMwNA==	281	409	0.207494839224
XMTM2MTIzNzA2MA==	136	77	0.188202854671
XMTM2MDg0MTUzMg==	100	81	0.0361
XMTM2MTM0NTQ1Mg==	110	146	0.107107438017
XMTM2MTE3MjkwNA==	1782	2485	0.155630692761
XMTM2MTQ4MjM4MA==	84	109	0.0885770975057
XMTM2MTU5MDgzNg==	117	154	0.100007305136
XMTM2MTY5ODk4MA==	342	396	0.0249307479224
XMTM2MTE2NTk5Mg==	23	34	0.228733459357
XMTM2MTI1MTcxNg==	80	73	0.00765625
XMTM2MDczNDI4MA==	2623	2643	5.81384447879e-05
XMTM2MTA5Mzk3Mg==	311	141	0.298797572399
XMTM2MDg2NDA2OA==	18	20	0.0123456790123
XMTM2MTE3NTMxNg==	1616	827	0.238380811318
XMTM2MTIyMTg4OA==	101	46	0.296539554946
XMTM2MDkzNzcwOA==	87	91	0.00211388558594
XMTM2MTM2OTg4NA==	246048	359926	0.214210119708
XMTM2MTE3MjM4MA==	19090	13722	0.0790702583034
XMTM2MTMzMDYzNg==	674	559	0.0291122577464
XMTM2MDY3NzQ3Mg==	2533	1945	0.0538870330508
XMTM2MTE3MzE2MA==	120	149	0.0584027777778
XMTM2MTU3Nzc3Mg==	60	74	0.0544444444444
XMTM2MTI5MTc4MA==	506	357	0.0867104625912
XMTM2MTI2NTU1Ng==	599	462	0.0523103335832
XMTM2MTEzNTIwMA==	276	146	0.221854652384
XMTM2MTI4OTE2MA==	135	158	0.0290260631001
XMTM2MDk1ODUwNA==	47291	48099	0.000291921261042
XMTM2MTIwNTI4OA==	70639	64353	0.00791880535879
XMTM2MTI3OTIwOA==	262	286	0.00839111939864
XMTM2MDgzMzA4MA==	1135	1047	0.00601137223699
XMTM2MTUwNTc2OA==	252	29	0.783084530108
XMTM2MTMyOTA5Ng==	327	397	0.0458247996334
XMTM2MTM3NDU2MA==	17612	21445	0.0473652991898
XMTM2MTQxMjM4OA==	473	184	0.373313249512
XMTM2MTMzNTIyNA==	4151	4034	0.000794449428091
XMTM2MDgzNzk2NA==	3790	3304	0.0164434945454
XMTM2MDgyMjEzMg==	157344	77344	0.258511341141
XMTM2MTE4Nzk5Ng==	287	256	0.0116670106472
XMTM2MDk2NDEwOA==	15009	13726	0.00730717986469
XMTM2MTE5MjQwOA==	37403	33905	0.0087463476514
XMTM2MTM5MjY5Mg==	151	194	0.0810929345204
XMTM2MDk0Nzc5Mg==	18302	22096	0.0429731857951
XMTM2MTIxMDQ3Ng==	4399	2061	0.282475697503
XMTM2MTUyNzU3Ng==	208	61	0.499468380178
XMTM2MDc3ODU1Mg==	429183	515193	0.0401617726184
XMTM2MTU3MjY0MA==	1190	683	0.181518960525
XMTM2MTA0NzA2OA==	15850	12321	0.0495729522634
XMTM2MTQwNzExNg==	108	36	0.444444444444
XMTM2MTQwNzM5Mg==	409	289	0.0860826991709
XMTM2MDk0MDgwMA==	63	66	0.00226757369615
XMTM2MTA2OTAxMg==	306	350	0.0206758084497
XMTM2MDkwNzYyOA==	20	25	0.0625
XMTM2MDc2NTA2OA==	11085	12730	0.0220221851527
XMTM2MDkyNDM2NA==	504918	595089	0.0318927571207
XMTM2MTA2ODg5Ng==	4151	1992	0.27052027355
XMTM2MTU3OTk4MA==	105	64	0.152471655329
XMTM2MTE0NDE0OA==	663	790	0.0366927604085
XMTM2MDkxMTU3Ng==	92717	74944	0.0367453797431
XMTM2MTcyMTE2MA==	54804	27964	0.239850433472
XMTM2MDg4MDUyNA==	238	94	0.366075842102
XMTM2MDkwNDQ4NA==	38626	48330	0.0631163830769
XMTM2MTQzNDMyMA==	100	60	0.16
XMTM2MTU1ODU4OA==	96	124	0.0850694444444
XMTM2MTE0NzI2OA==	7859	1783	0.597724356084
XMTM2MTQwNjQ0MA==	1654	2015	0.0476368892093
XMTM2MTA2ODg0MA==	79	111	0.164076269829
XMTM2MTM5MDE3Mg==	824	915	0.0121963073805
XMTM2MTUyNjU2NA==	111447	126248	0.0176378381278
XMTM2MDg3MDQyOA==	366	264	0.0776672937382
XMTM2MTE4NzE5Mg==	2409	971	0.356323259205
XMTM2MDc3MDk5Ng==	478	526	0.0100838570753
XMTM2MTU3MjE1Mg==	471	368	0.0478225395666
XMTM2MTU3NzUwMA==	451	584	0.0869661407761
XMTM2MTE3MDk4MA==	373	193	0.232877401548
XMTM2MTAwOTc2OA==	3505	2574	0.0705542723763
XMTM2MDg4MzgwOA==	122405	44646	0.403555264486
XMTM2MTM5NjY5Ng==	2997	2128	0.0840748433897
XMTM2MTIwNTA4OA==	30820	28156	0.00747142037183
XMTM2MDk1Mjg5Ng==	4298	3366	0.047021773197
XMTM2MTUxMTAxNg==	184	196	0.00425330812854
XMTM2MTE4ODM0MA==	350	367	0.00235918367347
XMTM2MTM4MzE2OA==	899	1178	0.0963139120095
XMTM2MDg5MjI1Mg==	21	34	0.383219954649
XMTM2MTIwMDM0NA==	106	80	0.060163759345
XMTM2MTMyNjM3Ng==	976	561	0.180799222319
XMTM2MTI5OTI4OA==	1378	776	0.190851047247
XMTM2MDg2NzM1Mg==	47	43	0.00724309642372
XMTM2MTEwNjQxMg==	96	67	0.0912543402778
XMTM2MDkwMjQ3Ng==	124	92	0.0665972944849
XMTM2MTU0NDUxNg==	64	76	0.03515625
XMTM2MDkyNzc0MA==	818	714	0.0161644179554
XMTM2MTEyNDI2OA==	16453	16524	1.86220077059e-05
XMTM2MDgwNTk3Mg==	4936	3028	0.149419210957
XMTM2MTE4MTM4MA==	2527	1913	0.059037268885
XMTM2MTE1MDUyMA==	16206	14782	0.00772090678924
XMTM2MDc0MTY2NA==	82667	80375	0.000768714144072
XMTM2MTA0NTgxMg==	108	31	0.508316186557
XMTM2MTYwNjA5Mg==	57	72	0.0692520775623
XMTM2MTQ4MDI0NA==	575	233	0.353766351607
XMTM2MTEzNTQ0NA==	224	275	0.0518375318878
XMTM2MTUwMTQ1Ng==	5457	5301	0.000817224332613
XMTM2MTA0MzI2NA==	169	137	0.0358530863765
XMTM2MTE4MjA0OA==	146	98	0.108087821355
XMTM2MDk5ODcwMA==	47	44	0.00407424173834
XMTM2MTM1MTM4MA==	5787	5496	0.00252859347693
XMTM2MTQ4NzAwOA==	446	521	0.0282782682137
XMTM2MDg0Mjc0OA==	102	78	0.0553633217993
XMTM2MDgyMzI2OA==	199	141	0.0849473498144
XMTM2MTE0MzI1Ng==	38	31	0.0339335180055
XMTM2MDgyNTExMg==	224	380	0.485012755102
XMTM2MDkzNDU3Mg==	706	794	0.01553659848
XMTM2MTU0MDUyOA==	527	425	0.0374609781478
XMTM2MDc5ODU1Ng==	19207	7727	0.35724380252
XMTM2MTUyMDUyMA==	54	49	0.00857338820302
XMTM2MTM3NjgxMg==	580	716	0.0549821640904
XMTM2MTE2NDQyOA==	1013	577	0.185248238838
XMTM2MTE0NTM1Ng==	5014	3779	0.0606687791933
XMTM2MTQ4Mjg2OA==	484	556	0.0221296359538
XMTM2MTYwMDE2OA==	428	497	0.0259902611582
XMTM2MTMwMTgyMA==	72	85	0.032600308642
XMTM2MDgzMDE1Mg==	272	312	0.0216262975779
XMTM2MTEwNDA4NA==	24	19	0.0434027777778
XMTM2MTA1MzI5Ng==	81	36	0.308641975309
XMTM2MDgxNjY1Mg==	5125	5391	0.00269386317668
XMTM2MTI1Njc2OA==	7273	7198	0.000106339680624
XMTM2MTMyNjA5Mg==	31	37	0.0374609781478
XMTM2MDkyNTQ4MA==	1258	356	0.514104958788
XMTM2MTE4MjA5Ng==	17369	17450	2.17480542378e-05
XMTM2MTYwMDk0MA==	2843	1543	0.209089866453
XMTM2MTA1ODU5Ng==	19260	15326	0.041721137972
XMTM2MDQ3ODgyMA==	737	753	0.000471308193214
XMTM2MTU1ODcxNg==	1796	1319	0.0705381545726
XMTM2MTYyMjU3Mg==	216	274	0.0721021947874
XMTM2MTMxMzcxNg==	217	91	0.33714880333
XMTM2MTE3NDM3Mg==	119	66	0.19836169762
XMTM2MTI1MjA3Ng==	78	92	0.0322156476003
XMTM2MTE5NTk1Mg==	52	64	0.0532544378698
XMTM2MTQxODQzMg==	272	431	0.341709018166
XMTM2MDg4ODA2OA==	375	324	0.018496
XMTM2MTIwNDI3Mg==	1475	1110	0.0612352772192
XMTM2MDk4NzUyNA==	193	233	0.0429541732664
XMTM2MTQ5NjI1Mg==	376	446	0.0346593481213
XMTM2MTEwNTU3Mg==	250	291	0.026896
XMTM2MDk3Mjg3Mg==	60	45	0.0625
XMTM2MTU1MDMxMg==	1330	1574	0.0336570750184
XMTM2MDk2OTk0OA==	78	52	0.111111111111
XMTM2MTM5MjQyNA==	837	723	0.0185506352693
XMTM2MDY3MDY5Ng==	18	24	0.111111111111
XMTM2MTUzMjEyNA==	123	145	0.0319915394276
XMTM2MTU1MjkwNA==	104	123	0.0333764792899
XMTM2MTA2MTcwOA==	571	1040	0.674642146233
XMTM2MTI1ODA1Mg==	150206	16826	0.788509380405
XMTM2MDkyODk2OA==	707	303	0.326530612245
XMTM2MTQ5ODU5Mg==	12179	3229	0.540036121693
XMTM2MDk1NDUyMA==	89	67	0.0611033960359
XMTM2MTcwNTk0NA==	224	138	0.147401147959
XMTM2MDk1NDgxMg==	606	943	0.309253450097
XMTM2MTQ3NjQ3Ng==	199	145	0.0736345041792
XMTM2MTU0MDAzNg==	74	71	0.00164353542732
XMTM2MTE1MDg5Ng==	577	660	0.0206920995167
XMTM2MDk5OTI2OA==	3740	1859	0.25294982699
XMTM2MDcwOTkwMA==	10092	8437	0.0268931399888
XMTM2MTIyMDM0NA==	419	433	0.00111642107302
XMTM2MTQ1MjQ1Ng==	1042	439	0.334887691985
XMTM2MTI3OTUyOA==	2618	54	0.959172584931
XMTM2MTAxMDY0NA==	65	71	0.00852071005917
XMTM2MTMzOTg4MA==	586	539	0.00643280643921
XMTM2MDg1NTMzNg==	521	551	0.00331563765238
XMTM2MDk0Nzg1Mg==	402	421	0.00223385559763
XMTM2MTQ1OTE5Ng==	196	245	0.0625
XMTM2MTQzNzU0OA==	715	182	0.555702479339
XMTM2MTQyOTYzMg==	903	1100	0.0475945200507
XMTM2MDg3OTY4OA==	34	24	0.0865051903114
XMTM2MTQwNjEzMg==	127	109	0.0200880401761
XMTM2MTQ0NDA4OA==	974	395	0.353377760163
XMTM2MTQ0NjYyMA==	3319	3364	0.000183827517681
XMTM2MDk2MDE5Ng==	3308	2713	0.0323521337741
XMTM2MDc1MzUwOA==	40884	55086	0.120668039669
XMTM2MTQxNjE2OA==	393	422	0.00544516312828
XMTM2MTIyNDU5Ng==	26323	16087	0.151213228822
XMTM2MDgzNjkwOA==	285	346	0.045811018775
XMTM2MTQxMzMyOA==	61956	52247	0.0245573929742
XMTM2MDk2OTIxNg==	50	36	0.0784
XMTM2MDc2NjU5Mg==	567	556	0.000376373686191
XMTM2MTM0OTQ0MA==	188	232	0.0547759167044
XMTM2MTE4ODA5Mg==	25384	28184	0.0121673484189
XMTM2MTMyNTcwNA==	126	92	0.0728143109095
XMTM2MTEwMTc2OA==	208	209	2.31139053254e-05
XMTM2MTA5NDIxMg==	377	169	0.304399524376
XMTM2MTY4NTI1Mg==	229	168	0.0709559314277
XMTM2MDc0OTQ5Mg==	273	159	0.174375075474
XMTM2MTY5Njg4MA==	65	42	0.125207100592
XMTM2MTQ0OTY4OA==	3684	3436	0.00453173095854
XMTM2MTU0NTI4NA==	11671	167	0.971586804742
XMTM2MTA2NTc1Mg==	2021	1565	0.0509092921161
XMTM2MDkwNDQ0MA==	55047	69300	0.0670417372308
XMTM2MTU2NzI2OA==	1538	1552	8.28597083676e-05
XMTM2MDUzMjc2MA==	26331	30056	0.0200132604848
XMTM2MTM0Njk5Mg==	318	403	0.0714469364345
XMTM2MDg4MTAyOA==	59660	32821	0.202379334106
XMTM2MTE3Mjg4MA==	299	358	0.0389369246429
XMTM2MTUxNTM0NA==	197	295	0.247468370739
XMTM2MDczNzI3Mg==	34235	1216	0.930223202976
XMTM2MTYyMjQxMg==	701	620	0.0133516211811
XMTM2MDk2MjkxMg==	291	266	0.00738064028531
XMTM2MTA3MTA1Mg==	515	234	0.297713262324
XMTM2MTI4NDE2MA==	1141	1375	0.0420591436545
XMTM2MTM4NDc4OA==	316	272	0.0193879186028
XMTM2MTA2NTU4OA==	98	86	0.0149937526031
XMTM2MTcyODIyNA==	129	79	0.150231356289
XMTM2MTEzOTYyMA==	155	171	0.0106555671176
XMTM2MTE2Nzc2OA==	2637	1566	0.164952416452
XMTM2MTEzNzk3Ng==	93955	75462	0.0387413674193
XMTM2MDk0MTAwNA==	127	78	0.148862297725
XMTM2MTUwOTI0OA==	3303	3443	0.00179654840887
XMTM2MTIzMjQ0MA==	35	39	0.0130612244898
XMTM2MTEwNjU4NA==	10671	10054	0.0033431825265
XMTM2MDg3ODUwNA==	2079	1851	0.0120270942782
XMTM2MTE5MDczMg==	2076	1460	0.0880454111768
XMTM2MTU3OTM5Mg==	697	568	0.0342542027834
XMTM2MTM1Nzg4MA==	25	31	0.0576
XMTM2MDg3MTM4OA==	169	147	0.0169461853577
XMTM2MTI2Nzc2MA==	4427	4331	0.000470244172348
XMTM2MTAwNzE1Mg==	4172	1497	0.411110882577
XMTM2MTA3MjM1Mg==	278	209	0.0616039542467
XMTM2MTU2MjQ1Mg==	267	180	0.106173462947
XMTM2MDgzNDU3Mg==	294077	356207	0.0446355189689
XMTM2MTQ2NjAwMA==	153	111	0.0753556324491
XMTM2MTI1NTQ2NA==	136	118	0.0175173010381
XMTM2MDQ3MDI0NA==	2630	865	0.450378782403
XMTM2MTExMzA4NA==	2388	2559	0.00512771142143
XMTM2MTYxMzM5Mg==	187	163	0.0164717321056
XMTM2MTE2NzEyMA==	106	117	0.0107689569242
XMTM2MTIxOTUzMg==	69	81	0.0302457466919
XMTM2MTA1MzUyMA==	4409	2601	0.168157659741
XMTM2MTI4ODc2NA==	1078	857	0.0420288034256
XMTM2MTIzNDQzMg==	9972	4478	0.303537791898
XMTM2MTI4NjcwNA==	338359	70083	0.628648927897
XMTM2MDc0NjQ1Mg==	207	252	0.047258979206
XMTM2MTI0MjA2OA==	37	38	0.00073046018992
XMTM2MTExNjE3Ng==	2705	3130	0.0246855791801
XMTM2MTM4OTY5Ng==	788	859	0.00811828441856
XMTM2MTA2Nzk5Ng==	1516	1040	0.0985860582981
XMTM2MTAxMTA2NA==	15546	8915	0.181936874251
XMTM2MDk3NzkwNA==	290	156	0.213507728894
XMTM2MDk4MzcxNg==	200	105	0.225625
XMTM2MTAzMDMyNA==	84803	107087	0.0690500293036
XMTM2MDk4NjY5Mg==	18146	10041	0.199500608782
XMTM2MTUzODgzMg==	99	115	0.0261197836955
XMTM2MTU5MjY5Ng==	69	56	0.0354967443814
XMTM2MTc0MjQ0NA==	81	30	0.396433470508
XMTM2MTQ0NzI4NA==	43	28	0.121687398594
XMTM2MTEzMzA2MA==	184	98	0.21845463138
XMTM2MTU0NTM0MA==	18223	7748	0.330421511043
XMTM2MTM3ODYxMg==	2216	3651	0.419338068071
XMTM2MTI4OTg0MA==	103	84	0.0340277123197
XMTM1OTgwMjgzNg==	618	507	0.0322603449901
XMTM2MTE5NTQ3Ng==	180004	202895	0.0161720553389
XMTM2MTI3Njk0NA==	46672	47047	6.45579471362e-05
XMTM2MDk0MzQ0OA==	2723	1611	0.166768603411
XMTM2MTE3MTQ0OA==	227	105	0.288847056997
XMTM2MTAyNzgxNg==	522	209	0.359540376683
XMTM2MTI0ODAxMg==	18562	25969	0.159233760871
XMTM2MTExMjAzNg==	738	676	0.00705782125572
XMTM2MTUzNzYyMA==	2872	3180	0.0115009194528
XMTM2MTU3NzM5Mg==	1790	2613	0.211394463344
XMTM2MDkyOTIxNg==	34628	34264	0.000110496354401
XMTM2MDkzOTM0OA==	1267	1533	0.0440767986325
XMTM2MTQzODM1Mg==	151	147	0.000701723608614
XMTM2MTUxMTg5Ng==	143	102	0.0822045087779
XMTM2MDcyNzEzNg==	14435	1540	0.798011438589
XMTM2MTI1OTcxNg==	37	40	0.00657414170928
XMTM2MDMyMTc2NA==	299	58	0.649668348229
XMTM2MTE4NDY5Ng==	3491	3355	0.00151767268963
XMTM2MTU3MDU1Mg==	8494	9796	0.0234961905269
XMTM1ODIzNjMxMg==	97	83	0.0208311191412
XMTM2MTIzNTM5Mg==	181	185	0.000488385580416
XMTM2MTU1MjMyOA==	2521	2610	0.00124633365332
XMTM2MTI0MzQ4MA==	5996	2314	0.377089396044
XMTM2MTU1MzU3Ng==	41	50	0.0481856038073
XMTM2MDgzODk5Mg==	1078	1498	0.151796255692
XMTM2MTEwNjgxNg==	187	179	0.00183019245618
XMTM2MDY5MjgxNg==	373	301	0.0372603842477
XMTM2MTIxMTE4OA==	10253	7311	0.0823347975628
XMTM2MTI2NDMxNg==	7277	419	0.888157958471
XMTM2MTE3OTk5Ng==	1270	1011	0.0415903031806
XMTM2MDU3Mjg1Ng==	1305	721	0.200264822889
XMTM2MTIwMDE3Ng==	370	315	0.0220964207451
XMTM2MDk2MjI5Mg==	776	1100	0.174327771283
XMTM2MDk4OTgwOA==	2109	2394	0.018261504748
XMTM2MDk2MDYwMA==	15175	10934	0.0781050555165
XMTM2MTA3MzA3Ng==	150	84	0.1936
XMTM2MTIyOTIyMA==	269	167	0.14377910753
XMTM2MTQzMjc3Mg==	648	424	0.119493979576
XMTM2MTA1NjUxMg==	74574	67081	0.0100957035249
XMTM2MTQzOTkwNA==	486	460	0.00286202983962
XMTM2MTA5NzQ2MA==	210	175	0.0277777777778
XMTM2MTE0MDc2NA==	69	56	0.0354967443814
XMTM2MTE0Njk0NA==	49092	16774	0.433378639761
XMTM2MTU5NzY5Ng==	1365	695	0.240926350816
XMTM2MDk4MDA5Mg==	9388	4875	0.231091783943
XMTM2MTU1MjgzMg==	16173	9803	0.155130678354
XMTM2MTA1MzY0MA==	46	65	0.170604914934
XMTM2MDU2OTU4NA==	2106	1071	0.241526042808
XMTM2MTUwMTEwNA==	168447	117897	0.0900566439345
XMTM2MTczNzk0NA==	70	66	0.00326530612245
XMTM2MTU2NzEyNA==	53	43	0.0355998576006
XMTM2MTIxODQxMg==	759	866	0.0198739413381
XMTM2MDczMzcxMg==	30	38	0.0711111111111
XMTM2MTE1NTQ5Mg==	657	689	0.00237229786238
XMTM2MTEwODAwNA==	371	191	0.235394976787
XMTM2MTYyOTY5Ng==	67329	79743	0.0339953215784
XMTM2MDg4OTM1Ng==	39	25	0.128862590401
XMTM2MDk5MTIxMg==	13635	10640	0.0482484503187
XMTM2MDg4MzYwOA==	135524	119398	0.0141586187654
XMTM2MTE3ODkyMA==	1756	687	0.370600829697
XMTM2MTIyNzgzMg==	195	228	0.0286390532544
XMTM2MDkwMDM2NA==	19395	17861	0.00625563140637
XMTM2MDk2Nzc1Ng==	81	101	0.0609663161103
XMTM2MTQ2NDgzNg==	1352	920	0.102097265502
XMTM2MTMxMTY0MA==	63569	38589	0.154416643753
XMTM2MDg1NTI0MA==	505	537	0.00401529261837
XMTM2MTUzODA5Ng==	447	466	0.00180672542278
XMTM2MDgxNDQwOA==	989	1081	0.00865332612223
XMTM2MTM5Njk3Mg==	242	130	0.214193019602
XMTM2MDYyNzA3Mg==	385	334	0.017547647158
XMTM2MTAyNzA2OA==	401	448	0.013737476757
XMTM2MTI0MzM2NA==	15319	12925	0.0244223505017
XMTM2MTI2Njc5Mg==	5230	397	0.853945614542
XMTM2MTI2MjczNg==	120	129	0.005625
XMTM2MTUxMzU0OA==	155	90	0.175858480749
XMTM2MTUyMDAzNg==	2048	2898	0.172257423401
XMTM2MTE3MDY1Mg==	284	288	0.000198373338623
XMTM2MTM5MTYzMg==	4600	3855	0.0262299149338
XMTM2MTM3NDE4OA==	971	908	0.0042096175283
XMTM2MTQzMjMyMA==	854	590	0.0955635143066
XMTM2MTQzOTc5Mg==	18	23	0.0771604938272
XMTM2MDgwMzI0NA==	15332	8875	0.177363378018
XMTM2MDkzMzUyNA==	474	157	0.44726183482
XMTM2MTE1MzY0NA==	460	468	0.000302457466919
XMTM2MTIyMzM5Ng==	344	141	0.348237222823
XMTM2MDg3Njg0NA==	326	401	0.0529282246227
XMTM2MDg0Mjk1Ng==	96	73	0.0574001736111
XMTM2MTM0NTI2OA==	207	206	2.33377675092e-05
XMTM2MTA2OTIxNg==	2231106	2218118	3.38878605771e-05
XMTM2MTQ2NDU0NA==	3466	2047	0.167612990292
XMTM2MTM2NDM2OA==	6860	6485	0.00298823194417
XMTM2MTEzNjQxMg==	110	89	0.0364462809917
XMTM2MTE1MDA4MA==	2705	3649	0.121789388447
XMTM2MTUxMTk4MA==	328	331	8.36555621654e-05
XMTM2MTM5ODQ1Mg==	1789	1815	0.000211215611458
XMTM2MTU2NjcwOA==	1790	1609	0.0102247120876
XMTM2MTE0MDQ0OA==	80	66	0.030625
XMTM2MTI3NDg1Mg==	3099	25	0.983930841549
XMTM2MDg1NjQ1Ng==	1773	1949	0.00985389350631
XMTM2MTY5ODMzNg==	933	998	0.00485359378464
XMTM2MTM1MzMyOA==	28955	25030	0.0183752046067
XMTM2MTU4NDgzMg==	418	477	0.0199228497516
XMTM2MDkwMjExNg==	7511	6726	0.0109230466775
XMTM2MTA5ODkzMg==	3979	3886	0.000546283418962
XMTM2MTUxMjYyOA==	5595	5543	8.63786685578e-05
XMTM2MDk5NzU4OA==	12663	11624	0.00673221351517
XMTM2MDM5NDYwNA==	2041	1287	0.136476124792
XMTM2MTQwMTYxNg==	797	751	0.00333118705812
XMTM2MTIxMzk0MA==	60	71	0.0336111111111
XMTM2MTMwMDg2MA==	645	659	0.000471125533321
XMTM2MTQ5OTg0MA==	327	211	0.125840510993
XMTM2MTI4MjYyNA==	291137	266057	0.00742096288024
XMTM2MDk5Nzk0NA==	5589	4968	0.0123456790123
XMTM2MDk1ODMyOA==	557	355	0.13152016606
XMTM2MTIyMjU1Ng==	6608	6943	0.00257009718208
XMTM2MDk4Mzc1Ng==	395	231	0.172382630989
XMTM2MDg3NzU0OA==	451	358	0.0425219148382
XMTM2MTQ3OTI5Mg==	1156	1255	0.00733423330659
XMTM2MTIwMTI4OA==	1046	607	0.176143114624
XMTM2MTMxNzgxMg==	5060	4916	0.000809886109766
XMTM2MDg1NzYxNg==	453	329	0.074928487542
XMTM2MDkzMjc2NA==	219	88	0.357811555222
XMTM2MTM0NzM1Ng==	175	227	0.088293877551
XMTM2MTM3NTI2MA==	181	206	0.019077561735
XMTM2MTE3OTgwNA==	190	237	0.0611911357341
XMTM2MTczMDYyOA==	3038	910	0.490645373654
XMTM2MTMzODg1Mg==	912	512	0.192366882118
XMTM2MTM3NTc2OA==	137	133	0.000852469497576
XMTM2MTQ1MzMyOA==	28274	34095	0.0423858299323
XMTM2MTI3ODIwNA==	2720	50	0.963573205017
XMTM2MTA1ODE1Ng==	21358	18066	0.0237573769605
XMTM2MTA5MjQ2MA==	756	294	0.373456790123
XMTM2MTAxMTc4OA==	354	305	0.0191595646206
XMTM2MTUxNTgyOA==	680	427	0.138427768166
XMTM2MTQxMjY2NA==	2828	1324	0.2828374169
XMTM2MTIwNDY5Mg==	21066	17864	0.0231035382155
XMTM2MTMyOTkwNA==	5122	5392	0.00277874298968
XMTM2MTA1Mzk5Mg==	1156	964	0.0275858766059
XMTM2MTE2MDI5Mg==	214	120	0.192942615076
XMTM2MTMzNzM0NA==	923	1050	0.0189323288678
XMTM2MTIyNjgyNA==	223	125	0.193126746969
XMTM2MTAwMDU4MA==	404	387	0.00177065973924
XMTM2MTIzMjgwNA==	14127	10460	0.0673785917271
XMTM2MTAwMzUxMg==	8245	8790	0.00436929818722
XMTM2MTU3ODM0NA==	5333	5911	0.0117466089052
XMTM2MTQwNjAyOA==	61530	49214	0.0400650353522
XMTM2MDczMDgyMA==	20340	23283	0.0209352729266
XMTM2MTE4NzQyOA==	75	88	0.0300444444444
XMTM2MTUxNjY0NA==	12097	10311	0.0217975432379
XMTM2MDY3ODU2NA==	115	66	0.181550094518
XMTM2MTQyODYxNg==	290	110	0.385255648038
XMTM2MDg3MTk3Ng==	152	97	0.130929709141
XMTM2MTM1ODg3Ng==	63	87	0.145124716553
XMTM2MTQzODc1Ng==	223	111	0.252247179714
XMTM2MTcwMjczMg==	4679	4296	0.00670025694466
XMTM2MDk1Mzc0MA==	669	364	0.207848762515
XMTM2MTYyNTA3Mg==	19348	15019	0.0500614026997
XMTM2MTY0MjM5Mg==	175	238	0.1296
XMTM2MTM5NzYzNg==	41466	42428	0.000538227467396
XMTM2MTAzMTA5Mg==	35	30	0.0204081632653
XMTM2MDg5MjIyOA==	466	382	0.0324927701744
XMTM2MTYxODI3Ng==	52	33	0.13350591716
XMTM2MDkxNjQwNA==	18	25	0.151234567901
XMTM2MDk0NDQxMg==	9422	1853	0.645343307626
XMTM2MTExNzM3Ng==	263	212	0.0376035507236
XMTM2MDkzMzM0NA==	518	486	0.00381628180856
XMTM2MTE3MzMzNg==	32	39	0.0478515625
XMTM2MTA4MTExMg==	18	25	0.151234567901
XMTM2MDQ4NjE1Mg==	76	98	0.0837950138504
XMTM2MTIwMTEwOA==	2262	1974	0.0162106255585
XMTM2MTMyMTYzNg==	91049	96759	0.00393298106892
XMTM2MDk2MjkyMA==	126	53	0.335663895188
XMTM2MDc1NjMxMg==	41	46	0.0148720999405
XMTM2MTE3MDM4MA==	5464	4845	0.0128339374026
XMTM2MTAwMDg3Ng==	339	299	0.0139226077044
XMTM2MTAzMzM4MA==	20	34	0.49
XMTM2MDk2NzAxNg==	9023	2404	0.538124601814
XMTM2MTEyNjEyNA==	131	147	0.0149175455976
XMTM2MTY1ODY5Mg==	109	127	0.0272704317818
XMTM2MTQxMzg0MA==	200	222	0.0121
XMTM2MTExMzAzNg==	16309	12145	0.0651878678135
XMTM2MTY3NTU1Mg==	2299	2057	0.01108033241
XMTM2MDkwNDM5Ng==	145	101	0.0920808561237
XMTM2MTM4NjkxNg==	23642	5447	0.592291764227
XMTM2MTU4NTY0OA==	1393	1419	0.000348372979656
XMTM2MTMzNDgyOA==	1366	1252	0.00696479445389
XMTM2MTQ0MjY5Ng==	81	49	0.156073769242
XMTM2MDk5MzI3Ng==	4628	2696	0.174271971219
XMTM2MTA2NTczMg==	679	631	0.00499738634959
XMTM2MTA2MDIwMA==	40900	24271	0.165304870846
XMTM2MTMxOTI4OA==	48665	60253	0.0567000598926
XMTM2MTMwOTY2NA==	142	152	0.00495933346558
XMTM2MDg1MTg4MA==	71	95	0.114263043047
XMTM2MTE3MjYyOA==	1653	924	0.1944954068
XMTM2MTU5NjczMg==	29	37	0.0760998810939
XMTM2MTMyNDM4OA==	654	372	0.185927110513
XMTM2MTU4MTA2MA==	118	118	0.0
XMTM2MDk2NTU3Ng==	1678	1403	0.0268584826991
XMTM2MTI0MjgwOA==	5064	7034	0.151336978305
XMTM2MDc0MzU0NA==	10422	11310	0.00725978558046
XMTM2MDg2NDQ1Mg==	5908	7277	0.0536940203408
XMTM2MTA2ODU2MA==	256	293	0.0208892822266
XMTM2MTIzMzY2OA==	30705	37960	0.0558285862219
XMTM2MTUzMDYyOA==	25	31	0.0576
XMTM2MTUwNzg4MA==	3742	1360	0.405206075116
XMTM2MTEwMTYwMA==	7283	6239	0.0205485119562
XMTM2MTU2NTc1Ng==	80	82	0.000625
XMTM1ODk3MjkzNg==	86	74	0.019469983775
XMTM2MDgzMzQ1Mg==	38955	17408	0.305947709346
XMTM2MTMxNTU1Mg==	786	563	0.0804942084442
XMTM2MDg5NzQ0OA==	176	207	0.031024018595
XMTM2MTA5ODYwMA==	147	144	0.000416493127863
XMTM2MTI4NDg1Ng==	117501	143742	0.0498743946015
XMTM2MTI4OTQ4MA==	530	193	0.404304022784
XMTM2MDk3MDQ0MA==	41	25	0.152290303391
XMTM2MTYxMzE0MA==	20286	12024	0.165873702592
XMTM2MTIwMzI3Ng==	1848065	2131201	0.0234723028671
XMTM2MDc2MjE0OA==	106	63	0.164560341759
XMTM2MDg3NDMwNA==	579	391	0.105428631939
XMTM2MTIyOTc1Ng==	2855	3593	0.0668190810358
XMTM2MTYwNDM0OA==	139	33	0.581543398375
XMTM2MTQ3OTQ2NA==	1420	1114	0.0464372148383
XMTM2MTE0ODc2OA==	417	504	0.0435277677139
XMTM2MTQxNDQxMg==	135	176	0.0922359396433
XMTM2MTEzMzMzNg==	1659	792	0.273114918135
XMTM2MDg3NzIwMA==	3006	3265	0.00742371987008
XMTM2MTI3Mjk1Mg==	3528	25	0.985877878173
XMTM2MTU3NjY2OA==	340	401	0.0321885813149
XMTM2MTQ5MTk0OA==	93	115	0.0559602266158
XMTM2MTE5MTA4MA==	1772	836	0.27901288669
XMTM2MDkyMDU4MA==	3776	4393	0.0266996984748
XMTM2MTU3NDA4OA==	1072	1378	0.0814804243707
XMTM2MTY5MDA5Mg==	27	43	0.351165980796
XMTM2MTIzNDAwOA==	134	129	0.00139229226999
XMTM2MTUyNTk5Ng==	327	396	0.0445248716438
XMTM2MDk1MDI2OA==	165	195	0.0330578512397
XMTM2MTE3Nzc3Ng==	1076	591	0.203169697765
XMTM2MTIxNDExNg==	75	90	0.04
XMTM2MTU5NzE2OA==	318	457	0.191062457972
XMTM2MTI1MTk4NA==	20	22	0.01
XMTM2MTEyMjM2OA==	52	70	0.119822485207
XMTM2MTQ0Njg4NA==	59	46	0.0485492674519
XMTM2MDgzOTA3Mg==	305	333	0.00842784197796
XMTM2MTQ5MjU1Mg==	2634	2057	0.0479866116188
XMTM2MTMzNTQwMA==	5163	6571	0.0743705613427
XMTM2MDg0MTgwNA==	82	65	0.0429803688281
XMTM2MTU0ODA3Ng==	14538	2150	0.726094361632
XMTM2MTM4NDU4OA==	82	49	0.161957168352
XMTM2MTIwODg5Mg==	12743	12426	0.00061883541283
XMTM2MTMyNjM4OA==	2225	1231	0.199578033077
XMTM2MTM0ODAyOA==	9648	5558	0.179709909889
XMTM2MTM3NTA2NA==	1154	1150	1.20145736779e-05
XMTM2MTA5MDE2OA==	53	61	0.0227839088644
XMTM2MTU0NDI4NA==	325	246	0.0590863905325
XMTM2MTQ4MzUxNg==	1511	1947	0.0832614653363
XMTM2MDgyMzk0OA==	75	90	0.04
XMTM2MDgxODgyNA==	5401	6848	0.0717775627759
XMTM2MDg0MjI1Ng==	605	499	0.0306973567379
XMTM2MDczNDA0OA==	923	230	0.563719511837
XMTM2MTEwNjEwMA==	545	658	0.0429896473361
XMTM2MTI1OTczMg==	124	123	6.50364203954e-05
XMTM2MTIwNjgwMA==	25	27	0.0064
XMTM2MTE0MTgxMg==	2635	1929	0.0717873898657
XMTM2MDkwNTY5Mg==	135	90	0.111111111111
XMTM2MTEzOTQzNg==	186	66	0.416233090531
XMTM2MTEwNTUyOA==	182	180	0.000120758362517
XMTM2MTE2OTU0MA==	114	89	0.0480917205294
XMTM2MTM5ODU1Ng==	954	1251	0.0969206123176
XMTM2MDg0OTQ5Ng==	168	159	0.00286989795918
XMTM2MDg1OTI4OA==	115	112	0.000680529300567
XMTM2MTQ5ODA4MA==	20886	11148	0.217384709426
XMTM2MDk3MjYwNA==	61	27	0.310669174953
XMTM2MDg0MTIzMg==	2799	1508	0.212738791389
XMTM2MDg1NjAyNA==	643	636	0.00011851522195
XMTM2MTA5NzE4OA==	186	141	0.0585327783559
XMTM2MTUzMzU4NA==	34857	27280	0.0472513870537
XMTM2MTIxNDg0NA==	122	137	0.015116904058
XMTM2MTU3OTkwMA==	293	306	0.00196857272653
XMTM2MTUyNjc0MA==	2616	2019	0.0520802647084
XMTM2MTcxNzM3Ng==	17935	13359	0.0650982433623
XMTM2MTM0OTQxMg==	167	198	0.0344580300477
XMTM2MTYzOTUyMA==	1701	1650	0.000898942109994
XMTM2MDk4NTIwOA==	17878	9789	0.204716008382
XMTM2MTM4NDQ4MA==	83469	55062	0.115824470002
XMTM2MDk5NDgxMg==	48	23	0.271267361111
XMTM2MDkwMDI4MA==	430	257	0.161865873445
XMTM2MTQxOTg0MA==	390	435	0.0133136094675
XMTM2MDk4NDIyOA==	2249	737	0.451985675764
XMTM2MTM3Nzk4NA==	92	112	0.047258979206
XMTM2MTEzMzYzNg==	87	55	0.1352886775
XMTM2MDc5NDY0OA==	373	403	0.00646881670967
XMTM2MTQ4NjcwMA==	67006	51306	0.0548999461944
XMTM2MTYxMzQ2OA==	140	151	0.00617346938776
XMTM2MTA4Nzg2OA==	300	155	0.233611111111
XMTM2MTQ2MTk1Mg==	230	142	0.146389413989
XMTM2MTMzNzYyNA==	2094	1442	0.096948665811
XMTM2MDgwMzA3Ng==	137	175	0.0769353721562
XMTM2MTIzNDgyOA==	136365	159255	0.0281764160689
XMTM2MTAyMzc4MA==	120	156	0.09
XMTM2MTA5MTY3Ng==	136	144	0.00346020761246
XMTM2MDk3MjAwMA==	78	25	0.461702827087
XMTM2MTI5Nzg5Ng==	385	325	0.0242874009108
XMTM2MTQzNTgxMg==	223	249	0.0135936777333
XMTM2MTUxOTU1Ng==	670	704	0.00257518378258
XMTM2MTAwNjM3Mg==	3165	3058	0.00114293130083
XMTM2MTUzODExNg==	140	166	0.0344897959184
XMTM2MDgyOTczMg==	8799	3498	0.362951815457
XMTM2MDk4NTY5Ng==	2999	3503	0.0282428254122
XMTI4NzE4MTk2OA==	1339	474	0.417321789415
XMTI4Nzc3NTg4NA==	9686	10916	0.016125800902
XMTI4Nzc5MjYwOA==	5610	3374	0.158861213583
XMTI4NzcxOTkzNg==	583	547	0.00381300954135
XMTI4Nzg0ODM4MA==	415408	470437	0.0175482385504
XMTI4Nzg2MDUzMg==	123	92	0.0635203913015
XMTI4Nzk0MTE5Mg==	521	305	0.171882655899
XMTI4Nzk2MzEyMA==	101	105	0.00156847367905
XMTI4Nzk2OTM0NA==	11474	15834	0.144392051704
XMTI4Nzk3MjEwMA==	136	133	0.000486591695502
XMTI4Nzk3NDU0NA==	199	92	0.289108860887
XMTI4Nzk3NjE0OA==	85	53	0.141730103806
XMTI4Nzk3NzE2NA==	330882	320732	0.00094099171609
XMTI4Nzk4NDM5Mg==	98	117	0.0375885047897
XMTI4Nzk4NTI2NA==	2987	3388	0.0180226355273
XMTI4Nzk4NTY3Mg==	5948	5632	0.00282248891876
XMTI4Nzk4NjQ3Mg==	219	283	0.0854027230458
XMTI4Nzk4ODI3Ng==	49	33	0.106622240733
XMTI4Nzk4OTU2MA==	404	450	0.0129644152534
XMTI4Nzk5MDA0MA==	143	168	0.0305638417527
XMTI4Nzk5NDEyNA==	546	478	0.0155107407855
XMTI4Nzk5NDU4MA==	80922	49750	0.148387090457
XMTI4Nzk5Njk1Mg==	323	149	0.29019735644
XMTI4Nzk5NzAwOA==	38496	36875	0.0017731064857
XMTI4Nzk5OTc4MA==	13457	4917	0.402734872594
XMTI4Nzk5OTgwMA==	21880	10066	0.291540770832
XMTI4NzkxNjA3Ng==	431	277	0.127669424691
XMTI4NzkyOTEzMg==	5524	3521	0.131478444924
XMTI4ODA0MzM3Ng==	4720	836	0.677133725941
XMTI4ODA0MzkzNg==	24	21	0.015625
XMTI4ODA0NzI1Mg==	1010	822	0.0346475835702
XMTI4ODA0OTA4MA==	8842	11521	0.0918003646003
XMTI4ODA1MTE3Mg==	2493	1611	0.125167798355
XMTI4ODA1MTE5Ng==	4410	2590	0.170319979844
XMTI4ODA1MjQ4NA==	2092	2744	0.097134124718
XMTI4ODA1MzA3Ng==	1082	1407	0.0902219481278
XMTI4ODA1MzkyOA==	96	93	0.0009765625
XMTI4ODA1NDE0OA==	77	51	0.114015854276
XMTI4ODA1NTQyNA==	778	1009	0.0881586164511
XMTI4ODA1NjM5Mg==	668	808	0.0439241277923
XMTI4ODA1Njc4NA==	606	772	0.0750362164929
XMTI4ODA1OTMyMA==	1707	2138	0.0637510728936
XMTI4ODA2NjQwOA==	1405	1632	0.026103519459
XMTI4ODA2OTUwMA==	54	70	0.0877914951989
XMTI4ODA3MTUyOA==	7030	5345	0.057449884563
XMTI4ODA3MjU4NA==	5475	6222	0.0186154250328
XMTI4ODA3NDY0MA==	390	239	0.149907955293
XMTI4ODA3NjUzNg==	414	327	0.0441608905692
XMTI4ODA3Nzk5Ng==	92	94	0.00047258979206
XMTI4ODA3OTI2MA==	76	33	0.320117728532
XMTI4ODA4MTQ1Ng==	234	38	0.701585214406
XMTI4ODA4MzMzMg==	550	287	0.22865785124
XMTI4ODA4NTk3Ng==	14081	9524	0.104734812652
XMTI4ODA4ODQyNA==	35700	27447	0.0534425605536
XMTI4ODA4ODkyMA==	692	590	0.0217264191921
XMTI4ODA5MTM5Ng==	88048	115249	0.0954400701696
XMTI4ODAwMTc2MA==	148	124	0.0262965668371
XMTI4ODAwMjIyOA==	645	324	0.247679826933
XMTI4ODAwMjY4MA==	302	22	0.859611420552
XMTI4ODAwNDY1Mg==	12932	12296	0.00241870464929
XMTI4ODAwNTg2MA==	166	373	1.55497895195
XMTI4ODAwNjg0OA==	378	166	0.314548864813
XMTI4ODAwOTIzMg==	146	78	0.21692625258
XMTI4ODAxNDA0MA==	30	33	0.01
XMTI4ODAxNDU4MA==	544	81	0.724376216479
XMTI4ODAxNTEyNA==	732	803	0.00940793992057
XMTI4ODAxNTY5Mg==	179	72	0.357323429356
XMTI4ODAxNjE2MA==	444	143	0.459586275465
XMTI4ODAxNjQ3Mg==	3825	3681	0.00141730103806
XMTI4ODAxNzAwOA==	61	24	0.367911851653
XMTI4ODAxNzQyOA==	1680	1582	0.00340277777778
XMTI4ODAyMTYyNA==	274	321	0.0294235175023
XMTI4ODAyNDYwOA==	363	208	0.182326647391
XMTI4ODAyNTEwMA==	16	21	0.09765625
XMTI4ODAyNTU0OA==	391	228	0.17378876381
XMTI4ODAyNjA5Ng==	3412	3387	5.36861143829e-05
XMTI4ODAyNzYwMA==	64	37	0.177978515625
XMTI4ODAzMDY0OA==	97798	76983	0.0452994452559
XMTI4ODAzNjU0NA==	222	98	0.311987663339
XMTI4ODAzNjc0MA==	523	421	0.038036186291
XMTI4ODAzOTQzNg==	16491	11990	0.074494471346
XMTI4ODE0MDczMg==	427	506	0.0342293326898
XMTI4ODE0MjQ3Mg==	8706	2507	0.506997650857
XMTI4ODE0MjU5Mg==	215	186	0.018193618172
XMTI4ODE0MzE1Ng==	20858	13928	0.110387816503
XMTI4ODE0NDk3Mg==	141	59	0.338212363563
XMTI4ODE0NjgwMA==	2106	1789	0.0226569679719
XMTI4ODE0NzMyNA==	53	44	0.0288358846565
XMTI4ODE0OTU2NA==	159	72	0.299394802421
XMTI4ODE0OTUzNg==	701	427	0.152779501873
XMTI4ODE0OTc4NA==	17453	5965	0.433260080854
XMTI4ODE1MDAxMg==	16	20	0.0625
XMTI4ODE1MjA2MA==	62	60	0.00104058272633
XMTI4ODE1NTE3Mg==	1154	843	0.0726288487936
XMTI4ODE1NTkxNg==	504556	717826	0.178665536523
XMTI4ODE1NzUwMA==	278	163	0.17112209513
XMTI4ODE1OTg0MA==	124	164	0.104058272633
XMTI4ODE2MTIzMg==	57	42	0.0692520775623
XMTI4ODE2MTU1Mg==	5917	8015	0.125721000686
XMTI4ODE2MjY2OA==	6941	7116	0.00063567042868
XMTI4ODE2NjYyNA==	914	753	0.031028398508
XMTI4ODE2ODIwOA==	73667	90682	0.0533479749625
XMTI4ODE3MTAwNA==	391	299	0.0553633217993
XMTI4ODE3MjExNg==	32	27	0.0244140625
XMTI4ODE3MzI4OA==	130	73	0.19224852071
XMTI4ODE3MzY0OA==	136	172	0.0700692041522
XMTI4ODE3MzgzNg==	143	96	0.108024842291
XMTI4ODE3NjEwNA==	880	620	0.0872933884298
XMTI4ODE3Nzc1Mg==	94	68	0.0765052059756
XMTI4ODE3OTQzNg==	459	442	0.00137174211248
XMTI4ODE4MDQyOA==	643	335	0.229445469695
XMTI4ODE4MTkwMA==	906	970	0.00499003455014
XMTI4ODE4Mjk4NA==	238	92	0.376315231975
XMTI4ODE4NTQ2MA==	156287	139531	0.0114946299333
XMTI4ODE4NzQ3Mg==	21541	12211	0.187599452268
XMTI4ODE4OTE5Ng==	11848	5406	0.295631937697
XMTI4ODE5MDEwNA==	433	302	0.0915307031346
XMTI4ODE5MTEzMg==	11544	2513	0.612010746854
XMTI4ODE5MTMwMA==	687	671	0.000542408505643
XMTI4ODE5MzE4MA==	2418	2134	0.0137950756697
XMTI4ODE5NDYyMA==	1634	868	0.219762423051
XMTI4ODE5NzA2NA==	102	87	0.0216262975779
XMTI4ODE5OTg4NA==	88693	78505	0.0131946897398
XMTI4ODEwNDE0MA==	8843	7404	0.0264802656629
XMTI4ODEwNDgxMg==	100	80	0.04
XMTI4ODEwNTEyNA==	2712	2094	0.0519275197745
XMTI4ODEwNTI0MA==	32735	35060	0.00504453597956
XMTI4ODEwNTg4OA==	86	85	0.00013520822066
XMTI4ODEwOTc4OA==	256	241	0.00343322753906
XMTI4ODExMDA4NA==	1209	1198	8.27814003192e-05
XMTI4ODExMTQwNA==	79475	42745	0.213589934971
XMTI4ODExMTkyOA==	108	88	0.0342935528121
XMTI4ODExMjI3Ng==	58	69	0.0359690844233
XMTI4ODExMzc0OA==	16	33	1.12890625
XMTI4ODExNDkxNg==	1308	1476	0.016496927868
XMTI4ODExNTIwNA==	98317	117696	0.0388512940722
XMTI4ODExNzU4MA==	350	345	0.000204081632653
XMTI4ODExODQyNA==	5923	1405	0.58184725247
XMTI4ODEyMTI4NA==	359	221	0.147764216603
XMTI4ODEyMzI4NA==	1411	2094	0.23430814181
XMTI4ODEyMzM2NA==	349	332	0.00237272271985
XMTI4ODEyNDE2NA==	7742	9825	0.0723889381134
XMTI4ODEyODUyOA==	41	43	0.00237953599048
XMTI4ODEzMDMzMg==	774	498	0.127155819963
XMTI4ODEzMDQzMg==	712	782	0.00966576189875
XMTI4ODEzMTE0OA==	342	473	0.146720358401
XMTI4ODEzMTYzNg==	3683	1912	0.231224412508
XMTI4ODEzMjcwMA==	88	174	0.955061983471
XMTI4ODEzMzcwOA==	2559	1761	0.0972445365574
XMTI4ODEzNDU5Ng==	24613	21640	0.0145901821894
XMTI4ODEzNjI3Ng==	26245	32102	0.0498032052191
XMTI4ODEzNjg0OA==	15874	12627	0.0418400143984
XMTI4ODEzNzEyNA==	34127	34351	4.30823923733e-05
XMTI4ODEzOTE2OA==	6668	3822	0.182170734419
XMTI4ODEzOTUzNg==	12141	16036	0.102921475996
XMTI4ODI0MjI4MA==	11750	6304	0.214822388411
XMTI4ODI0MjQxMg==	322	407	0.0696828826048
XMTI4ODI0MzA5Mg==	487	590	0.0447318157095
XMTI4ODI0NDUyMA==	616	441	0.0807076446281
XMTI4ODI0NTM2NA==	214	95	0.309219145777
XMTI4ODI1MDE5Mg==	60	72	0.04
XMTI4ODI1MTAwOA==	209	141	0.105858382363
XMTI4ODI1MjM5Mg==	1061	1228	0.02477434462
XMTI4ODI1Mzg5Ng==	10642	4019	0.387313826515
XMTI4ODI1NDI2NA==	237	211	0.0120351083338
XMTI4ODI2MDcwOA==	2774	1678	0.156101902047
XMTI4ODI2MTI0NA==	521	563	0.00649864979867
XMTI4ODI2MjQ2MA==	41	52	0.0719809637121
XMTI4ODI2Mjc1Mg==	59	63	0.00459638035047
XMTI4ODI2NTU1Mg==	46	21	0.295368620038
XMTI4ODI2NTU4MA==	71	50	0.0874826423329
XMTI4ODI2NTc0OA==	6061	4840	0.0405828702804
XMTI4ODI2Nzc3Ng==	328	245	0.0640336853064
XMTI4ODI2ODg4NA==	111	115	0.00129859589319
XMTI4ODI3MDQ4NA==	98	116	0.0337359433569
XMTI4ODI3MTA0OA==	272	310	0.019517733564
XMTI4ODI3Mjk3Mg==	426973	258184	0.156274261247
XMTI4ODI3NDE0OA==	5735	1472	0.552540124003
XMTI4ODI3NDEyOA==	353	461	0.0936047958013
XMTI4ODI3NDg0OA==	80	94	0.030625
XMTI4ODI3NTE4OA==	1403	1196	0.0217683418436
XMTI4ODI3NjU2NA==	63	59	0.00403124212648
XMTI4ODI3Nzc2NA==	260	349	0.117174556213
XMTI4ODI3OTkwOA==	852	322	0.386965769578
XMTI4ODI4NDUzNg==	80	93	0.02640625
XMTI4ODI4NjA1Mg==	3713	1480	0.361682543097
XMTI4ODI4NzAzNg==	67	75	0.0142570728447
XMTI4ODI4NzgwNA==	15126	12944	0.0208094834716
XMTI4ODI4ODQ1Ng==	5681	3888	0.0996118487709
XMTI4ODI4ODY0MA==	4039	2318	0.181557433248
XMTI4ODI4OTIxNg==	1325	898	0.103854182983
XMTI4ODI5MzAxMg==	3696	794	0.616496891456
XMTI4ODI5Mzc2OA==	2940	1105	0.389562797908
XMTI4ODI5NDQwOA==	131	71	0.209777984966
XMTI4ODI5NDcwMA==	107	121	0.0171193990742
XMTI4ODI5NTIxNg==	93	45	0.26638917794
XMTI4ODI5NjM2MA==	16147	11634	0.0781172554477
XMTI4ODI5Nzk3Ng==	102	80	0.0465205690119
XMTI4ODI5OTA1Mg==	25262	15107	0.161593688392
XMTI4ODI5OTM2MA==	4869	6648	0.133497258487
XMTI4ODIwMDk1Mg==	432	321	0.0660204475309
XMTI4ODIwMjE4NA==	1985	1395	0.0883452087127
XMTI4ODIwNjQwNA==	719	478	0.112350834976
XMTI4ODIwNzYyNA==	14724	13729	0.00456661652556
XMTI4ODIwODQ0NA==	62	46	0.0665972944849
XMTI4ODIwOTExMg==	1469	652	0.309314672508
XMTI4ODIxMzI1Mg==	221	134	0.154972256915
XMTI4ODIxNTY0NA==	61	65	0.00429991937651
XMTI4ODIxNjYyNA==	82190	106469	0.0872616919293
XMTI4ODIxOTkxMg==	60	72	0.04
XMTI4ODIyMjEyOA==	82	57	0.0929506246282
XMTI4ODIyMzQ3Mg==	317	367	0.0248783448935
XMTI4ODIyMzkyMA==	109	179	0.412423196701
XMTI4ODIyNDI4MA==	251	90	0.411437913684
XMTI4ODIyNTYwNA==	4521	5284	0.0284826282676
XMTI4ODIyNjA1Ng==	2236	2387	0.00456047727702
XMTI4ODIyNjcyMA==	35	30	0.0204081632653
XMTI4ODIyNjgwNA==	1314	837	0.131778945393
XMTI4ODIyODk2NA==	32	38	0.03515625
XMTI4ODIzMDYwOA==	871	839	0.00134978204447
XMTI4ODIzMjQ2NA==	135	126	0.00444444444444
XMTI4ODIzNzcwNA==	86	71	0.0304218496485
XMTI4ODM0MTAwOA==	500	562	0.015376
XMTI4ODM0MTk4NA==	402	372	0.00556916907997
XMTI4ODM0NDQ2NA==	1067	726	0.102136252524
XMTI4ODM0NTUwMA==	125	270	1.3456
XMTI4ODM0NjM2OA==	107	81	0.0590444580313
XMTI4ODM1MTU0NA==	950	416	0.31596232687
XMTI4ODM1NTI0MA==	1280	727	0.186651000977
XMTI4ODM1NTc2NA==	1230	1192	0.000954458325071
XMTI4ODM1ODAwNA==	50231	33476	0.111261578206
XMTI4ODM1OTg1Mg==	2020	1261	0.14118248211
XMTI4ODM2NDg4NA==	2346	2338	1.16285069942e-05
XMTI4ODM2ODI1Mg==	446	163	0.402627239639
XMTI4ODM2ODYyOA==	17309	16101	0.0048706835331
XMTI4ODM2ODc5Mg==	102	120	0.0311418685121
XMTI4ODM2ODk5Mg==	46	71	0.295368620038
XMTI4ODM2OTE4OA==	121	138	0.0197390888601
XMTI4ODM3MDE0NA==	370	405	0.00894813732652
XMTI4ODM3MTI4NA==	827	810	0.000422558481948
XMTI4ODM3MzUzNg==	67	55	0.0320784139006
XMTI4ODM3NTc0NA==	288	376	0.0933641975309
XMTI4ODM3OTYxMg==	362	123	0.435891761546
XMTI4ODM4MDcwNA==	2952	658	0.603884831192
XMTI4ODM4MzIyNA==	95	62	0.120664819945
XMTI4ODM4NTAyOA==	1121	681	0.154061502052
XMTI4ODM4Nzc1Mg==	1034	547	0.221828245831
XMTI4ODM5MTI1Ng==	201	255	0.0721764312765
XMTI4ODM5MTY3Mg==	626	554	0.0132286743766
XMTI4ODM5MjA3Mg==	1178	1513	0.0808721582147
XMTI4ODM5MzE3Mg==	953	1217	0.0767400455182
XMTI4ODM5NDMwNA==	66	58	0.0146923783287
XMTI4ODM5NTY3Mg==	471	382	0.0357057532196
XMTI4ODM5ODU3Mg==	257	207	0.0378506866115
XMTI4ODMwMDkxNg==	17617	12356	0.0891810733226
XMTI4ODMwMjE4MA==	18964	19939	0.00264331754199
XMTI4ODMwMzUyNA==	91	60	0.116048786378
XMTI4ODMwMzk0OA==	30	26	0.0177777777778
XMTI4ODMwNTE2OA==	17830	24098	0.123582019881
XMTI4ODMwNjc5Mg==	3748	4331	0.0241956862942
XMTI4ODMwNzE2OA==	3407	1625	0.273571676745
XMTI4ODMwODgyMA==	291	356	0.0498931283287
XMTI4ODMwOTk1Ng==	57	66	0.0249307479224
XMTI4ODMxMDEzNg==	568	753	0.106083242412
XMTI4ODMxMDM1Ng==	32	30	0.00390625
XMTI4ODMxMTUwMA==	573	703	0.0514727605542
XMTI4ODMxNDI2MA==	294	335	0.0194479152205
XMTI4ODMxNTA2OA==	6741	4067	0.157352682697
XMTI4ODMxNTk0MA==	2218	1308	0.168329293647
XMTI4ODMxNjExNg==	194	97	0.25
XMTI4ODMxNjMyOA==	11116	9100	0.0328915226922
XMTI4ODMxNjg1Ng==	1505	403	0.536154788578
XMTI4ODMxNzM0OA==	119	82	0.0966739637031
XMTI4ODMxODAyNA==	223	202	0.00886806491182
XMTI4ODMxODI2OA==	385232	225628	0.17164961437
XMTI4ODMxODMwNA==	127	100	0.0451980903962
XMTI4ODMxODc2NA==	1471	1502	0.000444117659292
XMTI4ODMxOTk2NA==	44	45	0.00051652892562
XMTI4ODMyMDM1Ng==	91	32	0.42035985992
XMTI4ODMyMDYzNg==	866	246	0.51256340372
XMTI4ODMyMTQ0MA==	199	223	0.0145450872453
XMTI4ODMyMzQ4MA==	59	36	0.151967825338
XMTI4ODMyNTA0OA==	1208	1256	0.00157887811938
XMTI4ODMyNTUwOA==	15611	7916	0.242971760734
XMTI4ODMyNjM1Ng==	194	261	0.119274099267
XMTI4ODMyNzA5Ng==	620	718	0.0249843912591
XMTI4ODMyNzU0OA==	33	45	0.132231404959
XMTI4ODMyOTg1Mg==	5459	6517	0.0375616919627
XMTI4ODMzMDQ3Mg==	21113	17784	0.024861521008
XMTI4ODMzMDUyMA==	180069	117403	0.12111168411
XMTI4ODMzMTA5Ng==	345	347	3.36063852132e-05
XMTI4ODMzMjU5Mg==	229	222	0.0009343834023
XMTI4ODMzMzE1Mg==	32	27	0.0244140625
XMTI4ODMzNDU1Mg==	1459	98	0.870173125987
XMTI4ODMzNzkxMg==	4784	2420	0.24418141296
XMTI4ODMzOTkzMg==	1105	1240	0.0149259843165
XMTI4ODQ0MDA5Mg==	2460	863	0.421443750413
XMTI4ODQ0MDM3Mg==	2514	3662	0.208522647082
XMTI4ODQ0MTMzNg==	86	71	0.0304218496485
XMTI4ODQ0Mjc2OA==	666	589	0.0133669705742
XMTI4ODQ0Mzc5Mg==	4661	2742	0.169508602586
XMTI4ODQ0NDg4NA==	29	39	0.118906064209
XMTI4ODQ0NTMwNA==	1455	1411	0.000914490853911
XMTI4ODQ0NjUyNA==	117	49	0.337789465995
XMTI4ODQ0ODcxMg==	215	54	0.560757166036
XMTI4ODQ1MjE2OA==	88	99	0.015625
XMTI4ODQ1MjUzMg==	695	561	0.0371740593137
XMTI4ODQ1MzU3Mg==	2106	1644	0.0481246093782
XMTI4ODQ1ODUwOA==	110	137	0.0602479338843
XMTI4ODQ1ODgwNA==	19	21	0.01108033241
XMTI4ODQ2MTg3Ng==	85	51	0.16
XMTI4ODQ2MzY2OA==	909	1067	0.0302124821943
XMTI4ODQ2NTIzMg==	208	170	0.0333764792899
XMTI4ODQ2NTc2NA==	2466	1638	0.112739091054
XMTI4ODQ2ODI3Mg==	254	277	0.00819951639903
XMTI4ODQ2ODkxNg==	30	27	0.01
XMTI4ODQ3MDE5Mg==	3018	3918	0.088929642819
XMTI4ODQ3MzgyNA==	1836	2035	0.0117479150944
XMTI4ODQ3NDU4OA==	71	30	0.333465582226
XMTI4ODQ3NDc5Ng==	117	33	0.515450361604
XMTI4ODQ3NjI3Ng==	319	272	0.0217077269288
XMTI4ODQ3ODIwMA==	156	145	0.00497205785667
XMTI4ODQ3ODgyOA==	103338	117653	0.0191894532444
XMTI4ODQ4Mjk2OA==	1230	767	0.141694097429
XMTI4ODQ4NTE5Ng==	671	519	0.051314740328
XMTI4ODQ4NTQyNA==	5094	5501	0.00638367747979
XMTI4ODQ4NTYyOA==	202	209	0.00120086266052
XMTI4ODQ4Njk4MA==	104	62	0.163091715976
XMTI4ODQ4NzYwNA==	413	508	0.0529111386008
XMTI4ODQ4Nzc5Mg==	1086	1437	0.104461097036
XMTI4ODQ4NzczMg==	38	49	0.0837950138504
XMTI4ODQ4ODk1Mg==	18	21	0.0277777777778
XMTI4ODQ5MzY4OA==	109	101	0.00538675195691
XMTI4ODQ5NDA4NA==	4235	1260	0.493477221501
XMTI4ODQ5NDE1Ng==	4853	1478	0.483645299988
XMTI4ODQ5NzY1Mg==	879	625	0.0835006167159
XMTI4ODQ5NzgyOA==	1114	618	0.198240767899
XMTI4ODQwNTU1Mg==	44299	24689	0.195959959978
XMTI4ODQwNzA1Mg==	2669	1907	0.0815103569689
XMTI4ODQwODA2MA==	1400	668	0.273379591837
XMTI4ODQwODk2NA==	511	583	0.0198528651468
XMTI4ODQxMDc1Ng==	1043	715	0.0988960784079
XMTI4ODQxMTcxMg==	23296	35206	0.261373051179
XMTI4ODQxMTk2NA==	304	372	0.0500346260388
XMTI4ODQxMjE4NA==	657	771	0.0301077959175
XMTI4ODQxMjQ1Mg==	134	84	0.139229226999
XMTI4ODQxMzQ1Ng==	5010	4715	0.00346711766089
XMTI4ODQxNDc0NA==	87	104	0.0381820583961
XMTI4ODQxNTExNg==	120	42	0.4225
XMTI4ODQxNzI5Ng==	2063	209	0.807645920353
XMTI4ODQxNzU4MA==	26002	27706	0.00429462920323
XMTI4ODQyMDA4OA==	274	184	0.107890670787
XMTI4ODQyMTA4NA==	1767	519	0.498834028496
XMTI4ODQyNDIyNA==	25	21	0.0256
XMTI4ODQyNTgxMg==	151	141	0.00438577255384
XMTI4ODQyODE0NA==	83	27	0.455218464218
XMTI4ODQyOTU3Ng==	2573	1408	0.205008693677
XMTI4ODQyOTY2MA==	46	47	0.00047258979206
XMTI4ODQyOTgwMA==	1165	331	0.512483928604
XMTI4ODQzMzc5Mg==	772	763	0.000135909688851
XMTI4ODQzNTgyNA==	122	155	0.073165815641
XMTI4ODQzNjMzMg==	276	334	0.0441608905692
XMTI4ODQzNzI4MA==	276	276	0.0
XMTI4ODQzODI2MA==	1249	1401	0.0148102469165
XMTI4ODU0MTMyNA==	14867	16775	0.016470624185
XMTI4ODU0MjIyNA==	120	141	0.030625
XMTI4ODU0NDE5Ng==	67162	80852	0.0415489119647
XMTI4ODU0NDU0OA==	1071	1079	5.57957387748e-05
XMTI4ODU0NjE5Mg==	271	84	0.476150923871
XMTI4ODU0Njk1Mg==	2864045	4000939	0.157572445149
XMTI4ODU0NzY2NA==	371	211	0.18599109277
XMTI4ODU0ODc3Mg==	298	349	0.0292892212063
XMTI4ODU0OTM2OA==	18357	9997	0.207400184811
XMTI4ODU0OTk5Mg==	697	820	0.0311418685121
XMTI4ODU1MTU5Ng==	7494	13409	0.622991498795
XMTI4ODU1NDAyNA==	1764	1498	0.0227387251197
XMTI4ODU1NjE3Ng==	5217	4527	0.0174926863045
XMTI4ODU1Njk1Ng==	197	241	0.0498853358757
XMTI4ODU1NzE4OA==	92	82	0.0118147448015
XMTI4ODU1NzQ0MA==	39503	48951	0.0572031061362
XMTI4ODU2MDM3Ng==	911	930	0.000434981160857
XMTI4ODU2MDgyNA==	365	358	0.000367798836555
XMTI4ODU2NzE4OA==	258	141	0.205651703624
XMTI4ODU2ODU2OA==	836	669	0.0399043634532
XMTI4ODU2ODY3Mg==	8495	10774	0.0719717203729
XMTI4ODU3MTE0OA==	3013	1539	0.239329759118
XMTI4ODU3MTg2OA==	731	877	0.0398906357313
XMTI4ODU3MjQwOA==	468	546	0.0277777777778
XMTI4ODU3NDAyOA==	77	51	0.114015854276
XMTI4ODU3Njg3Ng==	25	23	0.0064
XMTI4ODU3NzAwOA==	40	37	0.005625
XMTI4ODU3NzM1Ng==	63	33	0.226757369615
XMTI4ODU3OTM0OA==	101	58	0.181256739535
XMTI4ODU4MTIxNg==	430	319	0.06663601947
XMTI4ODU4MTM4MA==	105	80	0.0566893424036
XMTI4ODU4MjQ2OA==	534	652	0.0488294126724
XMTI4ODU4MzAyOA==	27	31	0.0219478737997
XMTI4ODU4MzQ4MA==	489	510	0.00184425458241
XMTI4ODU4Mzk1Mg==	608	687	0.0168828990651
XMTI4ODU4NTcwOA==	2828	2546	0.00994350293789
XMTI4ODU4ODI3Mg==	11338	10565	0.00464821365878
XMTI4ODU5MDc1Mg==	164	147	0.010745092207
XMTI4ODU5MTk2MA==	30	41	0.134444444444
XMTI4ODU5ODY5Ng==	5792	3973	0.098629831631
XMTI4ODUwMTc5Mg==	58	34	0.171224732461
XMTI4ODUwMjkxMg==	5069	2845	0.192497451134
XMTI4ODUwMzI0OA==	7318	6259	0.0209414673923
XMTI4ODUwNDMwOA==	9293	8871	0.00206211569453
XMTI4ODUwOTQ0MA==	9312	9256	3.6165137398e-05
XMTI4ODUwOTY4MA==	501	175	0.423408671679
XMTI4ODUwOTc2NA==	1618	1316	0.0348382917151
XMTI4ODUxMTQwNA==	456	491	0.00589123576485
XMTI4ODUxMTQzNg==	4200877	5045183	0.0403942751713
XMTI4ODUxMzA5Ng==	19714	24723	0.0645583703509
XMTI4ODUxNzYxNg==	4235	3700	0.0159588184704
XMTI4ODUxODg1Mg==	225	220	0.000493827160494
XMTI4ODUxOTQxNg==	658	78	0.776969909738
XMTI4ODUxOTYyMA==	68191	22708	0.444881233642
XMTI4ODUyMTI3Mg==	2436	563	0.591181706531
XMTI4ODUyMjAwNA==	650	574	0.0136710059172
XMTI4ODUyNjExMg==	40125	70081	0.557362252928
XMTI4ODUyNjEzMg==	25435	18683	0.0704695313536
XMTI4ODUyNjY5Mg==	28	39	0.154336734694
XMTI4ODUyODM1Ng==	429	276	0.127194483838
XMTI4ODUyOTE1Ng==	140	86	0.148775510204
XMTI4ODUyOTQyMA==	9338	13267	0.177033851737
XMTI4ODUzMjE0MA==	1046	677	0.124448413148
XMTI4ODUzMjYyOA==	19328	10386	0.21404027347
XMTI4ODUzMzc3Mg==	52	50	0.00147928994083
XMTI4ODUzNDAwMA==	237	204	0.0193879186028
XMTI4ODUzNTA1Mg==	3446	3051	0.0131390403098
XMTI4ODUzNTQwMA==	391	179	0.29398028532
XMTI4ODUzNTQzNg==	126	88	0.0909549004787
XMTI4ODY0MDI2NA==	25	25	0.0
XMTI4ODY0MDQ0OA==	61	51	0.0268744961032
XMTI4ODY0MTY5Ng==	108	126	0.0277777777778
XMTI4ODY0MTg5Mg==	5569	5285	0.00260065201379
XMTI4ODY0NDI5Mg==	15	20	0.111111111111
XMTI4ODY0NTE0NA==	468	439	0.00383976185258
XMTI4ODY0NTM5Mg==	26	33	0.0724852071006
XMTI4ODY0NjYyMA==	138	46	0.444444444444
XMTI4ODY0OTU2MA==	413	288	0.0916051568573
XMTI4ODY0OTc4NA==	43	47	0.00865332612223
XMTI4ODY0OTk4MA==	35	43	0.0522448979592
XMTI4ODY1MDMzMg==	440	445	0.000129132231405
XMTI4ODY1MzI3Ng==	76	35	0.291031855956
XMTI4ODY1MzYwNA==	6128	7378	0.041608543415
XMTI4ODY1NTg4MA==	26	25	0.00147928994083
XMTI4ODY2MDIxNg==	2128	1857	0.0162179267483
XMTI4ODY2NTIyMA==	1000	1075	0.005625
XMTI4ODY2Nzk4OA==	215	98	0.296138453218
XMTI4ODY2OTU4NA==	382	443	0.0254995751213
XMTI4ODY3MDQyOA==	901	831	0.00603596201532
XMTI4ODY3MzQ0NA==	2764	3522	0.0752077045998
XMTI4ODY3Mzg3Ng==	1597	1897	0.0352884576552
XMTI4ODY3NDkwOA==	840	883	0.00262046485261
XMTI4ODY3NjU1Mg==	24	31	0.0850694444444
XMTI4ODY4MDM1Ng==	3646	1613	0.31091482366
XMTI4ODY4MTEyMA==	10038	4212	0.336857776671
XMTI4ODY4MzMwNA==	218	88	0.355609797155
XMTI4ODY4Njk4OA==	41	44	0.00535395597858
XMTI4ODY4NzA5Ng==	227	219	0.00124201905723
XMTI4ODY4NzU2MA==	179	34	0.656190505914
XMTI4ODY4NzcyNA==	1889	2706	0.187059684373
XMTI4ODY4ODczMg==	96831	87931	0.00844794697713
XMTI4ODY4OTY1Ng==	29	32	0.0107015457788
XMTI4ODY5MDQ2OA==	76	30	0.366343490305
XMTI4ODY5MTk0NA==	99	98	0.000102030405061
XMTI4ODY5ODI2OA==	39	61	0.318211702827
XMTI4ODY5OTkxMg==	169095	157043	0.0050799181395
XMTI4ODYwMTMwNA==	20186	19022	0.00332510545025
XMTI4ODYwNTc0NA==	56	54	0.00127551020408
XMTI4ODYwODI2NA==	41	27	0.116597263534
XMTI4ODYwODQ3Mg==	37175	36524	0.000306662041662
XMTI4ODYxMTk5Mg==	1244	1142	0.00672294537898
XMTI4ODYxNDQzNg==	86	86	0.0
XMTI4ODYxNzg0NA==	21810	16298	0.063871495751
XMTI4ODYxNzkwOA==	377	80	0.620626332416
XMTI4ODYxODg4NA==	97	67	0.0956530980976
XMTI4ODYxOTUyOA==	56	47	0.0258290816327
XMTI4ODYyMDA5Mg==	549	731	0.109900099867
XMTI4ODYyMTYyOA==	299	299	0.0
XMTI4ODYyMzQwOA==	975	1150	0.0322156476003
XMTI4ODYyNDQ5Ng==	117	99	0.0236686390533
XMTI4ODYyNTc1Ng==	42	85	1.04818594104
XMTI4ODYyNjY4OA==	27	25	0.00548696844993
XMTI4ODYyOTQ2OA==	193	176	0.00775859754624
XMTI4ODYyOTUyNA==	208	76	0.402736686391
XMTI4ODYzOTY5Ng==	7350	3967	0.211850414179
XMTI4ODc0MjkwMA==	255	222	0.0167474048443
XMTI4ODc0NDk2OA==	106	110	0.00142399430402
XMTI4ODc0NTA0NA==	482	470	0.000619824038842
XMTI4ODc0NzMyOA==	3671	3384	0.00611216436394
XMTI4ODc1MDkyOA==	331	107	0.457973183888
XMTI4ODc1MTQ2NA==	34171	27950	0.033144008054
XMTI4ODc1MjkyMA==	4502	4998	0.0121381464105
XMTI4ODc1NTAwNA==	19	24	0.0692520775623
XMTI4ODc1NjE4NA==	268	64	0.57941635108
XMTI4ODc1NjkzNg==	214	66	0.478295047602
XMTI4ODc1NzU4MA==	335	371	0.0115482290042
XMTI4ODc1ODAyMA==	52	62	0.0369822485207
XMTI4ODc2MDkxMg==	208	193	0.00520062869822
XMTI4ODc2Mzc4MA==	141	169	0.0394346360847
XMTI4ODc2NjQzMg==	34351	39847	0.0255985095265
XMTI4ODc2ODI1Ng==	37	32	0.018261504748
XMTI4ODc2OTQwOA==	1260353	1247558	0.000103061434132
XMTI4ODc3MDQ4MA==	2240	2669	0.0366790896046
XMTI4ODc3MDg2OA==	4367	4436	0.000249650130627
XMTI4ODc3MzA0MA==	8089	8765	0.00698399180424
XMTI4ODc3NzQ0OA==	55	61	0.0119008264463
XMTI4ODc3NzQzMg==	50	54	0.0064
XMTI4ODc4Mjc3Mg==	20483	22770	0.0124665188836
XMTI4ODc4MzI4MA==	41	57	0.152290303391
XMTI4ODc4NDc4MA==	80	98	0.050625
XMTI4ODc4ODE2NA==	92	80	0.0170132325142
XMTI4ODc4ODc2NA==	36	44	0.0493827160494
XMTI4ODc4OTY0MA==	227	150	0.115061421724
XMTI4ODc4OTY2OA==	45	30	0.111111111111
XMTI4ODc4OTYzNg==	106	41	0.376023495906
XMTI4ODc5NDAwNA==	40	36	0.01
XMTI4ODc5NTU2OA==	76	85	0.0140235457064
XMTI4ODc5ODExMg==	12095	10379	0.0201290288181
XMTI4ODcwMjgyMA==	79711	78347	0.000292814261769
XMTI4ODcwNDcyNA==	2303	2592	0.0157473619431
XMTI4ODcwNTI2NA==	65204	70137	0.00572365902176
XMTI4ODcwNzQyOA==	42237	47595	0.0160923433883
XMTI4ODcwNzY2OA==	84730	25558	0.48770598407
XMTI4ODcwODAwMA==	22163	9826	0.309857517113
XMTI4ODcwODczNg==	13440	12210	0.00837551817602
XMTI4ODcxMTM0NA==	38	50	0.0997229916898
XMTI4ODcxMTc2MA==	383	485	0.0709255636074
XMTI4ODcxMjg3Mg==	795	763	0.0016201890748
XMTI4ODcxMzk0OA==	173	200	0.0243576464299
XMTI4ODcxNTk1Mg==	97	60	0.145498990328
XMTI4ODcxODI4NA==	33	31	0.00367309458219
XMTI4ODcyMjk1Mg==	45	45	0.0
XMTI4ODcyMzkyMA==	24	28	0.0277777777778
XMTI4ODcyNzQyMA==	31336397	34999788	0.0136668499724
XMTI4ODczMDA0OA==	25	33	0.1024
XMTI4ODczMTU1Ng==	43	43	0.0
XMTI4ODczMjY3Ng==	49	54	0.0104123281966
XMTI4ODczNjAyMA==	195	142	0.073872452334
XMTI4ODczNjUyOA==	27	27	0.0
XMTI4ODczNjcwOA==	450	481	0.00474567901235
XMTI4ODczNzM0MA==	104	35	0.440181213018
XMTI4ODczNzYwNA==	515	553	0.00544443397116
XMTI4ODczODU0OA==	67	72	0.00556916907997
XMTI4ODczODcwMA==	490822	317292	0.12499743236
XMTI4ODg0MDAzMg==	20082	12985	0.12489230615
XMTI4ODg0NDY4NA==	313	165	0.223580928661
XMTI4ODg0NTE1Ng==	22	23	0.00206611570248
XMTI4ODg2NDI4OA==	28	35	0.0625
XMTI4ODgwMDYwMA==	34	29	0.0216262975779
XMTI4ODgwMjE2NA==	82	94	0.0214158239143
XMTI4ODgwMzA5Mg==	220	221	2.06611570248e-05
XMTI4ODgwNDU4NA==	28	33	0.031887755102
XMTI4ODgwNjg4OA==	130	76	0.172544378698
XMTI4ODgxMDk1Mg==	261	303	0.0258950984278
XMTI4ODgxMDkxMg==	190274	139167	0.0721442761955
XMTI4ODgyMjk5Mg==	38244	16683	0.317841923363
XMTI4ODgyNTgzMg==	27	34	0.0672153635117
XMTI4ODgyNzI2MA==	37	29	0.0467494521549
XMTI4ODgyNzc1Ng==	41	28	0.100535395598
XMTI4ODgzMzA0OA==	104	102	0.000369822485207
XMTI4ODgzNzU5Mg==	2061	1221	0.166112604853
XMTI4ODgzODA4NA==	48	32	0.111111111111
XMTI4ODgzOTQ3Mg==	197	185	0.00371047952794
Proposed PBML MRSE = 0.12400073419
