XMTM2MTE3ODY3Ng==	93	57	0.149843912591
XMTM2MTExMjM4NA==	173	117	0.104781315781
XMTM2MTYwNzM2MA==	1022	734	0.0794114605872
XMTM2MTUzMTc3Mg==	76672	86667	0.0169938590897
XMTM2MTMwMjA3Mg==	244	223	0.00740728298844
XMTM2MDc1NTYyOA==	45	48	0.00444444444444
XMTM2MTQ5MjU4NA==	40	45	0.015625
XMTM2MTQ2MzY0MA==	163	100	0.149384621175
XMTM2MTI3MDU0MA==	8819929	3607148	0.349308200284
XMTM2MDg1OTMwNA==	1664	1173	0.0870675532776
XMTM2MTI1MzU1Ng==	35	43	0.0522448979592
XMTM2MTE1OTUwOA==	10809	11774	0.007970463788
XMTM2MTIyNDg5Ng==	1898027	1383720	0.0734243479596
XMTM2MTQzNzU4NA==	425	298	0.0892955017301
XMTM2MTYwNjIxMg==	92	76	0.0302457466919
XMTM2MTE5NDkwOA==	59	41	0.0930767020971
XMTM2MDgzNDcyNA==	597	177	0.49493699654
XMTM2MTA5NDg2MA==	22216	21442	0.00121380853762
XMTM2MDk2MzY3Ng==	264	146	0.199781910009
XMTM2MTM1NjI5Mg==	50	32	0.1296
XMTM2MDkxODQ1Mg==	5634	1418	0.559973556765
XMTM2MTQzOTAxNg==	83	59	0.0836115546523
XMTM2MDc4MDc0MA==	425	191	0.303147404844
XMTM2MTExOTcxNg==	39661	3426	0.834697688766
XMTM2MTU1NjU4MA==	31	23	0.0665972944849
XMTM2MTA3Nzg1Mg==	230	109	0.276767485822
XMTM2MDc0NTc2NA==	63	51	0.0362811791383
XMTM2MTM0OTE4OA==	336	175	0.229600694444
XMTM2MTI0NjEyMA==	326	127	0.372624110806
XMTM2MTQ4NTkyMA==	221	147	0.112118916484
XMTM2MTI5ODg3Mg==	46	61	0.106332703214
XMTM2MTIwODcyOA==	5764	4043	0.0891484499497
XMTM2MTYxOTcwMA==	19907	16492	0.029428612274
XMTM2MDk4MTE0OA==	26790	4601	0.686009347028
XMTM2MDg5MTkyOA==	25252	16889	0.10968131085
XMTM2MTI0Nzc4MA==	1218	865	0.0839952707203
XMTM2MTQ1Mzg0NA==	24	23	0.00173611111111
XMTM2MTM1OTQ4OA==	473984	463241	0.000513716823004
XMTM2MDkxMzU4NA==	100402	64633	0.126919651033
XMTM2MTMxODU5Mg==	1512	1196	0.0436787883878
XMTM2MTM0OTcyNA==	19455	16825	0.0182746482618
XMTM2MDk2NzE4MA==	19914	21368	0.00533103835899
XMTM2MDc4MjI0NA==	560	235	0.336814413265
XMTM2MTM5MjUzNg==	46	20	0.319470699433
XMTM2MTMzNTAwOA==	4444	3546	0.0408323685654
XMTM2MTM5MTk5Mg==	258	123	0.273796646836
XMTM2MDk2NjkwOA==	176	227	0.0839682334711
XMTM2MTQ0MTM2MA==	5573	4318	0.0507118396486
XMTM2MTY1OTk0OA==	79	82	0.00144207659029
XMTM2MTIyNjI2MA==	66	48	0.0743801652893
XMTM2MTEyODAzNg==	129	66	0.238507301244
XMTM2MTI2NTU4OA==	470	361	0.0537845178814
XMTM2MTU3NTgyMA==	3731	5408	0.202029889886
XMTM2MDk5MTU3Ng==	6447	5429	0.0249333260097
XMTM2MTEzODk2OA==	3453	571	0.696618167139
XMTM2MTQ5NDIwOA==	70	67	0.00183673469388
XMTM2MTMyOTQ4NA==	2980	1849	0.144043173731
XMTM2MTIxODYzMg==	22674	23204	0.000546380831337
XMTM2MDc3OTY1Ng==	99	113	0.0199979593919
XMTM2MDgzOTA0MA==	650422	769235	0.0333685610273
XMTM2MTE4ODI1Mg==	646	358	0.19875585887
XMTM2MTAwMTY2OA==	865	291	0.440343479568
XMTM2MTE5NjIxNg==	1171	1009	0.0191388676389
XMTM2MTY1NzUzMg==	254	279	0.00968751937504
XMTM2MTYwOTYwNA==	283	71	0.561175692043
XMTM2MTA2MTQ0MA==	183	140	0.0552121592165
XMTM2MTMyNDIzMg==	3291	1699	0.23400781539
XMTM2MTI0ODk1Mg==	5670	5401	0.00225080795921
XMTM2MTQ1MTA0NA==	107	116	0.00707485369901
XMTM2MTMwMzg0OA==	2766	1206	0.318086212657
XMTM2MTYwMjI4MA==	95	50	0.224376731302
XMTM2MDk1NzU5Ng==	3567	2444	0.0991181742681
XMTM2MDQ0NzAyMA==	28	37	0.103316326531
XMTM2MDg1NjUwNA==	8863	5555	0.13930589767
XMTM2MTQzMDg1Mg==	342	210	0.148968913512
XMTM2MDk5NTUxMg==	1012	943	0.00464876033058
XMTM2MTQzNTY0NA==	376	298	0.0430341783612
XMTM2MTEyMjczNg==	12190	9238	0.0586442309051
XMTM2MDg0NDQ3Ng==	81	78	0.00137174211248
XMTM2MDgwNTY0OA==	349	322	0.00598517253553
XMTM2MDg0MDQwMA==	9421	775	0.842241147202
XMTM2MTIxODU1Ng==	168	61	0.405647675737
XMTM2MDg2ODEwNA==	189	115	0.153299179754
XMTM2MTMyODQ1Ng==	153	95	0.143705412448
XMTM2MTIyNDY2NA==	23	23	0.0
XMTM2MTI5NjM3Mg==	444	540	0.0467494521549
XMTM2MDgzOTA1Mg==	169	123	0.0740870417702
XMTM2MTQ3MDg0MA==	844	429	0.241774948901
XMTM2MTM0NDQ0MA==	930	1157	0.0595779858943
XMTM2MTQxMzk1Ng==	88	55	0.140625
XMTM2MTQ2MzY0OA==	141	131	0.00502992807203
XMTM2MTI1ODQwOA==	198	164	0.0294867870625
XMTM2MDk3ODEzNg==	2749	2258	0.0319016763396
XMTM2MTEwMDM0OA==	971	373	0.37928346349
XMTM2MDg4NTAzNg==	2105	1880	0.0114251217269
XMTM2MDk0OTU4MA==	9873	2099	0.619998728099
XMTM2MDU1Mzk0OA==	204	120	0.16955017301
XMTM2MTE2NzE2NA==	183	229	0.0631849263937
XMTM2MDgxNTQwMA==	7048	7440	0.00309343035788
XMTM2MTM1MTE1Mg==	75	77	0.000711111111111
XMTM2MTU5Mjc1Mg==	107	125	0.0282994147961
XMTM2MTA1NTEwMA==	4958	5953	0.0402747744222
XMTM2MTQxOTQxNg==	253	238	0.00351513068475
XMTM2MDkxODE1Ng==	285	286	1.23114804555e-05
XMTM2MTQ4ODQxNg==	1938	840	0.320994162697
XMTM2MTIwMDk1Mg==	17205	10109	0.170105305688
XMTM2MTIwMTAzNg==	8801	4122	0.282645482398
XMTM2MDgzODc1Ng==	227	120	0.22218556541
XMTM2MTMyODE2NA==	8110	5848	0.0777935325161
XMTM2MDkwNDQ1Ng==	5388	6225	0.0241321347612
XMTM2MTQ1ODA5Mg==	5006	2624	0.226413242184
XMTM2MTMzNzA5Ng==	214	122	0.184819634903
XMTM2MTIyODIyOA==	1041	1197	0.0224567930969
XMTM2MTQ3NjcxMg==	8282	4509	0.207540643068
XMTM2MTM4MTQ5Ng==	2827	2201	0.0490339691456
XMTM2MTY5MzM3Mg==	316	248	0.0463066816215
XMTM2MDczMjQwOA==	37	47	0.073046018992
XMTM2MTQxMTM4MA==	276	304	0.0102919554715
XMTM2MTQ5Mzk0NA==	1772	2041	0.0230450218855
XMTM2MTYyNjA4NA==	21035	14885	0.0854801348946
XMTM2MDg0MTc2MA==	8200	3081	0.389710901249
XMTM2MTU2NzExMg==	142	140	0.000198373338623
XMTM2MDc0NDU3Mg==	4831	4672	0.00108322873891
XMTM2MDk3MjAyNA==	4525	4595	0.000239308934404
XMTM2MTM1OTcwMA==	76	79	0.00155817174515
XMTM2MDcyNTAyNA==	2507	2534	0.000115989549167
XMTM2MTE4NzY4MA==	195	167	0.0206180144642
XMTM2MTIyMDg5Ng==	233	261	0.0144412311886
XMTM2MDk4MzY0MA==	4513	4536	2.59731728057e-05
XMTM2MDk0NDMyOA==	59	53	0.0103418557886
XMTM2MDg3MDU0MA==	224	238	0.00390625
XMTM2MTA2OTYzMg==	1283	1065	0.0288708569221
XMTM2MTA3NzYwMA==	23649	11370	0.269587925105
XMTM2MDk1NzYyMA==	226	41	0.670079880962
XMTM2MDk1ODIwOA==	4010	4297	0.00512241839292
XMTM2MTQ5MDk5Mg==	8158	8796	0.00611609123825
XMTM2MDg0MzY0MA==	259545	260603	1.66167467782e-05
XMTM2MTcwOTczNg==	60	46	0.0544444444444
XMTM2MDg0MjMwMA==	2157	2218	0.000799759448865
XMTM2MTEwNjA2OA==	826	207	0.561592376106
XMTM2MDc1NjUwMA==	138	101	0.0718861583701
XMTM2MTM0MjQ2NA==	4492	3705	0.0306951648087
XMTM2MTE5NzI0OA==	8463	8525	5.36703833407e-05
XMTM2MTQ1NDYwMA==	1388	1705	0.0521602413441
XMTM2MTIxNzE0OA==	87571	68150	0.0491838541944
XMTM2MTEyMjcxNg==	6128	7762	0.0710995072909
XMTM2MTE5NTc2NA==	90	94	0.00197530864198
XMTM2MTE4MjkzMg==	118	32	0.531169204252
XMTM2MTMzNjA4OA==	17512	17314	0.000127837680867
XMTM2MTQyOTE4MA==	1426	1122	0.0454473030417
XMTM2MTA5MTk5Ng==	34	43	0.0700692041522
XMTM2MTEyNjM2MA==	365	224	0.149228748358
XMTM2MTMwMDgyNA==	8469	7279	0.0197437506275
XMTM2MDg4NTc4OA==	27328	36513	0.112964666176
XMTM2MTQyMzg3Ng==	4978	1442	0.504562219204
XMTM2MTU4NjUyNA==	136	148	0.00778546712803
XMTM2MDgyMjU1Ng==	298	357	0.0391986847439
XMTM2MTQ2ODgzMg==	2256	2894	0.0799766422715
XMTM2MTM3NDczNg==	124	123	6.50364203954e-05
XMTM2MDQ5Mzk5Mg==	73819	40308	0.206081240659
XMTM2MTYwNzM4OA==	648	424	0.119493979576
XMTM2MTY3MzcxNg==	19571	20542	0.00246157133515
XMTM2MDk2NzMyOA==	202	71	0.420571512597
XMTM2MTMxOTY4NA==	587	745	0.0724499302027
XMTM2MDY3MDY0MA==	564	143	0.557193425884
XMTM2MTQ0NTU0OA==	116516	130986	0.0154228959455
XMTM2MTQ5OTE2NA==	3767	3851	0.000497241458578
XMTM2MTAwNDUwNA==	1878	2057	0.00908478985983
XMTM2MTAwOTc4MA==	172	188	0.00865332612223
XMTM2MDkwNjQ3Mg==	9003	4617	0.237335527722
XMTM2MTI1MjM0NA==	32	34	0.00390625
XMTM2MTI0NDkxNg==	5091	3429	0.106575123559
XMTM2MTU2MjE1Mg==	20651	23139	0.0145150514193
XMTM2MDk4NzEwMA==	3108	2407	0.0508714381784
XMTM2MDc2ODU0NA==	48	51	0.00390625
XMTM2MTI0NDExMg==	58252	46396	0.0414242543375
XMTM2MDk4MzExNg==	117	110	0.00357951640003
XMTM2MDkxMDE2OA==	1094	555	0.242740860068
XMTM2MDgyOTAxNg==	16511	4067	0.568032585636
XMTM2MTM5MDk4OA==	180	167	0.00521604938272
XMTM1ODkwNDgyMA==	220	101	0.292582644628
XMTM2MDgzNTY1Mg==	2553	1124	0.313301755237
XMTM2MDg1MzI4OA==	507	447	0.0140051118658
XMTM2MTAyMDg2OA==	274	183	0.110301561085
XMTM2MTM3NzY0MA==	103	119	0.0241304552738
XMTM2MDY0MjIyNA==	813	507	0.141664737681
XMTM2MDY5NjIyOA==	357	279	0.0477367417555
XMTM2MTM4OTQ4OA==	19091	8381	0.314718002679
XMTM2MTU4MDYyOA==	139	161	0.0250504632265
XMTM2MTUwNTM2MA==	10324	7472	0.0763137949198
XMTM2MDkwNTUwOA==	8868	10484	0.0332071301252
XMTM2MTEwMzExNg==	372	352	0.00289050757313
XMTM2MTE2NDk5Ng==	278	230	0.0298121215258
XMTM2MDc4MDU2NA==	68379	73040	0.00464635849698
XMTM2MTI0ODU4NA==	3987	1477	0.396328197064
XMTM2MTE2NDkzMg==	362	133	0.400178565978
XMTM2MTQ0NjM2MA==	284	147	0.232704324539
XMTM2MTE0ODY4MA==	912	613	0.107486197676
XMTM2MDkzODM0OA==	2295	2440	0.00399181701245
XMTM2MTUzNTIwOA==	678	439	0.124261449169
XMTM2MTY1MzI1Mg==	125	101	0.036864
XMTM2MDc0NDQzNg==	582	114	0.64661494314
XMTM2MTIzMDc5Mg==	156	145	0.00497205785667
XMTM2MTM3NTc0MA==	647	854	0.102360436589
XMTM2MTczMjMwNA==	281	345	0.0518737098061
XMTM2MTIzNzA2MA==	136	64	0.280276816609
XMTM2MDg0MTUzMg==	100	60	0.16
XMTM2MTM0NTQ1Mg==	110	133	0.0437190082645
XMTM2MTE3MjkwNA==	1782	2291	0.0815868499183
XMTM2MTQ4MjM4MA==	84	104	0.0566893424036
XMTM2MTU5MDgzNg==	117	147	0.0657462195924
XMTM2MTY5ODk4MA==	342	370	0.0067029171369
XMTM2MTE2NTk5Mg==	23	28	0.047258979206
XMTM2MTI1MTcxNg==	80	63	0.04515625
XMTM2MDczNDI4MA==	2623	2323	0.0130811500773
XMTM2MTA5Mzk3Mg==	311	124	0.361545062603
XMTM2MDg2NDA2OA==	18	20	0.0123456790123
XMTM2MTE3NTMxNg==	1616	814	0.246300914126
XMTM2MTIyMTg4OA==	101	49	0.26507205176
XMTM2MDkzNzcwOA==	87	89	0.000528471396486
XMTM2MTM2OTg4NA==	246048	307087	0.0615425010163
XMTM2MTE3MjM4MA==	19090	13982	0.0715961914024
XMTM2MTMzMDYzNg==	674	488	0.0761563454816
XMTM2MDY3NzQ3Mg==	2533	1706	0.106595934065
XMTM2MTE3MzE2MA==	120	143	0.0367361111111
XMTM2MTU3Nzc3Mg==	60	71	0.0336111111111
XMTM2MTI5MTc4MA==	506	317	0.139515536878
XMTM2MTI2NTU1Ng==	599	451	0.0610477674254
XMTM2MTEzNTIwMA==	276	125	0.299319995799
XMTM2MTI4OTE2MA==	135	137	0.000219478737997
XMTM2MDk1ODUwNA==	47291	43396	0.0067835640337
XMTM2MTIwNTI4OA==	70639	60710	0.0197570426027
XMTM2MTI3OTIwOA==	262	276	0.00285531146204
XMTM2MDgzMzA4MA==	1135	870	0.0545129926837
XMTM2MTUwNTc2OA==	252	27	0.797193877551
XMTM2MTMyOTA5Ng==	327	386	0.0325543117396
XMTM2MTM3NDU2MA==	17612	21100	0.0392225295567
XMTM2MTQxMjM4OA==	473	175	0.396926638925
XMTM2MTMzNTIyNA==	4151	3831	0.00594284618573
XMTM2MDgzNzk2NA==	3790	3028	0.0404232774765
XMTM2MDgyMjEzMg==	157344	63575	0.355155214722
XMTM2MTE4Nzk5Ng==	287	224	0.0481856038073
XMTM2MDk2NDEwOA==	15009	12835	0.0209804869738
XMTM2MTE5MjQwOA==	37403	30197	0.0371172370942
XMTM2MTM5MjY5Mg==	151	187	0.0568396122977
XMTM2MDk0Nzc5Mg==	18302	21540	0.0313008828277
XMTM2MTIxMDQ3Ng==	4399	1839	0.338666318437
XMTM2MTUyNzU3Ng==	208	58	0.520062869822
XMTM2MDc3ODU1Mg==	429183	549646	0.0787811519548
XMTM2MTU3MjY0MA==	1190	613	0.235102746981
XMTM2MTA0NzA2OA==	15850	10349	0.120454979152
XMTM2MTQwNzExNg==	108	34	0.469478737997
XMTM2MTQwNzM5Mg==	409	250	0.151128938732
XMTM2MDk0MDgwMA==	63	56	0.0123456790123
XMTM2MTA2OTAxMg==	306	340	0.0123456790123
XMTM2MDkwNzYyOA==	20	23	0.0225
XMTM2MDc2NTA2OA==	11085	12777	0.0232985730269
XMTM2MDkyNDM2NA==	504918	610495	0.0437216887179
XMTM2MTA2ODg5Ng==	4151	1772	0.328460702436
XMTM2MTU3OTk4MA==	105	48	0.294693877551
XMTM2MTE0NDE0OA==	663	754	0.0188389081123
XMTM2MDkxMTU3Ng==	92717	68234	0.069728532199
XMTM2MTcyMTE2MA==	54804	23247	0.331563644238
XMTM2MDg4MDUyNA==	238	82	0.4296306758
XMTM2MDkwNDQ4NA==	38626	48105	0.0602234421031
XMTM2MTQzNDMyMA==	100	58	0.1764
XMTM2MTU1ODU4OA==	96	109	0.0183376736111
XMTM2MTE0NzI2OA==	7859	1435	0.668153868116
XMTM2MTQwNjQ0MA==	1654	1937	0.0292753341356
XMTM2MTA2ODg0MA==	79	99	0.0640922929018
XMTM2MTM5MDE3Mg==	824	862	0.00212673201998
XMTM2MTUyNjU2NA==	111447	117057	0.00253389700263
XMTM2MDg3MDQyOA==	366	253	0.0953223446505
XMTM2MTE4NzE5Mg==	2409	868	0.409196280518
XMTM2MDc3MDk5Ng==	478	503	0.00273542129865
XMTM2MTU3MjE1Mg==	471	315	0.109700190677
XMTM2MTU3NzUwMA==	451	584	0.0869661407761
XMTM2MTE3MDk4MA==	373	205	0.202862092015
XMTM2MTAwOTc2OA==	3505	2275	0.12314993254
XMTM2MDg4MzgwOA==	122405	34712	0.513253050005
XMTM2MTM5NjY5Ng==	2997	1982	0.1146987272
XMTM2MTIwNTA4OA==	30820	29394	0.00214078859434
XMTM2MDk1Mjg5Ng==	4298	2931	0.101158925304
XMTM2MTUxMTAxNg==	184	186	0.000118147448015
XMTM2MTE4ODM0MA==	350	340	0.000816326530612
XMTM2MTM4MzE2OA==	899	1051	0.0285869480488
XMTM2MDg5MjI1Mg==	21	27	0.0816326530612
XMTM2MTIwMDM0NA==	106	68	0.128515485938
XMTM2MTMyNjM3Ng==	976	455	0.284954691279
XMTM2MTI5OTI4OA==	1378	694	0.246384718603
XMTM2MDg2NzM1Mg==	47	40	0.0221819827976
XMTM2MTEwNjQxMg==	96	60	0.140625
XMTM2MDkwMjQ3Ng==	124	83	0.109326222685
XMTM2MTU0NDUxNg==	64	67	0.002197265625
XMTM2MDkyNzc0MA==	818	708	0.0180833447911
XMTM2MTEyNDI2OA==	16453	14575	0.0130286968907
XMTM2MDgwNTk3Mg==	4936	2740	0.197931250969
XMTM2MTE4MTM4MA==	2527	1729	0.0997229916898
XMTM2MTE1MDUyMA==	16206	13372	0.0305807422755
XMTM2MDc0MTY2NA==	82667	72846	0.0141139010226
XMTM2MTA0NTgxMg==	108	28	0.548696844993
XMTM2MTYwNjA5Mg==	57	61	0.00492459218221
XMTM2MTQ4MDI0NA==	575	209	0.405159924386
XMTM2MTEzNTQ0NA==	224	293	0.0948860012755
XMTM2MTUwMTQ1Ng==	5457	4549	0.0276862278995
XMTM2MTA0MzI2NA==	169	121	0.0806694443472
XMTM2MTE4MjA0OA==	146	90	0.147119534622
XMTM2MDk5ODcwMA==	47	43	0.00724309642372
XMTM2MTM1MTM4MA==	5787	5130	0.0128891350566
XMTM2MTQ4NzAwOA==	446	524	0.0305857749
XMTM2MDg0Mjc0OA==	102	72	0.0865051903114
XMTM2MDgyMzI2OA==	199	127	0.130905785207
XMTM2MTE0MzI1Ng==	38	30	0.0443213296399
XMTM2MDgyNTExMg==	224	281	0.0647520727041
XMTM2MDkzNDU3Mg==	706	701	5.01568907543e-05
XMTM2MTU0MDUyOA==	527	384	0.0736293293102
XMTM2MDc5ODU1Ng==	19207	6189	0.459377226812
XMTM2MTUyMDUyMA==	54	44	0.0342935528121
XMTM2MTM3NjgxMg==	580	712	0.0517954815696
XMTM2MTE2NDQyOA==	1013	575	0.186951661958
XMTM2MTE0NTM1Ng==	5014	2991	0.162788269431
XMTM2MTQ4Mjg2OA==	484	539	0.0129132231405
XMTM2MTYwMDE2OA==	428	473	0.0110544589047
XMTM2MTMwMTgyMA==	72	91	0.069637345679
XMTM2MDgzMDE1Mg==	272	284	0.00194636678201
XMTM2MTEwNDA4NA==	24	19	0.0434027777778
XMTM2MTA1MzI5Ng==	81	33	0.351165980796
XMTM2MDgxNjY1Mg==	5125	4725	0.00609161213563
XMTM2MTI1Njc2OA==	7273	6544	0.0100468028819
XMTM2MTMyNjA5Mg==	31	29	0.00416233090531
XMTM2MDkyNTQ4MA==	1258	312	0.565484871386
XMTM2MTE4MjA5Ng==	17369	16583	0.00204783735953
XMTM2MTYwMDk0MA==	2843	1389	0.261562267519
XMTM2MTA1ODU5Ng==	19260	13441	0.0912817902043
XMTM2MDQ3ODgyMA==	737	735	7.36419051897e-06
XMTM2MTU1ODcxNg==	1796	1246	0.0937805368029
XMTM2MTYyMjU3Mg==	216	247	0.0205975651578
XMTM2MTMxMzcxNg==	217	79	0.404425662044
XMTM2MTE3NDM3Mg==	119	55	0.289245109809
XMTM2MTI1MjA3Ng==	78	86	0.0105193951348
XMTM2MTE5NTk1Mg==	52	56	0.00591715976331
XMTM2MTQxODQzMg==	272	334	0.0519571799308
XMTM2MDg4ODA2OA==	375	306	0.033856
XMTM2MTIwNDI3Mg==	1475	1009	0.0998131571388
XMTM2MDk4NzUyNA==	193	246	0.0754114204408
XMTM2MTQ5NjI1Mg==	376	428	0.0191263014939
XMTM2MTEwNTU3Mg==	250	293	0.029584
XMTM2MDk3Mjg3Mg==	60	40	0.111111111111
XMTM2MTU1MDMxMg==	1330	1455	0.00883317315846
XMTM2MDk2OTk0OA==	78	53	0.102728468113
XMTM2MTM5MjQyNA==	837	684	0.0334142675454
XMTM2MDY3MDY5Ng==	18	21	0.0277777777778
XMTM2MTUzMjEyNA==	123	144	0.0291493158834
XMTM2MTU1MjkwNA==	104	121	0.0267196745562
XMTM2MTA2MTcwOA==	571	853	0.243907974764
XMTM2MTI1ODA1Mg==	150206	15121	0.808797299102
XMTM2MDkyODk2OA==	707	262	0.396169643232
XMTM2MTQ5ODU5Mg==	12179	2797	0.593427401903
XMTM2MDk1NDUyMA==	89	65	0.0727180911501
XMTM2MTcwNTk0NA==	224	116	0.232461734694
XMTM2MDk1NDgxMg==	606	695	0.0215692361315
XMTM2MTQ3NjQ3Ng==	199	125	0.13827933638
XMTM2MTU0MDAzNg==	74	74	0.0
XMTM2MTE1MDg5Ng==	577	636	0.0104556827432
XMTM2MDk5OTI2OA==	3740	1680	0.303382996368
XMTM2MDcwOTkwMA==	10092	7326	0.0751190121041
XMTM2MTIyMDM0NA==	419	411	0.000364545656495
XMTM2MTQ1MjQ1Ng==	1042	433	0.341585280042
XMTM2MTI3OTUyOA==	2618	51	0.961418451678
XMTM2MTAxMDY0NA==	65	62	0.00213017751479
XMTM2MTMzOTg4MA==	586	506	0.0186373749257
XMTM2MDg1NTMzNg==	521	542	0.00162466244967
XMTM2MDk0Nzg1Mg==	402	376	0.00418306477562
XMTM2MTQ1OTE5Ng==	196	204	0.00166597251145
XMTM2MTQzNzU0OA==	715	189	0.541202014768
XMTM2MTQyOTYzMg==	903	1053	0.0275935144204
XMTM2MDg3OTY4OA==	34	22	0.124567474048
XMTM2MTQwNjEzMg==	127	101	0.0419120838242
XMTM2MTQ0NDA4OA==	974	391	0.358277220041
XMTM2MTQ0NjYyMA==	3319	2820	0.0226040670272
XMTM2MDk2MDE5Ng==	3308	2501	0.0595135788949
XMTM2MDc1MzUwOA==	40884	53050	0.0885500610656
XMTM2MTQxNjE2OA==	393	383	0.000647462916561
XMTM2MTIyNDU5Ng==	26323	14102	0.215547366265
XMTM2MDgzNjkwOA==	285	311	0.00832256078793
XMTM2MTQxMzMyOA==	61956	46504	0.0622017576397
XMTM2MDk2OTIxNg==	50	35	0.09
XMTM2MDc2NjU5Mg==	567	493	0.0170332421949
XMTM2MTM0OTQ0MA==	188	193	0.000707333635129
XMTM2MTE4ODA5Mg==	25384	28218	0.0124646352294
XMTM2MTMyNTcwNA==	126	84	0.111111111111
XMTM2MTEwMTc2OA==	208	200	0.00147928994083
XMTM2MTA5NDIxMg==	377	145	0.378698224852
XMTM2MTY4NTI1Mg==	229	163	0.0830647775595
XMTM2MDc0OTQ5Mg==	273	144	0.223282212293
XMTM2MTY5Njg4MA==	65	40	0.147928994083
XMTM2MTQ0OTY4OA==	3684	3182	0.0185681309911
XMTM2MTU0NTI4NA==	11671	154	0.97378391271
XMTM2MTA2NTc1Mg==	2021	1497	0.0672248662669
XMTM2MDkwNDQ0MA==	55047	72151	0.0965446172106
XMTM2MTU2NzI2OA==	1538	1508	0.000380478252709
XMTM2MDUzMjc2MA==	26331	27873	0.00342952553873
XMTM2MTM0Njk5Mg==	318	364	0.0209248051897
XMTM2MDg4MTAyOA==	59660	29467	0.256121499594
XMTM2MTE3Mjg4MA==	299	339	0.0178968915337
XMTM2MTUxNTM0NA==	197	225	0.0202014996521
XMTM2MDczNzI3Mg==	34235	1086	0.937562436317
XMTM2MTYyMjQxMg==	701	544	0.0501606630837
XMTM2MDk2MjkxMg==	291	257	0.0136512322717
XMTM2MTA3MTA1Mg==	515	217	0.334825148459
XMTM2MTI4NDE2MA==	1141	1230	0.00608427344742
XMTM2MTM4NDc4OA==	316	280	0.0129786893126
XMTM2MTA2NTU4OA==	98	74	0.0599750104123
XMTM2MTcyODIyNA==	129	77	0.162490234962
XMTM2MTEzOTYyMA==	155	173	0.0134859521332
XMTM2MTE2Nzc2OA==	2637	1273	0.267552172067
XMTM2MTEzNzk3Ng==	93955	67894	0.076938259719
XMTM2MDk0MTAwNA==	127	68	0.215822431645
XMTM2MTUwOTI0OA==	3303	3077	0.0046816584965
XMTM2MTIzMjQ0MA==	35	35	0.0
XMTM2MTEwNjU4NA==	10671	9540	0.0112334969064
XMTM2MDg3ODUwNA==	2079	1774	0.0215224000698
XMTM2MTE5MDczMg==	2076	1345	0.123988114463
XMTM2MTU3OTM5Mg==	697	520	0.0644883071331
XMTM2MTM1Nzg4MA==	25	29	0.0256
XMTM2MDg3MTM4OA==	169	143	0.0236686390533
XMTM2MTI2Nzc2MA==	4427	4164	0.00352933150576
XMTM2MTAwNzE1Mg==	4172	1309	0.470927548309
XMTM2MTA3MjM1Mg==	278	195	0.0891387609337
XMTM2MTU2MjQ1Mg==	267	158	0.166659652962
XMTM2MDgzNDU3Mg==	294077	338956	0.0232897176831
XMTM2MTQ2NjAwMA==	153	100	0.119996582511
XMTM2MTI1NTQ2NA==	136	112	0.0311418685121
XMTM2MDQ3MDI0NA==	2630	886	0.439725310471
XMTM2MTExMzA4NA==	2388	2307	0.0011505391278
XMTM2MTYxMzM5Mg==	187	139	0.0658869284223
XMTM2MTE2NzEyMA==	106	109	0.000800996796013
XMTM2MTIxOTUzMg==	69	77	0.0134425540853
XMTM2MTA1MzUyMA==	4409	2246	0.240676031176
XMTM2MTI4ODc2NA==	1078	729	0.104812560882
XMTM2MTIzNDQzMg==	9972	3973	0.361903834145
XMTM2MTI4NjcwNA==	338359	55033	0.701160424122
XMTM2MDc0NjQ1Mg==	207	248	0.0392307871829
XMTM2MTI0MjA2OA==	37	34	0.00657414170928
XMTM2MTExNjE3Ng==	2705	2969	0.00952518270745
XMTM2MTM4OTY5Ng==	788	711	0.00954836506996
XMTM2MTA2Nzk5Ng==	1516	957	0.135964400833
XMTM2MTAxMTA2NA==	15546	7974	0.237237797733
XMTM2MDk3NzkwNA==	290	130	0.304399524376
XMTM2MDk4MzcxNg==	200	87	0.319225
XMTM2MTAzMDMyNA==	84803	98883	0.0275665792259
XMTM2MDk4NjY5Mg==	18146	8872	0.261199517309
XMTM2MTUzODgzMg==	99	112	0.0172431384553
XMTM2MTU5MjY5Ng==	69	52	0.0607015332913
XMTM2MTc0MjQ0NA==	81	24	0.495198902606
XMTM2MTQ0NzI4NA==	43	26	0.156300703083
XMTM2MTEzMzA2MA==	184	92	0.25
XMTM2MTU0NTM0MA==	18223	6446	0.417666458445
XMTM2MTM3ODYxMg==	2216	2616	0.032582204903
XMTM2MTI4OTg0MA==	103	78	0.0589122443209
XMTM1OTgwMjgzNg==	618	484	0.04701458929
XMTM2MTE5NTQ3Ng==	180004	195952	0.00784961112452
XMTM2MTI3Njk0NA==	46672	39946	0.0207682977913
XMTM2MDk0MzQ0OA==	2723	1420	0.228977889819
XMTM2MTE3MTQ0OA==	227	93	0.348463971744
XMTM2MTAyNzgxNg==	522	169	0.457307585033
XMTM2MTI0ODAxMg==	18562	24437	0.100176580992
XMTM2MTExMjAzNg==	738	617	0.0268817796579
XMTM2MTUzNzYyMA==	2872	2982	0.00146695401184
XMTM2MTU3NzM5Mg==	1790	2682	0.248326831247
XMTM2MDkyOTIxNg==	34628	32503	0.0037658502924
XMTM2MDkzOTM0OA==	1267	1333	0.00271353008711
XMTM2MTQzODM1Mg==	151	137	0.00859611420552
XMTM2MTUxMTg5Ng==	143	90	0.137366130373
XMTM2MDcyNzEzNg==	14435	1360	0.820445653623
XMTM2MTI1OTcxNg==	37	38	0.00073046018992
XMTM2MDMyMTc2NA==	299	48	0.704701289695
XMTM2MTE4NDY5Ng==	3491	3235	0.00537749769613
XMTM2MTU3MDU1Mg==	8494	7273	0.0206636394094
XMTM1ODIzNjMxMg==	97	68	0.0893825061112
XMTM2MTIzNTM5Mg==	181	162	0.0110191996581
XMTM2MTU1MjMyOA==	2521	1901	0.0604836076678
XMTM2MTI0MzQ4MA==	5996	1889	0.469165595609
XMTM2MTU1MzU3Ng==	41	46	0.0148720999405
XMTM2MDgzODk5Mg==	1078	1295	0.0405211671445
XMTM2MTEwNjgxNg==	187	177	0.00285967571277
XMTM2MDY5MjgxNg==	373	285	0.0556605739997
XMTM2MTIxMTE4OA==	10253	6232	0.153803504583
XMTM2MTI2NDMxNg==	7277	307	0.917404373838
XMTM2MTE3OTk5Ng==	1270	886	0.0914229028458
XMTM2MDU3Mjg1Ng==	1305	699	0.215637468622
XMTM2MTIwMDE3Ng==	370	305	0.0308619430241
XMTM2MDk2MjI5Mg==	776	978	0.0677609203954
XMTM2MDk4OTgwOA==	2109	2185	0.00129859589319
XMTM2MDk2MDYwMA==	15175	9883	0.121613635537
XMTM2MTA3MzA3Ng==	150	76	0.243377777778
XMTM2MTIyOTIyMA==	269	173	0.127361423971
XMTM2MTQzMjc3Mg==	648	362	0.194796905959
XMTM2MTA1NjUxMg==	74574	61526	0.0306135024337
XMTM2MTQzOTkwNA==	486	421	0.0178876864977
XMTM2MTA5NzQ2MA==	210	162	0.0522448979592
XMTM2MTE0MDc2NA==	69	54	0.047258979206
XMTM2MTE0Njk0NA==	49092	14140	0.506900374767
XMTM2MTU5NzY5Ng==	1365	611	0.305124716553
XMTM2MDk4MDA5Mg==	9388	3538	0.388298372543
XMTM2MTU1MjgzMg==	16173	8075	0.250711567255
XMTM2MTA1MzY0MA==	46	51	0.0118147448015
XMTM2MDU2OTU4NA==	2106	945	0.303911900066
XMTM2MTUwMTEwNA==	168447	106054	0.137197176778
XMTM2MTczNzk0NA==	70	56	0.04
XMTM2MTU2NzEyNA==	53	43	0.0355998576006
XMTM2MTIxODQxMg==	759	706	0.00487605041652
XMTM2MDczMzcxMg==	30	37	0.0544444444444
XMTM2MTE1NTQ5Mg==	657	657	0.0
XMTM2MTEwODAwNA==	371	162	0.317354567316
XMTM2MTYyOTY5Ng==	67329	89733	0.11072528317
XMTM2MDg4OTM1Ng==	39	24	0.147928994083
XMTM2MDk5MTIxMg==	13635	9245	0.103661802435
XMTM2MDg4MzYwOA==	135524	113297	0.0268985751922
XMTM2MTE3ODkyMA==	1756	600	0.433377784466
XMTM2MTIyNzgzMg==	195	222	0.0191715976331
XMTM2MDkwMDM2NA==	19395	15707	0.0361578215364
XMTM2MDk2Nzc1Ng==	81	101	0.0609663161103
XMTM2MTQ2NDgzNg==	1352	895	0.114256000315
XMTM2MTMxMTY0MA==	63569	32658	0.236447840002
XMTM2MDg1NTI0MA==	505	511	0.000141162631115
XMTM2MTUzODA5Ng==	447	424	0.00264752838961
XMTM2MDgxNDQwOA==	989	1038	0.00245470652404
XMTM2MTM5Njk3Mg==	242	114	0.279762311318
XMTM2MDYyNzA3Mg==	385	314	0.0340091077753
XMTM2MTAyNzA2OA==	401	476	0.0349811257393
XMTM2MTI0MzM2NA==	15319	11839	0.0516056978837
XMTM2MTI2Njc5Mg==	5230	301	0.888207137086
XMTM2MTI2MjczNg==	120	117	0.000625
XMTM2MTUxMzU0OA==	155	90	0.175858480749
XMTM2MTUyMDAzNg==	2048	2531	0.0556204319
XMTM2MTE3MDY1Mg==	284	280	0.000198373338623
XMTM2MTM5MTYzMg==	4600	2838	0.146722306238
XMTM2MTM3NDE4OA==	971	742	0.0556201947094
XMTM2MTQzMjMyMA==	854	530	0.143937607292
XMTM2MTQzOTc5Mg==	18	23	0.0771604938272
XMTM2MDgwMzI0NA==	15332	7439	0.265024842108
XMTM2MDkzMzUyNA==	474	131	0.523638483861
XMTM2MTE1MzY0NA==	460	402	0.0158979206049
XMTM2MTIyMzM5Ng==	344	127	0.397926243916
XMTM2MDg3Njg0NA==	326	390	0.0385411569875
XMTM2MDg0Mjk1Ng==	96	65	0.104275173611
XMTM2MTM0NTI2OA==	207	198	0.00189035916824
XMTM2MTA2OTIxNg==	2231106	1999684	0.0107589249188
XMTM2MTQ2NDU0NA==	3466	1695	0.261083848408
XMTM2MTM2NDM2OA==	6860	6018	0.0150652364236
XMTM2MTEzNjQxMg==	110	84	0.055867768595
XMTM2MTE1MDA4MA==	2705	3344	0.0558042373779
XMTM2MTUxMTk4MA==	328	311	0.00268627305175
XMTM2MTM5ODQ1Mg==	1789	1610	0.0100111825543
XMTM2MTU2NjcwOA==	1790	1265	0.0860225960488
XMTM2MTE0MDQ0OA==	80	58	0.075625
XMTM2MTI3NDg1Mg==	3099	24	0.984571108877
XMTM2MDg1NjQ1Ng==	1773	1948	0.00974223555755
XMTM2MTY5ODMzNg==	933	929	1.8380473504e-05
XMTM2MTM1MzMyOA==	28955	23668	0.0333404519204
XMTM2MTU4NDgzMg==	418	505	0.0433197500057
XMTM2MDkwMjExNg==	7511	6016	0.0396174812778
XMTM2MTA5ODkzMg==	3979	3559	0.0111416805532
XMTM2MTUxMjYyOA==	5595	5165	0.00590658868947
XMTM2MDk5NzU4OA==	12663	11323	0.0111978947958
XMTM2MDM5NDYwNA==	2041	1137	0.196178247926
XMTM2MTQwMTYxNg==	797	716	0.0103288838792
XMTM2MTIxMzk0MA==	60	63	0.0025
XMTM2MTMwMDg2MA==	645	605	0.00384592272099
XMTM2MTQ5OTg0MA==	327	185	0.188573726491
XMTM2MTI4MjYyNA==	291137	230633	0.0431890219991
XMTM2MDk5Nzk0NA==	5589	4595	0.031630390204
XMTM2MDk1ODMyOA==	557	308	0.199842706987
XMTM2MTIyMjU1Ng==	6608	6258	0.00280540792876
XMTM2MDk4Mzc1Ng==	395	203	0.236269828553
XMTM2MDg3NzU0OA==	451	304	0.10623841574
XMTM2MTQ3OTI5Mg==	1156	1201	0.00151533746004
XMTM2MTIwMTI4OA==	1046	537	0.236794818831
XMTM2MTMxNzgxMg==	5060	4628	0.00728897498789
XMTM2MDg1NzYxNg==	453	281	0.144165216925
XMTM2MDkzMjc2NA==	219	79	0.40866537395
XMTM2MTM0NzM1Ng==	175	173	0.000130612244898
XMTM2MTM3NTI2MA==	181	201	0.0122096395104
XMTM2MTE3OTgwNA==	190	229	0.0421329639889
XMTM2MTczMDYyOA==	3038	813	0.536394716735
XMTM2MTMzODg1Mg==	912	487	0.217164175516
XMTM2MTM3NTc2OA==	137	113	0.0306889019127
XMTM2MTQ1MzMyOA==	28274	33473	0.0338115536788
XMTM2MTI3ODIwNA==	2720	49	0.964295117863
XMTM2MTA1ODE1Ng==	21358	17231	0.0373377181817
XMTM2MTA5MjQ2MA==	756	268	0.416673665351
XMTM2MTAxMTc4OA==	354	286	0.0368987200357
XMTM2MTUxNTgyOA==	680	386	0.186929065744
XMTM2MTQxMjY2NA==	2828	1065	0.388638493825
XMTM2MTIwNDY5Mg==	21066	17592	0.0271954010997
XMTM2MTMyOTkwNA==	5122	5279	0.000939550561763
XMTM2MTA1Mzk5Mg==	1156	890	0.0529477616408
XMTM2MTE2MDI5Mg==	214	105	0.259433138265
XMTM2MTMzNzM0NA==	923	1001	0.00714144019044
XMTM2MTIyNjgyNA==	223	104	0.284763417724
XMTM2MTAwMDU4MA==	404	381	0.00324110381335
XMTM2MTIzMjgwNA==	14127	9044	0.129461408912
XMTM2MTAwMzUxMg==	8245	8070	0.000450499981428
XMTM2MTU3ODM0NA==	5333	5219	0.000456947741683
XMTM2MTQwNjAyOA==	61530	41287	0.108237043267
XMTM2MDczMDgyMA==	20340	22240	0.0087258010092
XMTM2MTE4NzQyOA==	75	87	0.0256
XMTM2MTUxNjY0NA==	12097	9838	0.0348720196351
XMTM2MDY3ODU2NA==	115	64	0.196672967864
XMTM2MTQyODYxNg==	290	95	0.452140309156
XMTM2MDg3MTk3Ng==	152	86	0.188538781163
XMTM2MTM1ODg3Ng==	63	80	0.0728143109095
XMTM2MTQzODc1Ng==	223	97	0.319250336826
XMTM2MTcwMjczMg==	4679	4224	0.0094562011737
XMTM2MDk1Mzc0MA==	669	341	0.240378406519
XMTM2MTYyNTA3Mg==	19348	13704	0.0850945709176
XMTM2MTY0MjM5Mg==	175	224	0.0784
XMTM2MTM5NzYzNg==	41466	40267	0.000836092022159
XMTM2MTAzMTA5Mg==	35	29	0.029387755102
XMTM2MDg5MjIyOA==	466	339	0.0742737939546
XMTM2MTYxODI3Ng==	52	31	0.163091715976
XMTM2MDkxNjQwNA==	18	23	0.0771604938272
XMTM2MDk0NDQxMg==	9422	1514	0.704445049526
XMTM2MTExNzM3Ng==	263	203	0.0520464369877
XMTM2MDkzMzM0NA==	518	441	0.0220964207451
XMTM2MTE3MzMzNg==	32	35	0.0087890625
XMTM2MTA4MTExMg==	18	24	0.111111111111
XMTM2MDQ4NjE1Mg==	76	80	0.00277008310249
XMTM2MTIwMTEwOA==	2262	1826	0.0371524772878
XMTM2MTMyMTYzNg==	91049	91031	3.9083608084e-08
XMTM2MDk2MjkyMA==	126	49	0.373456790123
XMTM2MDc1NjMxMg==	41	38	0.00535395597858
XMTM2MTE3MDM4MA==	5464	4340	0.042316646266
XMTM2MTAwMDg3Ng==	339	297	0.0153496749941
XMTM2MTAzMzM4MA==	20	29	0.2025
XMTM2MDk2NzAxNg==	9023	2042	0.59859538093
XMTM2MTEyNjEyNA==	131	141	0.00582716624905
XMTM2MTY1ODY5Mg==	109	120	0.0101843279185
XMTM2MTQxMzg0MA==	200	181	0.009025
XMTM2MTExMzAzNg==	16309	10861	0.1115885238
XMTM2MTY3NTU1Mg==	2299	1987	0.0184175240441
XMTM2MDkwNDM5Ng==	145	90	0.143876337693
XMTM2MTM4NjkxNg==	23642	5075	0.61675836551
XMTM2MTU4NTY0OA==	1393	1390	4.63810180015e-06
XMTM2MTMzNDgyOA==	1366	1160	0.0227422297203
XMTM2MTQ0MjY5Ng==	81	46	0.186709343088
XMTM2MDk5MzI3Ng==	4628	2288	0.2556495392
XMTM2MTA2NTczMg==	679	583	0.0199895453983
XMTM2MTA2MDIwMA==	40900	23069	0.190066152761
XMTM2MTMxOTI4OA==	48665	58350	0.0396064387976
XMTM2MTMwOTY2NA==	142	142	0.0
XMTM2MDg1MTg4MA==	71	91	0.0793493354493
XMTM2MTE3MjYyOA==	1653	869	0.224950217921
XMTM2MTU5NjczMg==	29	36	0.0582639714625
XMTM2MTMyNDM4OA==	654	325	0.253067455975
XMTM2MTU4MTA2MA==	118	110	0.00459638035047
XMTM2MDk2NTU3Ng==	1678	1297	0.0515544357961
XMTM2MTI0MjgwOA==	5064	5587	0.0106663537681
XMTM2MDc0MzU0NA==	10422	11541	0.0115281079714
XMTM2MDg2NDQ1Mg==	5908	7119	0.0420152849217
XMTM2MTA2ODU2MA==	256	266	0.00152587890625
XMTM2MTIzMzY2OA==	30705	40152	0.0946606816032
XMTM2MTUzMDYyOA==	25	27	0.0064
XMTM2MTUwNzg4MA==	3742	1263	0.438879693748
XMTM2MTEwMTYwMA==	7283	5583	0.054485033574
XMTM2MTU2NTc1Ng==	80	87	0.00765625
XMTM1ODk3MjkzNg==	86	67	0.0488101676582
XMTM2MDgzMzQ1Mg==	38955	15417	0.365100728618
XMTM2MTMxNTU1Mg==	786	473	0.158578236182
XMTM2MDg5NzQ0OA==	176	201	0.020176911157
XMTM2MTA5ODYwMA==	147	122	0.0289231338794
XMTM2MTI4NDg1Ng==	117501	119506	0.000291169330913
XMTM2MTI4OTQ4MA==	530	160	0.487362050552
XMTM2MDk3MDQ0MA==	41	24	0.171921475312
XMTM2MTYxMzE0MA==	20286	11760	0.176643562277
XMTM2MTIwMzI3Ng==	1848065	1917044	0.00139315456972
XMTM2MDc2MjE0OA==	106	53	0.25
XMTM2MDg3NDMwNA==	579	354	0.15101076539
XMTM2MTIyOTc1Ng==	2855	3036	0.00401924911284
XMTM2MTYwNDM0OA==	139	29	0.626261580664
XMTM2MTQ3OTQ2NA==	1420	965	0.102670601071
XMTM2MTE0ODc2OA==	417	521	0.0622005992328
XMTM2MTQxNDQxMg==	135	153	0.0177777777778
XMTM2MTEzMzMzNg==	1659	662	0.361158253827
XMTM2MDg3NzIwMA==	3006	3140	0.00198715454432
XMTM2MTI3Mjk1Mg==	3528	24	0.986440834837
XMTM2MTU3NjY2OA==	340	336	0.000138408304498
XMTM2MTQ5MTk0OA==	93	102	0.00936524453694
XMTM2MTE5MTA4MA==	1772	656	0.396644059333
XMTM2MDkyMDU4MA==	3776	3560	0.0032722278081
XMTM2MTU3NDA4OA==	1072	1360	0.0721764312765
XMTM2MTY5MDA5Mg==	27	39	0.197530864198
XMTM2MTIzNDAwOA==	134	114	0.0222766763199
XMTM2MTUyNTk5Ng==	327	349	0.00452636796379
XMTM2MDk1MDI2OA==	165	178	0.00620752984389
XMTM2MTE3Nzc3Ng==	1076	500	0.286563203936
XMTM2MTIxNDExNg==	75	90	0.04
XMTM2MTU5NzE2OA==	318	410	0.0836992207587
XMTM2MTI1MTk4NA==	20	22	0.01
XMTM2MTEyMjM2OA==	52	56	0.00591715976331
XMTM2MTQ0Njg4NA==	59	41	0.0930767020971
XMTM2MDgzOTA3Mg==	305	287	0.00348293469497
XMTM2MTQ5MjU1Mg==	2634	1753	0.111871709766
XMTM2MTMzNTQwMA==	5163	5972	0.0245523345484
XMTM2MDg0MTgwNA==	82	51	0.142920880428
XMTM2MTU0ODA3Ng==	14538	1835	0.763489848786
XMTM2MTM4NDU4OA==	82	45	0.203599048186
XMTM2MTIwODg5Mg==	12743	12261	0.00143070702714
XMTM2MTMyNjM4OA==	2225	1068	0.2704
XMTM2MTM0ODAyOA==	9648	5133	0.218998388808
XMTM2MTM3NTA2NA==	1154	1082	0.00389272187163
XMTM2MTA5MDE2OA==	53	60	0.0174439302243
XMTM2MTU0NDI4NA==	325	224	0.0965775147929
XMTM2MTQ4MzUxNg==	1511	1923	0.0743473517172
XMTM2MDgyMzk0OA==	75	92	0.0513777777778
XMTM2MDgxODgyNA==	5401	5840	0.00660664066098
XMTM2MDg0MjI1Ng==	605	447	0.0682029915989
XMTM2MDczNDA0OA==	923	163	0.677990771531
XMTM2MTEwNjEwMA==	545	618	0.0179412507365
XMTM2MTI1OTczMg==	124	116	0.00416233090531
XMTM2MTIwNjgwMA==	25	27	0.0064
XMTM2MTE0MTgxMg==	2635	1691	0.128346121579
XMTM2MDkwNTY5Mg==	135	83	0.148367626886
XMTM2MTEzOTQzNg==	186	59	0.46620996647
XMTM2MTEwNTUyOA==	182	164	0.00978142736384
XMTM2MTE2OTU0MA==	114	71	0.142274546014
XMTM2MTM5ODU1Ng==	954	1136	0.0363953605914
XMTM2MDg0OTQ5Ng==	168	151	0.0102395124717
XMTM2MDg1OTI4OA==	115	90	0.047258979206
XMTM2MTQ5ODA4MA==	20886	10238	0.259911525107
XMTM2MDk3MjYwNA==	61	27	0.310669174953
XMTM2MDg0MTIzMg==	2799	1474	0.22409179719
XMTM2MDg1NjAyNA==	643	578	0.0102189145457
XMTM2MTA5NzE4OA==	186	125	0.107555786796
XMTM2MTUzMzU4NA==	34857	25139	0.0777273348371
XMTM2MTIxNDg0NA==	122	129	0.00329212577264
XMTM2MTU3OTkwMA==	293	281	0.00167736374332
XMTM2MTUyNjc0MA==	2616	1783	0.101394529314
XMTM2MTcxNzM3Ng==	17935	12231	0.101147760526
XMTM2MTM0OTQxMg==	167	181	0.00702786044677
XMTM2MTYzOTUyMA==	1701	1517	0.0117011088335
XMTM2MDk4NTIwOA==	17878	8487	0.275921673368
XMTM2MTM4NDQ4MA==	83469	52908	0.134055519753
XMTM2MDk5NDgxMg==	48	20	0.340277777778
XMTM2MDkwMDI4MA==	430	216	0.247679826933
XMTM2MTQxOTg0MA==	390	419	0.00552925706772
XMTM2MDk4NDIyOA==	2249	607	0.533049321263
XMTM2MTM3Nzk4NA==	92	108	0.0302457466919
XMTM2MTEzMzYzNg==	87	50	0.180869335447
XMTM2MDc5NDY0OA==	373	352	0.00316972018774
XMTM2MTQ4NjcwMA==	67006	49042	0.0718751405212
XMTM2MTYxMzQ2OA==	140	133	0.0025
XMTM2MTA4Nzg2OA==	300	139	0.288011111111
XMTM2MTQ2MTk1Mg==	230	141	0.149735349716
XMTM2MTMzNzYyNA==	2094	1326	0.134514494955
XMTM2MDgwMzA3Ng==	137	144	0.00261068783633
XMTM2MTIzNDgyOA==	136365	150053	0.0100756752073
XMTM2MTAyMzc4MA==	120	158	0.100277777778
XMTM2MTA5MTY3Ng==	136	104	0.0553633217993
XMTM2MDk3MjAwMA==	78	25	0.461702827087
XMTM2MTI5Nzg5Ng==	385	314	0.0340091077753
XMTM2MTQzNTgxMg==	223	233	0.00201089907298
XMTM2MTUxOTU1Ng==	670	656	0.00043662285587
XMTM2MTAwNjM3Mg==	3165	3021	0.0020700343658
XMTM2MTUzODExNg==	140	161	0.0225
XMTM2MDgyOTczMg==	8799	2705	0.479665258637
XMTM2MDk4NTY5Ng==	2999	3325	0.0118163206786
XMTI4NzE4MTk2OA==	1339	444	0.446770939712
XMTI4Nzc3NTg4NA==	9686	10715	0.0112860461054
XMTI4Nzc5MjYwOA==	5610	2864	0.239593671855
XMTI4NzcxOTkzNg==	583	485	0.0282562836691
XMTI4Nzg0ODM4MA==	415408	457124	0.0100845286834
XMTI4Nzg2MDUzMg==	123	87	0.0856632956573
XMTI4Nzk0MTE5Mg==	521	270	0.232098319709
XMTI4Nzk2MzEyMA==	101	95	0.00352906577786
XMTI4Nzk2OTM0NA==	11474	13173	0.0219258817041
XMTI4Nzk3MjEwMA==	136	125	0.0065419550173
XMTI4Nzk3NDU0NA==	199	88	0.311128506856
XMTI4Nzk3NjE0OA==	85	47	0.199861591696
XMTI4Nzk3NzE2NA==	330882	312507	0.00308395769022
XMTI4Nzk4NDM5Mg==	98	127	0.0875676801333
XMTI4Nzk4NTI2NA==	2987	3040	0.000314833758473
XMTI4Nzk4NTY3Mg==	5948	5427	0.00767244046023
XMTI4Nzk4NjQ3Mg==	219	263	0.0403661308146
XMTI4Nzk4ODI3Ng==	49	29	0.166597251145
XMTI4Nzk4OTU2MA==	404	452	0.0141162631115
XMTI4Nzk5MDA0MA==	143	174	0.0469949630789
XMTI4Nzk5NDEyNA==	546	420	0.0532544378698
XMTI4Nzk5NDU4MA==	80922	44773	0.199553504802
XMTI4Nzk5Njk1Mg==	323	153	0.277008310249
XMTI4Nzk5NzAwOA==	38496	35298	0.00690121738204
XMTI4Nzk5OTc4MA==	13457	3741	0.52128893603
XMTI4Nzk5OTgwMA==	21880	9807	0.304463871825
XMTI4NzkxNjA3Ng==	431	256	0.164862376925
XMTI4NzkyOTEzMg==	5524	3397	0.148261244069
XMTI4ODA0MzM3Ng==	4720	685	0.730807643278
XMTI4ODA0MzkzNg==	24	21	0.015625
XMTI4ODA0NzI1Mg==	1010	765	0.0588422703657
XMTI4ODA0OTA4MA==	8842	10969	0.057867398514
XMTI4ODA1MTE3Mg==	2493	1452	0.174364031563
XMTI4ODA1MTE5Ng==	4410	2182	0.255242620102
XMTI4ODA1MjQ4NA==	2092	2512	0.0403065122894
XMTI4ODA1MzA3Ng==	1082	1345	0.0590822431248
XMTI4ODA1MzkyOA==	96	89	0.00531684027778
XMTI4ODA1NDE0OA==	77	42	0.206611570248
XMTI4ODA1NTQyNA==	778	981	0.0680820903906
XMTI4ODA1NjM5Mg==	668	759	0.0185579439923
XMTI4ODA1Njc4NA==	606	726	0.0392118419763
XMTI4ODA1OTMyMA==	1707	2009	0.0313001806202
XMTI4ODA2NjQwOA==	1405	1548	0.0103590380061
XMTI4ODA2OTUwMA==	54	67	0.0579561042524
XMTI4ODA3MTUyOA==	7030	5372	0.0556235115103
XMTI4ODA3MjU4NA==	5475	5241	0.0018266841809
XMTI4ODA3NDY0MA==	390	206	0.222590401052
XMTI4ODA3NjUzNg==	414	325	0.04621461411
XMTI4ODA3Nzk5Ng==	92	84	0.00756143667297
XMTI4ODA3OTI2MA==	76	30	0.366343490305
XMTI4ODA4MTQ1Ng==	234	33	0.737836949375
XMTI4ODA4MzMzMg==	550	264	0.2704
XMTI4ODA4NTk3Ng==	14081	8814	0.1399135061
XMTI4ODA4ODQyNA==	35700	23895	0.109344149424
XMTI4ODA4ODkyMA==	692	589	0.0221545156871
XMTI4ODA5MTM5Ng==	88048	113325	0.0824161012255
XMTI4ODAwMTc2MA==	148	119	0.0383948137327
XMTI4ODAwMjIyOA==	645	290	0.302926506821
XMTI4ODAwMjY4MA==	302	22	0.859611420552
XMTI4ODAwNDY1Mg==	12932	10965	0.0231354167972
XMTI4ODAwNTg2MA==	166	251	0.26219335172
XMTI4ODAwNjg0OA==	378	156	0.344923154447
XMTI4ODAwOTIzMg==	146	65	0.30779696003
XMTI4ODAxNDA0MA==	30	32	0.00444444444444
XMTI4ODAxNDU4MA==	544	70	0.759204692907
XMTI4ODAxNTEyNA==	732	839	0.0213670906865
XMTI4ODAxNTY5Mg==	179	63	0.419961923785
XMTI4ODAxNjE2MA==	444	133	0.490630833536
XMTI4ODAxNjQ3Mg==	3825	3345	0.0157477893118
XMTI4ODAxNzAwOA==	61	23	0.38806772373
XMTI4ODAxNzQyOA==	1680	1391	0.0295921910431
XMTI4ODAyMTYyNA==	274	331	0.0432761468379
XMTI4ODAyNDYwOA==	363	190	0.227132330062
XMTI4ODAyNTEwMA==	16	20	0.0625
XMTI4ODAyNTU0OA==	391	218	0.195766642029
XMTI4ODAyNjA5Ng==	3412	3002	0.0144394173244
XMTI4ODAyNzYwMA==	64	31	0.265869140625
XMTI4ODAzMDY0OA==	97798	68170	0.091779296642
XMTI4ODAzNjU0NA==	222	88	0.364337310283
XMTI4ODAzNjc0MA==	523	400	0.0553104058436
XMTI4ODAzOTQzNg==	16491	10202	0.145435090695
XMTI4ODE0MDczMg==	427	457	0.00493613193732
XMTI4ODE0MjQ3Mg==	8706	2218	0.555372481431
XMTI4ODE0MjU5Mg==	215	164	0.0562682531098
XMTI4ODE0MzE1Ng==	20858	12435	0.163075333418
XMTI4ODE0NDk3Mg==	141	59	0.338212363563
XMTI4ODE0NjgwMA==	2106	1660	0.0448490226901
XMTI4ODE0NzMyNA==	53	41	0.0512637949448
XMTI4ODE0OTU2NA==	159	68	0.327558245323
XMTI4ODE0OTUzNg==	701	380	0.209688217973
XMTI4ODE0OTc4NA==	17453	4563	0.545463452902
XMTI4ODE1MDAxMg==	16	20	0.0625
XMTI4ODE1MjA2MA==	62	59	0.00234131113424
XMTI4ODE1NTE3Mg==	1154	639	0.199160331482
XMTI4ODE1NTkxNg==	504556	687627	0.131649846663
XMTI4ODE1NzUwMA==	278	147	0.22205113607
XMTI4ODE1OTg0MA==	124	138	0.0127471383975
XMTI4ODE2MTIzMg==	57	41	0.0787934749154
XMTI4ODE2MTU1Mg==	5917	7353	0.0588987043431
XMTI4ODE2MjY2OA==	6941	7073	0.000361662744468
XMTI4ODE2NjYyNA==	914	687	0.0616821244057
XMTI4ODE2ODIwOA==	73667	84526	0.0217286977108
XMTI4ODE3MTAwNA==	391	316	0.0367933229113
XMTI4ODE3MjExNg==	32	25	0.0478515625
XMTI4ODE3MzI4OA==	130	63	0.265621301775
XMTI4ODE3MzY0OA==	136	178	0.0953719723183
XMTI4ODE3MzgzNg==	143	93	0.122255367011
XMTI4ODE3NjEwNA==	880	589	0.109350464876
XMTI4ODE3Nzc1Mg==	94	54	0.181077410593
XMTI4ODE3OTQzNg==	459	404	0.0143582003123
XMTI4ODE4MDQyOA==	643	321	0.250778209646
XMTI4ODE4MTkwMA==	906	889	0.000352080074461
XMTI4ODE4Mjk4NA==	238	83	0.424140244333
XMTI4ODE4NTQ2MA==	156287	128102	0.0325229827477
XMTI4ODE4NzQ3Mg==	21541	11134	0.233409961871
XMTI4ODE4OTE5Ng==	11848	4636	0.370528266893
XMTI4ODE5MDEwNA==	433	264	0.152334270277
XMTI4ODE5MTEzMg==	11544	2063	0.674521282337
XMTI4ODE5MTMwMA==	687	625	0.00814460271755
XMTI4ODE5MzE4MA==	2418	1962	0.0355645315223
XMTI4ODE5NDYyMA==	1634	795	0.263645168684
XMTI4ODE5NzA2NA==	102	78	0.0553633217993
XMTI4ODE5OTg4NA==	88693	72504	0.0333166522812
XMTI4ODEwNDE0MA==	8843	6921	0.0472397419551
XMTI4ODEwNDgxMg==	100	77	0.0529
XMTI4ODEwNTEyNA==	2712	1904	0.0887653257455
XMTI4ODEwNTI0MA==	32735	33053	9.43690426911e-05
XMTI4ODEwNTg4OA==	86	82	0.00216333153056
XMTI4ODEwOTc4OA==	256	233	0.00807189941406
XMTI4ODExMDA4NA==	1209	1150	0.00238150458274
XMTI4ODExMTQwNA==	79475	36785	0.28853017319
XMTI4ODExMTkyOA==	108	90	0.0277777777778
XMTI4ODExMjI3Ng==	58	66	0.0190249702735
XMTI4ODExMzc0OA==	16	25	0.31640625
XMTI4ODExNDkxNg==	1308	1414	0.00656744194746
XMTI4ODExNTIwNA==	98317	109915	0.0139158254421
XMTI4ODExNzU4MA==	350	303	0.0180326530612
XMTI4ODExODQyNA==	5923	1105	0.661683227282
XMTI4ODEyMTI4NA==	359	184	0.237622302744
XMTI4ODEyMzI4NA==	1411	1693	0.0399433227135
XMTI4ODEyMzM2NA==	349	304	0.0166254792654
XMTI4ODEyNDE2NA==	7742	9774	0.0688876029796
XMTI4ODEyODUyOA==	41	42	0.00059488399762
XMTI4ODEzMDMzMg==	774	402	0.230995733429
XMTI4ODEzMDQzMg==	712	742	0.00177534402222
XMTI4ODEzMTE0OA==	342	449	0.0978848192606
XMTI4ODEzMTYzNg==	3683	1944	0.222943967886
XMTI4ODEzMjcwMA==	88	131	0.238765495868
XMTI4ODEzMzcwOA==	2559	1451	0.187473094906
XMTI4ODEzNDU5Ng==	24613	21590	0.0150850651777
XMTI4ODEzNjI3Ng==	26245	30448	0.0256463535988
XMTI4ODEzNjg0OA==	15874	12659	0.0410193904629
XMTI4ODEzNzEyNA==	34127	30234	0.0130128547595
XMTI4ODEzOTE2OA==	6668	3148	0.278672519845
XMTI4ODEzOTUzNg==	12141	13423	0.0111498014086
XMTI4ODI0MjI4MA==	11750	5653	0.269250585785
XMTI4ODI0MjQxMg==	322	381	0.0335731646156
XMTI4ODI0MzA5Mg==	487	624	0.0791376613301
XMTI4ODI0NDUyMA==	616	403	0.119563269523
XMTI4ODI0NTM2NA==	214	80	0.392086645122
XMTI4ODI1MDE5Mg==	60	76	0.0711111111111
XMTI4ODI1MTAwOA==	209	148	0.0851857787139
XMTI4ODI1MjM5Mg==	1061	1060	8.88319574744e-07
XMTI4ODI1Mzg5Ng==	10642	3077	0.505325664241
XMTI4ODI1NDI2NA==	237	197	0.0284854635119
XMTI4ODI2MDcwOA==	2774	1521	0.204027744495
XMTI4ODI2MTI0NA==	521	520	3.68404183598e-06
XMTI4ODI2MjQ2MA==	41	51	0.059488399762
XMTI4ODI2Mjc1Mg==	59	53	0.0103418557886
XMTI4ODI2NTU1Mg==	46	23	0.25
XMTI4ODI2NTU4MA==	71	49	0.0960126958937
XMTI4ODI2NTc0OA==	6061	4379	0.0770128888991
XMTI4ODI2Nzc3Ng==	328	250	0.0565511600238
XMTI4ODI2ODg4NA==	111	89	0.039282525769
XMTI4ODI3MDQ4NA==	98	108	0.0104123281966
XMTI4ODI3MTA0OA==	272	313	0.0227211288927
XMTI4ODI3Mjk3Mg==	426973	261891	0.149485344888
XMTI4ODI3NDE0OA==	5735	1325	0.591303343167
XMTI4ODI3NDEyOA==	353	453	0.0802510252068
XMTI4ODI3NDg0OA==	80	94	0.030625
XMTI4ODI3NTE4OA==	1403	1135	0.0364883517602
XMTI4ODI3NjU2NA==	63	56	0.0123456790123
XMTI4ODI3Nzc2NA==	260	329	0.0704289940828
XMTI4ODI3OTkwOA==	852	256	0.48934294342
XMTI4ODI4NDUzNg==	80	85	0.00390625
XMTI4ODI4NjA1Mg==	3713	1306	0.420244735942
XMTI4ODI4NzAzNg==	67	74	0.0109155713967
XMTI4ODI4NzgwNA==	15126	11742	0.0500509720726
XMTI4ODI4ODQ1Ng==	5681	3583	0.136383361084
XMTI4ODI4ODY0MA==	4039	2034	0.246422890558
XMTI4ODI4OTIxNg==	1325	821	0.144686934852
XMTI4ODI5MzAxMg==	3696	696	0.658837915331
XMTI4ODI5Mzc2OA==	2940	1016	0.428267851358
XMTI4ODI5NDQwOA==	131	56	0.327778101509
XMTI4ODI5NDcwMA==	107	119	0.0125775176871
XMTI4ODI5NTIxNg==	93	37	0.362585269973
XMTI4ODI5NjM2MA==	16147	10223	0.134600418174
XMTI4ODI5Nzk3Ng==	102	71	0.092368319877
XMTI4ODI5OTA1Mg==	25262	13627	0.212127666053
XMTI4ODI5OTM2MA==	4869	4789	0.000269960624977
XMTI4ODIwMDk1Mg==	432	294	0.102044753086
XMTI4ODIwMjE4NA==	1985	1280	0.126141273658
XMTI4ODIwNjQwNA==	719	432	0.159333102497
XMTI4ODIwNzYyNA==	14724	12722	0.0184874294093
XMTI4ODIwODQ0NA==	62	41	0.114724245578
XMTI4ODIwOTExMg==	1469	581	0.365411608458
XMTI4ODIxMzI1Mg==	221	123	0.196638070474
XMTI4ODIxNTY0NA==	61	59	0.00107497984413
XMTI4ODIxNjYyNA==	82190	107184	0.0924769653985
XMTI4ODIxOTkxMg==	60	69	0.0225
XMTI4ODIyMjEyOA==	82	50	0.152290303391
XMTI4ODIyMzQ3Mg==	317	346	0.00836907522216
XMTI4ODIyMzkyMA==	109	156	0.185927110513
XMTI4ODIyNDI4MA==	251	81	0.458722877415
XMTI4ODIyNTYwNA==	4521	5223	0.0241104441164
XMTI4ODIyNjA1Ng==	2236	2307	0.00100826130229
XMTI4ODIyNjcyMA==	35	24	0.0987755102041
XMTI4ODIyNjgwNA==	1314	817	0.143061260422
XMTI4ODIyODk2NA==	32	36	0.015625
XMTI4ODIzMDYwOA==	871	800	0.00664477664666
XMTI4ODIzMjQ2NA==	135	109	0.0370919067215
XMTI4ODIzNzcwNA==	86	60	0.091400757166
XMTI4ODM0MTAwOA==	500	567	0.017956
XMTI4ODM0MTk4NA==	402	398	9.90074503106e-05
XMTI4ODM0NDQ2NA==	1067	693	0.122861090445
XMTI4ODM0NTUwMA==	125	189	0.262144
XMTI4ODM0NjM2OA==	107	67	0.139750196524
XMTI4ODM1MTU0NA==	950	365	0.3791966759
XMTI4ODM1NTI0MA==	1280	638	0.251564941406
XMTI4ODM1NTc2NA==	1230	1085	0.0138971511666
XMTI4ODM1ODAwNA==	50231	29935	0.163259048129
XMTI4ODM1OTg1Mg==	2020	1129	0.194559602
XMTI4ODM2NDg4NA==	2346	2114	0.00977957438211
XMTI4ODM2ODI1Mg==	446	136	0.483118502282
XMTI4ODM2ODYyOA==	17309	15382	0.0123942277842
XMTI4ODM2ODc5Mg==	102	111	0.00778546712803
XMTI4ODM2ODk5Mg==	46	61	0.106332703214
XMTI4ODM2OTE4OA==	121	123	0.000273205382146
XMTI4ODM3MDE0NA==	370	417	0.0161358655953
XMTI4ODM3MTI4NA==	827	764	0.00580323396142
XMTI4ODM3MzUzNg==	67	48	0.0804188015148
XMTI4ODM3NTc0NA==	288	312	0.00694444444444
XMTI4ODM3OTYxMg==	362	112	0.476939043375
XMTI4ODM4MDcwNA==	2952	589	0.640759032506
XMTI4ODM4MzIyNA==	95	56	0.168531855956
XMTI4ODM4NTAyOA==	1121	634	0.188732501964
XMTI4ODM4Nzc1Mg==	1034	502	0.264717216197
XMTI4ODM5MTI1Ng==	201	255	0.0721764312765
XMTI4ODM5MTY3Mg==	626	498	0.0418091437087
XMTI4ODM5MjA3Mg==	1178	1573	0.11243554008
XMTI4ODM5MzE3Mg==	953	1182	0.0577411146553
XMTI4ODM5NDMwNA==	66	51	0.051652892562
XMTI4ODM5NTY3Mg==	471	354	0.0617063572559
XMTI4ODM5ODU3Mg==	257	184	0.080682523581
XMTI4ODMwMDkxNg==	17617	12768	0.0757600860983
XMTI4ODMwMjE4MA==	18964	17724	0.00427546619599
XMTI4ODMwMzUyNA==	91	50	0.20299480739
XMTI4ODMwMzk0OA==	30	25	0.0277777777778
XMTI4ODMwNTE2OA==	17830	22937	0.082040638057
XMTI4ODMwNjc5Mg==	3748	4150	0.011504107776
XMTI4ODMwNzE2OA==	3407	1575	0.289138997914
XMTI4ODMwODgyMA==	291	356	0.0498931283287
XMTI4ODMwOTk1Ng==	57	53	0.00492459218221
XMTI4ODMxMDEzNg==	568	738	0.0895779607221
XMTI4ODMxMDM1Ng==	32	27	0.0244140625
XMTI4ODMxMTUwMA==	573	668	0.0274876724261
XMTI4ODMxNDI2MA==	294	341	0.0255564810958
XMTI4ODMxNTA2OA==	6741	3710	0.20217302929
XMTI4ODMxNTk0MA==	2218	1151	0.231422592918
XMTI4ODMxNjExNg==	194	80	0.345307684132
XMTI4ODMxNjMyOA==	11116	8465	0.0568751269772
XMTI4ODMxNjg1Ng==	1505	360	0.578812595887
XMTI4ODMxNzM0OA==	119	75	0.136713508933
XMTI4ODMxODAyNA==	223	192	0.0193247400913
XMTI4ODMxODI2OA==	385232	203413	0.222758260992
XMTI4ODMxODMwNA==	127	92	0.0759501519003
XMTI4ODMxODc2NA==	1471	1419	0.00124962970939
XMTI4ODMxOTk2NA==	44	42	0.00206611570248
XMTI4ODMyMDM1Ng==	91	30	0.449341866924
XMTI4ODMyMDYzNg==	866	226	0.546165375035
XMTI4ODMyMTQ0MA==	199	220	0.0111360824222
XMTI4ODMyMzQ4MA==	59	33	0.194197069808
XMTI4ODMyNTA0OA==	1208	1335	0.0110528321126
XMTI4ODMyNTUwOA==	15611	6966	0.306668061368
XMTI4ODMyNjM1Ng==	194	260	0.115740248698
XMTI4ODMyNzA5Ng==	620	645	0.00162591050989
XMTI4ODMyNzU0OA==	33	40	0.0449954086318
XMTI4ODMyOTg1Mg==	5459	6435	0.0319649071107
XMTI4ODMzMDQ3Mg==	21113	14311	0.103794265458
XMTI4ODMzMDUyMA==	180069	93950	0.228728378367
XMTI4ODMzMTA5Ng==	345	326	0.00303297626549
XMTI4ODMzMjU5Mg==	229	196	0.0207661943899
XMTI4ODMzMzE1Mg==	32	24	0.0625
XMTI4ODMzNDU1Mg==	1459	82	0.890753006204
XMTI4ODMzNzkxMg==	4784	2166	0.299472496113
XMTI4ODMzOTkzMg==	1105	1207	0.00852071005917
XMTI4ODQ0MDA5Mg==	2460	758	0.478683984401
XMTI4ODQ0MDM3Mg==	2514	3343	0.108737292324
XMTI4ODQ0MTMzNg==	86	63	0.071525148729
XMTI4ODQ0Mjc2OA==	666	564	0.0234558883208
XMTI4ODQ0Mzc5Mg==	4661	2422	0.230754394918
XMTI4ODQ0NDg4NA==	29	35	0.0428061831153
XMTI4ODQ0NTMwNA==	1455	1339	0.00635608932346
XMTI4ODQ0NjUyNA==	117	39	0.444444444444
XMTI4ODQ0ODcxMg==	215	45	0.625202812331
XMTI4ODQ1MjE2OA==	88	95	0.00632747933884
XMTI4ODQ1MjUzMg==	695	571	0.0318327208737
XMTI4ODQ1MzU3Mg==	2106	1472	0.0906278718878
XMTI4ODQ1ODUwOA==	110	129	0.0298347107438
XMTI4ODQ1ODgwNA==	19	23	0.0443213296399
XMTI4ODQ2MTg3Ng==	85	51	0.16
XMTI4ODQ2MzY2OA==	909	944	0.00148254649447
XMTI4ODQ2NTIzMg==	208	152	0.0724852071006
XMTI4ODQ2NTc2NA==	2466	1485	0.158252970323
XMTI4ODQ2ODI3Mg==	254	254	0.0
XMTI4ODQ2ODkxNg==	30	27	0.01
XMTI4ODQ3MDE5Mg==	3018	3665	0.0459589491986
XMTI4ODQ3MzgyNA==	1836	2038	0.012104793503
XMTI4ODQ3NDU4OA==	71	26	0.401706010712
XMTI4ODQ3NDc5Ng==	117	29	0.565709693915
XMTI4ODQ3NjI3Ng==	319	218	0.100244690992
XMTI4ODQ3ODIwMA==	156	138	0.0133136094675
XMTI4ODQ3ODgyOA==	103338	111278	0.00590365405958
XMTI4ODQ4Mjk2OA==	1230	713	0.176673276489
XMTI4ODQ4NTE5Ng==	671	458	0.100766034191
XMTI4ODQ4NTQyNA==	5094	4873	0.00188220388768
XMTI4ODQ4NTYyOA==	202	202	0.0
XMTI4ODQ4Njk4MA==	104	59	0.187222633136
XMTI4ODQ4NzYwNA==	413	495	0.0394209967814
XMTI4ODQ4Nzc5Mg==	1086	1304	0.0402952019508
XMTI4ODQ4NzczMg==	38	46	0.0443213296399
XMTI4ODQ4ODk1Mg==	18	20	0.0123456790123
XMTI4ODQ5MzY4OA==	109	87	0.0407373116741
XMTI4ODQ5NDA4NA==	4235	1141	0.533744962776
XMTI4ODQ5NDE1Ng==	4853	1313	0.53209103463
XMTI4ODQ5NzY1Mg==	879	608	0.0950519063834
XMTI4ODQ5NzgyOA==	1114	565	0.242870242934
XMTI4ODQwNTU1Mg==	44299	25025	0.189302288416
XMTI4ODQwNzA1Mg==	2669	1686	0.135646904687
XMTI4ODQwODA2MA==	1400	636	0.297804081633
XMTI4ODQwODk2NA==	511	583	0.0198528651468
XMTI4ODQxMDc1Ng==	1043	717	0.0976937056522
XMTI4ODQxMTcxMg==	23296	33266	0.183158720652
XMTI4ODQxMTk2NA==	304	360	0.0339335180055
XMTI4ODQxMjE4NA==	657	782	0.0361983926755
XMTI4ODQxMjQ1Mg==	134	73	0.207228781466
XMTI4ODQxMzQ1Ng==	5010	3641	0.0746674714443
XMTI4ODQxNDc0NA==	87	116	0.111111111111
XMTI4ODQxNTExNg==	120	40	0.444444444444
XMTI4ODQxNzI5Ng==	2063	182	0.831340876778
XMTI4ODQxNzU4MA==	26002	26224	7.28941105339e-05
XMTI4ODQyMDA4OA==	274	156	0.185465395066
XMTI4ODQyMTA4NA==	1767	420	0.581115008893
XMTI4ODQyNDIyNA==	25	19	0.0576
XMTI4ODQyNTgxMg==	151	133	0.0142099030744
XMTI4ODQyODE0NA==	83	25	0.488314704602
XMTI4ODQyOTU3Ng==	2573	1297	0.245935813764
XMTI4ODQyOTY2MA==	46	46	0.0
XMTI4ODQyOTgwMA==	1165	304	0.546203466632
XMTI4ODQzMzc5Mg==	772	747	0.00104868587076
XMTI4ODQzNTgyNA==	122	150	0.0526740123623
XMTI4ODQzNjMzMg==	276	331	0.0397106700273
XMTI4ODQzNzI4MA==	276	253	0.00694444444444
XMTI4ODQzODI2MA==	1249	1318	0.00305192112056
XMTI4ODU0MTMyNA==	14867	16842	0.0176476758077
XMTI4ODU0MjIyNA==	120	139	0.0250694444444
XMTI4ODU0NDE5Ng==	67162	76628	0.0198648714717
XMTI4ODU0NDU0OA==	1071	1006	0.00368339056756
XMTI4ODU0NjE5Mg==	271	80	0.496738878828
XMTI4ODU0Njk1Mg==	2864045	3611319	0.0680769467519
XMTI4ODU0NzY2NA==	371	191	0.235394976787
XMTI4ODU0ODc3Mg==	298	339	0.0189293275078
XMTI4ODU0OTM2OA==	18357	9221	0.247690167005
XMTI4ODU0OTk5Mg==	697	835	0.0392005911788
XMTI4ODU1MTU5Ng==	7494	10790	0.19344033184
XMTI4ODU1NDAyNA==	1764	1348	0.0556146872959
XMTI4ODU1NjE3Ng==	5217	4021	0.0525558041861
XMTI4ODU1Njk1Ng==	197	223	0.0174186400062
XMTI4ODU1NzE4OA==	92	90	0.00047258979206
XMTI4ODU1NzQ0MA==	39503	48781	0.0551630891533
XMTI4ODU2MDM3Ng==	911	811	0.0120493396359
XMTI4ODU2MDgyNA==	365	337	0.00588478138488
XMTI4ODU2NzE4OA==	258	131	0.242308154558
XMTI4ODU2ODU2OA==	836	634	0.0583835077036
XMTI4ODU2ODY3Mg==	8495	9634	0.01797714336
XMTI4ODU3MTE0OA==	3013	1519	0.245868522606
XMTI4ODU3MTg2OA==	731	894	0.0497210687157
XMTI4ODU3MjQwOA==	468	488	0.00182628387757
XMTI4ODU3NDAyOA==	77	40	0.230898971159
XMTI4ODU3Njg3Ng==	25	22	0.0144
XMTI4ODU3NzAwOA==	40	34	0.0225
XMTI4ODU3NzM1Ng==	63	29	0.291257243638
XMTI4ODU3OTM0OA==	101	51	0.245074012352
XMTI4ODU4MTIxNg==	430	266	0.145462412115
XMTI4ODU4MTM4MA==	105	75	0.0816326530612
XMTI4ODU4MjQ2OA==	534	599	0.0148164513459
XMTI4ODU4MzAyOA==	27	29	0.00548696844993
XMTI4ODU4MzQ4MA==	489	480	0.000338740637585
XMTI4ODU4Mzk1Mg==	608	667	0.00941665945291
XMTI4ODU4NTcwOA==	2828	2322	0.0320141682788
XMTI4ODU4ODI3Mg==	11338	10237	0.00942978373499
XMTI4ODU5MDc1Mg==	164	149	0.00836555621654
XMTI4ODU5MTk2MA==	30	36	0.04
XMTI4ODU5ODY5Ng==	5792	3705	0.129833807013
XMTI4ODUwMTc5Mg==	58	35	0.157253269917
XMTI4ODUwMjkxMg==	5069	2495	0.257853186492
XMTI4ODUwMzI0OA==	7318	6398	0.0158048669579
XMTI4ODUwNDMwOA==	9293	7632	0.0319468020376
XMTI4ODUwOTQ0MA==	9312	8114	0.0165511319688
XMTI4ODUwOTY4MA==	501	152	0.485261014896
XMTI4ODUwOTc2NA==	1618	1193	0.0689955094189
XMTI4ODUxMTQwNA==	456	480	0.00277008310249
XMTI4ODUxMTQzNg==	4200877	4817648	0.021555989297
XMTI4ODUxMzA5Ng==	19714	22816	0.0247590560229
XMTI4ODUxNzYxNg==	4235	3490	0.0309460851481
XMTI4ODUxODg1Mg==	225	212	0.00333827160494
XMTI4ODUxOTQxNg==	658	68	0.803992941676
XMTI4ODUxOTYyMA==	68191	20982	0.479286816994
XMTI4ODUyMTI3Mg==	2436	533	0.610271387588
XMTI4ODUyMjAwNA==	650	540	0.0286390532544
XMTI4ODUyNjExMg==	40125	53848	0.116968261721
XMTI4ODUyNjEzMg==	25435	18135	0.0823724979731
XMTI4ODUyNjY5Mg==	28	37	0.103316326531
XMTI4ODUyODM1Ng==	429	275	0.128862590401
XMTI4ODUyOTE1Ng==	140	79	0.189846938776
XMTI4ODUyOTQyMA==	9338	11958	0.0787217687549
XMTI4ODUzMjE0MA==	1046	611	0.172947840997
XMTI4ODUzMjYyOA==	19328	9457	0.260824551902
XMTI4ODUzMzc3Mg==	52	49	0.00332840236686
XMTI4ODUzNDAwMA==	237	181	0.0558315084833
XMTI4ODUzNTA1Mg==	3446	2718	0.0446305472813
XMTI4ODUzNTQwMA==	391	170	0.319470699433
XMTI4ODUzNTQzNg==	126	76	0.157470395566
XMTI4ODY0MDI2NA==	25	24	0.0016
XMTI4ODY0MDQ0OA==	61	38	0.142166084386
XMTI4ODY0MTY5Ng==	108	124	0.0219478737997
XMTI4ODY0MTg5Mg==	5569	4815	0.0183310885771
XMTI4ODY0NDI5Mg==	15	19	0.0711111111111
XMTI4ODY0NTE0NA==	468	396	0.0236686390533
XMTI4ODY0NTM5Mg==	26	32	0.0532544378698
XMTI4ODY0NjYyMA==	138	38	0.525099768956
XMTI4ODY0OTU2MA==	413	266	0.12668773341
XMTI4ODY0OTc4NA==	43	43	0.0
XMTI4ODY0OTk4MA==	35	35	0.0
XMTI4ODY1MDMzMg==	440	443	4.64876033058e-05
XMTI4ODY1MzI3Ng==	76	35	0.291031855956
XMTI4ODY1MzYwNA==	6128	6886	0.0153003335288
XMTI4ODY1NTg4MA==	26	23	0.0133136094675
XMTI4ODY2MDIxNg==	2128	1849	0.0171895757957
XMTI4ODY2NTIyMA==	1000	1077	0.005929
XMTI4ODY2Nzk4OA==	215	93	0.321990265008
XMTI4ODY2OTU4NA==	382	449	0.0307625887448
XMTI4ODY3MDQyOA==	901	778	0.0186363406796
XMTI4ODY3MzQ0NA==	2764	3297	0.0371859037323
XMTI4ODY3Mzg3Ng==	1597	1764	0.0109351088394
XMTI4ODY3NDkwOA==	840	873	0.00154336734694
XMTI4ODY3NjU1Mg==	24	29	0.0434027777778
XMTI4ODY4MDM1Ng==	3646	1518	0.340651196436
XMTI4ODY4MTEyMA==	10038	3761	0.391029816921
XMTI4ODY4MzMwNA==	218	87	0.361101759111
XMTI4ODY4Njk4OA==	41	43	0.00237953599048
XMTI4ODY4NzA5Ng==	227	208	0.00700576374469
XMTI4ODY4NzU2MA==	179	32	0.674417153023
XMTI4ODY4NzcyNA==	1889	2151	0.0192370585494
XMTI4ODY4ODczMg==	96831	76874	0.0424777672302
XMTI4ODY4OTY1Ng==	29	28	0.00118906064209
XMTI4ODY5MDQ2OA==	76	29	0.382444598338
XMTI4ODY5MTk0NA==	99	96	0.000918273645546
XMTI4ODY5ODI2OA==	39	43	0.0105193951348
XMTI4ODY5OTkxMg==	169095	149875	0.0129194859671
XMTI4ODYwMTMwNA==	20186	17961	0.0121495304213
XMTI4ODYwNTc0NA==	56	48	0.0204081632653
XMTI4ODYwODI2NA==	41	24	0.171921475312
XMTI4ODYwODQ3Mg==	37175	35066	0.00321848289299
XMTI4ODYxMTk5Mg==	1244	1112	0.0112591888008
XMTI4ODYxNDQzNg==	86	77	0.0109518658734
XMTI4ODYxNzg0NA==	21810	14564	0.110378713583
XMTI4ODYxNzkwOA==	377	67	0.676146317782
XMTI4ODYxODg4NA==	97	67	0.0956530980976
XMTI4ODYxOTUyOA==	56	44	0.0459183673469
XMTI4ODYyMDA5Mg==	549	725	0.102773381641
XMTI4ODYyMTYyOA==	299	279	0.00447422288341
XMTI4ODYyMzQwOA==	975	1054	0.00656515450362
XMTI4ODYyNDQ5Ng==	117	88	0.0614361896413
XMTI4ODYyNTc1Ng==	42	72	0.510204081633
XMTI4ODYyNjY4OA==	27	22	0.0342935528121
XMTI4ODYyOTQ2OA==	193	160	0.0292356841794
XMTI4ODYyOTUyNA==	208	70	0.440181213018
XMTI4ODYzOTY5Ng==	7350	3859	0.225592688232
XMTI4ODc0MjkwMA==	255	220	0.0188389081123
XMTI4ODc0NDk2OA==	106	106	0.0
XMTI4ODc0NTA0NA==	482	436	0.0091079699041
XMTI4ODc0NzMyOA==	3671	3175	0.0182555357982
XMTI4ODc1MDkyOA==	331	104	0.470322468762
XMTI4ODc1MTQ2NA==	34171	26485	0.0505924118189
XMTI4ODc1MjkyMA==	4502	4769	0.00351731724545
XMTI4ODc1NTAwNA==	19	24	0.0692520775623
XMTI4ODc1NjE4NA==	268	59	0.608167186456
XMTI4ODc1NjkzNg==	214	63	0.497881911084
XMTI4ODc1NzU4MA==	335	390	0.0269547783471
XMTI4ODc1ODAyMA==	52	68	0.094674556213
XMTI4ODc2MDkxMg==	208	174	0.0267196745562
XMTI4ODc2Mzc4MA==	141	169	0.0394346360847
XMTI4ODc2NjQzMg==	34351	38347	0.0135323178567
XMTI4ODc2ODI1Ng==	37	30	0.0357925493061
XMTI4ODc2OTQwOA==	1260353	1186386	0.0034442257586
XMTI4ODc3MDQ4MA==	2240	2714	0.0447775829082
XMTI4ODc3MDg2OA==	4367	4613	0.00317324665092
XMTI4ODc3MzA0MA==	8089	9127	0.0164666417176
XMTI4ODc3NzQ0OA==	55	58	0.00297520661157
XMTI4ODc3NzQzMg==	50	53	0.0036
XMTI4ODc4Mjc3Mg==	20483	21423	0.00210604951306
XMTI4ODc4MzI4MA==	41	51	0.059488399762
XMTI4ODc4NDc4MA==	80	92	0.0225
XMTI4ODc4ODE2NA==	92	81	0.0142958412098
XMTI4ODc4ODc2NA==	36	44	0.0493827160494
XMTI4ODc4OTY0MA==	227	141	0.143530827301
XMTI4ODc4OTY2OA==	45	26	0.178271604938
XMTI4ODc4OTYzNg==	106	37	0.423727305091
XMTI4ODc5NDAwNA==	40	32	0.04
XMTI4ODc5NTU2OA==	76	78	0.000692520775623
XMTI4ODc5ODExMg==	12095	9800	0.0360042388689
XMTI4ODcwMjgyMA==	79711	76331	0.00179802980074
XMTI4ODcwNDcyNA==	2303	2442	0.0036428536548
XMTI4ODcwNTI2NA==	65204	65086	3.27503191947e-06
XMTI4ODcwNzQyOA==	42237	47552	0.0158350854187
XMTI4ODcwNzY2OA==	84730	20867	0.568099254024
XMTI4ODcwODAwMA==	22163	9428	0.330172429717
XMTI4ODcwODczNg==	13440	11415	0.0227013412787
XMTI4ODcxMTM0NA==	38	49	0.0837950138504
XMTI4ODcxMTc2MA==	383	482	0.0668148259242
XMTI4ODcxMjg3Mg==	795	741	0.00461374154503
XMTI4ODcxMzk0OA==	173	184	0.00404290153363
XMTI4ODcxNTk1Mg==	97	56	0.178658731002
XMTI4ODcxODI4NA==	33	28	0.0229568411387
XMTI4ODcyMjk1Mg==	45	41	0.0079012345679
XMTI4ODcyMzkyMA==	24	25	0.00173611111111
XMTI4ODcyNzQyMA==	31336397	32334058	0.00101360295835
XMTI4ODczMDA0OA==	25	29	0.0256
XMTI4ODczMTU1Ng==	43	42	0.000540832882639
XMTI4ODczMjY3Ng==	49	49	0.0
XMTI4ODczNjAyMA==	195	136	0.0915450361604
XMTI4ODczNjUyOA==	27	26	0.00137174211248
XMTI4ODczNjcwOA==	450	462	0.000711111111111
XMTI4ODczNzM0MA==	104	33	0.466068786982
XMTI4ODczNzYwNA==	515	482	0.00410594778019
XMTI4ODczODU0OA==	67	70	0.00200490086879
XMTI4ODczODcwMA==	490822	269226	0.203833608028
XMTI4ODg0MDAzMg==	20082	12892	0.128186962088
XMTI4ODg0NDY4NA==	313	145	0.288091130868
XMTI4ODg0NTE1Ng==	22	23	0.00206611570248
XMTI4ODg2NDI4OA==	28	35	0.0625
XMTI4ODgwMDYwMA==	34	29	0.0216262975779
XMTI4ODgwMjE2NA==	82	87	0.00371802498513
XMTI4ODgwMzA5Mg==	220	208	0.00297520661157
XMTI4ODgwNDU4NA==	28	34	0.0459183673469
XMTI4ODgwNjg4OA==	130	71	0.205976331361
XMTI4ODgxMDk1Mg==	261	291	0.0132117849121
XMTI4ODgxMDkxMg==	190274	131517	0.0953587019889
XMTI4ODgyMjk5Mg==	38244	15636	0.349460158833
XMTI4ODgyNTgzMg==	27	32	0.0342935528121
XMTI4ODgyNzI2MA==	37	25	0.105186267348
XMTI4ODgyNzc1Ng==	41	23	0.192742415229
XMTI4ODgzMzA0OA==	104	97	0.00453032544379
XMTI4ODgzNzU5Mg==	2061	1151	0.194951598751
XMTI4ODgzODA4NA==	48	31	0.125434027778
XMTI4ODgzOTQ3Mg==	197	176	0.0113633435543
Multi-Linear-LRS MRSE = 0.133878408099
