XMTM2MTQzNzQ5Ng==	90466	118386	0.0952489181325	103377	0.0203680281188
XMTM2MTEwNjA0MA==	223	295	0.104245007943	258	0.024633513644
XMTM2MDg1NjIwMA==	21	20	0.00226757369615	17	0.0362811791383
XMTM2MTE3MjQ2NA==	2462	2022	0.0319395840331	1765	0.0801474038199
XMTM2MTIyNTY3Ng==	380	475	0.0625	415	0.00848337950139
XMTM2MTY3NDU3Ng==	412	533	0.0862534169102	465	0.0165484494297
XMTM2MTEwNTkzMg==	30	41	0.134444444444	36	0.04
XMTM2MTQ4MjI0OA==	45	62	0.142716049383	54	0.04
XMTM2MTI1OTYyMA==	29	33	0.0190249702735	28	0.00118906064209
XMTM2MDg1NDUxMg==	292	394	0.122021017076	344	0.0317132670295
XMTM2MTI2MjM2MA==	11349	297	0.948345440378	259	0.954878028111
XMTM2MDk0NDY4MA==	92	74	0.0382797731569	64	0.0926275992439
XMTM2MTI5NTc0OA==	22	28	0.0743801652893	25	0.0185950413223
XMTM2MTEwNDc1Ng==	218	99	0.297975759616	86	0.366635805067
XMTM2MTA5OTk2NA==	119	161	0.124567474048	141	0.0341783772332
XMTM2MDIyMzQ4NA==	101	98	0.000882266444466	85	0.0250955788648
XMTM2MTU4MzkwOA==	38	40	0.00277008310249	35	0.00623268698061
XMTM2MTMxMTQ4NA==	21	27	0.0816326530612	23	0.00907029478458
XMTM2MTI1NjU2MA==	225	245	0.0079012345679	214	0.00239012345679
XMTM2MDkwODMzNg==	475	533	0.0149096952909	465	0.000443213296399
XMTM2MTMyOTIzNg==	77	102	0.105414066453	89	0.0242874009108
XMTM2MTQ1NzgwOA==	162	192	0.0342935528121	168	0.00137174211248
XMTM2MDg5OTU2OA==	17391	23023	0.104876016228	20104	0.0243360717613
XMTM2MTI0NTQ5Ng==	2699	1357	0.247228914803	1185	0.314663219029
XMTM2MTEyMjA4MA==	12753	11913	0.00433844256884	10403	0.0339555684332
XMTM2MTEwODQ4NA==	8573	4018	0.282300154066	3509	0.348916692152
XMTM2MDc3MzQ4MA==	184031	164019	0.0118249419216	143225	0.0491661360312
XMTM2MTcwMjI4NA==	2650	3515	0.106546813813	3069	0.0249997864009
XMTM2MDk4NjYyOA==	918	1236	0.119996582511	1079	0.0307585876277
XMTM2MTQ0MDMwMA==	88	92	0.00206611570248	80	0.00826446280992
XMTM2MTUxNTk2NA==	59	24	0.351910370583	21	0.41482332663
XMTM2MTE5NTA0OA==	51	69	0.124567474048	60	0.0311418685121
XMTM2MTQ0ODg4MA==	225	150	0.111111111111	131	0.174538271605
XMTM2MTE2OTA2OA==	32	40	0.0625	35	0.0087890625
XMTM2MTMxMDI3Ng==	63522	76192	0.0397836754059	66532	0.00224535318902
XMTM2MTEzNTgwNA==	941	701	0.0650493912348	612	0.122239777025
XMTM2MDg1NjA3Mg==	34907	44127	0.0697648701291	38532	0.0107842753956
XMTM2MTA3OTMzMg==	315969	3929	0.97528509502	3431	0.978400590131
XMTM2MTE4ODc0OA==	976	954	0.000508095941951	833	0.0214670535474
XMTM2MDk4NjQxNg==	303	182	0.159472382882	159	0.225860209783
XMTM2MTY3OTEyNA==	126	161	0.0771604938272	141	0.0141723356009
XMTM2MTUwMDIxMg==	25	28	0.0144	25	0.0
XMTM2MTMzNDM2NA==	3142	1315	0.338115229852	1148	0.402752223322
XMTM2MDkyOTUyOA==	1775	2350	0.104939496132	2052	0.0243535806388
XMTM2MTAyNTQ4NA==	2180	814	0.392634458379	711	0.454078149987
XMTM2MTE3Mzk0OA==	601	797	0.106356294695	696	0.0249860880784
XMTM2MTExMjA4MA==	51	72	0.16955017301	63	0.0553633217993
XMTM2MDk5NTk0OA==	38	38	0.0	33	0.0173130193906
XMTM2MTA5NTczMg==	96109	129625	0.12161194838	113192	0.031593676343
XMTM2MTE3ODkyOA==	5495	6952	0.0703045948795	6070	0.010949651474
XMTM2MTYxNjU2OA==	2059	2111	0.000637813921091	1843	0.011005120674
XMTM2MTIxNTAwNA==	257	246	0.00183197323199	215	0.026707444473
XMTM2MTE2MDA4OA==	53	57	0.00569597721609	49	0.00569597721609
XMTM2MDc4NTE2NA==	167	216	0.0860912904729	189	0.0173545125318
XMTM2MTI1ODE0NA==	163760	230460	0.165896035854	201243	0.0523905583006
XMTM2MTQwNDQwOA==	110	143	0.09	125	0.0185950413223
XMTM2MTMxODY2NA==	40	51	0.075625	44	0.01
XMTM2MTE1NzkyMA==	380	444	0.0283656509695	388	0.000443213296399
XMTM1OTU3ODgwNA==	67	83	0.0570282913789	73	0.00801960347516
XMTM2MTIzNTI2NA==	436	522	0.0389066576887	456	0.00210419998317
XMTM2MTYwMDMyMA==	5634	7061	0.0641525997957	6165	0.00888291194153
XMTM2MTMxOTcyMA==	344	431	0.0639619388859	377	0.00920260951866
XMTM2MTQxMzc3Ng==	1069	82	0.852469589004	72	0.869831049537
XMTM2MDg5NzM4MA==	964	1217	0.0688790223998	1063	0.0105466934109
XMTM2MTI2MzQ5Mg==	281	346	0.0535074277175	302	0.00558503565051
XMTM2MTUxODk2NA==	23	28	0.047258979206	25	0.00756143667297
XMTM2MDg5MDQ1Ng==	493	482	0.000497841998938	421	0.0213290324173
XMTM2MTQ2MTg2OA==	3783	4858	0.0807503188611	4242	0.0147215211924
XMTM2MDg5NTcwOA==	52271	15180	0.503518541246	13256	0.557110835223
XMTM2MTE2MTcwMA==	497	567	0.0198373338623	495	1.61937419284e-05
XMTM2MTI3NzQ4NA==	2685	35	0.974099157676	31	0.977042053758
XMTM2MTI3MTk0MA==	32	40	0.0625	35	0.0087890625
XMTM2MTM1MDg3Ng==	488	633	0.088286918839	553	0.0177413665681
XMTM2MTI1ODc3Ng==	170281	1014	0.988125734703	885	0.989632428768
XMTM2MTE0MzA1Ng==	127	164	0.0848781697563	143	0.0158720317441
XMTM2MDU1NjIyNA==	808	1046	0.0867623272228	914	0.0172103225174
XMTM2MTA4OTgxMg==	1881	2573	0.135342625731	2247	0.037860346095
XMTM2MTU1NDQyOA==	1117	1408	0.067870278571	1230	0.0102341208426
XMTM2MTMzNzY4OA==	86	103	0.0390751757707	90	0.00216333153056
XMTM2MTQ5ODk5Mg==	652	885	0.127707572735	773	0.0344409838534
XMTM2MTAxMTM0NA==	16749	18570	0.0118206709045	16216	0.00101269030648
XMTM2MTM0MDcwMA==	43	31	0.0778799351001	27	0.138453217956
XMTM2MDg3NDMxMg==	2797	3571	0.0765767602527	3119	0.0132533848961
XMTM2MTU4MjAyOA==	5964	7956	0.111558688145	6947	0.0271663796776
XMTM2MTM3Mjc0NA==	449	609	0.126983497106	532	0.0341714574828
XMTM2MTU0OTQ0OA==	93	116	0.0611631402474	101	0.00739969938721
XMTM2MTAwMDcxNg==	22047	30963	0.16354644767	27037	0.0512273732044
XMTM2MDczMjY5Ng==	86	98	0.019469983775	85	0.00013520822066
XMTM2MTM3MjU5Ng==	16274	19709	0.0445517593973	17210	0.00330798151582
XMTM2MDg2NDg2MA==	42	58	0.145124716553	51	0.0459183673469
XMTM2MDk1Nzk5Ng==	415227	545610	0.0985986044143	476439	0.0217321136689
XMTM2MDc0NDQ3Mg==	15151	20288	0.114957294727	17716	0.0286610530185
XMTM2MTI2MTUyOA==	36787	40779	0.0117758515068	35609	0.00102542012397
XMTM2MDk1MTk4OA==	36	24	0.111111111111	21	0.173611111111
XMTM2MDI0NDU3Mg==	92	82	0.0118147448015	72	0.047258979206
XMTM2MTU5NjQ3Ng==	3720	3313	0.0119702422245	2893	0.0494225488496
XMTM2MDk4NzYwMA==	2821	3365	0.0371870413837	2938	0.00172014695576
XMTM2MTI4MjY1Mg==	133	158	0.0353326926338	138	0.00141330770535
XMTM2MTExODM2OA==	95	78	0.0320221606648	68	0.0807756232687
XMTM2MDkzMjY0MA==	2243	987	0.313560054772	862	0.379078200192
XMTM2MTI0MjIzMg==	119	103	0.018077819363	90	0.0593884612669
XMTM2MTQyNjIwNA==	18	21	0.0277777777778	19	0.00308641975309
XMTM2MTM3MDcwMA==	201	266	0.104576619391	232	0.0237865399371
XMTM2MTcwNTA2OA==	29	30	0.00118906064209	26	0.0107015457788
XMTM2MDg0NzUzNg==	163	206	0.0695923820994	180	0.0108773382513
XMTM2MDg5MjM5Ng==	891	335	0.389398411097	293	0.450450382362
XMTM2MDg1ODgwMA==	87	62	0.0825736557009	54	0.143876337693
XMTM2MTAxNzA0NA==	63	37	0.170319979844	32	0.242126480222
XMTM2MTI2ODMxNg==	4903	189	0.924390279312	165	0.933826784178
XMTM2MTUwODE2MA==	7659	4459	0.174564455291	3894	0.241649456129
XMTM2MTEwNDYwOA==	190	242	0.0749030470914	211	0.012216066482
XMTM2MDc1NjE1Ng==	23	20	0.0170132325142	17	0.0680529300567
XMTM2MTU0NjgzMg==	686	882	0.0816326530612	770	0.0149937526031
XMTM2MTI1NDgyOA==	2563	1299	0.243218684698	1135	0.310426796047
XMTM2MTQ1Mzc5Ng==	104	35	0.440181213018	31	0.492696005917
XMTM2MDk2NjM2MA==	22402	24927	0.0127042543208	21767	0.000803477768611
XMTM2MDg4MTM0OA==	14660	13293	0.0086949900333	11607	0.0433696250993
XMTM2MTI2MzA2OA==	9608	270	0.944586534882	236	0.951477605742
XMTM2MDk5Mjg1Mg==	132	154	0.0277777777778	135	0.00051652892562
XMTM2MTMxNDY2OA==	12998	17978	0.146793092625	15699	0.0431813387982
XMTM2MTM1Nzg3Ng==	5908	7363	0.0606519842276	6430	0.00780656594526
XMTM2MTMzMTI5Ng==	2412	2388	9.90074503106e-05	2085	0.0183798049553
XMTM2MTQ5OTU0NA==	468	493	0.0028535685587	431	0.00625045657097
XMTM2MTI1NzUxMg==	69	64	0.00525099768956	56	0.0354967443814
XMTM2MTEwMzM1Mg==	3412	2870	0.0252336763289	2506	0.0705079926169
XMTM2MTA2MTY4NA==	95	83	0.0159556786704	73	0.0536288088643
XMTM2MDc1NDM0MA==	932	1019	0.00871378179742	890	0.0020307981359
XMTM2MTM1MjU2NA==	192	215	0.0143500434028	188	0.000434027777778
XMTM2MTEyOTM3Mg==	102	141	0.146193771626	123	0.0423875432526
XMTM2MTIyMjEwOA==	59184	68716	0.0259393709208	60004	0.00019196368439
XMTM2MTUzODIyOA==	19	27	0.17728531856	23	0.0443213296399
XMTM2MTI0MjE0OA==	14266	16092	0.0163831386627	14052	0.000225021029511
XMTM2MTQzMTg4MA==	180287	164557	0.00761252305808	143695	0.0411949016537
XMTM2MTM5OTQ3Mg==	680	411	0.156490051903	359	0.222839532872
XMTM2MDg0MDQxMg==	221	277	0.0642083495424	242	0.0090292991544
XMTM2MTMzMDExNg==	1791037	119749	0.870749982238	104567	0.886641642209
XMTM2MDc2MjM0NA==	148	191	0.0844138056976	167	0.0164810080351
XMTM2MDk0MDIyMA==	407	273	0.10839787744	238	0.172418789126
XMTM2MTMxMDQyMA==	107	116	0.00707485369901	101	0.00314437942178
XMTM2MDkxNzU4NA==	134	122	0.00801960347516	106	0.043662285587
XMTM2MDc0MDk3Ng==	186	206	0.0115620302925	180	0.00104058272633
XMTM2MTQzNzgwOA==	10236	7171	0.0896603445135	6262	0.150728428471
XMTM2MDgxMzE3Ng==	1799	2177	0.0441490408636	1901	0.0032146819878
XMTM2MTA2OTE2MA==	926	984	0.00392314187219	859	0.00523513194538
XMTM2MTIxOTA1Mg==	61	75	0.0526740123623	65	0.00429991937651
XMTM2MDg0NzIyOA==	252	351	0.154336734694	306	0.0459183673469
XMTM2MTQ1MzY2OA==	708	940	0.107376552076	821	0.0254736027323
XMTM2MTExMzcwMA==	6953	7004	5.38016869818e-05	6116	0.0144912702988
XMTM2MTQzOTIwMA==	57894	8131	0.738832506533	7100	0.769764211556
XMTM2MTQ5MzMxNg==	2870	2453	0.0211109762168	2142	0.0643426531826
XMTM2MTEwNzE1Ng==	63	31	0.257999496095	27	0.326530612245
XMTM2MTU5Njg2OA==	27	31	0.0219478737997	27	0.0
XMTM2MTM5NTM0MA==	15301	16850	0.0102485684291	14714	0.00147175856601
XMTM2MTIxNDU1Mg==	1663	1559	0.0039109492477	1362	0.0327603469666
XMTM2MTI2NTYxNg==	6326	212	0.934098110573	185	0.942366457765
XMTM2MTMzMTkxNg==	6050	2343	0.375434710744	2046	0.438003305785
XMTM2MTAxMzUxMg==	6130	5572	0.00828604807741	4865	0.0425853383329
XMTM2MTU1Mzk3Mg==	998	508	0.241063288902	443	0.309260806182
XMTM2MTI2MDkxMg==	2011	2286	0.018699984496	1996	5.56363175088e-05
XMTM2MDkxMTA2OA==	34515	27668	0.0393536392596	24161	0.0899913083368
XMTM2MTE1MzQ2NA==	39445	17910	0.298061464784	15640	0.364210490527
XMTM2MTI4Mzg2MA==	361	414	0.0215544693488	362	7.67336039472e-06
XMTM2MTYxNTYyOA==	553	687	0.0587163883339	600	0.00722346301123
XMTM2MTMyMzc3Ng==	3737	4086	0.00872177057077	3568	0.00204515963967
XMTM2MTU5NDQ3Mg==	56312	72975	0.0875597442226	63724	0.0173248274116
XMTM2MTEwMjcxMg==	228	92	0.355801785165	80	0.42136041859
XMTM2MDkxOTg3Mg==	16	21	0.09765625	19	0.03515625
XMTM2MTE0NTY4NA==	1594	1865	0.0289042661549	1628	0.000454968364743
XMTM2MTYwOTMzMg==	2690	2845	0.003320158649	2484	0.00586448501264
XMTM2MTM2Mjg5Ng==	183	157	0.0201857326286	137	0.0631849263937
XMTM2MDk0NzEzNg==	15753	21849	0.149748806813	19079	0.0445777294165
XMTM2MDc4MzA2NA==	61	54	0.0131685030906	47	0.0526740123623
XMTM2MDYxOTAyMA==	237	262	0.0111271341843	228	0.00144207659029
XMTM2MDk2NTMyNA==	23	21	0.00756143667297	19	0.0302457466919
XMTM2MTI5MTU3Mg==	21667	29113	0.118099619155	25422	0.0300346320634
XMTM2MTQ3NjcwMA==	3879	5296	0.133444334852	4625	0.0369860622048
XMTM2MTI3MjI5Mg==	4649	351	0.85470005114	306	0.872691139087
XMTM2MDY5ODY4OA==	35	34	0.000816326530612	30	0.0204081632653
XMTM2MDk0OTg5Ng==	16066	21679	0.122060335456	18931	0.0318004838097
XMTM2MTI2MDkxNg==	57	45	0.0443213296399	40	0.0889504462912
XMTM2MTQ2MDM2NA==	89	57	0.129276606489	49	0.201994697639
XMTM2MTIxNjY2OA==	45713	58617	0.0796836577677	51185	0.0143288959891
XMTM2MTE0ODYwNA==	20	27	0.1225	23	0.0225
XMTM2MDk2NDIzNg==	288	361	0.0642481674383	315	0.0087890625
XMTM2MTQ4MTk0NA==	17402	19635	0.0164656590179	17146	0.000216412131226
XMTM2MTczNzc3Ng==	41	52	0.0719809637121	46	0.0148720999405
XMTM2MTQ1MjY3Ng==	21203	18826	0.0125679295262	16440	0.050462241342
XMTM2MTA1NDU2NA==	12171	16209	0.110072822885	14154	0.0265456218567
XMTM2MDgxNDcwNA==	1885	1019	0.211063470509	890	0.278627162648
XMTM2MTYwNjI2OA==	760	915	0.0415945290859	799	0.00263331024931
XMTM2MTQyMzUzNg==	210	230	0.00907029478458	201	0.00183673469388
XMTM2MDk1NzM0MA==	93	58	0.141634871083	51	0.20395421436
XMTM2MTM1MTU2OA==	60	55	0.00694444444444	48	0.04
XMTM2MTM0ODQ1Ng==	359	129	0.41045615723	112	0.473374663449
XMTM2MDIyODA0OA==	115	83	0.0774291115312	73	0.133383742911
XMTM2MTQ4Njg2OA==	3039	3395	0.0137226692463	2964	0.000609061470382
XMTM2MTMyMzU0OA==	1591	1629	0.000570462149402	1422	0.0112832198401
XMTM2MDc0OTI0MA==	302	373	0.0552716986097	326	0.00631551247752
XMTM2MTQxMDIwMA==	17971	21978	0.0497157730125	19191	0.00460866534176
XMTM2MDk1Njk0NA==	83	69	0.0284511540136	60	0.076789084047
XMTM2MTA3NTE5Mg==	31	35	0.0166493236212	31	0.0
XMTM2MTA3Njc2OA==	1676	187	0.789298662573	163	0.814947867123
XMTM2MTEzNjYwMA==	1116	765	0.0989203954214	668	0.161149008877
XMTM2MDkwNDQ5Mg==	3562	4618	0.0878901096199	4032	0.017410365386
XMTM2MDc2MTk3Ng==	25	30	0.04	26	0.0016
XMTM2MTA4NDE4MA==	64	83	0.088134765625	73	0.019775390625
XMTM2MTUzODQ3Ng==	48	58	0.0434027777778	51	0.00390625
XMTM2MTM4NDY5Mg==	1223	1622	0.106437061794	1416	0.0249035754472
XMTM2MTU5MTAzNg==	5239	2088	0.361742894637	1823	0.425146812301
XMTM2MDk0NjQ5Ng==	6128	3406	0.197305289592	2974	0.264902382762
XMTM2MTU5OTI3Ng==	212	287	0.125155749377	251	0.0338421146315
XMTM2MTI1MjIyMA==	145	71	0.260451843044	62	0.327657550535
XMTM2MTczMTYwMA==	36	38	0.00308641975309	33	0.00694444444444
XMTM2MTA5MDY4MA==	220	284	0.0846280991736	248	0.0161983471074
XMTM2MTM5MzU5Ng==	113	107	0.00281932806015	94	0.0282715952698
XMTM2MDk4NTc0MA==	58	76	0.0963139120095	67	0.0240784780024
XMTM2MTMwODEwOA==	17	20	0.0311418685121	17	0.0
XMTM2MTA2Mzk4MA==	622	739	0.03538269869	646	0.00148881835382
XMTM2MTA3NDMzMg==	19	20	0.00277008310249	17	0.01108033241
XMTM2MTExNjY2NA==	28	30	0.00510204081633	26	0.00510204081633
XMTM2MDgzODgzMg==	4944	6194	0.0639238762162	5409	0.0088460416863
XMTM2MTE4MzQ3Ng==	261	300	0.0223279165015	262	1.46797610135e-05
XMTM2MTU2ODcxMg==	52274	63165	0.0434074275475	55157	0.00304171008506
XMTM2MDczODM2MA==	1300	1685	0.0877071005917	1472	0.0175053254438
XMTM2MTUwNjQ2NA==	3613	998	0.523850621227	872	0.575548793609
XMTM2MDgzOTE2OA==	36	25	0.0933641975309	22	0.151234567901
XMTM2MTA5ODAwNA==	166	216	0.0907243431558	189	0.0191972710118
XMTM2MTI2NjkzNg==	29	31	0.00475624256837	27	0.00475624256837
XMTM2MTA3MzAyMA==	28	33	0.031887755102	28	0.0
XMTM2MDk5MjUyMA==	1432	1924	0.118044068537	1680	0.0299928216972
XMTM2MTUxNDE0OA==	88	49	0.196410123967	43	0.261492768595
XMTM2MTMwNTQ4NA==	9491	11983	0.0689401349465	10464	0.0105099762286
XMTM2MDgzMzY5Mg==	161	184	0.0204081632653	160	3.85787585356e-05
XMTM2MTE0OTM2NA==	61	78	0.0776672937382	68	0.0131685030906
XMTM2MTM3MjUxNg==	3424	687	0.638972375453	600	0.680239540571
XMTM2MTMwMTk5Ng==	92	47	0.239248582231	41	0.307301512287
XMTM2MDg1ODQyOA==	914	843	0.00603426398977	736	0.0379269232795
XMTM2MTI4MjEwOA==	9851	10633	0.00630162953538	9285	0.00330120294778
XMTM2MTE2NDkxMg==	94	116	0.0547759167044	101	0.00554549569941
XMTM2MDk2ODQ5Mg==	41	55	0.116597263534	48	0.0291493158834
XMTM2MTIzOTk0OA==	152	194	0.0763504155125	169	0.0125086565097
XMTM2MDk3MDY5Mg==	61	33	0.210696049449	28	0.292663262564
XMTM2MTUwODczMg==	39	54	0.147928994083	47	0.0420775805391
XMTM2MTIwNzkxMg==	45	38	0.0241975308642	33	0.0711111111111
XMTM2MTMwNzY0OA==	45	47	0.00197530864198	41	0.0079012345679
XMTM2MTYwMTI4OA==	1713	2061	0.0412708831098	1800	0.00257943019436
XMTM2MTI4MTE2NA==	61	65	0.00429991937651	57	0.00429991937651
XMTM2MTMzNDM3Mg==	52	64	0.0532544378698	56	0.00591715976331
XMTM2MTI2MzYxNg==	29	21	0.0760998810939	19	0.118906064209
XMTM2MDc5MjExNg==	24009	8603	0.411748137939	7512	0.472130226562
XMTM2MTQ5MzE4MA==	24	31	0.0850694444444	27	0.015625
XMTM2MTU1ODY3Mg==	88	95	0.00632747933884	83	0.00322830578512
XMTM2MDc0MzU3Mg==	5018	6741	0.117898760953	5886	0.0299211400139
XMTM2MTYwMDM4OA==	540	539	3.42935528121e-06	470	0.0168038408779
XMTM2MTI3NzcyMA==	115	147	0.0774291115312	128	0.0127788279773
XMTM2MTI3MDkyMA==	4243	187	0.913797212905	163	0.924643375686
XMTM2MTM1MjYwMA==	142	163	0.0218706605832	142	0.0
XMTM2MDg1NzAyNA==	61	45	0.0687987100242	40	0.118516527815
XMTM2MTI1MDk4MA==	125	117	0.004096	102	0.033856
XMTM2MTU5NjU3Ng==	3711	3720	5.88170326284e-06	3248	0.0155661092192
XMTM2MTQ2OTM5Ng==	1548	1181	0.0562069754088	1031	0.111542191642
XMTM2MTM3ODY2MA==	179	184	0.000780250304298	160	0.0112668143941
XMTM2MTIwNzc2MA==	160	198	0.05640625	173	0.0066015625
XMTM2MTEzMTk1Mg==	113	112	7.83146683374e-05	98	0.0176208003759
XMTM2MDc1MTU1Ng==	332	267	0.0383310349833	233	0.088918928727
XMTM2MTUwNTEyOA==	17	20	0.0311418685121	17	0.0
XMTM2MDgzNDA3Mg==	379	498	0.0985860582981	435	0.0218322066819
XMTM2MDg1MDk2OA==	133	147	0.01108033241	128	0.00141330770535
XMTM2MDg2MjQzNg==	87117	216	0.995047299099	189	0.995665714324
XMTM2MDk3NzU0NA==	80698	91132	0.0167176843883	79578	0.000192624046758
XMTM2MDkzMTM3Ng==	1842136	2330689	0.0703363761878	2035211	0.0109852186948
XMTM2MDcyMjgxNg==	1113	1445	0.0889786554232	1262	0.0179218240043
XMTM2MTMzNDQwNA==	193	202	0.00217455502161	177	0.00687266772262
XMTM2MDg5NTU0NA==	3833	3481	0.00843349687709	3040	0.0428024605958
XMTM2MTM4NTk2MA==	42	57	0.127551020408	49	0.0277777777778
XMTM2MDc2NDU5Mg==	71	68	0.00178536004761	59	0.0285657607618
XMTM2MTMyMzE4NA==	45000	10571	0.585361007901	9231	0.631813017778
XMTM2MDg0OTQxNg==	170	223	0.0971972318339	195	0.0216262975779
XMTM2MDkyODI0OA==	113	85	0.0613986999765	74	0.119116610541
XMTM2MDk3MzkyNA==	40224	157	0.992208949716	137	0.993199746718
XMTM2MTE5MDMyMA==	185	59	0.463871439007	52	0.51684441198
XMTM2MTQyMzA1Mg==	257	298	0.0254508016775	260	0.000136262471801
XMTM2MTcyMDcxMg==	29	20	0.0963139120095	17	0.171224732461
XMTM2MTI2MDAwMA==	22044	475	0.957368681337	415	0.962702448899
XMTM2MTIzMTEwOA==	503	605	0.0411210668395	528	0.00247026785608
XMTM2MTU1MTU2OA==	90	119	0.103827160494	104	0.0241975308642
XMTM2MTM3MDM4NA==	4493	2668	0.164988206052	2330	0.231760917606
XMTM2MDk0MjQxMg==	1099	1200	0.00844592776459	1048	0.00215350045248
XMTM2MTA2ODM5Ng==	123	160	0.0904884658603	140	0.0191023861458
XMTM2MTQyMTI0OA==	444	534	0.041088385683	467	0.00268342666991
XMTM2MTcxNTU4NA==	318	414	0.0911356354575	362	0.0191448123096
XMTM2MTQ3NDk3Ng==	1260	1755	0.154336734694	1532	0.0466011589821
XMTM2MTI4MTg3Ng==	426	252	0.166831977782	220	0.233838083273
XMTM2MTM0ODM1Ng==	8721	9207	0.00310556029484	8040	0.0060976381814
XMTI4NDg5NzMzNg==	1865	2247	0.0419535826463	1962	0.0027051153965
XMTI4NzA2MDg5Ng==	5470	5696	0.00170703421354	4974	0.00822221256714
XMTI4NzUyOTE2OA==	76	76	0.0	67	0.0140235457064
XMTI4NzY1ODI1Mg==	1653	1958	0.0340450496247	1710	0.00118906064209
XMTI4Nzg2NTUyMA==	89	81	0.00807978790557	70	0.0455750536548
XMTI4NzgyOTUyOA==	60	79	0.100277777778	69	0.0225
XMTI4Nzk0Mjg1Ng==	1345	1110	0.0305274940921	969	0.0781503848758
XMTI4Nzk1NjU0MA==	213	212	2.20414820693e-05	185	0.0172805219423
XMTI4Nzk1NzE2OA==	30	35	0.0277777777778	31	0.00111111111111
XMTI4Nzk2NjU0OA==	248	320	0.0842872008325	279	0.015625
XMTI4Nzk2ODM5Mg==	26	33	0.0724852071006	28	0.00591715976331
XMTI4Nzk3MDc2NA==	129	48	0.394267171444	42	0.4548404543
XMTI4Nzk4NjQyOA==	245	314	0.0793169512703	274	0.0140108288213
XMTI4Nzk4OTI2NA==	126	136	0.00629881582263	119	0.00308641975309
XMTI4Nzk5MjgwOA==	10876	11350	0.00189940809914	9911	0.00787256452455
XMTI4Nzk5NTg3Mg==	1637	1429	0.0161446751567	1248	0.0564679268997
XMTI4Nzk5ODQ4OA==	649	899	0.148385212761	785	0.0439125263235
XMTI4Nzk5OTk0NA==	131	98	0.0634578404522	85	0.12330283783
XMTI4NzkxMTc3Mg==	551	660	0.0391335996917	577	0.00222660663173
XMTI4NzkxNTU4NA==	773	86	0.789867939464	75	0.815364609919
XMTI4NzkyMTk4OA==	73	93	0.075060987052	81	0.0120097579283
XMTI4NzkzODI0OA==	313	423	0.123508456757	369	0.032010125652
XMTI4ODA0MjA1Mg==	1120	1456	0.09	1272	0.0184183673469
XMTI4ODA0MjM5Ng==	5144	6412	0.0607626333599	5599	0.00782385644904
XMTI4ODA0NTMyNA==	17	21	0.0553633217993	19	0.0138408304498
XMTI4ODA1NDEzNg==	170	181	0.00418685121107	158	0.00498269896194
XMTI4ODA1NjA4MA==	69	79	0.0210039907582	69	0.0
XMTI4ODA1ODQwMA==	60	57	0.0025	49	0.0336111111111
XMTI4ODA1OTU5Mg==	20	28	0.16	25	0.0625
XMTI4ODA2MDQ0MA==	33	30	0.00826446280992	26	0.0449954086318
XMTI4ODA2NTEyNA==	199	256	0.0820433827429	223	0.0145450872453
XMTI4ODA2OTQ2NA==	2560	3071	0.0398439025879	2681	0.00223403930664
XMTI4ODA3MzA5Ng==	300	351	0.0289	306	0.0004
XMTI4ODA3MzM1Ng==	1720	2385	0.149481138453	2083	0.0445406300703
XMTI4ODA4MDQ5Mg==	600	607	0.000136111111111	530	0.0136111111111
XMTI4ODA4MzU3Ng==	223529	310849	0.152601816621	271441	0.0459431586004
XMTI4ODA4NzUyOA==	124	172	0.149843912591	151	0.0474115504683
XMTI4ODA4NzY4MA==	18	21	0.0277777777778	19	0.00308641975309
XMTI4ODA5MDA4MA==	104	139	0.113258136095	121	0.0267196745562
XMTI4ODA5MTcwMA==	1967	2228	0.0176064701536	1946	0.000113980319398
XMTI4ODA5MjAyOA==	15	21	0.16	19	0.0711111111111
XMTI4ODA5MjI5Ng==	257	240	0.00437553937228	210	0.0334448666899
XMTI4ODA5MjQ4MA==	278	386	0.150923865224	337	0.0450416645101
XMTI4ODA5NTE3Ng==	30	35	0.0277777777778	31	0.00111111111111
XMTI4ODAwODUwNA==	223	225	8.0435962919e-05	196	0.014659454242
XMTI4ODAwODk1Ng==	55760	77497	0.15196853631	67672	0.0456377094702
XMTI4ODAxMDY2MA==	188	243	0.0855873698506	212	0.0162969669534
XMTI4ODAxOTkwNA==	117	156	0.111111111111	136	0.0263715391921
XMTI4ODAyOTg1Mg==	19675	24739	0.0662457333189	21603	0.00960250577604
XMTI4ODAzMjM0NA==	209	274	0.0967239760994	240	0.0220004120785
XMTI4ODAzNzQ4MA==	14	20	0.183673469388	17	0.0459183673469
XMTI4ODAzODc5Mg==	2545	2203	0.0180582906504	1923	0.0597317441264
XMTI4ODAzOTc2MA==	15577	21877	0.163573693095	19104	0.0512676345083
XMTI4ODE0MDYwOA==	1483	2066	0.154544946117	1804	0.0468519598834
XMTI4ODE0NTk2OA==	103	65	0.136110849279	57	0.199453294373
XMTI4ODE0NjI4MA==	53	62	0.0288358846565	54	0.000355998576006
XMTI4ODE0NjUzNg==	280	385	0.140625	336	0.04
XMTI4ODE0ODIxNg==	1426	1663	0.0276221602812	1452	0.000332435691397
XMTI4ODE1MjMwMA==	132	105	0.0418388429752	91	0.0964761248852
XMTI4ODE1NTg0NA==	3030	3959	0.0940039647529	3457	0.0198595998214
XMTI4ODE2MDQ5Mg==	3277	4548	0.150431303369	3972	0.0449797178046
XMTI4ODE2NzA1Mg==	27	30	0.0123456790123	26	0.00137174211248
XMTI4ODE3MDY4NA==	385	476	0.055867768595	416	0.00648338674313
XMTI4ODE3OTExMg==	17100	18237	0.00442108341028	15925	0.00472153825109
XMTI4ODE3OTk4NA==	102	143	0.161572472126	125	0.0508458285275
XMTI4ODE4NDgyNA==	43	34	0.0438074634938	30	0.091400757166
XMTI4ODE4Njc5Mg==	5049	761	0.721271566378	664	0.754272812514
XMTI4ODE4NzI3Ng==	18	25	0.151234567901	22	0.0493827160494
XMTI4ODE4OTA0OA==	284247	386486	0.129372331971	337488	0.0350833154604
XMTI4ODE5MjkwOA==	1767	1824	0.00104058272633	1593	0.00969673210904
XMTI4ODEwNDk2MA==	16	23	0.19140625	20	0.0625
XMTI4ODExMjAzNg==	3277	612	0.661365511691	535	0.700135369838
XMTI4ODExMzM2NA==	22	30	0.132231404959	26	0.0330578512397
XMTI4ODExNzc0NA==	17	23	0.124567474048	20	0.0311418685121
XMTI4ODExOTMyNA==	82	112	0.133848899465	98	0.0380725758477
XMTI4ODEyMDUyOA==	245	318	0.0887796751354	278	0.0181424406497
XMTI4ODEyNzI4OA==	208	242	0.0267196745562	211	0.000208025147929
XMTI4ODEyNzM0OA==	1733	1902	0.00950990730496	1661	0.00172610761069
XMTI4ODEzMjEyOA==	38	42	0.01108033241	37	0.000692520775623
XMTI4ODEzODgwNA==	285	344	0.0428562634657	300	0.00277008310249
XMTI4ODI0MTM2OA==	232	320	0.143876337693	279	0.0410411712247
XMTI4ODI0NzI0NA==	392	298	0.0575020824656	260	0.113390254061
XMTI4ODI0Nzk3Ng==	214	148	0.095117477509	130	0.154074591667
XMTI4ODI0ODcxNg==	21	20	0.00226757369615	17	0.0362811791383
XMTI4ODI1NDE4OA==	50	69	0.1444	60	0.04
XMTI4ODI1NjIxMg==	432	578	0.114218964335	505	0.0285547410837
XMTI4ODI1ODEyOA==	1404	475	0.437821628883	415	0.496201836836
XMTI4ODI1ODM3Ng==	23	33	0.189035916824	28	0.047258979206
XMTI4ODI1ODk4NA==	305	336	0.0103305563021	294	0.00130072561139
XMTI4ODI1OTIyMA==	367	440	0.0395652206194	384	0.00214568376037
XMTI4ODI1OTYwNA==	66	82	0.058769513315	72	0.00826446280992
XMTI4ODI2NTMyMA==	1184	1627	0.139992267394	1421	0.0400675961012
XMTI4ODI2NTc5Mg==	6105	4674	0.0549424385297	4082	0.109804573392
XMTI4ODI2NzAyMA==	186	192	0.00104058272633	168	0.00936524453694
XMTI4ODI3NTUwNA==	121240	167292	0.144279668761	146083	0.0419871332452
XMTI4ODI3NTkyOA==	610	827	0.1265493147	722	0.0337113679119
XMTI4ODI4MDA5Mg==	52	58	0.0133136094675	51	0.000369822485207
XMTI4ODI4MTA3Mg==	630	836	0.1069186193	730	0.0251952632905
XMTI4ODI4NzQwNA==	548	670	0.0495631093825	585	0.00455871383665
XMTI4ODI5MTU5Ng==	30	20	0.111111111111	17	0.187777777778
XMTI4ODI5MTY4OA==	69	95	0.141986977526	83	0.0411678218862
XMTI4ODI5MjcwOA==	17550	16334	0.00480079220136	14263	0.0350788353991
XMTI4ODI5Mzc4NA==	254	222	0.0158720317441	194	0.0558001116002
XMTI4ODI5NDkzNg==	290	312	0.00575505350773	273	0.00343638525565
XMTI4ODI5NjA0NA==	16	23	0.19140625	20	0.0625
XMTI4ODI5NjYzNg==	2076	2895	0.155637091116	2528	0.0474047839145
XMTI4ODI5OTA3Ng==	445	594	0.112112107057	519	0.0276530741068
XMTI4ODIwMjg2OA==	245	321	0.0962265722616	280	0.0204081632653
XMTI4ODIxMzcxMg==	88	122	0.149276859504	106	0.0418388429752
XMTI4ODIyMDUwNA==	96	76	0.0434027777778	67	0.0912543402778
XMTI4ODIzMjY2OA==	168	216	0.0816326530612	189	0.015625
XMTI4ODIzNDYyMA==	137	127	0.00532793435985	111	0.0360168362726
XMTI4ODIzNzAzNg==	148	137	0.00552410518627	120	0.0357925493061
XMTI4ODIzNzY2OA==	6613	4288	0.123608651642	3744	0.188219255434
XMTI4ODIzOTI3Ng==	215	280	0.091400757166	244	0.018193618172
XMTI4ODM0NDA4OA==	50	58	0.0256	51	0.0004
XMTI4ODM0NTY2MA==	399703	541357	0.125598042074	472726	0.033376786934
XMTI4ODM0ODQwMA==	1131	580	0.237343852728	506	0.305375945639
XMTI4ODM1MDQ2OA==	230	291	0.0703402646503	254	0.0108884688091
XMTI4ODM2MTcwNA==	39	23	0.168310322156	20	0.237343852728
XMTI4ODM2MzMzMg==	148	187	0.0694393718042	163	0.0102720964207
XMTI4ODM2NDQwNA==	14126	17831	0.0687920134417	15570	0.0104495113646
XMTI4ODM2NTM1Ng==	156	206	0.102728468113	180	0.0236686390533
XMTI4ODM3MjcxNg==	324	297	0.00694444444444	259	0.0402472946197
XMTI4ODM3ODQ1Ng==	42	51	0.0459183673469	44	0.00226757369615
XMTI4ODM4NzA0OA==	464	534	0.0227593638526	467	4.18029131986e-05
XMTI4ODM4Nzg3Ng==	8350	779	0.822116834594	680	0.843757753953
XMTI4ODM5MDk5Mg==	3417	3769	0.0106119542589	3291	0.00135972515669
XMTI4ODM5MTQ5Ng==	90572	90936	1.61515740005e-05	79408	0.0151932869354
XMTI4ODM5MjEzMg==	13552	13896	0.000644332591311	12135	0.0109328380411
XMTI4ODM5Mzk2MA==	1470	1518	0.00106622240733	1326	0.00959600166597
XMTI4ODM5OTAwNA==	101882	135836	0.111067491942	118615	0.0269744562205
XMTI4ODMwMTc4MA==	19	24	0.0692520775623	21	0.01108033241
XMTI4ODMwMzMwMA==	2898	3522	0.0463630947023	3075	0.00373035162395
XMTI4ODMwNDg0OA==	27	35	0.0877914951989	31	0.0219478737997
XMTI4ODMwNTcwMA==	2857	2358	0.030505672991	2059	0.0780162914341
XMTI4ODMwNjY5Mg==	22	31	0.167355371901	27	0.051652892562
XMTI4ODMwNzg1Mg==	31883	40540	0.073725287822	35400	0.012168201093
XMTI4ODMwOTU4NA==	118	134	0.0183855214019	117	7.18184429762e-05
XMTI4ODMxMDkzNg==	31	37	0.0374609781478	32	0.00104058272633
XMTI4ODMxNDgxNg==	314	424	0.12272303136	370	0.0318065641608
XMTI4ODMxNTY5Mg==	3118	4024	0.0844314355883	3514	0.0161301404948
XMTI4ODMyOTk0OA==	205	273	0.1100297442	238	0.0259131469363
XMTI4ODMzNTY4NA==	51	69	0.124567474048	60	0.0311418685121
XMTI4ODQ0NjQ4MA==	140	189	0.1225	165	0.031887755102
XMTI4ODQ0NjgwMA==	1848	2543	0.141437859579	2221	0.0407393156987
XMTI4ODQ0ODk4OA==	91944	101964	0.0118765049932	89037	0.000999639195108
XMTI4ODQ1MjcyOA==	60	72	0.04	63	0.0025
XMTI4ODQ1NDMwMA==	444	549	0.0559258582907	479	0.00621398425452
XMTI4ODQ1ODEzMg==	404	564	0.156847367905	493	0.048530781296
XMTI4ODQ2MTEyNA==	118	137	0.0259264579144	120	0.000287273771905
XMTI4ODQ2MTk0NA==	1518	2064	0.129372432002	1802	0.0350020222851
XMTI4ODQ2MjMwNA==	21	30	0.183673469388	26	0.0566893424036
XMTI4ODQ2Mjc5Ng==	25	30	0.04	26	0.0016
XMTI4ODQ2MzgyOA==	140	130	0.00510204081633	114	0.0344897959184
XMTI4ODQ2NTI4OA==	985	1250	0.0723801180139	1091	0.0115808188822
XMTI4ODQ2NjM1Mg==	367	509	0.149707845481	444	0.0440199273883
XMTI4ODQ3MDU2NA==	2643	2500	0.00292737088196	2183	0.0302915388832
XMTI4ODQ3MDgwMA==	194	212	0.00860877882878	185	0.0021521947072
XMTI4ODQ3MzQ4OA==	297	321	0.00652994592389	280	0.00327630967362
XMTI4ODQ3NjU4MA==	503	544	0.00664403242572	475	0.00309870399867
XMTI4ODQ3NjcxNg==	204	280	0.138792772011	244	0.0384467512495
XMTI4ODQ3Nzc4MA==	33	45	0.132231404959	40	0.0449954086318
XMTI4ODQ4MTg3Mg==	190	221	0.026620498615	193	0.000249307479224
XMTI4ODQ4NzI2MA==	494	677	0.137229752987	591	0.0385557868511
XMTI4ODQwMTY0NA==	252	339	0.119189342404	296	0.0304862685815
XMTI4ODQwNjQ0OA==	334	469	0.163370863064	410	0.0517766861487
XMTI4ODQwNjg0OA==	1553	1876	0.0432575713914	1638	0.00299567668916
XMTI4ODQwODc3Ng==	87	120	0.143876337693	105	0.0428061831153
XMTI4ODQxMTEwNA==	773	821	0.0038558797983	717	0.00524828083658
XMTI4ODQxMzEyOA==	1424	1455	0.000473918223709	1270	0.0116955718975
XMTI4ODQxNDAyOA==	7352	9829	0.113511801545	8583	0.0280352936318
XMTI4ODQxNjkzMg==	33	27	0.0330578512397	23	0.0918273645546
XMTI4ODQyNTk5Ng==	176	235	0.11237732438	205	0.0271500516529
XMTI4ODQzMDEwMA==	212	262	0.0556247775009	228	0.00569597721609
XMTI4ODU0MDA5Mg==	355	471	0.106772465781	411	0.0248839515969
XMTI4ODU0NDA5Mg==	70	66	0.00326530612245	58	0.029387755102
XMTI4ODU0NDcyNA==	383	500	0.0933198808363	437	0.0198787911841
XMTI4ODU0NDk0MA==	52479	70691	0.12043263305	61729	0.031067933276
XMTI4ODU0ODM5Mg==	58	79	0.131093935791	69	0.0359690844233
XMTI4ODU1NTQ3Ng==	17	21	0.0553633217993	19	0.0138408304498
XMTI4ODU1NjM4MA==	661	925	0.159516251222	807	0.0487868516276
XMTI4ODU2MjY4NA==	31	44	0.175858480749	38	0.05098855359
XMTI4ODU2NTM0NA==	166291	187661	0.0165147329126	163870	0.00021195911081
XMTI4ODU3NDMwMA==	26463	2713	0.805469452344	2369	0.828971611917
XMTI4ODU3NTcxMg==	846	141	0.694444444444	123	0.730358130879
XMTI4ODU3ODY4MA==	8816	12398	0.165085146706	10826	0.051981517271
XMTI4ODUwMjQ0NA==	241	327	0.127339405313	285	0.0333327594222
XMTI4ODUwNTA5Ng==	67	81	0.043662285587	70	0.00200490086879
XMTI4ODUxMDEwMA==	11204	13389	0.0380326583649	11691	0.00188934697291
XMTI4ODUxMTAxNg==	125	150	0.04	131	0.002304
XMTI4ODUxNzk1Mg==	5679	6751	0.0356324622204	5895	0.00144665097787
XMTI4ODUxODMwMA==	142	96	0.104939496132	84	0.166831977782
XMTI4ODUxOTIxNg==	155	205	0.104058272633	179	0.0239750260146
XMTI4ODUyMDExNg==	347	481	0.149125065402	420	0.0442574890581
XMTI4ODUyMjU1Mg==	20371	14162	0.0929006220844	12367	0.154379440409
XMTI4ODUyNTI1Ng==	336	459	0.134008290816	401	0.0374238236961
XMTI4ODUyNTM3Mg==	23	33	0.189035916824	28	0.047258979206
XMTI4ODUyODE4NA==	200	263	0.099225	230	0.0225
XMTI4ODUzMDgxNg==	109626	148284	0.124351671547	129485	0.0328161490539
XMTI4ODUzMTc0OA==	654	841	0.0817575213459	735	0.0153396178773
XMTI4ODUzMzQyMA==	812	642	0.0438314445873	560	0.0963139120095
XMTI4ODUzNTg4OA==	248	271	0.00860106659729	237	0.00196735171696
XMTI4ODUzNzIxMg==	255	315	0.0553633217993	275	0.00615148019992
XMTI4ODUzNzYwOA==	257	263	0.000545049887205	230	0.0110372602159
XMTI4ODUzODExMg==	24	34	0.173611111111	30	0.0625
XMTI4ODY0MjA0NA==	438	588	0.117282792269	514	0.0301077959175
XMTI4ODY0MjM1Ng==	1925	2435	0.0701905886321	2126	0.0109026142688
XMTI4ODY0NDk4OA==	15456	17410	0.0159828749159	15203	0.000267945719955
XMTI4ODY0NTcwOA==	36	33	0.00694444444444	28	0.0493827160494
XMTI4ODY0NjE3Ng==	68115	80456	0.0328257896903	70256	0.000987979225538
XMTI4ODY3NDU1Mg==	343	321	0.00411393212012	280	0.0337359433569
XMTI4ODY3NzA3Mg==	102	119	0.0277777777778	104	0.000384467512495
XMTI4ODY3NzgwMA==	38	51	0.11703601108	44	0.0249307479224
XMTI4ODY4MzcyNA==	15	20	0.111111111111	17	0.0177777777778
XMTI4ODY4NDE0OA==	33	45	0.132231404959	40	0.0449954086318
XMTI4ODY5MTU4NA==	603	813	0.121284126631	710	0.0314871194057
XMTI4ODYwNzUzNg==	22	31	0.167355371901	27	0.051652892562
XMTI4ODYyNTc2OA==	86	105	0.0488101676582	91	0.0033802055165
XMTI4ODYyNzg4NA==	121	170	0.163991530633	148	0.0497916808961
XMTI4ODYyOTM2OA==	660	881	0.112123507805	769	0.0272750229568
XMTI4ODYzNzYzMg==	22	28	0.0743801652893	25	0.0185950413223
XMTI4ODYzOTM3Ng==	34	25	0.0700692041522	22	0.124567474048
XMTI4ODc0NTg1Ng==	2336	2935	0.06575184867	2563	0.0094429140669
XMTI4ODc1MTc0OA==	125651	175757	0.159018469624	153475	0.0490351186754
XMTI4ODc1ODI4MA==	166	225	0.12632457541	196	0.0326607635361
XMTI4ODc2NzQyOA==	23	33	0.189035916824	28	0.047258979206
XMTI4ODc2ODQ4MA==	532	615	0.0243406919555	537	8.83317315846e-05
XMTI4ODc3MjU2OA==	8913	10479	0.0308699341021	9151	0.000713027206197
XMTI4ODc3NTIyMA==	19	24	0.0692520775623	21	0.01108033241
XMTI4ODc3NzE3Mg==	23	21	0.00756143667297	19	0.0302457466919
XMTI4ODc3NzczMg==	12032	15262	0.0720658308783	13327	0.0115841424751
XMTI4ODc4ODk2OA==	66	92	0.155188246097	80	0.0449954086318
XMTI4ODc4OTYxMg==	35	28	0.04	25	0.0816326530612
XMTI4ODc4OTk0NA==	690	711	0.000926275992439	621	0.01
XMTI4ODc5MDM3Mg==	42	57	0.127551020408	49	0.0277777777778
XMTI4ODc5NzE5Ng==	499	195	0.371147103827	170	0.434701065458
XMTI4ODc5OTIxMg==	250	221	0.013456	193	0.051984
XMTI4ODc5OTYxNg==	85	89	0.00221453287197	78	0.00678200692042
XMTI4ODcwMTY1Mg==	9306	609	0.87339930853	532	0.888933276041
XMTI4ODcwMzk1Mg==	284	368	0.0874826423329	321	0.016973318786
XMTI4ODcwNDkwMA==	117	161	0.141427423479	141	0.0420775805391
XMTI4ODcwNzcxNg==	2672	1602	0.16035948313	1399	0.226978070431
XMTI4ODcwNzg4MA==	62	74	0.0374609781478	64	0.00104058272633
XMTI4ODcxMzIyOA==	392	525	0.115114795918	458	0.0283475635152
XMTI4ODcxNTA1Ng==	427	57	0.750840513577	49	0.783660306369
XMTI4ODcxNjk3Ng==	155	216	0.154880332986	189	0.0481165452653
XMTI4ODcxOTI3Mg==	45	20	0.308641975309	17	0.387160493827
XMTI4ODcyNjAyMA==	58	47	0.0359690844233	41	0.0859096313912
XMTI4ODcyOTExNg==	19	21	0.01108033241	19	0.0
XMTI4ODczNDY4NA==	12561	6457	0.236146013631	5638	0.303766748116
XMTI4ODczODIyOA==	277	382	0.143687523622	333	0.0408711178303
XMTI4ODg0NjgyNA==	1095	1004	0.00690644481975	877	0.0396355372073
XMTI4ODg2NDQzNg==	92	100	0.00756143667297	88	0.00189035916824
XMTI4ODg2NTE0MA==	1359	1712	0.0674699669334	1495	0.010014722118
XMTI4ODgxMDQwOA==	16	23	0.19140625	20	0.0625
XMTI4ODgxNTM0NA==	41	20	0.262343842951	17	0.342653182629
XMTI4ODgxODEwOA==	94	107	0.0191263014939	94	0.0
XMTI4ODgyMTA1Mg==	229	311	0.128220285654	272	0.03525867165
XMTI4ODgyNDc1Mg==	115	64	0.196672967864	56	0.263213610586
XMTI4ODgzMzg3Ng==	30	23	0.0544444444444	20	0.111111111111
Log-Linear MRSE = 0.120586995507, Linear-LRS MRSE = 0.0948872347013
