XMTM2MTQzNzQ5Ng==	90466	125799	0.152542285997
XMTM2MTEwNjA0MA==	223	258	0.024633513644
XMTM2MDg1NjIwMA==	21	17	0.0362811791383
XMTM2MTE3MjQ2NA==	2462	1942	0.0446098322446
XMTM2MTIyNTY3Ng==	380	422	0.012216066482
XMTM2MTY3NDU3Ng==	412	571	0.148936044868
XMTM2MTEwNTkzMg==	30	36	0.04
XMTM2MTQ4MjI0OA==	45	54	0.04
XMTM2MTI1OTYyMA==	29	29	0.0
XMTM2MDg1NDUxMg==	292	348	0.0367798836555
XMTM2MTI2MjM2MA==	11349	399	0.930921469358
XMTM2MDk0NDY4MA==	92	70	0.0571833648393
XMTM2MTI5NTc0OA==	22	25	0.0185950413223
XMTM2MTEwNDc1Ng==	218	105	0.268685295851
XMTM2MTA5OTk2NA==	119	146	0.0514794152955
XMTM2MDIyMzQ4NA==	101	86	0.0220566611117
XMTM2MTU4MzkwOA==	38	35	0.00623268698061
XMTM2MTMxMTQ4NA==	21	23	0.00907029478458
XMTM2MTI1NjU2MA==	225	219	0.000711111111111
XMTM2MDkwODMzNg==	475	480	0.0001108033241
XMTM2MTMyOTIzNg==	77	89	0.0242874009108
XMTM2MTQ1NzgwOA==	162	170	0.00243865264441
XMTM2MDg5OTU2OA==	17391	21115	0.0458532617501
XMTM2MTI0NTQ5Ng==	2699	2085	0.051752456998
XMTM2MTEyMjA4MA==	12753	10736	0.0250142264455
XMTM2MTEwODQ4NA==	8573	5651	0.116170210352
XMTM2MDc3MzQ4MA==	184031	215710	0.0296319993701
XMTM2MTcwMjI4NA==	2650	3071	0.0252390174439
XMTM2MDk4NjYyOA==	918	1091	0.0355145931527
XMTM2MTQ0MDMwMA==	88	80	0.00826446280992
XMTM2MTUxNTk2NA==	59	24	0.351910370583
XMTM2MTE5NTA0OA==	51	70	0.138792772011
XMTM2MTQ0ODg4MA==	225	137	0.152967901235
XMTM2MTE2OTA2OA==	32	34	0.00390625
XMTM2MTMxMDI3Ng==	63522	67582	0.00408510985823
XMTM2MTEzNTgwNA==	941	685	0.074011751805
XMTM2MDg1NjA3Mg==	34907	47065	0.121310732779
XMTM2MTA3OTMzMg==	315969	4765	0.970066237597
XMTM2MTE4ODc0OA==	976	1076	0.0104978500403
XMTM2MDk4NjQxNg==	303	163	0.213486695204
XMTM2MTY3OTEyNA==	126	139	0.0106449987402
XMTM2MTUwMDIxMg==	25	25	0.0
XMTM2MTMzNDM2NA==	3142	1417	0.301415677454
XMTM2MDkyOTUyOA==	1775	2811	0.340661297362
XMTM2MTAyNTQ4NA==	2180	1034	0.276347950509
XMTM2MTE3Mzk0OA==	601	827	0.141406031545
XMTM2MTExMjA4MA==	51	100	0.923106497501
XMTM2MDk5NTk0OA==	38	33	0.0173130193906
XMTM2MTA5NTczMg==	96109	120129	0.062462288099
XMTM2MTE3ODkyOA==	5495	6618	0.0417661187563
XMTM2MTYxNjU2OA==	2059	1903	0.00574032528982
XMTM2MTIxNTAwNA==	257	235	0.00732789292798
XMTM2MTE2MDA4OA==	53	58	0.00889996440014
XMTM2MDc4NTE2NA==	167	187	0.0143425723403
XMTM2MTI1ODE0NA==	163760	246024	0.252350393501
XMTM2MTQwNDQwOA==	110	131	0.0364462809917
XMTM2MTMxODY2NA==	40	44	0.01
XMTM2MTE1NzkyMA==	380	401	0.0030540166205
XMTM1OTU3ODgwNA==	67	75	0.0142570728447
XMTM2MTIzNTI2NA==	436	478	0.00927952192576
XMTM2MTYwMDMyMA==	5634	6617	0.0304420118281
XMTM2MTMxOTcyMA==	344	377	0.00920260951866
XMTM2MTQxMzc3Ng==	1069	76	0.862865463557
XMTM2MDg5NzM4MA==	964	1288	0.112962931079
XMTM2MTI2MzQ5Mg==	281	305	0.00729474044148
XMTM2MTUxODk2NA==	23	26	0.0170132325142
XMTM2MDg5MDQ1Ng==	493	443	0.0102859917136
XMTM2MTQ2MTg2OA==	3783	4507	0.0366272615592
XMTM2MDg5NTcwOA==	52271	19502	0.393011048259
XMTM2MTE2MTcwMA==	497	496	4.04843548211e-06
XMTM2MTI3NzQ4NA==	2685	32	0.976305913604
XMTM2MTI3MTk0MA==	32	36	0.015625
XMTM2MTM1MDg3Ng==	488	627	0.0811315842515
XMTM2MTI1ODc3Ng==	170281	1309	0.984684507767
XMTM2MTE0MzA1Ng==	127	154	0.0451980903962
XMTM2MDU1NjIyNA==	808	1108	0.137854131948
XMTM2MTA4OTgxMg==	1881	2687	0.183608377346
XMTM2MTU1NDQyOA==	1117	1300	0.0268408233141
XMTM2MTMzNzY4OA==	86	91	0.0033802055165
XMTM2MTQ5ODk5Mg==	652	833	0.0770658474162
XMTM2MTAxMTM0NA==	16749	23020	0.140183157035
XMTM2MTM0MDcwMA==	43	28	0.121687398594
XMTM2MDg3NDMxMg==	2797	3125	0.0137519015534
XMTM2MTU4MjAyOA==	5964	7125	0.0378956333575
XMTM2MTM3Mjc0NA==	449	568	0.0702427071294
XMTM2MTU0OTQ0OA==	93	132	0.175858480749
XMTM2MTAwMDcxNg==	22047	33038	0.248528049576
XMTM2MDczMjY5Ng==	86	91	0.0033802055165
XMTM2MTM3MjU5Ng==	16274	18632	0.0209941829856
XMTM2MDg2NDg2MA==	42	50	0.0362811791383
XMTM2MDk1Nzk5Ng==	415227	499744	0.0414301947519
XMTM2MDc0NDQ3Mg==	15151	21401	0.170167821215
XMTM2MTI2MTUyOA==	36787	47918	0.0915544843291
XMTM2MDk1MTk4OA==	36	22	0.151234567901
XMTM2MDI0NDU3Mg==	92	102	0.0118147448015
XMTM2MTU5NjQ3Ng==	3720	2933	0.0447572696265
XMTM2MDk4NzYwMA==	2821	2989	0.00354660148144
XMTM2MTI4MjY1Mg==	133	144	0.00684040929391
XMTM2MTExODM2OA==	95	71	0.0638227146814
XMTM2MDkzMjY0MA==	2243	995	0.309578380175
XMTM2MTI0MjIzMg==	119	95	0.0406750935668
XMTM2MTQyNjIwNA==	18	18	0.0
XMTM2MTM3MDcwMA==	201	237	0.0320784139006
XMTM2MTcwNTA2OA==	29	36	0.0582639714625
XMTM2MDg0NzUzNg==	163	188	0.0235236553879
XMTM2MDg5MjM5Ng==	891	307	0.429605948499
XMTM2MDg1ODgwMA==	87	60	0.0963139120095
XMTM2MTAxNzA0NA==	63	34	0.211892164273
XMTM2MTI2ODMxNg==	4903	248	0.901395912021
XMTM2MTUwODE2MA==	7659	4541	0.165732653071
XMTM2MTEwNDYwOA==	190	230	0.0443213296399
XMTM2MDc1NjE1Ng==	23	17	0.0680529300567
XMTM2MTU0NjgzMg==	686	1083	0.334913598926
XMTM2MTI1NDgyOA==	2563	1990	0.0499818160201
XMTM2MTQ1Mzc5Ng==	104	31	0.492696005917
XMTM2MDk2NjM2MA==	22402	23017	0.000753662047325
XMTM2MDg4MTM0OA==	14660	12023	0.0323558131657
XMTM2MTI2MzA2OA==	9608	363	0.925865373516
XMTM2MDk5Mjg1Mg==	132	139	0.00281221303949
XMTM2MTMxNDY2OA==	12998	19004	0.213509690236
XMTM2MTM1Nzg3Ng==	5908	6962	0.0318273330311
XMTM2MTMzMTI5Ng==	2412	2720	0.0163059770248
XMTM2MTQ5OTU0NA==	468	456	0.000657462195924
XMTM2MTI1NzUxMg==	69	62	0.0102919554715
XMTM2MTEwMzM1Mg==	3412	2668	0.0475475152177
XMTM2MTA2MTY4NA==	95	73	0.0536288088643
XMTM2MDc1NDM0MA==	932	898	0.00133084050176
XMTM2MTM1MjU2NA==	192	198	0.0009765625
XMTM2MTEyOTM3Mg==	102	124	0.0465205690119
XMTM2MTIyMjEwOA==	59184	78132	0.102498644994
XMTM2MTUzODIyOA==	19	36	0.80055401662
XMTM2MTI0MjE0OA==	14266	18751	0.0988372049601
XMTM2MTQzMTg4MA==	180287	161159	0.0112566795268
XMTM2MTM5OTQ3Mg==	680	423	0.142839532872
XMTM2MDg0MDQxMg==	221	254	0.022296840769
XMTM2MTMzMDExNg==	1791037	172330	0.816821901572
XMTM2MDc2MjM0NA==	148	197	0.10961468225
XMTM2MDk0MDIyMA==	407	245	0.158431382019
XMTM2MTMxMDQyMA==	107	135	0.0684775962966
XMTM2MDkxNzU4NA==	134	112	0.0269547783471
XMTM2MDc0MDk3Ng==	186	183	0.000260145681582
XMTM2MTQzNzgwOA==	10236	8600	0.0255450080713
XMTM2MDgxMzE3Ng==	1799	2709	0.255870641493
XMTM2MTA2OTE2MA==	926	1076	0.0262398014638
XMTM2MTIxOTA1Mg==	61	66	0.0067186240258
XMTM2MDg0NzIyOA==	252	343	0.130401234568
XMTM2MTQ1MzY2OA==	708	828	0.0287273771905
XMTM2MTExMzcwMA==	6953	7003	5.17125019048e-05
XMTM2MTQzOTIwMA==	57894	10441	0.671831301423
XMTM2MTQ5MzMxNg==	2870	2426	0.0239332758683
XMTM2MTEwNzE1Ng==	63	30	0.274376417234
XMTM2MTU5Njg2OA==	27	28	0.00137174211248
XMTM2MTM5NTM0MA==	15301	16261	0.00393643274476
XMTM2MTIxNDU1Mg==	1663	1485	0.0114565935618
XMTM2MTI2NTYxNg==	6326	270	0.916459669577
XMTM2MTMzMTkxNg==	6050	2491	0.346055078205
XMTM2MTAxMzUxMg==	6130	7077	0.0238659655267
XMTM2MTU1Mzk3Mg==	998	447	0.304819056952
XMTM2MTI2MDkxMg==	2011	2108	0.00232658716196
XMTM2MDkxMTA2OA==	34515	37613	0.0080565122429
XMTM2MTE1MzQ2NA==	39445	22310	0.188705386361
XMTM2MTI4Mzg2MA==	361	555	0.288794591816
XMTM2MTYxNTYyOA==	553	633	0.0209280956414
XMTM2MTMyMzc3Ng==	3737	3787	0.000179016809607
XMTM2MTU5NDQ3Mg==	56312	67034	0.0362534800177
XMTM2MTEwMjcxMg==	228	100	0.315173899661
XMTM2MDkxOTg3Mg==	16	18	0.015625
XMTM2MTE0NTY4NA==	1594	1628	0.000454968364743
XMTM2MTYwOTMzMg==	2690	2768	0.000840784400437
XMTM2MTM2Mjg5Ng==	183	137	0.0631849263937
XMTM2MDk0NzEzNg==	15753	23110	0.218109692803
XMTM2MDc4MzA2NA==	61	47	0.0526740123623
XMTM2MDYxOTAyMA==	237	296	0.0619736865531
XMTM2MDk2NTMyNA==	23	26	0.0170132325142
XMTM2MTI5MTU3Mg==	21667	26390	0.0475158305076
XMTM2MTQ3NjcwMA==	3879	4883	0.0669927593806
XMTM2MTI3MjI5Mg==	4649	463	0.810735809101
XMTM2MDY5ODY4OA==	35	30	0.0204081632653
XMTM2MDk0OTg5Ng==	16066	19967	0.0589571355951
XMTM2MTI2MDkxNg==	57	43	0.0603262542321
XMTM2MTQ2MDM2NA==	89	49	0.201994697639
XMTM2MTIxNjY2OA==	45713	62534	0.13540171789
XMTM2MTE0ODYwNA==	20	24	0.04
XMTM2MDk2NDIzNg==	288	329	0.0202666859568
XMTM2MTQ4MTk0NA==	17402	17997	0.00116905677425
XMTM2MTczNzc3Ng==	41	48	0.0291493158834
XMTM2MTQ1MjY3Ng==	21203	19966	0.00340364904149
XMTM2MTA1NDU2NA==	12171	15734	0.0856996641287
XMTM2MDgxNDcwNA==	1885	1350	0.0805535816054
XMTM2MTYwNjI2OA==	760	870	0.0209487534626
XMTM2MTQyMzUzNg==	210	221	0.00274376417234
XMTM2MDk1NzM0MA==	93	57	0.149843912591
XMTM2MTM1MTU2OA==	60	48	0.04
XMTM2MTM0ODQ1Ng==	359	114	0.465739713379
XMTM2MDIyODA0OA==	115	88	0.0551228733459
XMTM2MTQ4Njg2OA==	3039	3162	0.00163813173074
XMTM2MTMyMzU0OA==	1591	1730	0.00763289417493
XMTM2MDc0OTI0MA==	302	329	0.00799307047936
XMTM2MTQxMDIwMA==	17971	20243	0.0159835103168
XMTM2MDk1Njk0NA==	83	69	0.0284511540136
XMTM2MTA3NTE5Mg==	31	30	0.00104058272633
XMTM2MTA3Njc2OA==	1676	163	0.814947867123
XMTM2MTEzNjYwMA==	1116	750	0.107555786796
XMTM2MDkwNDQ5Mg==	3562	4008	0.0156776833006
XMTM2MDc2MTk3Ng==	25	26	0.0016
XMTM2MTA4NDE4MA==	64	71	0.011962890625
XMTM2MTUzODQ3Ng==	48	51	0.00390625
XMTM2MTM4NDY5Mg==	1223	1435	0.0300482239764
XMTM2MTU5MTAzNg==	5239	2189	0.338924435827
XMTM2MDk0NjQ5Ng==	6128	3127	0.239825013506
XMTM2MTU5OTI3Ng==	212	251	0.0338421146315
XMTM2MTI1MjIyMA==	145	67	0.28936979786
XMTM2MTczMTYwMA==	36	35	0.000771604938272
XMTM2MTA5MDY4MA==	220	348	0.338512396694
XMTM2MTM5MzU5Ng==	113	96	0.0226329391495
XMTM2MDk4NTc0MA==	58	66	0.0190249702735
XMTM2MTMwODEwOA==	17	17	0.0
XMTM2MTA2Mzk4MA==	622	692	0.0126652950238
XMTM2MTA3NDMzMg==	19	17	0.01108033241
XMTM2MTExNjY2NA==	28	27	0.00127551020408
XMTM2MDgzODgzMg==	4944	5759	0.027174295475
XMTM2MTE4MzQ3Ng==	261	262	1.46797610135e-05
XMTM2MTU2ODcxMg==	52274	66751	0.0766982900612
XMTM2MDczODM2MA==	1300	1485	0.0202514792899
XMTM2MTUwNjQ2NA==	3613	1264	0.422697919658
XMTM2MDgzOTE2OA==	36	23	0.130401234568
XMTM2MTA5ODAwNA==	166	188	0.017564232835
XMTM2MTI2NjkzNg==	29	27	0.00475624256837
XMTM2MTA3MzAyMA==	28	28	0.0
XMTM2MDk5MjUyMA==	1432	1672	0.0280890109547
XMTM2MTUxNDE0OA==	88	45	0.238765495868
XMTM2MTMwNTQ4NA==	9491	10867	0.0210190421459
XMTM2MDgzMzY5Mg==	161	170	0.00312487944138
XMTM2MTE0OTM2NA==	61	97	0.348293469497
XMTM2MTM3MjUxNg==	3424	943	0.52503229335
XMTM2MTMwMTk5Ng==	92	60	0.120982986767
XMTM2MDg1ODQyOA==	914	754	0.0306441496009
XMTM2MTI4MjEwOA==	9851	10771	0.00872197859568
XMTM2MTE2NDkxMg==	94	102	0.00724309642372
XMTM2MDk2ODQ5Mg==	41	48	0.0291493158834
XMTM2MTIzOTk0OA==	152	167	0.0097385734072
XMTM2MDk3MDY5Mg==	61	29	0.275194840097
XMTM2MTUwODczMg==	39	48	0.0532544378698
XMTM2MTIwNzkxMg==	45	34	0.0597530864198
XMTM2MTMwNzY0OA==	45	42	0.00444444444444
XMTM2MTYwMTI4OA==	1713	2032	0.0346790059464
XMTM2MTI4MTE2NA==	61	58	0.00241870464929
XMTM2MTMzNDM3Mg==	52	56	0.00591715976331
XMTM2MTI2MzYxNg==	29	19	0.118906064209
XMTM2MDc5MjExNg==	24009	7740	0.459170073499
XMTM2MTQ5MzE4MA==	24	28	0.0277777777778
XMTM2MTU1ODY3Mg==	88	88	0.0
XMTM2MDc0MzU3Mg==	5018	6636	0.103967049828
XMTM2MTYwMDM4OA==	540	741	0.138549382716
XMTM2MTI3NzcyMA==	115	128	0.0127788279773
XMTM2MTI3MDkyMA==	4243	243	0.888738346488
XMTM2MTM1MjYwMA==	142	144	0.000198373338623
XMTM2MDg1NzAyNA==	61	41	0.107497984413
XMTM2MTI1MDk4MA==	125	109	0.016384
XMTM2MTU5NjU3Ng==	3711	3892	0.00237889482215
XMTM2MTQ2OTM5Ng==	1548	1613	0.00176313188978
XMTM2MTM3ODY2MA==	179	164	0.00702225273868
XMTM2MTIwNzc2MA==	160	176	0.01
XMTM2MTEzMTk1Mg==	113	104	0.00634348813533
XMTM2MDc1MTU1Ng==	332	234	0.0871316591668
XMTM2MTUwNTEyOA==	17	17	0.0
XMTM2MDgzNDA3Mg==	379	448	0.0331451326571
XMTM2MDg1MDk2OA==	133	145	0.00814065238284
XMTM2MDg2MjQzNg==	87117	189	0.995665714324
XMTM2MDk3NzU0NA==	80698	83199	0.000960509889267
XMTM2MDkzMTM3Ng==	1842136	2106177	0.0205446789072
XMTM2MDcyMjgxNg==	1113	1277	0.0217118768713
XMTM2MTMzNDQwNA==	193	175	0.00869822008645
XMTM2MDg5NTU0NA==	3833	3119	0.0346991459029
XMTM2MTM4NTk2MA==	42	52	0.0566893424036
XMTM2MDc2NDU5Mg==	71	62	0.0160682404285
XMTM2MTMyMzE4NA==	45000	13482	0.49056016
XMTM2MDg0OTQxNg==	170	205	0.0423875432526
XMTM2MDkyODI0OA==	113	82	0.0752603962722
XMTM2MDk3MzkyNA==	40224	146	0.992753826879
XMTM2MTE5MDMyMA==	185	53	0.509101533966
XMTM2MTQyMzA1Mg==	257	263	0.000545049887205
XMTM2MTcyMDcxMg==	29	18	0.143876337693
XMTM2MTI2MDAwMA==	22044	630	0.94365836052
XMTM2MTIzMTEwOA==	503	560	0.0128414404231
XMTM2MTU1MTU2OA==	90	136	0.261234567901
XMTM2MTM3MDM4NA==	4493	2633	0.171377203275
XMTM2MDk0MjQxMg==	1099	1161	0.00318264349839
XMTM2MTA2ODM5Ng==	123	143	0.0264392887831
XMTM2MTQyMTI0OA==	444	480	0.00657414170928
XMTM2MTcxNTU4NA==	318	360	0.0174439302243
XMTM2MTQ3NDk3Ng==	1260	1548	0.0522448979592
XMTM2MTI4MTg3Ng==	426	226	0.220414820693
XMTM2MTM0ODM1Ng==	8721	8369	0.00162911879444
XMTI4NDg5NzMzNg==	1865	2078	0.0130437220134
XMTI4NzA2MDg5Ng==	5470	5152	0.00337971117179
XMTI4NzUyOTE2OA==	76	66	0.0173130193906
XMTI4NzY1ODI1Mg==	1653	1743	0.00296441711325
XMTI4Nzg2NTUyMA==	89	71	0.0409039262719
XMTI4NzgyOTUyOA==	60	98	0.401111111111
XMTI4Nzk0Mjg1Ng==	1345	1011	0.061666367242
XMTI4Nzk1NjU0MA==	213	188	0.0137759262933
XMTI4Nzk1NzE2OA==	30	34	0.0177777777778
XMTI4Nzk2NjU0OA==	248	386	0.309638397503
XMTI4Nzk2ODM5Mg==	26	28	0.00591715976331
XMTI4Nzk3MDc2NA==	129	43	0.444444444444
XMTI4Nzk4NjQyOA==	245	301	0.0522448979592
XMTI4Nzk4OTI2NA==	126	120	0.00226757369615
XMTI4Nzk5MjgwOA==	10876	10355	0.00229475882532
XMTI4Nzk5NTg3Mg==	1637	1331	0.0349418177462
XMTI4Nzk5ODQ4OA==	649	777	0.0388982932139
XMTI4Nzk5OTk0NA==	131	93	0.0841442806363
XMTI4NzkxMTc3Mg==	551	639	0.0255071623611
XMTI4NzkxNTU4NA==	773	78	0.808370807107
XMTI4NzkyMTk4OA==	73	98	0.117282792269
XMTI4NzkzODI0OA==	313	407	0.0901917953638
XMTI4ODA0MjA1Mg==	1120	1504	0.117551020408
XMTI4ODA0MjM5Ng==	5144	5579	0.00715116163058
XMTI4ODA0NTMyNA==	17	19	0.0138408304498
XMTI4ODA1NDEzNg==	170	167	0.000311418685121
XMTI4ODA1NjA4MA==	69	69	0.0
XMTI4ODA1ODQwMA==	60	58	0.00111111111111
XMTI4ODA1OTU5Mg==	20	25	0.0625
XMTI4ODA2MDQ0MA==	33	26	0.0449954086318
XMTI4ODA2NTEyNA==	199	258	0.0879018206611
XMTI4ODA2OTQ2NA==	2560	2791	0.00814224243164
XMTI4ODA3MzA5Ng==	300	347	0.0245444444444
XMTI4ODA3MzM1Ng==	1720	2075	0.0425990400216
XMTI4ODA4MDQ5Mg==	600	856	0.182044444444
XMTI4ODA4MzU3Ng==	223529	278544	0.0605751480346
XMTI4ODA4NzUyOA==	124	164	0.104058272633
XMTI4ODA4NzY4MA==	18	18	0.0
XMTI4ODA5MDA4MA==	104	140	0.119822485207
XMTI4ODA5MTcwMA==	1967	2110	0.0052852234725
XMTI4ODA5MjAyOA==	15	22	0.217777777778
XMTI4ODA5MjI5Ng==	257	214	0.0279943678178
XMTI4ODA5MjQ4MA==	278	364	0.095698980384
XMTI4ODA5NTE3Ng==	30	35	0.0277777777778
XMTI4ODAwODUwNA==	223	257	0.0232459932836
XMTI4ODAwODk1Ng==	55760	67871	0.0471752790834
XMTI4ODAxMDY2MA==	188	224	0.0366681756451
XMTI4ODAxOTkwNA==	117	134	0.0211118416247
XMTI4ODAyOTg1Mg==	19675	22265	0.0173288621161
XMTI4ODAzMjM0NA==	209	263	0.0667567134452
XMTI4ODAzNzQ4MA==	14	24	0.510204081633
XMTI4ODAzODc5Mg==	2545	2181	0.020456305171
XMTI4ODAzOTc2MA==	15577	20196	0.0879282206489
XMTI4ODE0MDYwOA==	1483	1829	0.0544339557011
XMTI4ODE0NTk2OA==	103	57	0.199453294373
XMTI4ODE0NjI4MA==	53	55	0.00142399430402
XMTI4ODE0NjUzNg==	280	348	0.0589795918367
XMTI4ODE0ODIxNg==	1426	1583	0.0121216085166
XMTI4ODE1MjMwMA==	132	92	0.0918273645546
XMTI4ODE1NTg0NA==	3030	3483	0.0223517302225
XMTI4ODE2MDQ5Mg==	3277	4051	0.0557864901889
XMTI4ODE2NzA1Mg==	27	38	0.16598079561
XMTI4ODE3MDY4NA==	385	444	0.0234845673807
XMTI4ODE3OTExMg==	17100	16430	0.00153517321569
XMTI4ODE3OTk4NA==	102	134	0.0984236831988
XMTI4ODE4NDgyNA==	43	30	0.091400757166
XMTI4ODE4Njc5Mg==	5049	780	0.7148938619
XMTI4ODE4NzI3Ng==	18	22	0.0493827160494
XMTI4ODE4OTA0OA==	284247	350562	0.054429177104
XMTI4ODE5MjkwOA==	1767	1676	0.00265222085464
XMTI4ODEwNDk2MA==	16	21	0.09765625
XMTI4ODExMjAzNg==	3277	560	0.6874266964
XMTI4ODExMzM2NA==	22	27	0.051652892562
XMTI4ODExNzc0NA==	17	22	0.0865051903114
XMTI4ODExOTMyNA==	82	97	0.0334622248662
XMTI4ODEyMDUyOA==	245	471	0.85091211995
XMTI4ODEyNzI4OA==	208	255	0.0510586168639
XMTI4ODEyNzM0OA==	1733	1795	0.0012799301033
XMTI4ODEzMjEyOA==	38	48	0.0692520775623
XMTI4ODEzODgwNA==	285	305	0.00492459218221
XMTI4ODI0MTM2OA==	232	319	0.140625
XMTI4ODI0NzI0NA==	392	324	0.0300916284881
XMTI4ODI0Nzk3Ng==	214	137	0.129465455498
XMTI4ODI0ODcxNg==	21	18	0.0204081632653
XMTI4ODI1NDE4OA==	50	68	0.1296
XMTI4ODI1NjIxMg==	432	527	0.0483592678326
XMTI4ODI1ODEyOA==	1404	416	0.495198902606
XMTI4ODI1ODM3Ng==	23	29	0.0680529300567
XMTI4ODI1ODk4NA==	305	309	0.00017199677506
XMTI4ODI1OTIyMA==	367	397	0.00668206015339
XMTI4ODI1OTYwNA==	66	76	0.0229568411387
XMTI4ODI2NTMyMA==	1184	1485	0.0646293199872
XMTI4ODI2NTc5Mg==	6105	7194	0.0318188458729
XMTI4ODI2NzAyMA==	186	172	0.00566539484333
XMTI4ODI3NTUwNA==	121240	154107	0.0734900045429
XMTI4ODI3NTkyOA==	610	725	0.0355415210965
XMTI4ODI4MDA5Mg==	52	55	0.00332840236686
XMTI4ODI4MTA3Mg==	630	721	0.0208641975309
XMTI4ODI4NzQwNA==	548	615	0.0149481858384
XMTI4ODI5MTU5Ng==	30	19	0.134444444444
XMTI4ODI5MTY4OA==	69	96	0.153119092628
XMTI4ODI5MjcwOA==	17550	14916	0.0225256483308
XMTI4ODI5Mzc4NA==	254	289	0.0189875379751
XMTI4ODI5NDkzNg==	290	291	1.18906064209e-05
XMTI4ODI5NjA0NA==	16	30	0.765625
XMTI4ODI5NjYzNg==	2076	2678	0.0840888250341
XMTI4ODI5OTA3Ng==	445	816	0.695068804444
XMTI4ODIwMjg2OA==	245	317	0.0863640149938
XMTI4ODIxMzcxMg==	88	161	0.688145661157
XMTI4ODIyMDUwNA==	96	70	0.0733506944444
XMTI4ODIzMjY2OA==	168	203	0.0434027777778
XMTI4ODIzNDYyMA==	137	110	0.0388406414833
XMTI4ODIzNzAzNg==	148	154	0.00164353542732
XMTI4ODIzNzY2OA==	6613	3914	0.166574578769
XMTI4ODIzOTI3Ng==	215	283	0.100032449973
XMTI4ODM0NDA4OA==	50	69	0.1444
XMTI4ODM0NTY2MA==	399703	497440	0.0597920154855
XMTI4ODM0ODQwMA==	1131	541	0.272131498693
XMTI4ODM1MDQ2OA==	230	271	0.0317769376181
XMTI4ODM2MTcwNA==	39	20	0.237343852728
XMTI4ODM2MzMzMg==	148	164	0.0116873630387
XMTI4ODM2NDQwNA==	14126	15972	0.0170775273504
XMTI4ODM2NTM1Ng==	156	181	0.0256821170283
XMTI4ODM3MjcxNg==	324	262	0.0366178936138
XMTI4ODM3ODQ1Ng==	42	45	0.00510204081633
XMTI4ODM4NzA0OA==	464	490	0.00313986325803
XMTI4ODM4Nzg3Ng==	8350	840	0.808922514253
XMTI4ODM5MDk5Mg==	3417	3373	0.000165811785295
XMTI4ODM5MTQ5Ng==	90572	90064	3.1458608508e-05
XMTI4ODM5MjEzMg==	13552	12688	0.00406462701193
XMTI4ODM5Mzk2MA==	1470	1474	7.40432227313e-06
XMTI4ODM5OTAwNA==	101882	122788	0.0421062891488
XMTI4ODMwMTc4MA==	19	22	0.0249307479224
XMTI4ODMwMzMwMA==	2898	3050	0.00275099888026
XMTI4ODMwNDg0OA==	27	31	0.0219478737997
XMTI4ODMwNTcwMA==	2857	2849	7.8407840588e-06
XMTI4ODMwNjY5Mg==	22	27	0.051652892562
XMTI4ODMwNzg1Mg==	31883	36490	0.020879402488
XMTI4ODMwOTU4NA==	118	119	7.18184429762e-05
XMTI4ODMxMDkzNg==	31	45	0.20395421436
XMTI4ODMxNDgxNg==	314	405	0.0839892084872
XMTI4ODMxNTY5Mg==	3118	3768	0.0434584759148
XMTI4ODMyOTk0OA==	205	240	0.0291493158834
XMTI4ODMzNTY4NA==	51	79	0.301422529796
XMTI4ODQ0NjQ4MA==	140	170	0.0459183673469
XMTI4ODQ0NjgwMA==	1848	2706	0.21556122449
XMTI4ODQ0ODk4OA==	91944	108178	0.0311748444983
XMTI4ODQ1MjcyOA==	60	63	0.0025
XMTI4ODQ1NDMwMA==	444	504	0.018261504748
XMTI4ODQ1ODEzMg==	404	492	0.0474463287913
XMTI4ODQ2MTEyNA==	118	117	7.18184429762e-05
XMTI4ODQ2MTk0NA==	1518	2109	0.151576340827
XMTI4ODQ2MjMwNA==	21	30	0.183673469388
XMTI4ODQ2Mjc5Ng==	25	26	0.0016
XMTI4ODQ2MzgyOA==	140	139	5.10204081633e-05
XMTI4ODQ2NTI4OA==	985	1629	0.427463732639
XMTI4ODQ2NjM1Mg==	367	443	0.0428839771622
XMTI4ODQ3MDU2NA==	2643	2962	0.014567567525
XMTI4ODQ3MDgwMA==	194	192	0.000106281220108
XMTI4ODQ3MzQ4OA==	297	292	0.000283417791835
XMTI4ODQ3NjU4MA==	503	503	0.0
XMTI4ODQ3NjcxNg==	204	243	0.0365484429066
XMTI4ODQ3Nzc4MA==	33	41	0.058769513315
XMTI4ODQ4MTg3Mg==	190	222	0.0283656509695
XMTI4ODQ4NzI2MA==	494	591	0.0385557868511
XMTI4ODQwMTY0NA==	252	309	0.0511621315193
XMTI4ODQwNjQ0OA==	334	452	0.124816235792
XMTI4ODQwNjg0OA==	1553	1719	0.0114254486985
XMTI4ODQwODc3Ng==	87	123	0.171224732461
XMTI4ODQxMTEwNA==	773	747	0.0011313258436
XMTI4ODQxMzEyOA==	1424	1410	9.66576189875e-05
XMTI4ODQxNDAyOA==	7352	8559	0.0269527785737
XMTI4ODQxNjkzMg==	33	24	0.0743801652893
XMTI4ODQyNTk5Ng==	176	208	0.0330578512397
XMTI4ODQzMDEwMA==	212	232	0.00889996440014
XMTI4ODU0MDA5Mg==	355	423	0.0366911327118
XMTI4ODU0NDA5Mg==	70	60	0.0204081632653
XMTI4ODU0NDcyNA==	383	439	0.0213785628098
XMTI4ODU0NDk0MA==	52479	64552	0.052924809021
XMTI4ODU0ODM5Mg==	58	68	0.0297265160523
XMTI4ODU1NTQ3Ng==	17	23	0.124567474048
XMTI4ODU1NjM4MA==	661	970	0.218531496541
XMTI4ODU2MjY4NA==	31	40	0.0842872008325
XMTI4ODU2NTM0NA==	166291	181336	0.00818553169013
XMTI4ODU3NDMwMA==	26463	3132	0.777299796051
XMTI4ODU3NTcxMg==	846	124	0.728339173639
XMTI4ODU3ODY4MA==	8816	10790	0.050136167618
XMTI4ODUwMjQ0NA==	241	284	0.0318348513283
XMTI4ODUwNTA5Ng==	67	71	0.00356426821118
XMTI4ODUxMDEwMA==	11204	12345	0.010371106369
XMTI4ODUxMTAxNg==	125	144	0.023104
XMTI4ODUxNzk1Mg==	5679	6289	0.0115376120727
XMTI4ODUxODMwMA==	142	116	0.0335250942273
XMTI4ODUxOTIxNg==	155	212	0.135234131113
XMTI4ODUyMDExNg==	347	472	0.129766047388
XMTI4ODUyMjU1Mg==	20371	14675	0.0781835279651
XMTI4ODUyNTI1Ng==	336	398	0.0340490362812
XMTI4ODUyNTM3Mg==	23	28	0.047258979206
XMTI4ODUyODE4NA==	200	241	0.042025
XMTI4ODUzMDgxNg==	109626	138087	0.0674020607128
XMTI4ODUzMTc0OA==	654	771	0.032004881744
XMTI4ODUzMzQyMA==	812	704	0.0176903103691
XMTI4ODUzNTg4OA==	248	236	0.00234131113424
XMTI4ODUzNzIxMg==	255	281	0.0103960015379
XMTI4ODUzNzYwOA==	257	230	0.0110372602159
XMTI4ODUzODExMg==	24	29	0.0434027777778
XMTI4ODY0MjA0NA==	438	567	0.0867423531619
XMTI4ODY0MjM1Ng==	1925	2329	0.0440454714117
XMTI4ODY0NDk4OA==	15456	15952	0.00102983852646
XMTI4ODY0NTcwOA==	36	31	0.0192901234568
XMTI4ODY0NjE3Ng==	68115	73860	0.00711368358785
XMTI4ODY3NDU1Mg==	343	305	0.0122737974823
XMTI4ODY3NzA3Mg==	102	107	0.00240292195309
XMTI4ODY3NzgwMA==	38	58	0.277008310249
XMTI4ODY4MzcyNA==	15	19	0.0711111111111
XMTI4ODY4NDE0OA==	33	41	0.058769513315
XMTI4ODY5MTU4NA==	603	868	0.19313328328
XMTI4ODYwNzUzNg==	22	27	0.051652892562
XMTI4ODYyNTc2OA==	86	102	0.0346133044889
XMTI4ODYyNzg4NA==	121	145	0.039341575029
XMTI4ODYyOTM2OA==	660	774	0.0298347107438
XMTI4ODYzNzYzMg==	22	26	0.0330578512397
XMTI4ODYzOTM3Ng==	34	23	0.104671280277
XMTI4ODc0NTg1Ng==	2336	2688	0.0227059485832
XMTI4ODc1MTc0OA==	125651	157770	0.0653419562011
XMTI4ODc1ODI4MA==	166	199	0.0395195238786
XMTI4ODc2NzQyOA==	23	31	0.120982986767
XMTI4ODc2ODQ4MA==	532	549	0.00102111481712
XMTI4ODc3MjU2OA==	8913	9930	0.0130194936105
XMTI4ODc3NTIyMA==	19	23	0.0443213296399
XMTI4ODc3NzE3Mg==	23	19	0.0302457466919
XMTI4ODc3NzczMg==	12032	14662	0.0477788673909
XMTI4ODc4ODk2OA==	66	81	0.051652892562
XMTI4ODc4OTYxMg==	35	30	0.0204081632653
XMTI4ODc4OTk0NA==	690	680	0.000210039907582
XMTI4ODc5MDM3Mg==	42	51	0.0459183673469
XMTI4ODc5NzE5Ng==	499	177	0.416399934137
XMTI4ODc5OTIxMg==	250	198	0.043264
XMTI4ODc5OTYxNg==	85	86	0.000138408304498
XMTI4ODcwMTY1Mg==	9306	536	0.888122944929
XMTI4ODcwMzk1Mg==	284	373	0.0982072009522
XMTI4ODcwNDkwMA==	117	156	0.111111111111
XMTI4ODcwNzcxNg==	2672	1445	0.210870689385
XMTI4ODcwNzg4MA==	62	94	0.26638917794
XMTI4ODcxMzIyOA==	392	506	0.0845741357768
XMTI4ODcxNTA1Ng==	427	53	0.767162656517
XMTI4ODcxNjk3Ng==	155	189	0.0481165452653
XMTI4ODcxOTI3Mg==	45	21	0.284444444444
XMTI4ODcyNjAyMA==	58	43	0.0668846611177
XMTI4ODcyOTExNg==	19	18	0.00277008310249
XMTI4ODczNDY4NA==	12561	6321	0.246786130305
XMTI4ODczODIyOA==	277	350	0.0694522279712
XMTI4ODg0NjgyNA==	1095	927	0.0235391255395
XMTI4ODg2NDQzNg==	92	92	0.0
XMTI4ODg2NTE0MA==	1359	1600	0.0314481550246
XMTI4ODgxMDQwOA==	16	19	0.03515625
XMTI4ODgxNTM0NA==	41	18	0.314693634741
XMTI4ODgxODEwOA==	94	97	0.00101856043459
XMTI4ODgyMTA1Mg==	229	272	0.03525867165
XMTI4ODgyNDc1Mg==	115	59	0.237126654064
XMTI4ODgzMzg3Ng==	30	21	0.09
Multi-Linear-LRS MRSE = 0.115167694576
