XMTM2MTQzNzQ5Ng==	90466	93675	0.00125825497959
XMTM2MTEwNjA0MA==	223	256	0.0218986909047
XMTM2MDg1NjIwMA==	21	17	0.0362811791383
XMTM2MTE3MjQ2NA==	2462	1689	0.0985786555151
XMTM2MTIyNTY3Ng==	380	408	0.00542936288089
XMTM2MTY3NDU3Ng==	412	428	0.00150815345461
XMTM2MTEwNTkzMg==	30	34	0.0177777777778
XMTM2MTQ4MjI0OA==	45	54	0.04
XMTM2MTI1OTYyMA==	29	28	0.00118906064209
XMTM2MDg1NDUxMg==	292	342	0.0293206980672
XMTM2MTI2MjM2MA==	11349	288	0.949890605809
XMTM2MDk0NDY4MA==	92	64	0.0926275992439
XMTM2MTI5NTc0OA==	22	24	0.00826446280992
XMTM2MTEwNDc1Ng==	218	85	0.372211935022
XMTM2MTA5OTk2NA==	119	133	0.0138408304498
XMTM2MDIyMzQ4NA==	101	84	0.0283305558279
XMTM2MTU4MzkwOA==	38	34	0.01108033241
XMTM2MTMxMTQ4NA==	21	23	0.00907029478458
XMTM2MTI1NjU2MA==	225	203	0.00956049382716
XMTM2MDkwODMzNg==	475	461	0.000868698060942
XMTM2MTMyOTIzNg==	77	88	0.0204081632653
XMTM2MTQ1NzgwOA==	162	167	0.000952598689224
XMTM2MDg5OTU2OA==	17391	19300	0.012049325779
XMTM2MTI0NTQ5Ng==	2699	1402	0.230926717881
XMTM2MTEyMjA4MA==	12753	10346	0.0356227514889
XMTM2MTEwODQ4NA==	8573	4001	0.28441126631
XMTM2MDc3MzQ4MA==	184031	159113	0.0183334581253
XMTM2MTcwMjI4NA==	2650	2944	0.0123084371663
XMTM2MDk4NjYyOA==	918	1015	0.011164984028
XMTM2MTQ0MDMwMA==	88	80	0.00826446280992
XMTM2MTUxNTk2NA==	59	20	0.436943407067
XMTM2MTE5NTA0OA==	51	57	0.0138408304498
XMTM2MTQ0ODg4MA==	225	125	0.197530864198
XMTM2MTE2OTA2OA==	32	33	0.0009765625
XMTM2MTMxMDI3Ng==	63522	65602	0.00107220627112
XMTM2MTEzNTgwNA==	941	578	0.148810646417
XMTM2MDg1NjA3Mg==	34907	34864	1.51744115721e-06
XMTM2MTA3OTMzMg==	315969	3587	0.977424117509
XMTM2MTE4ODc0OA==	976	870	0.0117953843053
XMTM2MDk4NjQxNg==	303	159	0.225860209783
XMTM2MTY3OTEyNA==	126	139	0.0106449987402
XMTM2MTUwMDIxMg==	25	25	0.0
XMTM2MTMzNDM2NA==	3142	1075	0.432781404361
XMTM2MDkyOTUyOA==	1775	2202	0.0578707399326
XMTM2MTAyNTQ4NA==	2180	786	0.408895715849
XMTM2MTE3Mzk0OA==	601	648	0.00611570842827
XMTM2MTExMjA4MA==	51	72	0.16955017301
XMTM2MDk5NTk0OA==	38	34	0.01108033241
XMTM2MTA5NTczMg==	96109	108429	0.0164321086805
XMTM2MTE3ODkyOA==	5495	5826	0.00362844541443
XMTM2MTYxNjU2OA==	2059	1788	0.0173231110129
XMTM2MTIxNTAwNA==	257	203	0.0441490408636
XMTM2MTE2MDA4OA==	53	46	0.0174439302243
XMTM2MDc4NTE2NA==	167	191	0.0206533041701
XMTM2MTI1ODE0NA==	163760	182090	0.012528794059
XMTM2MTQwNDQwOA==	110	120	0.00826446280992
XMTM2MTMxODY2NA==	40	44	0.01
XMTM2MTE1NzkyMA==	380	386	0.000249307479224
XMTM1OTU3ODgwNA==	67	67	0.0
XMTM2MTIzNTI2NA==	436	440	8.41679993267e-05
XMTM2MTYwMDMyMA==	5634	5949	0.0031259888332
XMTM2MTMxOTcyMA==	344	372	0.00662520281233
XMTM2MTQxMzc3Ng==	1069	72	0.869831049537
XMTM2MDg5NzM4MA==	964	984	0.000430433360307
XMTM2MTI2MzQ5Mg==	281	298	0.00366003470068
XMTM2MTUxODk2NA==	23	25	0.00756143667297
XMTM2MDg5MDQ1Ng==	493	411	0.0276652033129
XMTM2MTQ2MTg2OA==	3783	4077	0.00603979194036
XMTM2MDg5NTcwOA==	52271	14449	0.523561090011
XMTM2MTE2MTcwMA==	497	495	1.61937419284e-05
XMTM2MTI3NzQ4NA==	2685	30	0.977778471334
XMTM2MTI3MTk0MA==	32	33	0.0009765625
XMTM2MTM1MDg3Ng==	488	523	0.00514394651975
XMTM2MTI1ODc3Ng==	170281	967	0.988674552337
XMTM2MTE0MzA1Ng==	127	137	0.00620001240002
XMTM2MDU1NjIyNA==	808	845	0.00209691451818
XMTM2MTA4OTgxMg==	1881	2066	0.0096731041917
XMTM2MTU1NDQyOA==	1117	1178	0.00298231370157
XMTM2MTMzNzY4OA==	86	90	0.00216333153056
XMTM2MTQ5ODk5Mg==	652	736	0.0165982912417
XMTM2MTAxMTM0NA==	16749	17620	0.00270432289459
XMTM2MTM0MDcwMA==	43	26	0.156300703083
XMTM2MDg3NDMxMg==	2797	3087	0.0107500643278
XMTM2MTU4MjAyOA==	5964	6810	0.0201217364549
XMTM2MTM3Mjc0NA==	449	509	0.0178570542805
XMTM2MTU0OTQ0OA==	93	107	0.0226615793733
XMTM2MTAwMDcxNg==	22047	24438	0.0117614305385
XMTM2MDczMjY5Ng==	86	86	0.0
XMTM2MTM3MjU5Ng==	16274	16687	0.000644037981193
XMTM2MDg2NDg2MA==	42	48	0.0204081632653
XMTM2MDk1Nzk5Ng==	415227	462293	0.0128482331736
XMTM2MDc0NDQ3Mg==	15151	17698	0.0282602040652
XMTM2MTI2MTUyOA==	36787	37435	0.000310285347192
XMTM2MDk1MTk4OA==	36	20	0.197530864198
XMTM2MDI0NDU3Mg==	92	79	0.0199669187146
XMTM2MTU5NjQ3Ng==	3720	2863	0.0530732599144
XMTM2MDk4NzYwMA==	2821	2890	0.000598262813675
XMTM2MTI4MjY1Mg==	133	132	5.65323082141e-05
XMTM2MTExODM2OA==	95	65	0.0997229916898
XMTM2MDkzMjY0MA==	2243	823	0.400791167011
XMTM2MTI0MjIzMg==	119	89	0.0635548336982
XMTM2MTQyNjIwNA==	18	19	0.00308641975309
XMTM2MTM3MDcwMA==	201	229	0.0194054602609
XMTM2MTcwNTA2OA==	29	28	0.00118906064209
XMTM2MDg0NzUzNg==	163	174	0.00455417968309
XMTM2MDg5MjM5Ng==	891	281	0.468710045964
XMTM2MDg1ODgwMA==	87	55	0.1352886775
XMTM2MTAxNzA0NA==	63	31	0.257999496095
XMTM2MTI2ODMxNg==	4903	182	0.927137643026
XMTM2MTUwODE2MA==	7659	3831	0.249804190335
XMTM2MTEwNDYwOA==	190	203	0.00468144044321
XMTM2MDc1NjE1Ng==	23	17	0.0680529300567
XMTM2MTU0NjgzMg==	686	834	0.0465452320037
XMTM2MTI1NDgyOA==	2563	1341	0.227323952967
XMTM2MTQ1Mzc5Ng==	104	31	0.492696005917
XMTM2MDk2NjM2MA==	22402	20905	0.00446549918967
XMTM2MDg4MTM0OA==	14660	11527	0.0456722964736
XMTM2MTI2MzA2OA==	9608	263	0.946003237397
XMTM2MDk5Mjg1Mg==	132	135	0.00051652892562
XMTM2MTMxNDY2OA==	12998	14284	0.00978878685066
XMTM2MTM1Nzg3Ng==	5908	6117	0.00125144451438
XMTM2MTMzMTI5Ng==	2412	2134	0.0132841871351
XMTM2MTQ5OTU0NA==	468	412	0.0143180656001
XMTM2MTI1NzUxMg==	69	53	0.0537702163411
XMTM2MTEwMzM1Mg==	3412	2499	0.071601729088
XMTM2MTA2MTY4NA==	95	73	0.0536288088643
XMTM2MDc1NDM0MA==	932	884	0.00265247103465
XMTM2MTM1MjU2NA==	192	187	0.000678168402778
XMTM2MTEyOTM3Mg==	102	124	0.0465205690119
XMTM2MTIyMjEwOA==	59184	61906	0.00211527878544
XMTM2MTUzODIyOA==	19	27	0.17728531856
XMTM2MTI0MjE0OA==	14266	14890	0.00191321924157
XMTM2MTQzMTg4MA==	180287	133590	0.0670886630342
XMTM2MTM5OTQ3Mg==	680	350	0.235510380623
XMTM2MDg0MDQxMg==	221	233	0.00294834258103
XMTM2MTMzMDExNg==	1791037	120372	0.870100930572
XMTM2MDc2MjM0NA==	148	155	0.00223703433163
XMTM2MDk0MDIyMA==	407	235	0.178594498005
XMTM2MTMxMDQyMA==	107	109	0.000349375491309
XMTM2MDkxNzU4NA==	134	107	0.040599242593
XMTM2MDc0MDk3Ng==	186	180	0.00104058272633
XMTM2MTQzNzgwOA==	10236	6808	0.112155628153
XMTM2MDgxMzE3Ng==	1799	2067	0.022192552777
XMTM2MTA2OTE2MA==	926	871	0.00352779553014
XMTM2MTIxOTA1Mg==	61	63	0.00107497984413
XMTM2MDg0NzIyOA==	252	291	0.0239512471655
XMTM2MTQ1MzY2OA==	708	779	0.0100565769734
XMTM2MTExMzcwMA==	6953	6012	0.0183161751597
XMTM2MTQzOTIwMA==	57894	7717	0.75117698006
XMTM2MTQ5MzMxNg==	2870	2109	0.0703081256298
XMTM2MTEwNzE1Ng==	63	26	0.344923154447
XMTM2MTU5Njg2OA==	27	27	0.0
XMTM2MTM5NTM0MA==	15301	13688	0.0111129434526
XMTM2MTIxNDU1Mg==	1663	1328	0.040579352748
XMTM2MTI2NTYxNg==	6326	202	0.937156213326
XMTM2MTMzMTkxNg==	6050	1855	0.480787514514
XMTM2MTAxMzUxMg==	6130	5275	0.0194541061131
XMTM2MTU1Mzk3Mg==	998	446	0.305926482223
XMTM2MTI2MDkxMg==	2011	1916	0.00223163451341
XMTM2MDkxMTA2OA==	34515	27342	0.0431902687285
XMTM2MTE1MzQ2NA==	39445	17013	0.323408977854
XMTM2MTI4Mzg2MA==	361	408	0.0169504531119
XMTM2MTYxNTYyOA==	553	581	0.00256369171607
XMTM2MTMyMzc3Ng==	3737	3432	0.00666121548547
XMTM2MTU5NDQ3Mg==	56312	60660	0.00596179675669
XMTM2MTEwMjcxMg==	228	75	0.450311634349
XMTM2MDkxOTg3Mg==	16	19	0.03515625
XMTM2MTE0NTY4NA==	1594	1490	0.00425686663759
XMTM2MTYwOTMzMg==	2690	2445	0.00829521427288
XMTM2MTM2Mjg5Ng==	183	137	0.0631849263937
XMTM2MDk0NzEzNg==	15753	17773	0.0164428158465
XMTM2MDc4MzA2NA==	61	47	0.0526740123623
XMTM2MDYxOTAyMA==	237	237	0.0
XMTM2MDk2NTMyNA==	23	20	0.0170132325142
XMTM2MTI5MTU3Mg==	21667	23677	0.00860586537962
XMTM2MTQ3NjcwMA==	3879	4431	0.0202506326827
XMTM2MTI3MjI5Mg==	4649	337	0.860277198181
XMTM2MDY5ODY4OA==	35	30	0.0204081632653
XMTM2MDk0OTg5Ng==	16066	18067	0.0155123877543
XMTM2MTI2MDkxNg==	57	38	0.111111111111
XMTM2MTQ2MDM2NA==	89	49	0.201994697639
XMTM2MTIxNjY2OA==	45713	46244	0.000134930333865
XMTM2MTE0ODYwNA==	20	22	0.01
XMTM2MDk2NDIzNg==	288	304	0.00308641975309
XMTM2MTQ4MTk0NA==	17402	16741	0.00144279487286
XMTM2MTczNzc3Ng==	41	43	0.00237953599048
XMTM2MTQ1MjY3Ng==	21203	16427	0.0507380777409
XMTM2MTA1NDU2NA==	12171	13331	0.00908371403283
XMTM2MDgxNDcwNA==	1885	998	0.221423917709
XMTM2MTYwNjI2OA==	760	742	0.000560941828255
XMTM2MTQyMzUzNg==	210	205	0.000566893424036
XMTM2MDk1NzM0MA==	93	49	0.223840906463
XMTM2MTM1MTU2OA==	60	48	0.04
XMTM2MTM0ODQ1Ng==	359	112	0.473374663449
XMTM2MDIyODA0OA==	115	73	0.133383742911
XMTM2MTQ4Njg2OA==	3039	2877	0.00284163719621
XMTM2MTMyMzU0OA==	1591	1326	0.027742870112
XMTM2MDc0OTI0MA==	302	309	0.000537257137845
XMTM2MTQxMDIwMA==	17971	18566	0.00109619910482
XMTM2MDk1Njk0NA==	83	58	0.0907243431558
XMTM2MTA3NTE5Mg==	31	31	0.0
XMTM2MTA3Njc2OA==	1676	163	0.814947867123
XMTM2MTEzNjYwMA==	1116	630	0.189646201873
XMTM2MDkwNDQ5Mg==	3562	3954	0.0121111199034
XMTM2MDc2MTk3Ng==	25	26	0.0016
XMTM2MTA4NDE4MA==	64	73	0.019775390625
XMTM2MTUzODQ3Ng==	48	48	0.0
XMTM2MTM4NDY5Mg==	1223	1405	0.0221457229217
XMTM2MTU5MTAzNg==	5239	1825	0.424649128045
XMTM2MDk0NjQ5Ng==	6128	2991	0.262054441071
XMTM2MTU5OTI3Ng==	212	248	0.0288358846565
XMTM2MTI1MjIyMA==	145	63	0.319809750297
XMTM2MTczMTYwMA==	36	31	0.0192901234568
XMTM2MTA5MDY4MA==	220	275	0.0625
XMTM2MTM5MzU5Ng==	113	94	0.0282715952698
XMTM2MDk4NTc0MA==	58	67	0.0240784780024
XMTM2MTMwODEwOA==	17	17	0.0
XMTM2MTA2Mzk4MA==	622	618	4.13560653839e-05
XMTM2MTA3NDMzMg==	19	17	0.01108033241
XMTM2MTExNjY2NA==	28	25	0.0114795918367
XMTM2MDgzODgzMg==	4944	5305	0.00533159902232
XMTM2MTE4MzQ3Ng==	261	262	1.46797610135e-05
XMTM2MTU2ODcxMg==	52274	54665	0.00209212526994
XMTM2MDczODM2MA==	1300	1458	0.0147715976331
XMTM2MTUwNjQ2NA==	3613	960	0.539185962307
XMTM2MDgzOTE2OA==	36	21	0.173611111111
XMTM2MTA5ODAwNA==	166	186	0.0145158949049
XMTM2MTI2NjkzNg==	29	27	0.00475624256837
XMTM2MTA3MzAyMA==	28	28	0.0
XMTM2MDk5MjUyMA==	1432	1546	0.00633758309666
XMTM2MTUxNDE0OA==	88	43	0.261492768595
XMTM2MTMwNTQ4NA==	9491	10142	0.00470476602664
XMTM2MDgzMzY5Mg==	161	155	0.00138883530728
XMTM2MTE0OTM2NA==	61	74	0.0454178984144
XMTM2MTM3MjUxNg==	3424	683	0.640841397857
XMTM2MTMwMTk5Ng==	92	45	0.260987712665
XMTM2MDg1ODQyOA==	914	729	0.0409685945348
XMTM2MTI4MjEwOA==	9851	9140	0.00520929033751
XMTM2MTE2NDkxMg==	94	94	0.0
XMTM2MDk2ODQ5Mg==	41	48	0.0291493158834
XMTM2MTIzOTk0OA==	152	169	0.0125086565097
XMTM2MDk3MDY5Mg==	61	28	0.292663262564
XMTM2MTUwODczMg==	39	44	0.0164365548981
XMTM2MTIwNzkxMg==	45	33	0.0711111111111
XMTM2MTMwNzY0OA==	45	41	0.0079012345679
XMTM2MTYwMTI4OA==	1713	1771	0.00114641341972
XMTM2MTI4MTE2NA==	61	58	0.00241870464929
XMTM2MTMzNDM3Mg==	52	56	0.00591715976331
XMTM2MTI2MzYxNg==	29	18	0.143876337693
XMTM2MDc5MjExNg==	24009	7473	0.474365159423
XMTM2MTQ5MzE4MA==	24	26	0.00694444444444
XMTM2MTU1ODY3Mg==	88	79	0.0104597107438
XMTM2MDc0MzU3Mg==	5018	5733	0.0203025584579
XMTM2MTYwMDM4OA==	540	531	0.000277777777778
XMTM2MTI3NzcyMA==	115	130	0.0170132325142
XMTM2MTI3MDkyMA==	4243	178	0.917857025218
XMTM2MTM1MjYwMA==	142	142	0.0
XMTM2MDg1NzAyNA==	61	40	0.118516527815
XMTM2MTI1MDk4MA==	125	102	0.033856
XMTM2MTU5NjU3Ng==	3711	3266	0.0143793122052
XMTM2MTQ2OTM5Ng==	1548	1175	0.058059828803
XMTM2MTM3ODY2MA==	179	159	0.0124840048688
XMTM2MTIwNzc2MA==	160	162	0.00015625
XMTM2MTEzMTk1Mg==	113	98	0.0176208003759
XMTM2MDc1MTU1Ng==	332	231	0.0925479024532
XMTM2MTUwNTEyOA==	17	17	0.0
XMTM2MDgzNDA3Mg==	379	424	0.0140976462152
XMTM2MDg1MDk2OA==	133	127	0.00203516309571
XMTM2MDg2MjQzNg==	87117	176	0.99596353832
XMTM2MDk3NzU0NA==	80698	75554	0.00406327650552
XMTM2MDkzMTM3Ng==	1842136	1912586	0.00146257658112
XMTM2MDcyMjgxNg==	1113	1268	0.0193942534887
XMTM2MTMzNDQwNA==	193	177	0.00687266772262
XMTM2MDg5NTU0NA==	3833	3031	0.0437795303245
XMTM2MTM4NTk2MA==	42	47	0.0141723356009
XMTM2MDc2NDU5Mg==	71	58	0.0335250942273
XMTM2MTMyMzE4NA==	45000	10174	0.598938407901
XMTM2MDg0OTQxNg==	170	189	0.012491349481
XMTM2MDkyODI0OA==	113	72	0.131646957475
XMTM2MDk3MzkyNA==	40224	134	0.993348408914
XMTM2MTE5MDMyMA==	185	51	0.524645726808
XMTM2MTQyMzA1Mg==	257	259	6.05610985783e-05
XMTM2MTcyMDcxMg==	29	17	0.171224732461
XMTM2MTI2MDAwMA==	22044	458	0.958878411172
XMTM2MTIzMTEwOA==	503	502	3.95242856973e-06
XMTM2MTU1MTU2OA==	90	110	0.0493827160494
XMTM2MTM3MDM4NA==	4493	2268	0.245237676889
XMTM2MDk0MjQxMg==	1099	963	0.0153137809954
XMTM2MTA2ODM5Ng==	123	129	0.00237953599048
XMTM2MTQyMTI0OA==	444	453	0.00041088385683
XMTM2MTcxNTU4NA==	318	362	0.0191448123096
XMTM2MTQ3NDk3Ng==	1260	1409	0.0139840010078
XMTM2MTI4MTg3Ng==	426	216	0.243007339814
XMTM2MTM0ODM1Ng==	8721	7995	0.00693011862166
XMTI4NDg5NzMzNg==	1865	1882	8.30883568487e-05
XMTI4NzA2MDg5Ng==	5470	4953	0.00893318717017
XMTI4NzUyOTE2OA==	76	62	0.0339335180055
XMTI4NzY1ODI1Mg==	1653	1699	0.000774408223659
XMTI4Nzg2NTUyMA==	89	71	0.0409039262719
XMTI4NzgyOTUyOA==	60	75	0.0625
XMTI4Nzk0Mjg1Ng==	1345	974	0.0760857367919
XMTI4Nzk1NjU0MA==	213	187	0.0149000418788
XMTI4Nzk1NzE2OA==	30	30	0.0
XMTI4Nzk2NjU0OA==	248	303	0.049183792924
XMTI4Nzk2ODM5Mg==	26	28	0.00591715976331
XMTI4Nzk3MDc2NA==	129	42	0.4548404543
XMTI4Nzk4NjQyOA==	245	266	0.00734693877551
XMTI4Nzk4OTI2NA==	126	117	0.00510204081633
XMTI4Nzk5MjgwOA==	10876	9910	0.00788888917445
XMTI4Nzk5NTg3Mg==	1637	1251	0.0556003148033
XMTI4Nzk5ODQ4OA==	649	738	0.0188057483244
XMTI4Nzk5OTk0NA==	131	86	0.118000116543
XMTI4NzkxMTc3Mg==	551	547	5.270074868e-05
XMTI4NzkxNTU4NA==	773	71	0.824736539984
XMTI4NzkyMTk4OA==	73	79	0.00675548883468
XMTI4NzkzODI0OA==	313	350	0.0139738080413
XMTI4ODA0MjA1Mg==	1120	1165	0.00161431760204
XMTI4ODA0MjM5Ng==	5144	5175	3.63179618284e-05
XMTI4ODA0NTMyNA==	17	18	0.00346020761246
XMTI4ODA1NDEzNg==	170	156	0.00678200692042
XMTI4ODA1NjA4MA==	69	65	0.00336063852132
XMTI4ODA1ODQwMA==	60	48	0.04
XMTI4ODA1OTU5Mg==	20	25	0.0625
XMTI4ODA2MDQ0MA==	33	26	0.0449954086318
XMTI4ODA2NTEyNA==	199	209	0.00252518875786
XMTI4ODA2OTQ2NA==	2560	2687	0.00246109008789
XMTI4ODA3MzA5Ng==	300	293	0.000544444444444
XMTI4ODA3MzM1Ng==	1720	1914	0.0127217414819
XMTI4ODA4MDQ5Mg==	600	607	0.000136111111111
XMTI4ODA4MzU3Ng==	223529	257140	0.0226097165239
XMTI4ODA4NzUyOA==	124	145	0.0286810613944
XMTI4ODA4NzY4MA==	18	18	0.0
XMTI4ODA5MDA4MA==	104	114	0.00924556213018
XMTI4ODA5MTcwMA==	1967	1828	0.00499368197527
XMTI4ODA5MjAyOA==	15	19	0.0711111111111
XMTI4ODA5MjI5Ng==	257	199	0.0509318839044
XMTI4ODA5MjQ4MA==	278	325	0.0285828890844
XMTI4ODA5NTE3Ng==	30	29	0.00111111111111
XMTI4ODAwODUwNA==	223	210	0.00339841943333
XMTI4ODAwODk1Ng==	55760	62018	0.0125957951067
XMTI4ODAxMDY2MA==	188	204	0.00724309642372
XMTI4ODAxOTkwNA==	117	132	0.0164365548981
XMTI4ODAyOTg1Mg==	19675	21795	0.0116102678694
XMTI4ODAzMjM0NA==	209	228	0.00826446280992
XMTI4ODAzNzQ4MA==	14	19	0.127551020408
XMTI4ODAzODc5Mg==	2545	1851	0.0743606825665
XMTI4ODAzOTc2MA==	15577	18347	0.0316221866906
XMTI4ODE0MDYwOA==	1483	1664	0.0148961778102
XMTI4ODE0NTk2OA==	103	57	0.199453294373
XMTI4ODE0NjI4MA==	53	54	0.000355998576006
XMTI4ODE0NjUzNg==	280	314	0.0147448979592
XMTI4ODE0ODIxNg==	1426	1361	0.00207772307123
XMTI4ODE1MjMwMA==	132	90	0.101239669421
XMTI4ODE1NTg0NA==	3030	3442	0.0184888191789
XMTI4ODE2MDQ5Mg==	3277	3669	0.0143093284131
XMTI4ODE2NzA1Mg==	27	29	0.00548696844993
XMTI4ODE3MDY4NA==	385	394	0.000546466520492
XMTI4ODE3OTExMg==	17100	16027	0.00393737902261
XMTI4ODE3OTk4NA==	102	120	0.0311418685121
XMTI4ODE4NDgyNA==	43	30	0.091400757166
XMTI4ODE4Njc5Mg==	5049	649	0.759441999991
XMTI4ODE4NzI3Ng==	18	22	0.0493827160494
XMTI4ODE4OTA0OA==	284247	316860	0.0131640560091
XMTI4ODE5MjkwOA==	1767	1481	0.0261974468091
XMTI4ODEwNDk2MA==	16	19	0.03515625
XMTI4ODExMjAzNg==	3277	515	0.710386117389
XMTI4ODExMzM2NA==	22	25	0.0185950413223
XMTI4ODExNzc0NA==	17	19	0.0138408304498
XMTI4ODExOTMyNA==	82	91	0.0120464009518
XMTI4ODEyMDUyOA==	245	324	0.10397334444
XMTI4ODEyNzI4OA==	208	203	0.000577847633136
XMTI4ODEyNzM0OA==	1733	1571	0.00873841977912
XMTI4ODEzMjEyOA==	38	39	0.000692520775623
XMTI4ODEzODgwNA==	285	297	0.0017728531856
XMTI4ODI0MTM2OA==	232	267	0.0227593638526
XMTI4ODI0NzI0NA==	392	274	0.0906132861308
XMTI4ODI0Nzk3Ng==	214	127	0.165276443357
XMTI4ODI0ODcxNg==	21	17	0.0362811791383
XMTI4ODI1NDE4OA==	50	57	0.0196
XMTI4ODI1NjIxMg==	432	492	0.0192901234568
XMTI4ODI1ODEyOA==	1404	390	0.521604938272
XMTI4ODI1ODM3Ng==	23	27	0.0302457466919
XMTI4ODI1ODk4NA==	305	283	0.00520290244558
XMTI4ODI1OTIyMA==	367	358	0.000601385413805
XMTI4ODI1OTYwNA==	66	70	0.00367309458219
XMTI4ODI2NTMyMA==	1184	1324	0.0139814645727
XMTI4ODI2NTc5Mg==	6105	4833	0.0434113094555
XMTI4ODI2NzAyMA==	186	160	0.0195398311944
XMTI4ODI3NTUwNA==	121240	140900	0.0262951208784
XMTI4ODI3NTkyOA==	610	724	0.0349260951357
XMTI4ODI4MDA5Mg==	52	48	0.00591715976331
XMTI4ODI4MTA3Mg==	630	716	0.0186344167297
XMTI4ODI4NzQwNA==	548	565	0.000962358143748
XMTI4ODI5MTU5Ng==	30	17	0.187777777778
XMTI4ODI5MTY4OA==	69	77	0.0134425540853
XMTI4ODI5MjcwOA==	17550	13786	0.0459986396214
XMTI4ODI5Mzc4NA==	254	219	0.0189875379751
XMTI4ODI5NDkzNg==	290	274	0.00304399524376
XMTI4ODI5NjA0NA==	16	22	0.140625
XMTI4ODI5NjYzNg==	2076	2429	0.0289131036045
XMTI4ODI5OTA3Ng==	445	594	0.112112107057
XMTI4ODIwMjg2OA==	245	265	0.00666389004581
XMTI4ODIxMzcxMg==	88	120	0.132231404959
XMTI4ODIyMDUwNA==	96	67	0.0912543402778
XMTI4ODIzMjY2OA==	168	182	0.00694444444444
XMTI4ODIzNDYyMA==	137	111	0.0360168362726
XMTI4ODIzNzAzNg==	148	128	0.018261504748
XMTI4ODIzNzY2OA==	6613	3593	0.208553191617
XMTI4ODIzOTI3Ng==	215	226	0.00261763115197
XMTI4ODM0NDA4OA==	50	55	0.01
XMTI4ODM0NTY2MA==	399703	430982	0.00612393968051
XMTI4ODM0ODQwMA==	1131	511	0.30050947457
XMTI4ODM1MDQ2OA==	230	246	0.0048393194707
XMTI4ODM2MTcwNA==	39	19	0.262984878369
XMTI4ODM2MzMzMg==	148	152	0.00073046018992
XMTI4ODM2NDQwNA==	14126	15624	0.0112456670933
XMTI4ODM2NTM1Ng==	156	172	0.0105193951348
XMTI4ODM3MjcxNg==	324	242	0.0640527358634
XMTI4ODM3ODQ1Ng==	42	44	0.00226757369615
XMTI4ODM4NzA0OA==	464	450	0.000910374554102
XMTI4ODM4Nzg3Ng==	8350	648	0.850812922658
XMTI4ODM5MDk5Mg==	3417	3045	0.0118521167853
XMTI4ODM5MTQ5Ng==	90572	75049	0.0293740208767
XMTI4ODM5MjEzMg==	13552	11247	0.0289291100422
XMTI4ODM5Mzk2MA==	1470	1260	0.0204081632653
XMTI4ODM5OTAwNA==	101882	111014	0.00803409350559
XMTI4ODMwMTc4MA==	19	20	0.00277008310249
XMTI4ODMwMzMwMA==	2898	3078	0.00385787585356
XMTI4ODMwNDg0OA==	27	31	0.0219478737997
XMTI4ODMwNTcwMA==	2857	2209	0.0514433842098
XMTI4ODMwNjY5Mg==	22	27	0.051652892562
XMTI4ODMwNzg1Mg==	31883	33663	0.00311689122497
XMTI4ODMwOTU4NA==	118	118	0.0
XMTI4ODMxMDkzNg==	31	35	0.0166493236212
XMTI4ODMxNDgxNg==	314	359	0.0205383585541
XMTI4ODMxNTY5Mg==	3118	3222	0.00111253698342
XMTI4ODMyOTk0OA==	205	235	0.0214158239143
XMTI4ODMzNTY4NA==	51	65	0.0753556324491
XMTI4ODQ0NjQ4MA==	140	165	0.031887755102
XMTI4ODQ0NjgwMA==	1848	2012	0.00787560203145
XMTI4ODQ0ODk4OA==	91944	84807	0.00602538228302
XMTI4ODQ1MjcyOA==	60	62	0.00111111111111
XMTI4ODQ1NDMwMA==	444	482	0.00732489246003
XMTI4ODQ1ODEzMg==	404	490	0.0453141848838
XMTI4ODQ2MTEyNA==	118	120	0.000287273771905
XMTI4ODQ2MTk0NA==	1518	1675	0.0106968464504
XMTI4ODQ2MjMwNA==	21	24	0.0204081632653
XMTI4ODQ2Mjc5Ng==	25	25	0.0
XMTI4ODQ2MzgyOA==	140	120	0.0204081632653
XMTI4ODQ2NTI4OA==	985	1214	0.0540503491458
XMTI4ODQ2NjM1Mg==	367	424	0.0241222371537
XMTI4ODQ3MDU2NA==	2643	2388	0.00930863570831
XMTI4ODQ3MDgwMA==	194	186	0.00170049952173
XMTI4ODQ3MzQ4OA==	297	280	0.00327630967362
XMTI4ODQ3NjU4MA==	503	474	0.00332399242715
XMTI4ODQ3NjcxNg==	204	224	0.00961168781238
XMTI4ODQ3Nzc4MA==	33	39	0.0330578512397
XMTI4ODQ4MTg3Mg==	190	180	0.00277008310249
XMTI4ODQ4NzI2MA==	494	583	0.0324583258208
XMTI4ODQwMTY0NA==	252	287	0.0192901234568
XMTI4ODQwNjQ0OA==	334	388	0.0261393380903
XMTI4ODQwNjg0OA==	1553	1554	4.14626531371e-07
XMTI4ODQwODc3Ng==	87	103	0.0338221693751
XMTI4ODQxMTEwNA==	773	715	0.00562985227495
XMTI4ODQxMzEyOA==	1424	1184	0.0284055043555
XMTI4ODQxNDAyOA==	7352	8619	0.0296990278085
XMTI4ODQxNjkzMg==	33	23	0.0918273645546
XMTI4ODQyNTk5Ng==	176	203	0.0235343491736
XMTI4ODQzMDEwMA==	212	221	0.00180224279103
XMTI4ODU0MDA5Mg==	355	409	0.023138266217
XMTI4ODU0NDA5Mg==	70	58	0.029387755102
XMTI4ODU0NDcyNA==	383	436	0.0191493568025
XMTI4ODU0NDk0MA==	52479	59234	0.0165683631507
XMTI4ODU0ODM5Mg==	58	67	0.0240784780024
XMTI4ODU1NTQ3Ng==	17	20	0.0311418685121
XMTI4ODU1NjM4MA==	661	738	0.0135699588713
XMTI4ODU2MjY4NA==	31	37	0.0374609781478
XMTI4ODU2NTM0NA==	166291	158973	0.00193663296632
XMTI4ODU3NDMwMA==	26463	2323	0.832139960503
XMTI4ODU3NTcxMg==	846	117	0.742530556813
XMTI4ODU3ODY4MA==	8816	9893	0.0149241032021
XMTI4ODUwMjQ0NA==	241	277	0.0223136653983
XMTI4ODUwNTA5Ng==	67	69	0.000891067052796
XMTI4ODUxMDEwMA==	11204	11755	0.00241856073231
XMTI4ODUxMTAxNg==	125	124	6.4e-05
XMTI4ODUxNzk1Mg==	5679	5699	1.24027004276e-05
XMTI4ODUxODMwMA==	142	93	0.119073596509
XMTI4ODUxOTIxNg==	155	163	0.0026638917794
XMTI4ODUyMDExNg==	347	387	0.0132880432526
XMTI4ODUyMjU1Mg==	20371	11956	0.170641061117
XMTI4ODUyNTI1Ng==	336	402	0.0385841836735
XMTI4ODUyNTM3Mg==	23	27	0.0302457466919
XMTI4ODUyODE4NA==	200	220	0.01
XMTI4ODUzMDgxNg==	109626	124270	0.0178440036922
XMTI4ODUzMTc0OA==	654	707	0.00656744194746
XMTI4ODUzMzQyMA==	812	582	0.0802312601616
XMTI4ODUzNTg4OA==	248	230	0.00526795005203
XMTI4ODUzNzIxMg==	255	264	0.00124567474048
XMTI4ODUzNzYwOA==	257	223	0.0175021574891
XMTI4ODUzODExMg==	24	29	0.0434027777778
XMTI4ODY0MjA0NA==	438	485	0.0115145639165
XMTI4ODY0MjM1Ng==	1925	2017	0.00228409512565
XMTI4ODY0NDk4OA==	15456	14530	0.00358944873633
XMTI4ODY0NTcwOA==	36	27	0.0625
XMTI4ODY0NjE3Ng==	68115	65826	0.00112929151079
XMTI4ODY3NDU1Mg==	343	270	0.0452957526201
XMTI4ODY3NzA3Mg==	102	104	0.000384467512495
XMTI4ODY3NzgwMA==	38	46	0.0443213296399
XMTI4ODY4MzcyNA==	15	17	0.0177777777778
XMTI4ODY4NDE0OA==	33	38	0.0229568411387
XMTI4ODY5MTU4NA==	603	712	0.0326752088095
XMTI4ODYwNzUzNg==	22	27	0.051652892562
XMTI4ODYyNTc2OA==	86	87	0.00013520822066
XMTI4ODYyNzg4NA==	121	143	0.0330578512397
XMTI4ODYyOTM2OA==	660	764	0.0248301193756
XMTI4ODYzNzYzMg==	22	24	0.00826446280992
XMTI4ODYzOTM3Ng==	34	22	0.124567474048
XMTI4ODc0NTg1Ng==	2336	2451	0.00242353894962
XMTI4ODc1MTc0OA==	125651	146681	0.0280121631276
XMTI4ODc1ODI4MA==	166	185	0.0131005951517
XMTI4ODc2NzQyOA==	23	27	0.0302457466919
XMTI4ODc2ODQ4MA==	532	526	0.000127197693482
XMTI4ODc3MjU2OA==	8913	8938	7.86741762364e-06
XMTI4ODc3NTIyMA==	19	21	0.01108033241
XMTI4ODc3NzE3Mg==	23	18	0.047258979206
XMTI4ODc3NzczMg==	12032	12332	0.00062167995275
XMTI4ODc4ODk2OA==	66	78	0.0330578512397
XMTI4ODc4OTYxMg==	35	25	0.0816326530612
XMTI4ODc4OTk0NA==	690	590	0.0210039907582
XMTI4ODc5MDM3Mg==	42	49	0.0277777777778
XMTI4ODc5NzE5Ng==	499	164	0.450701001201
XMTI4ODc5OTIxMg==	250	178	0.082944
XMTI4ODc5OTYxNg==	85	75	0.0138408304498
XMTI4ODcwMTY1Mg==	9306	510	0.893396702113
XMTI4ODcwMzk1Mg==	284	302	0.00401706010712
XMTI4ODcwNDkwMA==	117	133	0.0187011469063
XMTI4ODcwNzcxNg==	2672	1363	0.23999731637
XMTI4ODcwNzg4MA==	62	70	0.0166493236212
XMTI4ODcxMzIyOA==	392	433	0.0109394523115
XMTI4ODcxNTA1Ng==	427	50	0.779519440133
XMTI4ODcxNjk3Ng==	155	173	0.0134859521332
XMTI4ODcxOTI3Mg==	45	16	0.415308641975
XMTI4ODcyNjAyMA==	58	39	0.107312722949
XMTI4ODcyOTExNg==	19	18	0.00277008310249
XMTI4ODczNDY4NA==	12561	5382	0.326647602879
XMTI4ODczODIyOA==	277	319	0.0229900037795
XMTI4ODg0NjgyNA==	1095	846	0.0517095139801
XMTI4ODg2NDQzNg==	92	86	0.00425330812854
XMTI4ODg2NTE0MA==	1359	1436	0.00321027721873
XMTI4ODgxMDQwOA==	16	19	0.03515625
XMTI4ODgxNTM0NA==	41	16	0.371802498513
XMTI4ODgxODEwOA==	94	94	0.0
XMTI4ODgyMTA1Mg==	229	249	0.00762761961061
XMTI4ODgyNDc1Mg==	115	52	0.30011342155
XMTI4ODgzMzg3Ng==	30	19	0.134444444444
Proposed PBML MRSE = 0.0924735016589
