XMTM2MTYwODM1Mg==	2	1	7	0	0	0	0	0	0	0	0	0	0	0	0	1	0	0	0	1	0	0	0	0	0	0	1	0	0	0
XMTM2MTQ1Njk4NA==	1049	514	1857	340	21	0	13	14	10	18	9	19	8	3	9	15	3	21	6	2	0	4	2	0	1	3	1	0	89	36
XMTM2MTEwNTkzMg==	8	6	15	0	0	0	0	0	0	0	0	0	0	0	0	0	0	0	0	0	0	1	0	0	0	0	0	0	0	0
XMTM2MTI5OTkyMA==	4	1	85	65	63	24	12	9	10	17	6	5	1	0	0	2	6	0	1	84	8	5	7	2	12	31	18	7	4	8
XMTM2MTA5OTk2NA==	17	4	77	6	5	2	3	1	1	0	0	0	0	0	0	0	1	1	0	0	0	0	1	0	0	0	0	0	0	0
XMTM2MTI1NjU2MA==	42	21	90	17	0	2	1	9	6	6	1	1	2	2	1	1	1	2	0	8	2	1	3	1	0	1	1	0	1	2
XMTM2MTIxODYzMg==	4195	3705	5766	3030	247	72	601	715	547	497	263	383	295	299	14	73	72	6	122	690	119	179	120	83	29	8	123	131	151	139
XMTM2MDk4NjYyOA==	174	54	572	67	2	2	3	0	1	1	0	0	0	1	1	0	5	8	4	1	0	2	0	1	2	0	0	0	14	3
XMTM2MTM5ODg3Ng==	5	11	25	7	0	1	3	8	4	13	7	7	1	1	6	8	3	0	1	36	2	10	2	1	2	0	2	9	7	7
XMTM2MTEzNTgwNA==	12	7	281	91	42	36	27	17	21	62	9	1	13	8	33	2	23	19	15	177	16	11	0	6	3	3	0	0	2	4
XMTM2MDk2MjkyNA==	8	5	26	1	1	0	0	0	0	0	0	1	1	0	0	0	0	2	0	0	0	1	0	0	0	1	4	1	0	0
XMTM2MTEzMDA2MA==	3	1	6	0	1	0	0	0	0	0	0	0	0	0	0	0	0	0	0	0	0	0	2	2	0	0	0	0	0	0
XMTM2MTAzNTc3Mg==	41	47	238	67	55	25	22	47	23	6	0	2	1	0	1	2	0	1	1	18	1	3	2	1	1	0	2	3	2	3
XMTM2MTA3NzYwMA==	2078	2329	2588	941	289	99	327	1250	1065	953	448	355	110	1229	591	73	378	561	210	897	641	1282	1102	455	224	455	394	493	1064	768
XMTM2MTcwOTczNg==	5	1	10	5	1	4	5	4	1	0	0	1	0	0	4	2	0	0	1	4	2	0	1	0	1	0	1	2	3	2
XMTM2MTIxNTAwNA==	25	9	75	48	6	7	4	6	4	2	2	0	2	0	2	0	2	2	0	7	1	1	2	1	5	1	4	16	16	7
XMTM2MTQ3MDc0MA==	19	14	46	4	4	0	14	0	0	0	0	0	0	0	0	0	0	0	0	0	0	0	0	0	0	0	0	1	0	0
XMTM2MTE0ODY1Ng==	378	24385	302300	98150	71949	123	79	57	33	29	37	22	38	38	27	11	11	2	3	44	20	21	11	3	5	7	16	35	31	23
XMTM1OTU3ODgwNA==	5	0	43	10	1	0	0	0	0	1	0	1	0	0	1	0	0	0	0	3	0	0	0	0	1	0	0	0	1	0
XMTM2MTE0MjU2OA==	8	6	18	1	0	2	0	4	6	3	2	1	4	0	1	0	0	0	8	2	2	3	5	2	2	3	3	2	3	1
XMTM2MTA0NDExNg==	13	14	24	1	2	3	4	0	1	1	1	1	0	1	0	1	0	0	3	5	1	0	0	1	1	2	0	1	0	1
XMTM2MDYwNTU3Mg==	2	4	11	7	3	5	3	1	0	1	1	1	2	1	0	1	0	1	5	3	1	1	0	3	0	1	1	3	4	2
XMTM2MTM2OTI2OA==	202	170	274	100	12	44	29	47	28	25	13	7	6	2	0	4	0	2	2	49	7	11	26	2	12	7	3	10	10	10
XMTM2MTM5MDk4OA==	11	6	42	24	23	8	6	5	3	12	1	0	0	1	3	0	5	4	0	10	0	5	1	0	3	0	1	0	3	3
XMTM2MTIzMDc5Mg==	6	2	45	26	19	7	1	0	0	2	0	0	0	4	3	2	3	1	0	15	0	3	0	0	0	1	2	0	7	7
XMTM2MTE0MzA1Ng==	18	10	50	14	12	12	0	0	5	0	0	0	0	0	1	0	0	0	0	1	1	3	0	0	0	0	0	0	0	0
XMTM2MTEzMjIxMg==	4	1	1553	10	279	52	322	265	252	272	218	164	252	317	412	331	287	529	46	240	514	79	106	70	70	141	146	12	318	162
XMTM2MTQzMzQ0OA==	10	3	36	8	0	0	0	0	0	0	0	0	0	1	0	0	1	0	0	0	0	0	0	0	0	0	0	0	0	0
XMTM2MDk5NDExNg==	2608	29165	326937	111673	72299	713	475	299	492	403	154	200	226	174	206	173	142	193	189	120	139	212	307	190	110	186	120	169	154	165
XMTM2MTA4MTAwNA==	18	12	79	11	4	1	1	2	0	1	0	0	0	1	1	0	4	0	1	3	1	1	0	4	0	0	0	0	1	0
XMTM2MTA4MDk4MA==	14018	9764	65633	26731	17994	17511	18043	12028	10405	11524	8991	8907	9972	9184	9607	8331	4754	5072	3567	3257	1653	1771	2065	1596	994	1850	772	1659	1085	1199
XMTM2MTMyNzI1Mg==	3	1	10582	1626	994	170	194	112	104	78	37	33	14	20	29	21	0	6	1	41	3	4	1	3	4	0	7	3	1	5
XMTM2MTQ5NzM4NA==	93	77	205	86	56	53	52	61	81	116	59	73	50	9	5	21	1	40	0	127	16	3	6	9	13	1	9	39	17	17
XMTM2MTExMjQyMA==	124	142	380	154	19	66	21	34	13	8	31	2	2	2	15	10	81	15	2	42	7	2	1	15	2	0	5	0	4	7
XMTM2MTYzNDEzMg==	14	6	42	24	0	0	1	1	1	5	0	1	0	0	1	0	0	2	0	1	0	0	0	0	0	2	0	0	0	0
XMTM2MDkzMjY0MA==	29	11	309	149	92	45	63	33	38	92	80	54	72	48	58	46	47	89	66	52	106	48	83	74	76	111	30	100	64	78
XMTM2MTQ5NDU5Ng==	44	19	90	7	2	0	2	3	5	3	0	2	1	1	1	2	0	0	2	7	1	3	0	1	1	2	0	1	1	1
XMTM2MTUwNjIwMA==	1523	1399	2412	994	547	196	558	718	157	308	388	407	279	119	66	161	122	125	56	53	53	64	49	30	23	34	15	31	39	26
XMTM2MDg4ODUxNg==	13	1	38	4	2	0	1	0	1	0	0	0	0	1	0	0	0	1	0	2	0	0	0	0	0	0	0	0	0	0
XMTM2MTQ0MDM2MA==	2	1	6	0	0	0	0	0	0	0	0	0	0	0	0	0	0	0	0	0	0	0	0	0	1	0	0	9	0	0
XMTM2MTE1ODg0OA==	17	20	64	32	1	0	1	2	0	0	0	0	0	0	0	0	5	0	0	0	0	0	0	0	0	0	0	0	0	0
XMTM2MDk0MTk3Ng==	16	12	213	14	9	15	12	8	1	0	0	0	0	0	0	0	0	0	0	0	0	0	0	1	0	0	0	1	0	0
XMTM2MTYzMTgyMA==	2698	10795	90920	19479	1132	121	74	46	62	71	147	63	36	38	39	1	26	31	20	60	88	51	16	3	4	33	6	6	423	19
XMTM2MTQ1MjQ1Ng==	74	77	106	49	4	9	9	8	83	31	8	4	5	25	25	61	64	24	6	109	10	41	64	37	50	32	11	6	8	2
XMTM2MTI3NjA5Ng==	4	9	15	4	0	0	0	0	0	0	0	0	0	0	0	0	0	0	0	0	0	0	0	0	0	0	0	0	0	0
XMTM2MTQ1MzY2OA==	132	119	396	3	3	9	3	7	0	5	4	2	0	1	0	1	1	0	2	14	0	1	0	1	1	1	1	1	0	0
XMTM2MTMyNTgzNg==	13	11	44	20	3	4	3	2	1	0	0	1	0	1	0	0	0	0	0	0	0	0	1	2	0	2	0	0	0	0
XMTM2MTM5NTM0MA==	123	56	7607	2977	130	474	551	257	223	97	37	77	65	98	128	160	279	534	144	63	22	166	208	49	13	81	69	106	277	230
XMTM2MTM4NDc4OA==	21	40	73	56	7	6	4	5	12	10	9	0	0	1	0	1	4	1	1	35	4	1	3	2	2	5	2	5	2	4
XMTM2MDg3MTM4OA==	31	21	35	16	4	0	3	6	7	1	1	0	0	0	2	0	2	0	7	0	3	2	0	0	0	3	0	1	1	23
XMTM2MDQ3MDI0NA==	138	69	259	161	29	14	4	7	6	0	4	2	1	4	3	0	0	9	2	1	1	2	0	1	2	0	910	890	110	1
XMTM2MTEzNzc1Mg==	7	6	341	95	70	40	33	23	19	87	13	0	22	7	39	1	28	24	18	247	19	14	0	9	5	0	0	1	3	5
XMTM2MTEzMzA2MA==	15	5	25	9	3	5	5	11	6	4	2	5	2	1	4	1	0	0	1	25	2	4	4	5	7	7	2	4	12	8
XMTM2MTIzNjM3Ng==	4	11	39	11	1	1	0	0	0	0	0	0	0	0	0	0	0	0	0	0	0	0	0	0	0	0	0	0	0	0
XMTM2MTE0ODYwNA==	4	1	12	2	0	0	0	0	0	0	0	0	0	0	0	0	0	0	0	0	0	0	0	0	0	0	0	0	1	0
XMTM2MTE4NjE2NA==	69	58	684	406	206	104	47	51	39	39	16	21	3	2	11	11	7	8	0	74	5	5	3	1	7	3	4	2	9	3
XMTM2MTYwNjI2OA==	16	14	354	139	89	23	12	18	1	11	3	0	1	5	0	16	4	6	0	27	3	1	7	2	0	1	2	3	2	0
XMTM2MTEwNjgxNg==	34	22	38	20	8	8	3	2	0	4	3	8	2	6	3	3	0	2	1	14	0	3	1	0	0	0	1	1	0	0
XMTM2MTQzNjMwMA==	100	92	137	111	0	0	0	0	0	0	0	1	0	0	0	0	1	0	0	0	0	0	0	0	1	4	5	7	7	0
XMTM2MTIyOTIyMA==	24	34	50	7	16	0	3	12	6	18	6	1	1	3	0	10	5	18	7	22	0	0	3	1	3	5	2	7	4	1
XMTM2MDc0OTI0MA==	63	16	169	12	0	0	4	2	2	0	8	2	1	0	1	1	0	0	13	2	0	2	0	0	0	0	0	0	4	0
XMTM2MTUwMTEwNA==	1913	7902	26597	6585	10720	5197	12400	2867	8109	5099	1091	4708	11430	8338	13837	23593	751	277	371	341	159	133	135	160	264	16	95	299	12156	2904
XMTM2MTEzNjYwMA==	8	5	295	95	68	42	28	24	34	85	2	6	22	9	25	7	28	20	15	248	11	18	4	4	2	7	2	0	2	0
XMTM2MTI3NDI0NA==	16	17	36	3	1	0	2	3	13	38	38	37	43	47	81	62	13	129	46	241	169	346	468	278	45	230	215	3	162	146
XMTM2MTUzODQ3Ng==	11	7	20	3	0	0	0	1	0	0	0	0	0	0	0	0	1	0	0	0	1	0	2	0	0	0	0	0	0	2
XMTM2MTczMTYwMA==	5	4	12	6	0	0	0	1	2	0	0	0	0	1	0	2	0	0	0	2	0	0	0	0	0	0	1	0	0	0
XMTM2MTA2Mzk4MA==	77	49	281	41	14	51	10	5	17	3	1	1	1	0	14	10	11	8	0	13	1	0	0	0	2	11	0	1	0	0
XMTM2MTE3MTE1Mg==	25	7	93	53	6	11	8	3	1	5	1	0	1	0	0	0	0	1	0	12	5	2	1	0	2	1	2	4	4	1
XMTM2MTY5ODMzNg==	193	178	248	34	2	2	49	27	6	27	8	11	1	0	0	55	15	1	4	0	7	14	8	14	7	6	2	6	7	1
XMTM2MTAxOTEwOA==	1	0	3	0	0	0	0	0	0	0	0	0	0	0	0	0	0	0	0	0	0	0	0	0	0	0	0	0	0	0
XMTM2MDk1NDM2OA==	2	2	6	0	0	0	0	0	0	0	0	0	0	1	0	0	0	0	0	1	0	0	0	0	0	1	0	0	0	1
XMTM2MDgzOTE2OA==	4	1	10	1	1	0	1	0	0	0	0	0	1	0	0	0	0	0	0	1	3	3	1	1	0	3	0	5	0	0
XMTM2MTEzNzIyOA==	10	6	488	151	94	58	48	27	38	132	95	8	4	26	10	62	8	52	5	262	2	29	5	2	4	3	2	5	0	2
XMTM2MTI4NDU4NA==	2	1	10	1	0	0	1	0	0	1	2	1	0	0	1	16	1	0	1	1	2	1	30	0	0	11	3	1	3	0
XMTM2MTQ5MzE4MA==	4	4	13	0	0	1	0	0	0	0	0	0	0	0	0	1	0	0	0	0	0	0	1	0	0	0	0	0	0	0
XMTM2MTYzMDQ0MA==	29	37	112	41	4	0	0	1	3	2	1	3	5	0	11	3	13	9	3	8	0	0	1	0	0	2	1	0	0	0
XMTM2MDg1MTg4MA==	11	6	21	13	3	7	4	0	2	0	0	0	0	1	0	2	0	0	0	0	0	0	1	0	0	0	0	0	0	0
XMTM2MTIwNzc2MA==	16	13	93	4	12	2	0	2	2	0	1	0	1	0	0	1	0	4	0	2	0	0	1	1	0	2	0	2	0	1
XMTM2MTE2OTI4NA==	3	0	24	8	1	2	1	0	1	0	0	0	0	0	0	0	1	0	0	0	0	0	0	72	3	0	1	0	0	0
XMTM2MDk0Njg4OA==	3	2	4	0	0	1	3	0	0	0	0	0	0	0	0	0	0	0	0	0	0	0	0	0	0	0	0	0	0	0
XMTM2MTQ2ODA5Ng==	608	289	10615	6375	20	5912	227	155	151	109	65	76	62	23	36	30	26	17	12	8	10	8	13	4	4	7	3	9	14	6
XMTM2MDgyMzk0OA==	13	18	22	12	3	1	1	1	1	1	0	0	1	0	0	0	0	0	0	1	0	0	0	0	0	0	0	0	0	0
XMTM2MTIwMDAwMA==	8	3	18	1	1	1	0	0	0	1	0	1	0	0	0	0	0	0	2	2	0	0	0	0	0	1	1	4	0	1
XMTM2MDkyODI0OA==	11	2	26	3	8	6	4	7	4	2	0	1	0	0	3	2	0	0	0	12	0	2	1	1	1	5	2	0	1	9
XMTM2MTA5NjA3Mg==	2	0	7	0	0	1	0	0	0	0	0	0	0	0	0	0	0	0	0	0	0	0	0	0	0	0	0	0	1	0
XMTM2MDg0MTIzMg==	107	203	370	144	74	84	74	416	131	59	13	55	64	81	108	104	45	54	47	49	74	67	82	38	34	66	20	36	70	30
XMTM2MDg0MDMwOA==	21	6	52	19	6	3	4	2	2	1	0	2	1	1	0	0	0	0	0	3	0	1	0	0	0	0	1	0	0	0
XMTM2MDk5NzM4MA==	56	20	119	49	1	2	3	3	0	0	1	4	0	1	3	0	1	3	0	2	0	0	1	0	0	10	0	1	0	0
XMTM2MTI1Mjc5Ng==	7	6	17	6	3	2	0	4	0	1	0	1	0	0	0	1	0	0	0	5	0	0	0	0	1	0	0	2	0	0
XMTM2MTEzMzYzNg==	10	5	12	6	0	1	3	7	3	3	0	2	2	0	0	2	0	1	0	10	3	2	1	1	1	4	0	4	2	2
XMTM2MTQ4NjcwMA==	2435	2326	10221	5353	4288	5439	3237	3501	3289	3216	2630	2375	1816	1465	963	907	1286	1215	948	924	1090	809	895	780	786	1644	475	1321	602	770
XMTM2MTQ2MTk1Mg==	18	28	36	3	8	7	5	8	21	2	2	5	1	2	0	1	1	4	0	41	7	2	6	1	2	7	4	0	6	2
XMTM2MTA2ODM5Ng==	8	4	89	10	1	0	1	0	2	1	1	0	0	0	0	0	1	0	0	1	0	0	0	0	0	1	1	2	0	0
XMTI4NzUyOTE2OA==	9	1	43	0	0	1	0	0	0	0	0	0	0	0	1	17	0	0	0	0	1	2	1	0	0	0	0	0	0	0
XMTI4Nzg2MDg5Mg==	9	5	84	3	5	2	1	1	0	0	0	0	0	0	0	0	0	0	0	0	1	0	0	0	0	0	0	0	0	0
XMTI4Nzg3MDc0MA==	16	8	19	1	4	10	5	2	4	11	3	4	3	5	8	9	11	12	45	17	36	10	7	3	6	2	1	4	3	5
XMTI4Nzk0MTE5Mg==	54	21	57	5	23	10	24	25	15	12	12	5	16	12	8	14	112	13	6	5	6	6	6	11	2	14	11	4	4	8
XMTI4Nzk4MDcyMA==	17	11	32	1	2	2	1	2	1	2	1	1	0	0	0	3	1	0	0	0	0	2	0	0	3	0	0	1	1	0
XMTI4Nzk5MDAwOA==	59	66	275	48	25	8	15	2	8	4	1	2	2	5	0	3	4	4	4	6	1	7	1	6	1	0	0	2	4	0
XMTI4Nzk5ODQ4OA==	130	10	489	0	4	3	0	3	0	1	0	1	1	2	1	0	0	0	0	0	1	1	0	0	0	0	1	1	0	0
XMTI4NzkxNTU4NA==	13	2	33	11	1	1	0	32	18	20	3	0	0	0	15	0	11	8	0	0	0	0	0	0	13	188	52	193	84	75
XMTI4NzkyNzY0NA==	15	15	43	6	11	4	0	1	1	0	0	1	0	0	0	0	0	0	2	0	0	0	0	0	0	0	0	0	0	0
XMTI4ODA0NTMyNA==	4	2	7	0	1	1	0	1	0	0	0	0	0	0	0	0	0	0	0	0	0	0	0	0	0	0	1	0	0	0
XMTI4ODA1NjA4MA==	10	15	31	0	0	0	0	0	0	0	0	0	0	0	0	0	0	0	0	1	4	1	2	3	2	0	0	0	0	0
XMTI4ODA2MzE4OA==	62	24	157	9	7	1	3	1	1	2	1	4	0	1	0	0	0	0	0	0	2	1	3	0	2	0	0	0	0	0
XMTI4ODA3MTUyOA==	440	1108	1135	750	227	135	152	125	94	105	108	92	92	127	101	138	177	159	107	119	194	136	154	147	138	131	149	166	162	162
XMTI4ODA3NjUzNg==	53	18	90	17	21	31	9	10	12	3	10	6	39	11	4	10	9	4	10	4	4	6	5	6	2	3	3	2	6	6
XMTI4ODA4MDc2OA==	83	51	241	16	2	13	5	6	5	50	4	4	2	4	0	2	1	2	6	0	1	5	3	9	4	1	3	6	1	2
XMTI4ODA5MTcwMA==	29	2	943	81	374	94	53	33	59	42	43	4	3	2	4	188	4	0	1	0	1	2	0	0	0	0	4	1	0	0
XMTI4ODA5MjI5Ng==	32	5	113	2	9	9	0	1	0	0	2	70	1	0	0	0	0	0	6	1	0	1	1	2	1	0	1	0	0	0
XMTI4ODA5MjM4MA==	6	14	30	17	11	13	0	0	1	2	1	1	2	0	2	1	2	0	0	3	1	1	0	0	0	0	0	0	1	1
XMTI4ODA5MjQ2MA==	27	1	97	2	8	7	0	0	0	1	0	0	1	0	1	1	0	0	5	1	1	0	1	2	0	0	1	0	1	3
XMTI4ODA5MzYyMA==	10259	6998	23182	6693	3948	5188	2205	2491	1715	1968	2314	281	1096	1055	1315	1365	4483	2131	454	519	723	604	470	404	117	93	100	217	350	150
XMTI4ODAxMDc4MA==	29	5	76	4	28	2	2	4	4	4	6	2	9	1	5	3	13	9	3	7	113	6	33	6	4	17	9	4	2	2
XMTI4ODAxNjQ3Mg==	246	97	960	33	593	30	383	23	22	346	21	6	9	16	413	24	12	3	10	7	14	24	30	411	23	10	22	12	11	14
XMTI4ODAzNTQwOA==	129	48	319	10	7	18	7	4	8	2	1	6	6	1	2	5	3	1	3	4	3	2	8	7	75	8	6	18	5	1
XMTI4ODE0MDYwOA==	20	263	1121	14	34	5	4	1	4	5	1	0	2	1	1	1	1	1	0	1	0	1	1	1	0	0	0	0	0	0
XMTI4ODE0NjMwNA==	5	4	8	2	0	0	1	2	2	2	0	3	0	0	4	3	1	0	2	1	2	0	0	0	1	3	2	0	0	1
XMTI4ODE0NjUzNg==	23	32	167	15	29	3	3	1	1	0	0	0	0	0	1	0	1	0	0	0	0	0	0	0	0	0	1	0	3	0
XMTI4ODE0ODIxNg==	79	124	576	266	64	34	33	20	15	13	25	11	6	7	5	9	12	12	6	23	15	14	20	7	9	3	7	5	1	5
XMTI4ODE1MzMzNg==	268	309	825	146	39	7	11	39	18	22	13	8	3	1	4	8	22	13	8	5	6	12	2	5	3	4	8	2	6	4
XMTI4ODE2MDQ5Mg==	39	498	2512	45	66	29	28	5	9	7	7	3	2	5	6	1	2	2	0	1	2	3	1	0	0	1	1	1	1	0
XMTI4ODE2MTA2NA==	2	1	11	1	0	0	0	0	0	0	0	0	0	0	0	0	0	0	0	0	0	0	0	0	0	0	0	0	0	0
XMTI4ODE2MzIyNA==	23	8	29	14	15	9	1	0	1	0	0	1	2	1	0	0	0	3	0	1	1	0	0	0	0	0	1	0	0	0
XMTI4ODE2NzQ2OA==	20	11	51	1	0	1	0	0	0	0	0	0	0	4	17	0	3	0	0	0	0	0	0	0	1	0	0	0	0	0
XMTI4ODE3MDY4NA==	31	47	178	23	36	11	11	4	2	5	4	1	0	4	0	2	3	2	3	0	2	1	2	1	6	0	3	0	2	1
XMTI4ODE3MTAwNA==	68	11	91	16	59	3	0	79	31	7	6	0	1	4	2	1	1	0	2	0	0	0	0	1	1	0	1	0	5	1
XMTI4ODE4Njc5Mg==	11	32	282	28	47	67	71	34	41	30	80	173	269	233	235	731	352	220	234	219	229	191	171	184	144	158	167	161	136	119
XMTI4ODE4OTA0OA==	38153	36979	151408	35271	7723	1551	2279	630	1297	1318	2086	917	1388	1152	620	452	155	114	81	71	15	57	64	43	26	76	50	15	173	83
XMTI4ODE5ODcwOA==	4	0	14	0	0	0	0	0	0	0	0	0	0	0	0	0	0	0	0	0	0	0	0	0	0	0	0	0	0	0
XMTI4ODExNDQ3Mg==	19	9	26	4	3	6	10	4	4	2	5	4	1	0	7	2	1	1	0	1	3	0	9	0	1	0	1	3	0	0
XMTI4ODExOTMyNA==	11	3	63	1	1	0	0	0	0	0	1	0	1	0	0	0	0	0	1	0	0	0	0	0	0	0	0	0	0	0
XMTI4ODEyNzM0OA==	32	206	821	55	76	106	49	40	58	72	114	76	2	3	2	3	1	4	1	2	2	3	0	1	4	0	0	0	0	0
XMTI4ODEzMTQ1Ng==	31650	21677	59827	43609	26622	1954	2902	2208	428	2065	2356	2915	1814	2386	1510	1847	2879	3023	1350	1350	75	1176	1102	1624	1575	1130	989	1492	112	1405
XMTI4ODI0MzUxMg==	44	90	1317	131	47	37	23	32	26	19	17	7	15	9	6	13	10	10	15	13	17	26	17	12	20	15	12	12	5	7
XMTI4ODI1ODEyOA==	61	11	248	2	10	1	3	9	2	1	397	3	6	2	15	303	9	1	4	5	261	9	6	11	0	2	2	7	5	8
XMTI4ODI1ODk4NA==	55	21	116	16	13	11	6	8	4	6	4	2	0	6	6	3	5	3	4	7	2	4	0	1	0	0	0	1	1	0
XMTI4ODI1OTIyMA==	18	15	223	8	36	6	5	6	5	3	3	3	3	4	2	1	1	5	2	4	4	1	1	0	1	3	2	1	0	1
XMTI4ODI2NDI3Ng==	10	12	87	63	45	62	4	6	0	0	0	0	0	0	0	0	0	0	0	0	1	0	0	0	0	0	0	0	0	0
XMTI4ODI2NTU1Mg==	5	2	7	0	4	0	0	0	0	0	0	0	1	0	1	1	2	11	5	1	1	1	2	0	0	1	0	0	1	0
XMTI4ODI2NzAyMA==	31	10	83	4	2	3	3	3	1	4	1	3	2	1	3	5	1	0	6	4	2	0	1	1	2	4	1	3	0	2
XMTI4ODI2Nzc3Ng==	53	46	79	12	5	2	1	0	2	5	0	0	2	0	2	1	2	1	2	0	0	0	1	0	2	108	2	0	0	0
XMTI4ODI3MjM1Mg==	18	3	68	1	0	1	1	0	0	1	2	0	0	0	0	0	0	0	0	1	1	1	1	1	0	0	0	2	0	0
XMTI4ODI3Mjk3Mg==	13	10	71695	21129	42957	28869	14812	33378	155000	7330	14580	30644	900	811	288	405	24	3220	44	27	18	30	20	12	15	23	23	25	369	302
XMTI4ODI3NzU5Ng==	15	29	82	15	0	0	2	1	0	1	1	0	1	0	0	2	0	0	0	0	0	0	0	1	0	0	0	0	0	0
XMTI4ODI4MjA0OA==	6	4	9	0	2	1	0	1	0	0	1	0	0	0	0	1	0	0	0	0	0	0	0	0	0	0	0	0	0	0
XMTI4ODI4MjkyNA==	12	14	33	1	0	0	0	0	0	2	0	0	1	0	0	0	0	1	0	0	0	0	0	0	0	0	0	0	1	0
XMTI4ODI5MzM2OA==	37	16	325	3	25	21	14	62	172	59	129	196	83	102	108	39	49	36	25	26	47	49	33	31	25	11	35	65	33	28
XMTI4ODIwMzk0OA==	229	87	613	132	5	3	2	4	1	0	0	2	1	1	0	0	1	0	1	0	2	2	2	0	0	0	0	1	1	0
XMTI4ODIyNTYwNA==	313	346	1496	353	418	494	271	230	127	20	27	32	50	63	27	41	36	17	11	25	16	10	17	14	11	12	16	10	9	9
XMTI4ODIyOTU4OA==	30	22	66	12	9	4	48	7	1	5	2	1	0	1	1	0	1	0	1	0	1	1	1	0	2	1	1	0	0	0
XMTI4ODIzNDYyOA==	49	122	489	101	16	9	16	13	5	6	5	4	0	1	0	1	1	1	0	1	1	1	4	1	0	0	0	0	0	0
XMTI4ODM0MTk4NA==	48	21	120	31	73	5	5	5	8	8	4	4	13	6	3	7	5	2	1	2	5	5	4	3	4	3	1	3	1	2
XMTI4ODM0NTY2MA==	476	2864	277432	84246	15651	1837	400	149	44	28	28	32	51	50	42	3071	27	1712	29	26	14	15	48	7113	21	18	21	34	4215	9
XMTI4ODM2MjM3Mg==	1	1	2	0	0	0	0	0	0	0	0	1	0	0	0	0	0	0	0	0	0	0	0	0	0	0	0	0	0	0
XMTI4ODM2MzMzMg==	17	10	97	1	5	2	0	3	0	1	0	0	0	4	3	0	0	3	0	0	0	0	0	0	0	2	0	0	0	0
XMTI4ODM2NTM1Ng==	39	7	90	4	4	1	1	5	0	0	0	1	0	0	1	0	0	1	0	1	0	1	0	0	0	0	0	0	0	0
XMTI4ODM2NjE1Ng==	50	4	119	3	3	2	0	2	2	2	1	1	0	0	0	1	0	1	0	1	0	0	3	0	0	0	0	0	0	2
XMTI4ODM2ODYyOA==	1252	2494	3129	1225	1033	843	944	2033	1915	851	586	101	92	88	71	57	43	43	31	32	30	39	29	39	86	63	70	38	24	28
XMTI4ODM3MDM4OA==	3	0	5	0	2	1	0	0	0	0	0	0	0	0	0	0	0	0	0	0	0	0	0	0	0	0	0	0	0	0
XMTI4ODM3MjcxNg==	26	23	144	7	8	2	0	0	0	3	4	3	5	9	0	3	2	1	3	4	2	1	0	0	0	1	1	0	1	71
XMTI4ODM4MTgzNg==	69	46	121	10	7	4	2	4	0	4	1	2	1	2	2	2	1	0	0	0	0	2	0	0	0	1	0	0	0	0
XMTI4ODM5MDk5Mg==	107	53	2103	47	291	35	30	30	65	57	20	22	12	21	321	9	21	17	8	14	18	11	11	7	7	16	17	13	17	17
XMTI4ODM5MTQ5Ng==	350	3549	32164	12772	7133	4101	4251	3534	2770	2116	819	2230	798	1952	843	2234	520	393	1613	474	451	456	470	390	1505	296	364	332	273	1419
XMTI4ODM5MTg3Ng==	755	1061	22896	2862	2155	472	1870	310	201	1338	130	100	212	240	1763	207	193	153	155	1183	143	95	80	78	63	77	91	75	1414	51
XMTI4ODM5MjEzMg==	97	283	6707	194	2244	135	169	78	73	47	33	38	61	1769	54	59	55	34	37	21	49	40	1075	30	25	31	28	37	33	16
XMTI4ODM5Nzk1Mg==	428	2202	11009	1417	607	191	177	186	191	220	135	98	126	103	86	107	73	74	85	89	59	46	59	49	35	28	43	38	17	24
XMTI4ODM5OTAwNA==	7679	19382	59164	6692	763	1396	1002	180	968	667	652	510	86	241	273	114	346	270	295	231	241	178	7	136	66	53	130	2	153	5
XMTI4ODMwNTYwMA==	172	22	436	7	5	3	1	0	0	1	1	4	3	0	0	1	2	0	1	1	1	0	1	0	2	79	0	0	2	3
XMTI4ODMwNzg1Mg==	5837	4695	14453	2265	757	391	276	241	333	1185	159	144	113	66	93	84	66	69	68	61	53	38	54	63	61	59	64	50	47	38
XMTI4ODMxMDkwMA==	322	191	511	66	97	27	27	22	35	18	12	8	10	5	6	2	6	8	6	1	3	1	5	2	3	3	1	4	3	2
XMTI4ODMxNTY5Mg==	59	7	1645	749	363	16	7	8	2	4	4	12	5	6	8	10	11	14	19	17	13	13	8	15	15	19	28	22	10	9
XMTI4ODMzMzE1Mg==	4	2	5	3	1	0	2	2	0	0	1	1	2	0	1	1	1	0	1	0	1	1	0	1	1	0	0	0	0	1
XMTI4ODQ0Mzc1Mg==	71	46	103	11	13	10	16	3	4	4	19	1	3	3	3	1	4	63	12	9	8	4	3	3	0	2	4	7	7	6
XMTI4ODQ1ODUwOA==	15	11	26	13	10	8	8	6	6	2	1	0	0	0	0	0	0	0	0	2	0	0	0	0	1	1	0	0	0	0
XMTI4ODQ2MTkyOA==	117	720	3075	293	311	275	282	203	130	89	88	72	83	68	69	54	44	41	47	51	40	46	57	57	1025	73	36	46	45	48
XMTI4ODQ2NzA1Ng==	306	1045	1968	259	275	182	153	105	56	49	18	28	21	26	16	7	14	18	11	6	10	15	15	20	6	6	9	11	11	14
XMTI4ODQ4OTEwNA==	113	59	187	34	17	23	20	18	19	17	2	6	13	29	10	55	91	30	21	25	16	12	16	11	15	13	17	12	19	40
XMTI4ODQwNjYzNg==	329	881	7307	3054	1039	317	383	298	204	231	121	119	106	112	95	87	93	149	103	75	70	68	71	43	45	54	47	28	24	24
XMTI4ODQwNjg0OA==	158	366	623	91	33	36	20	37	14	21	10	8	6	11	10	5	2	11	4	15	1	5	4	1	1	19	18	7	11	5
XMTI4ODQxMzEyOA==	38	16	500	288	124	26	37	21	16	123	9	12	8	6	8	15	15	17	9	15	15	8	11	11	15	12	14	15	10	10
XMTI4ODQyNzk4NA==	9	19	83	21	68	46	4	3	5	45	1	4	1	0	2	1	0	1	0	1	2	1	1	3	0	0	0	1	0	0
XMTI4ODQzMjE0MA==	910	555	2028	951	683	660	1005	1508	1087	537	508	424	431	472	578	596	797	705	517	479	479	490	522	487	677	530	551	567	427	479
XMTI4ODU2MDg0MA==	24	44	60	29	4	8	0	1	0	0	0	0	0	0	0	0	0	0	2	1	0	0	0	0	0	0	2	0	0	0
XMTI4ODU2NTQxNg==	19	703	10818	2449	85	48	50	36	38	28	21	23	21	24	17	19	15	23	17	21	16	15	16	20	12	14	10	12	10	6
XMTI4ODU3MDk4MA==	83	58	183	17	5	3	1	4	0	3	2	5	6	0	1	0	3	2	3	1	4	7	2	1	1	0	0	0	0	43
XMTI4ODU3MjI3Ng==	3	0	10	0	0	0	0	0	0	0	0	0	0	0	0	0	0	0	0	0	0	0	0	0	0	0	0	0	0	0
XMTI4ODU3NTcxMg==	22	7	62	3	5	1	0	7	3	4	1	0	1	0	67	251	1	3	3	1	2	0	1	2	2	71	43	23	20	240
XMTI4ODU3NjcwNA==	24	1	85	6	5	14	11	6	0	4	0	0	0	0	0	0	0	0	0	0	2	0	0	0	0	0	1	0	0	1
XMTI4ODUwMTc5Mg==	4	2	8	3	4	3	1	0	0	0	1	1	2	3	1	1	1	2	1	1	2	3	1	3	3	1	1	3	1	1
XMTI4ODUwOTIzNg==	7	0	62	15	26	7	3	5	4	2	2	3	0	1	4	1	2	0	0	2	1	1	1	1	1	6	8	0	2	2
XMTI4ODUxNDIzNg==	16	33	52	17	6	2	6	6	2	3	2	2	0	3	1	1	3	3	1	4	0	0	0	0	0	1	0	1	1	1
XMTI4ODUyODE4NA==	39	13	104	13	5	6	6	4	0	0	0	1	1	2	0	0	2	0	1	1	1	0	0	0	0	0	0	1	0	0
XMTI4ODUyODM1Ng==	9	42	67	14	19	28	14	19	13	25	9	2	9	15	20	20	12	11	14	12	5	9	8	2	3	0	7	3	7	11
XMTI4ODUyOTc5Mg==	33	17	86	12	11	7	5	9	3	7	5	3	9	35	5	10	3	5	9	8	14	1	3	8	2	5	1	3	5	3
XMTI4ODUzNzIxMg==	63	17	120	11	6	1	5	3	0	3	0	2	1	1	1	1	4	0	1	1	6	0	1	1	0	0	2	1	3	0
XMTI4ODY0MjM1Ng==	28	199	1062	68	152	103	110	86	54	41	0	0	2	1	1	1	1	4	1	3	0	3	3	0	0	1	0	1	0	0
XMTI4ODY0NDk4OA==	2353	1372	6294	798	763	440	294	218	196	124	135	143	143	104	123	113	58	110	166	143	178	175	169	192	127	138	117	100	86	84
XMTI4ODY1MDM0NA==	2905	11421	22087	9052	5113	5348	10845	5434	3523	3048	2940	1264	1262	954	943	1082	1585	1451	1343	867	840	843	671	764	664	248	394	591	689	743
XMTI4ODY3NDU1Mg==	24	52	110	5	8	14	14	11	38	3	9	5	4	0	2	7	5	5	5	4	3	2	1	3	1	3	1	2	2	0
XMTI4ODY3NjU1Mg==	5	3	9	0	3	0	2	0	1	0	0	0	0	0	0	0	0	0	0	0	0	0	0	0	0	0	1	0	0	0
XMTI4ODY4NDE0OA==	9	0	15	5	1	2	0	0	0	0	0	1	0	0	0	0	0	0	0	0	0	0	0	0	0	0	0	0	0	0
XMTI4ODY4OTk3Mg==	2	0	4	0	0	1	1	0	0	0	0	0	0	0	0	0	0	0	0	0	0	0	0	0	0	0	1	0	0	0
XMTI4ODY5MDQ2OA==	4	2	7	2	2	3	1	0	5	2	0	2	2	2	5	0	4	6	1	2	2	3	0	0	1	2	3	3	5	5
XMTI4ODY5MjIyNA==	102	189	420	167	293	51	28	22	22	11	7	11	6	1	7	6	12	20	6	4	5	5	1	1	7	5	4	4	1	5
XMTI4ODYwNzU3Ng==	7	11	16	4	4	2	3	3	7	2	0	0	0	0	0	1	1	15	1	1	0	1	1	1	5	5	1	1	1	0
XMTI4ODYxNzYyMA==	8	3	21	2	4	8	4	3	0	2	0	1	2	1	1	2	1	0	0	1	1	1	0	0	1	0	0	0	2	1
XMTI4ODYyMzQwOA==	5	0	239	102	70	159	103	59	73	26	20	12	11	2	6	12	6	10	2	17	5	7	15	5	0	2	2	2	0	3
XMTI4ODc0MjkwMA==	41	33	48	20	17	3	5	3	5	9	2	7	3	1	3	3	2	7	8	0	1	4	3	1	5	5	3	5	5	3
XMTI4ODc0NDk2OA==	18	21	25	4	2	5	4	1	2	1	5	0	2	0	0	0	0	0	1	0	1	0	1	2	0	5	0	4	0	2
XMTI4ODc0NTY4OA==	1	1	2	0	0	0	0	0	0	0	0	0	0	0	0	0	0	0	0	0	0	0	0	0	0	0	0	0	0	0
XMTI4ODc0NjU0MA==	22504	82477	150215	19166	16903	7919	7632	6112	11273	9174	5652	4939	2781	4101	3703	3603	3922	3607	1896	2689	2756	2177	1120	2298	2167	2612	1265	2152	1926	1783
XMTI4ODc1ODI4MA==	25	39	91	3	0	0	1	1	0	0	0	0	1	0	0	2	0	0	1	0	1	0	0	1	0	0	0	0	0	0
XMTI4ODc2ODk2OA==	57	76	525	149	37	10	27	18	4	1	3	2	0	1	5	3	1	4	0	2	0	0	0	1	3	0	1	1	1	1
XMTI4ODc3MzA0MA==	978	1834	2719	718	424	174	124	91	69	59	45	60	50	41	45	46	43	51	47	45	47	62	41	51	35	21	33	45	64	27
XMTI4ODc3NTIyMA==	4	1	10	0	0	0	2	0	0	0	0	0	0	0	0	0	0	0	0	1	0	0	0	0	0	1	0	0	0	0
XMTI4ODc3NzE3Mg==	4	1	9	0	0	0	1	0	1	0	0	0	0	0	0	0	0	1	0	1	0	0	2	0	2	0	0	0	0	1
XMTI4ODc4MzEzMg==	1	1	6	0	0	0	1	0	0	0	0	0	0	0	0	0	0	0	0	0	0	0	0	0	0	0	0	0	0	0
XMTI4ODc5OTIxMg==	4	20	117	6	4	5	0	0	7	2	2	1	0	4	1	0	0	0	0	1	2	1	1	3	1	1	67	0	0	0
XMTI4ODcwMDAyMA==	112	159	195757	65140	15466	9869	10289	9309	155858	3802	3139	1651	1709	738	2669	1961	927	1827	1691	1561	1493	1263	1217	117	901	778	799	774	673	690
XMTI4ODcwMTY1Mg==	115	91	211	7	3	2	2	2	3	2	1	516	2	1	0	813	1	1	2	0	0	0	0	0	2	1	1	2	1	7524
XMTI4ODcyMjE0OA==	6	1	14	0	1	0	0	0	0	0	1	0	0	0	0	0	0	0	0	0	0	0	0	0	0	0	0	0	0	0
XMTI4ODczNDY4NA==	214	739	2089	658	282	278	307	307	337	253	260	214	240	172	202	302	235	266	358	306	393	449	499	511	447	489	474	447	444	389
XMTI4ODczNzUyNA==	3	2	8	0	0	1	1	0	0	0	0	0	0	0	0	0	0	0	0	0	0	0	0	0	0	0	0	0	0	0
XMTI4ODg0NDQ2MA==	5	3	6	1	4	0	1	0	0	0	0	0	1	1	1	0	2	0	0	1	0	2	0	0	0	1	1	0	0	0
XMTI4ODgwNDQ0NA==	6	2	13	2	0	0	1	2	0	2	0	2	0	1	0	0	0	0	0	0	0	0	1	0	0	0	0	0	0	0
XMTI4ODgwNDU4NA==	6	6	10	2	0	2	0	0	1	0	0	0	0	0	0	0	0	0	0	0	0	0	0	0	0	0	1	0	0	0
XMTI4ODgxNDc4OA==	1	2	9	2	2	0	0	0	0	0	0	0	0	0	0	0	0	0	0	0	0	0	0	0	0	0	0	0	0	0
XMTI4ODgyNDc1Mg==	4	5	24	5	4	2	1	0	2	0	0	3	0	0	5	2	0	0	0	1	53	1	0	1	0	1	0	1	0	0
XMTI4ODgyOTY4OA==	35	24	93	0	0	2	1	0	0	0	0	0	0	4	1	0	1	0	0	0	0	2	0	0	1	0	0	0	0	0
