XMTM2MDkzMDQ2OA==	38	12	0	124	38	18	16	14	5	22	14	15	3	1	1	2	0	11	11	46	7	9	24	11	13	16	7	14	2	10	0
XMTM2MTQzNzQ5Ng==	1196	574	118	81713	36	46	52	78	48	214	261	93	24	22	35	33	14	14	17	17	34	45	40	5264	63	4	209	5	195	2	0
XMTM2MTE3ODY3Ng==	13	4	0	15	6	3	0	1	0	1	0	1	0	2	0	38	0	2	0	4	2	1	0	0	0	0	0	0	0	0	1
XMTM2MTcwNzc1Mg==	2	10	9	1	1	6	2	2	3	3	2	1	0	1	0	0	1	0	0	7	1	0	1	0	0	0	1	0	1	0	1
XMTM2MTA4MzE3Ng==	295	121	3	16	28	197	23	7	14	3	12	5	5	7	1	0	8	5	69	12	20	23	9	8	24	6	16	36	18	80	0
XMTM2MDg1NDUwMA==	2	0	5	67	49	37	32	10	4	12	1	0	2	3	0	2	9	4	0	33	1	8	0	5	2	1	3	15	0	1	1
XMTM2MTIyNDg5Ng==	56	17	48	45234	262993	241606	242724	294	7	90224	90348	70410	114352	47249	144	39	40181	50452	58471	35319	55088	107	89	45	89728	180257	84	182198	163	100	0
XMTM2MTMyNTAzMg==	2	0	0	0	2	0	0	0	0	0	0	0	0	0	0	0	0	0	0	0	0	0	0	0	0	0	0	0	0	0	0
XMTM2MTIwNzA5Ng==	1	0	0	0	0	0	1	0	0	0	0	0	0	1	0	0	1	0	1	0	0	1	0	0	0	0	0	1	0	2	1
XMTM2MTM3MTI0OA==	1	0	0	0	0	1	0	0	0	0	0	0	0	0	0	0	0	0	0	0	0	0	0	0	0	0	0	0	0	0	0
XMTM2MTQ4NDMwOA==	3	1	0	2	0	1	0	2	0	1	0	1	0	0	1	1	0	0	1	2	0	1	0	0	0	0	0	0	1	0	1
XMTM2MDk0NzI0NA==	213	112	72	84	16	247	441	118	4052	14221	10903	13589	13127	12898	13780	12928	13369	12708	9987	14423	14118	19162	18719	24691	3775	20334	22449	23965	35532	29884	0
XMTM2MTI4MDQ2OA==	7	6	4	10	0	1	0	0	0	0	0	0	0	2	0	0	0	0	0	0	0	0	0	0	0	0	0	0	0	0	0
XMTM2MDc3NjgyMA==	48	14	6	1	0	190	89	1	5	0	14	27	5	2	0	2	9	6	0	6	0	0	1	1	0	1	1	0	0	0	0
XMTM2MTExOTcxNg==	86	67	100	670	363	397	416	572	418	675	348	821	396	434	345	140	445	1523	1939	2592	2399	3481	3653	1914	733	1748	2074	3900	3583	3429	0
XMTM2MTU1NjU4MA==	4	5	1	5	1	1	0	1	0	1	1	0	1	0	0	0	0	1	0	4	1	0	0	0	0	0	2	0	0	2	1
XMTM2MTI2MjM2MA==	6	8	4	4	21	54	113	224	194	56	73	98	48	83	100	134	311	699	277	1311	960	1911	1936	657	141	326	365	213	601	421	1
XMTM2MTA1NjU4NA==	1324	514	7	796	13	26	3	39	62	60	21	94	149	91	108	205	211	234	290	300	238	367	320	169	156	464	314	380	256	238	0
XMTM2MTE2ODkxMg==	13	11	0	0	0	17	8	4	9	2	7	4	5	1	0	0	2	0	0	33	10	4	0	9	1	2	1	11	1	4	1
XMTM2MDg5OTcyMA==	3	0	0	16	37	28	5	1	1	0	0	0	0	0	0	2	0	0	0	0	0	0	0	0	0	0	0	6	0	1	0
XMTM2MTA5OTk2NA==	17	4	77	6	5	2	3	1	1	0	0	0	0	0	0	0	1	1	0	0	0	0	1	0	0	0	0	0	0	0	0
XMTM2MTI1NjU2MA==	42	21	90	17	0	2	1	9	6	6	1	1	2	2	1	1	1	2	0	8	2	1	3	1	0	1	1	0	1	2	0
XMTM2MTUzNjA4MA==	190	989	490	121	1486	127	3	6	13	0	4	2	2	0	1	4	4	14	0	0	1	0	0	6	1	0	1	1	55	4	0
XMTM2MTA5NzM1Mg==	665	603	142	117	9	141	790	8	7	1	0	0	1	2	2	4	28	10	7	0	4	15	1	13	16	4	3	254	81	35	0
XMTM2MTI3MTUzNg==	6	8	4	0	6	58	48	135	114	33	24	44	41	42	30	84	42	126	78	400	261	542	726	174	52	158	183	173	251	199	1
XMTM2MDc2ODYwOA==	1	2	2	11	1	6	3	10	1	1	2	4	1	4	6	4	1	0	2	18	2	0	1	0	1	2	1	8	0	7	1
XMTM2MDg5NzcxNg==	365	115	19	19	7421	16	13	3	3	4	0	0	0	2	0	4	0	4	1	5	0	1	1	1	0	4	0	1	0	0	0
XMTM2MTIxODYzMg==	4195	3705	5766	3030	247	72	601	715	547	497	263	383	295	299	14	73	72	6	122	690	119	179	120	83	29	8	123	131	151	139	0
XMTM2MTE4ODI1Mg==	25	21	52	88	14	20	23	28	25	15	2	1	22	4	4	17	7	10	0	67	34	23	12	4	2	9	45	36	29	7	1
XMTM2MDk5MDU1Mg==	15	5	0	36	36	3	2	0	1	0	2	0	1	0	0	0	3	1	0	5	0	1	0	0	1	0	0	0	1	0	0
XMTM2MTE4NzE4MA==	6	2	13	15	1	0	0	1	0	0	0	0	0	0	0	0	1	0	0	0	0	0	1	0	0	0	0	0	0	0	0
XMTM2MTI2MjQ4NA==	23	2	0	0	0	1	19	3	0	0	0	0	0	0	0	1	0	0	0	0	0	0	0	0	0	0	0	0	0	0	0
XMTM2MTEzNTc4NA==	8	7	7	1	0	1	0	1	2	2	3	6	3	2	9	38	162	7	8	20	1	1	0	5	0	5	2	2	0	1	1
XMTM2MTE5NTA0OA==	3	13	0	21	9	2	1	0	0	0	0	0	0	0	0	1	0	0	0	0	0	0	0	0	1	0	0	0	0	0	0
XMTM2MTExODY2NA==	3	2	0	0	103504	3263	1822	891	711	810	398	632	428	238	274	244	453	189	152	141	43	43	62	32	29	75	35	69	60	45	0
XMTM2MDgyNjUzMg==	130	75	16	39	3	48	134	132	88	146	95	195	91	41	34	24	47	25	20	10	12	9	7	0	3	4	3	4	6	4	1
XMTM2MDg0MDQwMA==	175	62	27	17	2	49	156	671	190	2227	1222	324	165	242	325	296	486	331	225	205	408	175	193	183	141	303	138	197	134	152	1
XMTM2MDg0NTE0NA==	28	6	4	18	4	0	0	1	0	0	0	0	0	0	0	0	1	0	0	0	1	0	0	1	0	1	0	1	1	0	0
XMTM2MTM1NDY0MA==	38	52	38	1	7	0	262	264	986	171	13	3	0	5	4	3	30	33	15	129	13	6	3	1	0	6	5	0	1	5	1
XMTM2MTEzNTgwNA==	12	7	281	91	42	36	27	17	21	62	9	1	13	8	33	2	23	19	15	177	16	11	0	6	3	3	0	0	2	4	1
XMTM2MTEyNzMwOA==	1	0	0	1	0	0	0	0	0	0	0	0	0	0	0	0	0	0	0	0	0	0	0	0	0	0	0	0	0	0	0
XMTM2MTM1MTE1Mg==	10	5	4	1	1	20	7	2	2	4	2	0	0	3	1	0	1	0	1	7	0	1	1	1	0	1	0	0	0	0	0
XMTM2MTE4ODc0OA==	83	36	5	4	170	325	52	34	34	27	12	4	6	7	11	4	1	3	2	98	13	8	5	3	3	3	0	4	4	15	1
XMTM2MTQ5NzA1Ng==	4	2	0	1	3	0	0	0	0	0	0	0	0	0	0	0	0	0	0	0	0	0	0	0	0	3	0	0	0	0	1
XMTM2MTIwMDk1Mg==	895	808	294	206	2749	1239	633	620	608	476	449	348	432	337	321	404	300	307	679	443	243	635	421	334	148	558	566	489	713	550	0
XMTM2MTMzNDM2NA==	50	18	10	736	23	52	41	8	1	8	26	24	12	11	14	10	24	3	8	171	31	31	381	532	38	789	38	38	9	5	1
XMTM2MDk4NzAwMA==	3	2	2	0	0	0	0	0	0	0	0	1	0	0	0	0	1	0	0	0	0	0	1	0	0	0	0	0	0	0	1
XMTM2MTQwNzQ4MA==	1584	24072	20789	2516	990	687	1430	258	208	506	563	379	154	188	1108	251	206	160	200	201	266	698	550	191	96	117	26	69	88	2531	0
XMTM2MTAyNTQ4NA==	116	67	21	20	3	27	322	580	142	84	105	85	80	99	58	54	33	43	4	51	34	28	2	38	5	14	2	33	20	10	1
XMTM2MTE3Mzk0OA==	70	23	3	437	11	17	3	3	0	0	4	0	1	0	2	2	0	3	0	8	1	0	1	0	0	2	0	8	2	0	0
XMTM2MDk5MTU5Ng==	3	0	0	0	0	0	2	0	0	0	0	0	0	0	0	0	0	0	0	0	0	0	0	0	0	0	0	0	0	0	0
XMTM2MTM0ODUwNA==	20	9	0	0	17	118	15	7	5	1	1	0	1	0	1	0	0	1	0	3	1	1	0	0	1	0	0	1	1	0	0
XMTM2MTMwODk3Mg==	14	5	2	3	0	0	10	4	4	1	2	0	0	0	1	0	1	0	0	5	0	1	0	0	0	0	0	1	0	0	0
XMTM2MTQ1OTUwMA==	71	27	19	9	89	49	25	11	4	44	39	1	0	3	1	4	2	4	9	161	10	2	5	2	6	6	2	7	7	2	1
XMTM2MTcwOTczNg==	5	1	10	5	1	4	5	4	1	0	0	1	0	0	4	2	0	0	1	4	2	0	1	0	1	0	1	2	3	2	0
XMTM2MTEwNjA2OA==	23	12	9	7	2	30	40	30	32	22	15	21	73	37	22	32	44	49	4	83	57	21	13	20	6	8	41	37	26	10	1
XMTM2MTE2MDA4OA==	7	1	0	27	4	1	0	0	0	0	0	0	0	0	3	7	1	0	0	0	0	0	1	1	0	0	0	0	0	0	1
XMTM2MTE0ODY1Ng==	378	24385	302300	98150	71949	123	79	57	33	29	37	22	38	38	27	11	11	2	3	44	20	21	11	3	5	7	16	35	31	23	0
XMTM2MTI1ODE0NA==	122	45	91	161163	823	409	353	65	37	15	4	39	55	51	45	44	48	41	30	32	28	26	47	31	19	25	5	19	20	28	0
XMTM2MTU5MDQyMA==	17	15	4	5	7	26	5	6	1	1	1	0	0	0	2	0	0	2	0	5	2	1	0	1	0	0	2	1	1	1	0
XMTM2MDk0NTUyOA==	2	0	0	0	1	0	0	0	0	0	0	0	0	0	0	0	0	0	0	0	0	0	0	0	0	0	0	0	0	0	0
XMTM2MTE3MzY5Mg==	3	1	0	0	0	1	2	0	0	0	0	0	0	0	0	0	0	0	1	0	1	0	0	2	1	0	2	1	3	3	1
XMTM2MDc0NDM2OA==	1201	697	160	166	1759	716	150	37	16	1	4	12	2	7	6	17	14	8	11	77	15	7	4	8	3	3	5	12	29	54	0
XMTM2MTA5MTk5Ng==	9	1	1	4	12	2	2	0	0	0	0	0	0	0	0	0	0	1	0	0	1	0	0	0	0	0	0	1	0	0	0
XMTM2MDg4NTc4OA==	2633	2119	1096	2002	3037	4725	6323	789	85	184	77	82	758	125	149	247	189	81	84	79	52	37	20	76	136	35	90	67	70	1881	0
XMTM2MTEwMzY2NA==	1	0	0	1	0	0	0	0	0	0	0	0	0	0	0	0	0	0	0	0	0	0	0	0	0	0	0	0	0	0	0
XMTM2MTEyMjU1Ng==	7	2	0	1430	4	1	0	1	0	0	0	0	0	0	0	0	0	0	0	2	0	8	5	18	18	16	10	10	8	5	0
XMTM2MTM3NDczNg==	27	16	0	37	0	8	0	18	11	0	0	1	0	0	0	1	2	0	0	1	0	0	0	0	0	0	0	0	1	1	1
XMTM2MTQ1MzIzNg==	2	1	0	0	0	2	0	0	0	0	0	1	0	1	3	0	1	0	1	3	0	1	4	0	1	1	0	1	0	0	1
XMTM2MTE0MjU2OA==	8	6	18	1	0	2	0	4	6	3	2	1	4	0	1	0	0	0	8	2	2	3	5	2	2	3	3	2	3	1	0
XMTM2MDY3MDY0MA==	36	19	7	3	0	2	27	14	4	13	24	28	11	32	1	4	25	14	13	75	11	18	21	38	20	13	17	16	33	25	1
XMTM2MTA4MDIxNg==	15	1	1	2	13	1	1	1	0	1	0	0	0	0	0	0	0	0	0	3	0	0	0	2	0	1	1	1	0	0	0
XMTM2MDYwNTU3Mg==	2	4	11	7	3	5	3	1	0	1	1	1	2	1	0	1	0	1	5	3	1	1	0	3	0	1	1	3	4	2	0
XMTM2MTQyNDQyMA==	2	0	0	1	0	0	0	2	0	0	0	0	0	0	0	0	0	0	0	0	0	0	0	0	0	0	0	0	3	0	1
XMTM2MTMzNTkwMA==	3323	2789	11463	9878	6099	17944	2522	3857	641	1643	2459	1182	189	501	388	2387	1546	374	367	140	260	275	384	223	388	108	111	274	191	248	0
XMTM2MTAwNjQ3Mg==	149	56	63	527	18	1	9	11	6	6	5	1	0	0	0	7	8	1	0	13	0	4	0	2	1	1	0	3	5	2	0
XMTM2MTQwMTMzMg==	22	10	8	23	0	1	1	1	1	0	0	0	0	1	0	1	0	0	0	0	1	0	0	0	0	2	1	0	5	0	0
XMTM2MDkxMDE2OA==	108	51	19	23	0	48	100	40	18	54	28	14	36	36	167	39	25	8	22	13	14	47	54	5	12	17	26	25	27	18	1
XMTM2MTM5MDk4OA==	11	6	42	24	23	8	6	5	3	12	1	0	0	1	3	0	5	4	0	10	0	5	1	0	3	0	1	0	3	3	0
XMTM2MDczNTEwOA==	2	0	0	0	0	0	1	0	0	0	0	0	0	0	0	0	0	0	0	0	0	0	0	0	0	0	0	1	0	0	1
XMTM2MDk1Njk1Ng==	5	49	31	4	0	0	1	38	4	5	0	4	0	2	10	4	11	0	1	13	0	6	0	0	0	0	12	4	2	14	1
XMTM2MTM3NTc1Mg==	83	30	53	104	38	14	6	9	3	33	207	1508	1208	787	80	61	72	44	33	76	70	148	123	76	65	157	48	34	25	23	1
XMTM2MDkwNTUwOA==	2544	2533	2800	322	11	3	108	76	53	37	30	88	27	8	24	25	1	7	0	101	16	2	11	3	5	8	1	5	12	7	0
XMTM2MTE5NTY5Mg==	0	0	0	0	1	0	0	0	0	0	0	0	0	0	0	0	0	0	0	0	0	0	0	0	0	0	0	0	0	0	0
XMTM2MTU1Mzk0MA==	3961	3442	1011	6569	3192	1255	808	1079	642	379	364	359	421	414	366	354	231	337	214	217	215	231	374	144	135	196	107	153	128	137	0
XMTM2MDk0MDY1Ng==	3	0	0	1	0	1	14	0	0	0	1	1	0	0	1	0	0	0	0	0	0	0	0	0	0	0	2	0	0	0	0
XMTM2MTIzMDc5Mg==	6	2	45	26	19	7	1	0	0	2	0	0	0	4	3	2	3	1	0	15	0	3	0	0	0	1	2	0	7	7	0
XMTM2MTM3NTc0MA==	28	8	146	227	118	50	18	1	0	0	8	8	7	5	4	3	1	0	2	11	0	1	0	0	0	0	1	0	0	0	0
XMTM2MTE3MjkwNA==	738	288	105	545	12	15	24	11	4	2	0	1	0	2	2	1	1	12	10	0	0	1	0	0	0	2	0	0	6	0	0
XMTM2MTQ4MjM4MA==	25	19	8	23	1	1	1	0	0	0	1	0	0	0	0	0	0	1	0	1	0	0	0	0	1	0	0	0	0	2	0
XMTM2MTE0MzA1Ng==	18	10	50	14	12	12	0	0	5	0	0	0	0	0	1	0	0	0	0	1	1	3	0	0	0	0	0	0	0	0	0
XMTM2MTEzMjIxMg==	4	1	1553	10	279	52	322	265	252	272	218	164	252	317	412	331	287	529	46	240	514	79	106	70	70	141	146	12	318	162	0
XMTM2MTQzMzQ0OA==	10	3	36	8	0	0	0	0	0	0	0	0	0	1	0	0	1	0	0	0	0	0	0	0	0	0	0	0	0	0	0
XMTM2MTA4OTgxMg==	163	49	0	1591	6	2	9	0	1	0	0	0	0	0	2	3	0	6	1	10	0	9	3	3	1	10	7	2	3	0	0
XMTM2MTAxMTM0NA==	256	164	59	61	2	12233	360	160	89	91	42	1	9	2	3	3	6	11	0	292	295	387	436	309	289	1028	98	31	17	15	0
XMTM2MTA4MDk4MA==	14018	9764	65633	26731	17994	17511	18043	12028	10405	11524	8991	8907	9972	9184	9607	8331	4754	5072	3567	3257	1653	1771	2065	1596	994	1850	772	1659	1085	1199	0
XMTM2MTQ5NzM4NA==	93	77	205	86	56	53	52	61	81	116	59	73	50	9	5	21	1	40	0	127	16	3	6	9	13	1	9	39	17	17	0
XMTM2MTM5ODQ0MA==	17	1	1	0	0	0	11504	0	8	2	4	11	4	6	8	3	6	3	3	19	2	19	10	1	2	1	4	2	6	8	0
XMTM2MTU0OTQ0OA==	8	16	2	0	0	54	2	0	0	0	1	0	1	0	0	0	0	0	0	1	0	1	0	0	0	2	0	0	4	1	0
XMTM2MDk5NDI4NA==	6	1	18	52	5	10	5	4	3	1	2	7	7	6	3	6	1	12	0	40	4	2	0	1	0	1	3	1	1	12	1
XMTM2MTYwMDAwOA==	2	2	3	0	0	0	0	1	0	0	1	1	0	0	0	0	3	0	0	2	0	1	0	0	0	0	0	0	0	0	1
XMTM2MTU3NTcwMA==	988	1923	1039	2667	8343	9456	4701	1582	578	594	294	597	468	753	319	329	107	136	111	158	189	73	74	104	164	211	196	164	223	1042	0
XMTM2MTIzMTA4OA==	9	3	13	58	23	32	1	5	4	1	0	4	0	3	1	1	1	0	1	19	2	2	1	2	0	0	2	1	0	0	1
XMTM2MDk2MDc4NA==	21	1	1	0	5	18	1	1	1	0	0	0	0	0	2	0	1	0	0	3	4	0	0	1	2	0	0	0	0	1	0
XMTM2MTM1Mjc5Ng==	1	0	0	0	0	1	0	0	0	0	0	0	0	0	0	0	0	0	0	0	0	0	0	0	0	0	0	0	0	0	0
XMTM2MDc0NDQ3Mg==	978	570	131	117	7625	4823	106	48	31	65	58	56	79	68	62	53	58	51	10	63	14	10	11	13	6	0	15	6	17	7	0
XMTM2MTUyNzU3Ng==	4	3	8	2	6	11	4	8	8	8	4	0	0	5	1	2	0	3	2	24	9	17	15	17	2	16	8	13	4	4	1
XMTM2MDc3ODU1Mg==	6745	37049	110399	162263	60679	11804	4180	3485	2597	2215	1299	1280	1670	1301	2409	1802	997	1428	1172	1145	977	1272	1699	1024	1043	2337	529	1709	1349	1325	0
XMTM2MTI5OTAwMA==	89	8	14	3	2	0	780	310	56	15	0	1	6	1	3	4	7	8	1	29	1	0	2	2	12	2	0	2	2	3	1
XMTM2MDk1ODQwNA==	24	15	6	5	1	27	3	0	6	2	0	2	0	1	1	0	0	2	1	5	0	0	1	0	1	0	0	0	1	0	0
XMTM2MTU3NjQ0MA==	3	3	0	4	2	1	0	0	1	0	0	0	1	0	0	3	1	1	0	1	0	0	0	0	0	0	0	0	0	0	1
XMTM2MTU3OTk4MA==	7	3	4	2	3	1	10	10	13	6	1	7	5	3	0	1	1	1	0	16	2	2	2	0	1	3	0	0	0	1	1
XMTM2MDkxMTU3Ng==	74	22	51	30	16676	16239	7594	9486	5913	3162	2615	3402	3651	3018	3192	3227	2463	1689	960	1310	1448	1460	845	168	362	793	653	789	690	735	1
XMTM2MDcxODkxMg==	165	30	9	2	2	0	132	36	7	4	0	0	1	2	3	0	1	0	0	14	2	1	0	1	2	0	1	1	0	1	0
XMTM2MDkzMjY0MA==	29	11	309	149	92	45	63	33	38	92	80	54	72	48	58	46	47	89	66	52	106	48	83	74	76	111	30	100	64	78	0
XMTM2MTcwNTA2OA==	6	1	2	2	0	0	10	4	1	0	0	0	0	1	0	0	0	0	0	1	0	0	0	1	0	0	0	0	0	0	1
XMTM2MTE3MDk4MA==	5	18	38	16	45	17	6	22	8	2	4	5	10	0	1	0	3	0	5	44	14	2	3	10	4	10	2	41	14	24	1
XMTM2MDg4MzgwOA==	466	339	186	1181	5086	5365	7010	7612	5378	4930	4102	4110	6053	7336	5925	4967	3720	3276	2607	3494	3648	7193	8157	3036	824	567	487	1771	781	12798	1
XMTM2MTIwNTA4OA==	1508	8632	7559	3249	173	541	440	547	449	564	377	343	357	232	670	760	757	332	124	117	138	382	726	227	332	261	357	195	184	287	0
XMTM2MDk3Nzk4NA==	332	166	49	66	3	81	433	49	51	37	47	49	59	17	67	60	22	53	74	124	113	101	246	87	89	155	76	187	83	104	0
XMTM2MTMzNzk4MA==	3	0	0	2	2	0	5	1	1	0	0	0	0	0	0	0	1	1	0	1	1	0	0	0	0	0	0	2	0	0	1
XMTM2MTEzNTAwNA==	9	6	0	17	19	9	0	0	0	0	0	0	1	1	0	0	0	2	0	3	1	0	0	0	2	22	1	221	36	15	1
XMTM2MTI5NTM3Mg==	64	85	11	519	510	333	630	820	592	226	189	179	399	361	727	388	1579	1373	228	115	271	340	443	295	174	319	58	453	623	727	1
XMTM2MTE2OTA1Ng==	1	0	0	1	0	0	0	0	0	0	0	0	0	0	0	0	0	0	0	0	3	0	0	2	0	0	0	0	0	0	1
XMTM2MTQ5NDU5Ng==	44	19	90	7	2	0	2	3	5	3	0	2	1	1	1	2	0	0	2	7	1	3	0	1	1	2	0	1	1	1	0
XMTM2MTU0NjgzMg==	11	12	2	1	8	590	0	0	1	0	0	0	1	0	0	5	0	1	0	1	0	0	1	0	0	32	15	4	0	1	0
XMTM2MTE0MDA2OA==	99	45	12	249	62	33	19	10	10	7	9	0	1	1	2	2	4	2	2	28	1	5	1	4	1	1	0	7	1	3	0
XMTM2MDg4ODUxNg==	13	1	38	4	2	0	1	0	1	0	0	0	0	1	0	0	0	1	0	2	0	0	0	0	0	0	0	0	0	0	0
XMTM2MDkzOTkwOA==	72	40	825	1630	1014	1152	831	888	918	724	535	853	1002	620	343	485	260	368	9	195	211	8	104	21	184	78	132	47	13	138	0
XMTM2MTE4MjA0OA==	15	5	1	5	23	6	7	6	11	7	2	1	3	2	1	6	0	2	0	23	2	4	2	0	4	2	2	4	0	0	1
XMTM2MTQ4NzAwOA==	48	103	81	129	1	14	6	7	8	0	1	3	3	3	2	4	0	0	1	12	4	0	0	2	0	0	5	2	4	3	0
XMTM2MTAxNjg2MA==	12	4	0	3	0	24	4	4	3	0	1	0	4	1	1	0	2	2	0	7	1	3	4	1	0	0	0	0	1	3	0
XMTM2MTQ0MDM2MA==	2	1	6	0	0	0	0	0	0	0	0	0	0	0	0	0	0	0	0	0	0	0	0	0	1	0	0	9	0	0	1
XMTM2MTQ5OTU0NA==	39	162	111	24	3	0	10	3	57	4	1	0	1	0	20	10	18	2	1	2	0	0	0	0	0	0	0	0	0	0	1
XMTM2MTI1NzUxMg==	14	6	0	23	1	1	0	3	1	1	0	0	1	0	1	1	1	0	0	7	1	1	0	1	1	0	0	1	2	1	1
XMTM2MDkwMjQyNA==	2	0	1	2	2	4	0	0	0	0	0	0	0	0	1	0	0	0	1	0	0	0	0	0	0	0	0	0	0	0	0
XMTM2MTEwNDA4NA==	4	4	1	4	1	0	0	0	2	0	0	1	0	0	0	0	0	1	0	1	0	0	1	0	1	2	0	0	1	0	0
XMTM2MDg1NTcxNg==	2	0	0	0	0	0	1	0	0	0	0	0	0	0	0	0	0	0	0	0	0	0	0	1	0	0	0	0	0	0	1
XMTM2MTUzODIyOA==	4	1	0	0	0	1	13	0	0	0	0	0	0	0	0	0	0	0	0	0	0	0	0	0	0	0	0	0	0	0	0
XMTM2MTQxODQzMg==	45	24	6	4	0	66	55	57	1	2	0	0	1	0	0	0	0	0	0	6	1	1	1	0	0	0	1	0	1	0	1
XMTM2MDk4NzUyNA==	18	64	62	41	0	2	0	0	0	1	0	1	0	0	0	0	0	0	0	0	0	0	0	0	0	2	0	0	2	0	0
XMTM2MTUzMjEyNA==	19	12	1	39	20	8	2	2	1	1	0	0	1	0	0	1	0	0	0	7	1	0	1	0	2	1	1	1	1	1	0
XMTM2MTU0OTM4OA==	42	23	197	748	107	44	64	405	512	209	7	39	73	111	290	54	343	185	2	485	23	2	16	16	4	20	10	9	16	3	1
XMTM2MTI4OTA1Ng==	2	0	2	2	0	0	0	0	0	0	0	1	1	0	0	1	0	0	0	1	0	2	0	0	0	0	0	0	3	2	1
XMTM2MDc2MjM0NA==	18	1	2	108	4	1	1	4	0	0	0	0	0	0	1	0	0	0	0	0	1	0	0	4	2	1	0	0	0	0	0
XMTM2MDkxNDA0OA==	2121	1286	1162	2114	669	3838	1886	15	99	83	65	60	56	32	50	51	18	12	51	18	1	3	2	43	500	1543	23	181	19	9	0
XMTM2MTE0MTQwNA==	28	14	13	2	3	61	26	7	1	0	0	0	0	2	1	0	1	0	0	0	0	0	0	0	0	3	0	0	0	0	0
XMTM2MTU0MDAzNg==	5	14	2	6	18	5	2	2	3	1	1	1	0	1	0	0	1	0	0	8	0	0	0	1	0	0	1	0	2	0	1
XMTM2MDg2MzUyMA==	2	1	0	2	0	2	0	0	0	0	0	0	0	0	0	0	1	0	0	0	0	0	0	0	0	0	0	0	0	0	1
XMTM2MTQzNzgwOA==	1489	712	116	310	15	37	2393	721	352	407	337	291	606	546	522	472	826	8	1	6	8	1	1	0	7	14	7	14	6	11	0
XMTM2MTQ3NzM1Mg==	159	41	1	1	0	171	16	0	0	0	0	1	0	0	0	0	0	1	0	0	2	1	0	4	1	1	1	1	5	1	0
XMTM2MTI0NDE1Mg==	2	0	0	0	2	0	1	0	0	0	0	0	0	0	1	3	0	1	0	0	0	4	0	0	0	0	0	0	0	0	1
XMTM2MDk4NjgzNg==	1634	1634	821	799	8067	2400	380	190	128	189	166	130	177	178	143	138	98	51	45	34	36	38	14	13	17	26	25	34	27	17	0
XMTM2MDcyNDIyOA==	2	0	0	1	0	0	0	0	0	0	0	0	0	0	0	0	0	0	0	0	0	0	0	0	0	0	0	0	0	0	0
XMTM2MTEwNDc4OA==	2	0	0	1	0	0	0	0	0	0	0	0	0	0	0	1	0	0	0	0	0	0	0	0	0	0	0	0	0	0	1
XMTM2MDkzMTEyMA==	752	1006	346	510	1536	721	238	241	106	38	45	38	55	58	86	58	31	44	31	27	18	51	81	31	32	34	12	36	36	48	0
XMTM2MDg0NzIyOA==	70	20	5	138	15	0	0	0	0	0	0	0	0	0	0	0	0	1	0	0	0	0	0	0	0	0	0	0	0	3	0
XMTM2MTEyMDA0MA==	4	1	0	0	2	0	0	0	0	0	0	0	0	0	0	0	0	0	0	0	0	0	0	0	2	0	0	0	0	0	1
XMTM2MTQ1MzY2OA==	132	119	396	3	3	9	3	7	0	5	4	2	0	1	0	1	1	0	2	14	0	1	0	1	1	1	1	1	0	0	0
XMTM2MTMyNTgzNg==	13	11	44	20	3	4	3	2	1	0	0	1	0	1	0	0	0	0	0	0	0	0	1	2	0	2	0	0	0	0	0
XMTM2MTQzOTIwMA==	277	427	183	381	605	1267	2611	4508	3620	1976	1890	1534	1744	2953	5947	3185	1617	2090	1410	1576	1980	2284	2952	3616	2326	1969	338	1238	865	525	1
XMTM2MTEwNzE1Ng==	7	1	1	12	1	0	0	1	0	0	0	4	1	0	5	0	17	1	0	7	0	0	0	0	0	3	2	0	0	0	1
XMTM2MTE2NDg4MA==	11	2	2	238	1401	773	829	929	700	987	747	1325	910	35	9	129	82	62	44	59	151	45	75	11	17	9	10	1681	1455	542	1
XMTM2MTI2NTYxNg==	9	22	3	0	14	34	68	174	137	52	43	56	53	43	89	58	119	269	323	407	513	991	1087	311	96	239	247	231	365	273	1
XMTM2MDkwNDQ0MA==	7819	8977	4883	15145	11986	3028	289	276	93	65	280	256	164	180	128	119	545	26	90	58	25	17	51	145	35	99	24	30	1	213	0
XMTM2MTMzMTkxNg==	18	13	1	1602	17	3	3	3	4	4	6	1	0	95	1	1	0	122	16	118	2	3	998	1190	76	1723	4	9	6	11	1
XMTM2MTAxMzUxMg==	17	11	3	15	795	1991	1109	220	138	178	173	116	1	60	2	12	7	3	9	614	65	44	99	48	16	124	77	93	52	38	1
XMTM2MTA3MTA1Mg==	33	18	11	53	13	12	10	20	16	17	6	17	23	11	0	2	20	1	5	104	14	7	4	9	10	16	10	26	17	10	1
XMTM2MTA5NDQzNg==	348	141	25	16	20	6	10444	48	56	29	30	28	39	35	67	176	49	74	39	36	107	132	50	17	10	10	41	73	135	104	0
XMTM2MDUyMDYxNg==	22	2	11	33	44	15	2	4	3	4	3	0	0	1	1	0	0	1	0	6	3	1	1	0	1	0	0	0	0	0	0
XMTM2MDkxMTA2OA==	1968	1254	66	133	9	4410	11730	5856	1098	1364	617	671	908	664	469	575	370	387	259	220	243	205	268	40	59	95	70	211	140	156	1
XMTM2MTAyNDAwMA==	34	13	0	4	0	229	50	8	1	5	1	1	0	0	1	0	0	0	0	4	4	1	0	0	0	0	0	0	0	1	0
XMTM2MTE1MzQ2NA==	8	2	0	10	4	12642	2	1	0	0	0	1	0	1	0	30	128	266	105	28	37	4167	5	93	0	20546	787	179	246	157	1
XMTM2MTI4Mzg2MA==	30	10	1	0	1	103	148	12	7	8	0	0	2	0	1	0	1	0	0	5	0	19	3	3	0	4	0	1	0	2	0
XMTM2MDg3MTM4OA==	31	21	35	16	4	0	3	6	7	1	1	0	0	0	2	0	2	0	7	0	3	2	0	0	0	3	0	1	1	23	1
XMTM2MTEwMjcxMg==	3	1	0	50	4	3	4	38	5	1	1	4	2	2	1	4	5	14	7	36	3	0	9	3	4	9	1	1	8	5	1
XMTM2MTM1MTk0OA==	3	7	1	3	0	8	2	0	0	0	1	0	0	0	0	8	0	0	0	2	0	1	0	0	1	1	0	0	0	1	1
XMTM2MDQ3MDI0NA==	138	69	259	161	29	14	4	7	6	0	4	2	1	4	3	0	0	9	2	1	1	2	0	1	2	0	910	890	110	1	1
XMTM2MDkyNzI2OA==	5	0	0	1	0	4	1	0	0	0	0	0	0	0	0	1	0	0	0	0	0	0	0	0	0	0	0	0	0	0	0
XMTM2MDc0NTc0OA==	208	31	49	10	1575	2715	354	282	56	45	49	129	35	27	34	30	3	22	20	9	16	27	16	17	8	19	11	25	13	35	0
XMTM2MTI0MjA2OA==	7	3	2	8	2	0	2	4	2	1	1	0	0	0	1	0	1	1	0	0	0	0	1	0	0	0	0	0	1	0	1
XMTM2MTEzNzc1Mg==	7	6	341	95	70	40	33	23	19	87	13	0	22	7	39	1	28	24	18	247	19	14	0	9	5	0	0	1	3	5	1
XMTM2MTAxMTA2NA==	529	468	170	578	1540	986	831	862	672	396	218	588	564	286	821	102	525	391	126	730	562	454	536	344	136	367	347	505	551	361	0
XMTM2MDk0NzEzNg==	502	371	656	10804	1877	836	408	24	25	13	12	1	16	1	22	2	1	3	68	4	8	5	2	1	3	1	2	11	19	55	0
XMTM2MDYxOTAyMA==	13	14	6	0	53	81	18	34	9	3	0	0	0	0	0	2	0	0	0	3	0	0	0	0	0	1	0	0	0	0	1
XMTM2MTEzMzA2MA==	15	5	25	9	3	5	5	11	6	4	2	5	2	1	4	1	0	0	1	25	2	4	4	5	7	7	2	4	12	8	1
XMTM2MDQ2MjQwMA==	3	0	4	3	0	0	0	0	0	0	0	0	0	0	0	0	0	0	0	0	0	0	0	0	0	0	0	0	0	0	0
XMTM2MTI3MjI5Mg==	5	10	2	1	52	47	131	395	147	85	37	60	68	59	73	84	28	143	165	275	210	564	766	181	74	283	76	184	238	206	1
XMTM2MTIxNjY2OA==	4	2	3	41451	0	0	0	0	0	0	0	0	0	0	0	0	0	0	0	0	0	0	2	3434	0	0	803	0	12	2	0
XMTM2MTE0ODYwNA==	4	1	12	2	0	0	0	0	0	0	0	0	0	0	0	0	0	0	0	0	0	0	0	0	0	0	0	0	1	0	0
XMTM2MTE3MjIwOA==	1	1	0	0	1	0	0	0	0	0	0	0	0	0	0	0	0	0	0	0	0	0	0	1	0	0	0	0	0	0	1
XMTM2MTAyNzgxNg==	8	5	17	0	11	32	28	17	12	6	2	6	0	3	0	1	0	3	1	31	2	9	4	153	25	37	17	6	15	71	1
XMTM2MTIzODYzMg==	462	2244	1668	96	201	11	2526	1413	22	15	8	14	17	19	28	3	20	9	30	56	41	16	3	4	6	13	4	14	11	10	1
XMTM2MTMwMjEyOA==	5	0	0	0	0	3	0	0	0	0	0	0	0	0	0	0	1	0	0	0	0	0	0	0	0	0	0	0	0	0	1
XMTM2MTU3NzM5Mg==	57	97	43	71	696	647	108	10	10	7	1	1	13	9	2	0	2	0	1	9	0	0	3	1	0	1	1	0	0	0	0
XMTM2MTQ1MjY3Ng==	1177	499	85	622	6797	3437	699	377	204	359	365	703	567	292	259	224	175	162	461	927	78	8	76	156	117	310	438	848	328	453	0
XMTM2MDgwOTMyNA==	7855	61925	241860	280295	152130	72232	25383	26211	29283	18206	19525	18827	10602	17544	28763	37739	13134	14759	15459	17077	14827	23903	34047	17305	14900	23450	21565	14977	20031	16826	0
XMTM2MTE4NjE2NA==	69	58	684	406	206	104	47	51	39	39	16	21	3	2	11	11	7	8	0	74	5	5	3	1	7	3	4	2	9	3	0
XMTM2MDgxNDcwNA==	97	36	24	14	0	146	404	89	34	22	12	31	5	2	71	32	267	9	40	69	18	73	80	24	19	35	26	72	82	52	1
XMTM2MTY2MDI3Ng==	2	0	0	1	0	0	0	0	0	0	0	0	0	2	0	0	0	1	0	3	0	1	0	0	0	0	0	0	0	2	1
XMTM2MTU3MDU1Mg==	397	398	122	113	288	1208	1578	879	364	169	168	310	263	147	235	147	209	99	69	87	213	60	38	49	59	64	92	99	31	539	1
XMTM2MDc3OTU5Mg==	45	10	0	1296	325	14	11	8	6	4	8	4	1	1	2	3	6	2	1	32	2	0	0	1	3	0	2	2	5	1	0
XMTM2MTU0MDk2OA==	2	0	0	0	0	1	0	0	0	1	0	0	1	0	0	1	0	0	0	0	0	0	0	0	0	0	0	0	1	0	1
XMTM2MTU1MjMyOA==	146	111	187	68	14	160	436	768	159	89	43	35	39	44	26	33	10	16	13	44	6	12	15	7	5	8	7	7	6	7	1
XMTM2MTQ2ODYzMg==	1015	474	10797	11587	97	11597	587	266	151	100	40	31	58	37	50	40	38	25	30	1	29	27	37	15	16	30	6	16	19	15	0
XMTM2MTEwNjgxNg==	34	22	38	20	8	8	3	2	0	4	3	8	2	6	3	3	0	2	1	14	0	3	1	0	0	0	1	1	0	0	0
XMTM2MTQzMTQxMg==	2	2	0	0	2	0	0	0	1	0	0	0	0	0	0	0	0	0	1	0	0	0	0	0	0	0	0	0	0	0	1
XMTM2MTI2NDMxNg==	12	17	4	6	24	38	72	156	140	55	65	46	43	0	60	61	187	343	447	582	565	1160	1183	400	94	257	342	160	473	285	1
XMTM2MDU0MjI1Ng==	1	0	0	1	0	0	0	0	0	0	0	0	0	0	0	0	0	0	0	0	0	0	0	0	0	0	0	0	0	0	0
XMTM2MDcxMzYwNA==	67	24	1	2	0	31	155	127	67	70	5	8	15	2	6	19	38	23	14	67	7	1	6	3	2	25	5	4	5	3	1
XMTM2MTMyMDU2NA==	4	1	0	4	2	1	0	0	1	0	0	1	0	0	0	0	0	0	1	1	4	2	0	0	0	0	0	0	0	0	1
XMTM2MTA1ODQ0OA==	61	29	12	9	0	54	11	4	1	3	1	0	0	1	2	2	2	1	0	12	2	2	3	1	0	1	3	2	0	3	0
XMTM2MDc0OTI0MA==	63	16	169	12	0	0	4	2	2	0	8	2	1	0	1	1	0	0	13	2	0	2	0	0	0	0	0	0	4	0	0
XMTM2MDk4MDA5Mg==	438	353	159	123	23	255	779	1796	747	414	207	109	268	172	307	182	277	79	73	224	66	356	3	452	491	161	317	273	40	244	1
XMTM2MDYzMzc1Mg==	3	2	4	0	0	1	5	3	13	5	1	1	0	2	0	0	0	1	1	9	0	1	1	1	0	1	0	0	2	5	1
XMTM2MTEzNjYwMA==	8	5	295	95	68	42	28	24	34	85	2	6	22	9	25	7	28	20	15	248	11	18	4	4	2	7	2	0	2	0	1
XMTM2MTYyOTY5Ng==	695	765	22220	21007	20719	139	158	79	60	144	47	77	75	59	55	61	50	139	90	43	30	98	138	91	18	73	39	68	49	43	0
XMTM2MTI3NDI0NA==	16	17	36	3	1	0	2	3	13	38	38	37	43	47	81	62	13	129	46	241	169	346	468	278	45	230	215	3	162	146	1
XMTM2MTUzODQ3Ng==	11	7	20	3	0	0	0	1	0	0	0	0	0	0	0	0	1	0	0	0	1	0	2	0	0	0	0	0	0	2	0
XMTM2MTEyNzUwOA==	6496	48	29	0	4132	2199	256	50	2478	2012	525	71	6	323	4	971	1	6922	3569	2	8753	2	9080	638	1375	0	17673	42745	88171	2100	1
XMTM2MTAyMDA4MA==	1	1	0	3	1	0	0	0	0	0	0	0	1	0	0	0	1	0	0	0	0	1	1	0	0	1	0	0	0	0	0
XMTM2MTQ3Njg3Ng==	88	28	12	1	7	1	66	4	3	4	0	3	1	1	0	3	0	1	0	8	0	0	0	1	0	1	0	0	0	0	0
XMTM2MTczMTYwMA==	5	4	12	6	0	0	0	1	2	0	0	0	0	1	0	2	0	0	0	2	0	0	0	0	0	0	1	0	0	0	0
XMTM2MTIwNDkyOA==	2	0	0	0	0	3	0	0	1	0	0	0	0	0	0	0	0	0	0	0	0	0	0	0	0	0	0	0	0	0	1
XMTM2MTAyNzA2OA==	18	5	56	89	125	30	10	11	1	8	0	0	2	1	1	2	2	0	5	19	5	3	2	0	0	1	1	2	2	0	0
XMTM2MDg4NTk5Ng==	16	9	2	11	8	50	17	13	19	11	3	0	2	3	1	1	2	1	0	37	5	3	2	3	3	23	13	16	5	2	1
XMTM2MDg4MzEyMA==	2	0	0	2	0	0	0	0	0	1	0	0	0	1	0	0	0	0	0	1	0	0	0	0	0	0	0	1	0	0	1
XMTM2MTIxMDAzNg==	1	0	0	1	0	0	0	0	0	0	0	0	0	0	1	0	1	0	0	0	0	0	0	0	0	0	0	0	0	0	1
XMTM2MDkzMDc2NA==	19	5	1	13	4	2	0	4	2	2	2	3	1	1	2	1	2	0	1	13	0	0	3	1	0	0	0	1	0	1	1
XMTM2MTI2MDU3Mg==	17	13	3	2	36	51	150	216	221	103	57	87	82	94	111	144	706	1168	1160	796	2059	2837	2909	765	191	351	400	329	749	482	1
XMTM2MTE3Mzc5Ng==	2	0	0	0	0	1	0	0	0	0	0	0	0	0	0	0	0	0	0	0	0	0	0	0	0	0	0	2	0	0	1
XMTM2MTIwMDIyNA==	50	17	11	1	0	32	0	0	0	0	1	0	0	1	0	0	16	13	1	0	14	0	4	1	1	0	1	0	10	0	0
XMTM2MTY2OTc3Mg==	3	0	0	0	2	0	0	0	2	0	0	0	0	0	0	0	0	0	0	0	0	0	0	0	0	0	0	0	0	0	1
XMTM2MDkwNDgyNA==	2	0	0	0	0	1	0	1	0	0	1	0	0	0	0	1	1	0	2	0	1	0	0	0	0	0	0	1	1	0	1
XMTM2MTE3MTE1Mg==	25	7	93	53	6	11	8	3	1	5	1	0	1	0	0	0	0	1	0	12	5	2	1	0	2	1	2	4	4	1	0
XMTM2MTUzMzg1Mg==	80	119	73	30	198	56	13	2	0	0	1	0	0	0	1	0	6	2	0	1	0	0	0	1	2	0	0	13	27	1	0
XMTM2MTAwMTYxMg==	4	1	0	4	1	0	0	0	0	0	0	0	0	0	0	0	0	0	0	0	0	0	0	0	0	0	0	0	0	0	0
XMTM2MTY5ODMzNg==	193	178	248	34	2	2	49	27	6	27	8	11	1	0	0	55	15	1	4	0	7	14	8	14	7	6	2	6	7	1	0
XMTM2MTM2MTUxMg==	4	0	1	0	0	2	0	2	0	0	0	0	0	0	0	0	0	0	1	1	0	0	0	0	1	0	0	0	0	0	1
XMTM2MTU4NDgzMg==	33	19	27	98	101	67	2	11	0	5	4	1	0	3	0	3	2	1	2	17	1	0	1	1	3	3	5	4	3	1	0
XMTM2MTA0NjM2OA==	17	1	0	1	0	22	44	11	0	0	0	0	0	1	0	1	0	0	0	7	1	2	2	2	7	17	7	3	5	1	1
XMTM2MTI5ODM0MA==	6	4	83	8	0	1	0	0	0	0	0	0	0	0	1	1	1	0	0	0	0	1	0	0	0	0	0	0	5	1	0
XMTM2MTQ5MzM4OA==	4421	3826	8814	11150	4410	3259	55227	287	258	167	288	275	265	397	165	29	334	225	238	282	1872	371	130	564	764	560	331	396	305	49	0
XMTM2MTAxOTEwOA==	1	0	3	0	0	0	0	0	0	0	0	0	0	0	0	0	0	0	0	0	0	0	0	0	0	0	0	0	0	0	0
XMTM2MDkzNTQ2OA==	37	26	41	72	7	19	13	14	9	19	18	0	1	5	2	5	5	17	8	49	4	7	12	3	16	11	8	8	4	2	1
XMTM2MDk1NDM2OA==	2	2	6	0	0	0	0	0	0	0	0	0	0	1	0	0	0	0	0	1	0	0	0	0	0	1	0	0	0	1	0
XMTM2MTI0NzAyOA==	2	0	0	0	1	0	0	0	0	0	0	0	0	0	0	0	0	0	0	2	0	0	0	0	0	0	0	0	0	0	1
XMTM2MDk5MjUyMA==	83	32	1238	0	5	1	2	0	1	12	0	1	0	1	3	3	3	0	1	31	0	6	2	0	2	3	1	1	0	0	0
XMTM2MTEwOTQ2MA==	8	1	3	0	7	2	0	0	0	0	0	0	0	0	0	0	0	0	0	0	0	0	0	0	0	3	0	0	0	0	1
XMTM2MTM1NTcyNA==	4	75	18951	54	31	53	80	50	47	81	39	82	36	24	29	33	48	3280	37	7	63	3	488	107	58	1	8304	226	129	104	1
XMTM2MTM3MjUxNg==	71	33	7	7	0	13	355	360	325	329	115	146	149	137	112	111	71	86	116	85	105	96	106	31	8	33	87	91	148	91	1
XMTM2MTMwMTk5Ng==	7	1	3	0	2	0	20	2	0	0	1	0	0	1	0	1	0	0	0	37	15	1	0	0	1	0	0	0	0	0	1
XMTM2MTExMzgxMg==	579	415	284	910	1220	1275	2421	1575	1091	1178	569	784	839	828	869	984	687	701	703	654	831	636	722	544	473	814	541	944	825	843	0
XMTM2MTQ3NTkxNg==	305	188	21	21	15381	4212	942	425	605	559	447	466	604	0	3	10	7	2	0	23	9	11	7	1	2	17	7	25	6	5	0
XMTM2MDk5Nzk3Mg==	6	2	6	4	7	5	35	49	4	43	25	9	5	0	35	35	36	65	54	188	97	3	93	14	4	0	19	23	25	33	1
XMTM2MTYwMDc2NA==	3	2	2	0	22	1	1	0	1	0	0	0	0	0	0	1	0	0	0	1	0	1	0	0	0	0	2	0	0	0	0
XMTM2MDk1MDI5Ng==	14	2	2	8	0	0	1	0	0	4	0	1	0	0	0	0	1	0	1	2	5	0	0	0	0	0	0	1	0	0	1
XMTM2MTE2NDkxMg==	9	5	67	0	0	0	1	0	2	0	0	0	2	1	0	0	2	0	0	2	0	0	0	0	0	1	2	0	0	0	0
XMTM2MDY2MDI2MA==	7	2	1	1	0	15	0	0	11	0	0	1	0	0	0	0	1	0	0	1	0	0	0	0	0	0	0	0	0	1	1
XMTM2MTA5NDIzMg==	7	1	1	0	0	6	1	0	0	5	4	4	0	1	2	0	0	2	4	12	4	13	7	1	0	5	7	9	13	9	1
XMTM2MTE4NDQyMA==	14	4	0	358	200	94	96	80	53	97	177	122	218	28	1	0	3	2	0	23	2	3	3	1	6	3	2	12	0	0	1
XMTM2MTUwODczMg==	3	17	18	0	0	0	0	0	0	0	0	0	0	0	0	0	0	0	0	0	0	0	1	0	0	0	0	0	0	0	0
XMTM2MDkyNjY2OA==	9	1	0	10	10	0	0	0	0	0	0	0	0	0	0	2	0	0	0	2	0	0	0	0	0	0	0	0	0	0	0
XMTM2MTUzODcyOA==	7	26	46	3	1	0	1	0	0	0	0	0	1	0	0	0	0	0	0	1	0	0	0	0	0	0	0	0	0	0	0
XMTM2MTQ3MjM2MA==	2	0	0	0	0	0	1	1	2	0	0	0	0	0	0	1	0	1	0	0	0	0	0	0	0	1	0	0	0	2	1
XMTM2MDk2MjkyMA==	12	3	0	0	4	12	2	4	0	0	3	9	4	3	19	18	2	4	0	14	2	1	0	3	1	0	0	1	4	1	1
XMTM2MTQ5MzE4MA==	4	4	13	0	0	1	0	0	0	0	0	0	0	0	0	1	0	0	0	0	0	0	1	0	0	0	0	0	0	0	0
XMTM2MDc0MzU3Mg==	656	317	59	88	3060	541	47	64	0	3	5	5	2	3	4	1	2	12	6	51	18	4	3	2	1	4	1	3	49	7	0
XMTM2MTYwMDM4OA==	3	3	7	1	1	182	184	29	32	6	6	3	4	2	1	3	1	3	0	47	2	4	2	0	1	2	1	1	1	8	0
XMTM2MTAzMzM4MA==	3	1	3	1	0	7	3	0	0	0	0	0	0	0	1	0	0	1	0	0	0	0	0	0	0	0	0	0	0	0	0
XMTM2MTYzMDQ0MA==	29	37	112	41	4	0	0	1	3	2	1	3	5	0	11	3	13	9	3	8	0	0	1	0	0	2	1	0	0	0	0
XMTM2MTM1OTI5Ng==	2	0	0	0	0	1	0	0	0	0	0	1	0	0	0	0	0	0	1	0	0	0	0	0	0	0	0	0	0	0	1
XMTM2MDkzNTc0OA==	27	37	40	76	10	17	12	17	10	17	19	1	2	9	1	2	3	19	10	48	6	7	12	1	21	11	4	7	6	1	1
XMTM2MTI3MDkyMA==	4	11	4	15	3	36	59	114	118	40	13	68	44	45	87	70	28	150	93	362	257	578	743	181	62	185	187	227	228	231	1
XMTM2MDg1MTg4MA==	11	6	21	13	3	7	4	0	2	0	0	0	0	1	0	2	0	0	0	0	0	0	1	0	0	0	0	0	0	0	0
XMTM2MTU5NjczMg==	7	11	8	0	0	1	1	0	0	0	0	0	0	0	0	0	0	0	0	0	0	0	0	0	0	0	0	0	1	0	0
XMTM2MTM3Mzk1Ng==	2	0	0	0	0	0	1	0	0	0	0	0	0	0	0	0	0	0	0	0	4	0	0	0	0	0	0	0	0	0	1
XMTM2MTI0MjgwOA==	112	73	46	263	599	1076	1004	1017	238	91	2	26	45	73	30	21	37	32	16	16	74	30	22	23	4	8	5	50	21	10	1
XMTM2MDc0MzU0NA==	1316	820	116	123	3289	1878	358	46	109	120	125	87	28	16	15	23	27	66	245	1328	57	54	4	20	17	28	4	35	56	12	1
XMTM2MDc3MTkwOA==	423	120	2986	16	1	3	6	5	2	0	1	1	0	2	0	0	5	9	4	1	0	0	2	0	0	0	2	0	1	0	0
XMTM2MTYzMzY2NA==	24	5	2	16	0	0	0	0	0	0	0	1	0	0	0	0	0	0	0	0	0	0	0	0	0	0	1	0	2	0	0
XMTM2MTQ2OTM5Ng==	141	56	10	3	6	3	616	289	104	59	62	57	55	11	7	17	11	17	1	7	4	0	0	1	4	0	1	1	4	1	1
XMTM2MTAzODc3Ng==	1	0	0	1	0	0	0	0	0	0	0	0	0	0	0	0	0	0	0	0	0	0	0	0	0	0	0	0	0	0	0
XMTM2MTE2OTI4NA==	3	0	24	8	1	2	1	0	1	0	0	0	0	0	0	0	1	0	0	0	0	0	0	72	3	0	1	0	0	0	1
XMTM2MTMwMjY4MA==	199	115	2	38	19	0	352	633	355	112	8	0	1	12	26	6	27	30	7	86	0	2	0	1	2	0	3	15	5	0	1
XMTM2MTExMzgxNg==	2	0	0	1	0	0	0	0	0	0	0	0	0	0	0	0	1	0	2	2	0	1	0	0	0	1	0	0	1	0	1
XMTM2MTI3ODk4OA==	4	1	0	5	0	0	0	0	0	0	0	0	0	0	0	0	0	0	0	0	0	0	0	0	0	0	0	0	0	0	0
XMTM2MDc3NTY5Ng==	3	0	0	338	163	50	35	13	21	30	3	0	0	3	0	11	5	6	0	109	9	2	3	27	2	75	43	296	175	80	1
XMTM2MDg2MjQzNg==	20	1	126	2	2	2	0	1	2	0	2	0	0	0	20	0	1	1	1	1	1	1	0	5	8	86812	3	74	2	29	1
XMTM2MTAxNTQ3Ng==	34	2	7	0	1	0	37	1	7	1	0	0	1	0	0	0	1	0	2	0	0	0	0	1	0	0	0	0	0	0	0
XMTM2MDk0Njg4OA==	3	2	4	0	0	1	3	0	0	0	0	0	0	0	0	0	0	0	0	0	0	0	0	0	0	0	0	0	0	0	0
XMTM2MTMxMDUyNA==	1	0	0	0	0	1	0	0	0	0	0	0	0	0	0	0	0	0	0	0	0	0	0	0	0	0	0	0	0	0	0
XMTM2MTIxNDExNg==	18	8	23	20	0	0	0	1	1	0	0	0	0	0	1	0	0	0	1	1	1	0	0	0	0	0	0	0	0	0	0
XMTM2MDg3MTg5Mg==	3	0	1	2	0	0	1	0	0	0	0	0	0	0	0	0	0	0	0	0	0	0	0	1	0	1	6	1	0	0	1
XMTM2MTEyMjM2OA==	13	2	0	2	0	11	7	6	0	2	2	0	0	0	0	0	0	2	0	2	0	0	0	1	0	1	1	0	0	0	1
XMTM2MTQ0Njg4NA==	10	6	3	9	0	0	2	4	0	3	0	3	1	0	2	2	4	0	0	4	0	0	5	0	0	0	0	0	0	1	0
XMTM2MTU3OTcyNA==	4	5	1	8	7	4	12	12	10	4	0	0	2	2	1	0	3	1	3	8	6	1	0	2	2	4	1	11	0	3	1
XMTM2MTIxNzM5Ng==	6	3	0	5	0	0	0	0	0	0	0	0	0	0	0	0	0	0	0	0	0	0	0	0	0	0	0	0	0	0	0
XMTM2MTY1NDQxMg==	1	0	0	1	0	0	0	0	0	0	0	0	0	0	1	0	0	0	0	0	0	0	0	0	0	0	0	0	0	0	1
XMTM2MDkxNDM2MA==	2	0	0	0	1	0	0	0	0	0	0	3	0	0	1	1	1	2	0	0	0	0	0	0	0	2	0	0	0	4	1
XMTM2MTMyMzE4NA==	1220	624	315	337	61	1148	3772	1492	1013	854	630	689	978	957	1581	2592	1721	2004	1842	1392	2665	2660	3504	1847	1088	1788	1540	2053	1648	985	0
XMTM2MTQ0MDY0MA==	1	0	0	1	0	0	0	0	0	0	0	0	0	0	1	0	0	0	0	0	0	0	0	0	0	0	0	0	0	0	1
XMTM2MDgxOTI1Mg==	1	1	0	2	4	5	0	0	0	0	0	0	0	0	0	0	0	0	0	0	0	0	0	0	0	0	0	0	0	0	0
XMTM2MTI0MzQ4NA==	385	198	49	183	102	606	895	329	488	519	270	66	173	196	209	354	451	499	313	275	272	98	522	693	536	357	127	288	311	270	0
XMTM2MDkyMTExNg==	8	1	3	1	2	0	24	34	3	11	5	6	0	1	4	74	3	0	5	8	4	125	33	8	1	71	3	2	12	3	1
XMTM2MDkyODI0OA==	11	2	26	3	8	6	4	7	4	2	0	1	0	0	3	2	0	0	0	12	0	2	1	1	1	5	2	0	1	9	1
XMTM2MDg0OTQ5Ng==	44	22	8	39	1	0	0	1	1	0	2	3	4	3	2	4	1	2	0	14	2	0	1	5	1	0	3	1	2	2	0
XMTM2MDk3MjYwNA==	5	1	1	3	1	7	0	1	0	0	0	1	0	0	0	0	3	6	0	1	0	10	0	1	1	9	2	1	5	2	1
XMTM2MDg0MTIzMg==	107	203	370	144	74	84	74	416	131	59	13	55	64	81	108	104	45	54	47	49	74	67	82	38	34	66	20	36	70	30	1
XMTM2MDk5NzM4MA==	56	20	119	49	1	2	3	3	0	0	1	4	0	1	3	0	1	3	0	2	0	0	1	0	0	10	0	1	0	0	0
XMTM2MTMwNTU2MA==	2554	1932	796	35760	17794	2674	597	802	935	1183	2146	1252	3315	598	297	214	265	222	175	265	207	316	610	131	257	289	892	254	29	293	0
XMTM2MTI1Mjc5Ng==	7	6	17	6	3	2	0	4	0	1	0	1	0	0	0	1	0	0	0	5	0	0	0	0	1	0	0	2	0	0	0
XMTM2MTI2MDAwMA==	6	14	4	6	50	86	170	240	199	175	20	39	106	110	201	94	730	2065	1507	1595	2189	2841	3648	2513	792	758	199	743	462	482	1
XMTM2MTMyNjA1Ng==	806	493	161	692	24	4	51	134	107	80	63	54	34	35	27	5	11	5	1	97	12	9	7	23	6	1	4	21	10	18	0
XMTM2MTU0MjA4OA==	1	0	0	1	0	0	0	0	0	2	0	0	0	1	0	0	0	0	0	1	0	0	0	0	0	0	0	0	0	0	1
XMTM2MTEzMzYzNg==	10	5	12	6	0	1	3	7	3	3	0	2	2	0	0	2	0	1	0	10	3	2	1	1	1	4	0	4	2	2	1
XMTM2MTQzNTA2MA==	1105	480	69	111785	41	59	84	112	73	144	290	101	58	46	63	69	39	43	57	47	83	65	56	6996	97	25	1842	5	89	10	0
XMTM2MTQ2MTk1Mg==	18	28	36	3	8	7	5	8	21	2	2	5	1	2	0	1	1	4	0	41	7	2	6	1	2	7	4	0	6	2	1
XMTM2MTU1MTQ0NA==	88	97	77	3	1	1	1	2	0	1	0	0	0	1	1	0	0	5	1	0	0	0	0	1	0	0	0	0	4	0	0
XMTM2MTA2ODM5Ng==	8	4	89	10	1	0	1	0	2	1	1	0	0	0	0	0	1	0	0	1	0	0	0	0	0	1	1	2	0	0	0
XMTM2MTA5MTY3Ng==	18	10	9	4	2	0	23	22	10	2	0	0	3	3	1	1	1	0	0	16	1	0	1	4	0	0	0	2	3	0	1
XMTM2MDkyMDYyOA==	38696	14493	4194	1544	96	138644	1019201	9472	8169	5448	2820	2776	2618	2119	1478	1543	1092	1009	967	889	866	713	808	510	311	628	373	701	599	493	0
XMTM2MDg0MzExNg==	3	0	126	119	1881	3	40	13	32	31	41	33	9	28	71	67	35	57	36	81	41	44	65	28	58	4	30	21	197	73	0
XMTM2MTE2ODIxNg==	168	48	0	271	6	17	10	32	13	0	0	0	1	0	0	0	0	0	0	0	0	0	0	0	1	0	0	3	1	0	0
XMTM2MTQ3NDk3Ng==	79	25	1038	92	6	1	0	1	1	0	2	2	0	0	2	0	0	0	0	9	1	0	0	0	0	0	1	0	0	0	0
XMTM2MDgwNTE1Mg==	1610	706	148	60	80	21	1208	2538	2597	1219	682	187	277	191	133	80	86	43	43	49	58	48	56	50	37	41	28	56	178	421	1
XMTM2MDg5MDExMg==	2	0	0	0	0	3	17	0	1	0	0	2	1	0	3	2	2	1	0	3	0	0	0	0	0	0	0	2	1	0	0
XMTI4NzQyMTczNg==	37	16	14	84	3	4	4	4	10	4	1	1	3	1	1	5	7	7	3	0	0	5	3	3	11	5	6	4	2	4	0
XMTI4NzY2MjI2NA==	2	2	2	0	0	0	1	1	0	0	0	0	0	0	1	1	1	0	0	3	0	1	0	0	0	0	0	1	0	2	1
XMTI4Nzc0MjM4OA==	7	0	1	2	5	1	0	0	0	0	0	0	0	0	0	0	0	0	0	0	0	0	0	0	0	1	0	0	0	0	0
XMTI4Nzg1ODkwNA==	6	0	0	0	2	5	0	0	0	0	0	0	0	0	0	0	0	0	0	0	0	0	0	0	0	0	0	0	0	0	0
XMTI4Nzg3MDc0MA==	16	8	19	1	4	10	5	2	4	11	3	4	3	5	8	9	11	12	45	17	36	10	7	3	6	2	1	4	3	5	1
XMTI4Nzk0MTE5Mg==	54	21	57	5	23	10	24	25	15	12	12	5	16	12	8	14	112	13	6	5	6	6	6	11	2	14	11	4	4	8	1
XMTI4Nzk1NzE2OA==	6	0	1	5	12	1	0	0	0	0	1	0	1	2	0	0	0	0	0	0	0	0	0	0	0	0	0	1	0	0	0
XMTI4Nzk2NjU0OA==	60	18	16	7	12	4	109	1	2	0	3	1	0	1	1	4	3	1	1	0	0	0	0	0	0	0	1	0	1	2	0
XMTI4Nzk3NDc4NA==	10	0	1	0	0	2	6	1	0	0	0	0	0	0	0	0	0	0	1	0	0	0	0	0	0	0	0	0	0	0	0
XMTI4Nzk4MDcyMA==	17	11	32	1	2	2	1	2	1	2	1	1	0	0	0	3	1	0	0	0	0	2	0	0	3	0	0	1	1	0	0
XMTI4Nzk4NDM5Mg==	13	13	17	12	28	10	0	0	0	0	0	0	0	0	0	3	0	2	0	0	0	0	0	0	0	0	0	0	0	0	0
XMTI4Nzk5MDA0MA==	25	39	50	10	9	0	2	0	0	0	0	2	0	0	1	0	0	0	0	0	1	0	2	0	0	1	1	0	0	0	0
XMTI4Nzk5Njk1Mg==	24	9	17	12	45	2	4	8	6	11	9	4	10	12	2	9	7	6	3	1	8	11	7	50	13	5	8	7	4	9	1
XMTI4Nzk5ODE0OA==	2	0	0	0	0	2	0	0	0	0	0	0	0	0	0	0	0	0	0	0	0	0	0	0	1	0	0	0	2	0	1
XMTI4Nzk5ODk0OA==	36	10	229	0	1	0	1	0	0	0	0	0	0	2	1	1	0	0	0	0	0	0	0	0	0	0	1	0	0	0	0
XMTI4Nzk5OTEzNg==	3	0	0	1	3	0	0	0	0	0	0	0	0	1	0	0	0	0	0	0	0	0	0	0	0	0	0	0	0	0	1
XMTI4NzkwNTE0MA==	6	0	0	2	2	7	2	0	1	0	1	1	0	6	5	1	2	2	0	0	0	1	0	3	3	1	0	2	2	2	1
XMTI4NzkxNTU4NA==	13	2	33	11	1	1	0	32	18	20	3	0	0	0	15	0	11	8	0	0	0	0	0	0	13	188	52	193	84	75	1
XMTI4NzkyNzY0NA==	15	15	43	6	11	4	0	1	1	0	0	1	0	0	0	0	0	0	2	0	0	0	0	0	0	0	0	0	0	0	0
XMTI4NzkzMTY1Mg==	2	0	0	0	0	0	3	0	0	0	0	0	0	0	0	0	0	0	0	0	0	0	0	0	0	0	0	0	0	0	0
XMTI4ODA0MDQxNg==	23871	3222	641	350	383	181	14155	11212	736	263	173	129	119	1146	441	131	90	75	48	54	61	63	24	34	20	17	26	31	21	15	1
XMTI4ODA0MjM5Ng==	400	31	4052	14	8	7	23	17	3	5	10	3	8	3	20	471	4	6	4	10	5	3	13	2	7	4	4	2	3	2	0
XMTI4ODA0NTMyNA==	4	2	7	0	1	1	0	1	0	0	0	0	0	0	0	0	0	0	0	0	0	0	0	0	0	0	1	0	0	0	0
XMTI4ODA0ODkwOA==	20	5	7	50	5	5	0	1	1	0	0	2	0	0	1	0	0	0	0	0	0	0	1	0	0	0	0	0	0	0	0
XMTI4ODA1MjE2OA==	587	175	84	51	493	35	21	172	26	14	11	10	7	7	7	8	11	5	9	7	11	10	190	9	10	7	5	8	9	10	0
XMTI4ODA1NjA4MA==	10	15	31	0	0	0	0	0	0	0	0	0	0	0	0	0	0	0	0	1	4	1	2	3	2	0	0	0	0	0	0
XMTI4ODA1ODQwMA==	4	0	8	2	19	2	5	2	1	1	1	0	2	2	0	0	0	0	0	0	2	0	4	0	2	2	0	1	0	0	0
XMTI4ODA2MzE4OA==	62	24	157	9	7	1	3	1	1	2	1	4	0	1	0	0	0	0	0	0	2	1	3	0	2	0	0	0	0	0	0
XMTI4ODA2NTEyNA==	36	4	9	129	1	2	0	2	0	2	0	1	0	3	1	0	0	0	0	0	3	0	0	2	0	0	0	1	1	2	0
XMTI4ODA3MzA5Ng==	79	5	8	143	7	2	4	5	5	2	7	2	7	1	5	3	1	0	4	0	2	1	2	0	0	1	2	1	1	0	0
XMTI4ODA3NDgxNg==	2	0	0	0	0	1	0	0	0	0	0	0	0	0	0	0	0	0	0	0	0	0	0	0	0	0	0	0	0	0	0
XMTI4ODA3NzIzNg==	16	2	0	0	11	6	0	0	3	1	0	0	0	0	0	0	3	0	0	0	0	0	0	0	0	0	0	0	0	0	0
XMTI4ODA3OTg5Mg==	15	2	99	0	0	0	0	0	0	0	0	0	1	0	0	0	0	0	0	0	0	1	0	0	0	0	0	0	0	0	0
XMTI4ODA4MDc2OA==	83	51	241	16	2	13	5	6	5	50	4	4	2	4	0	2	1	2	6	0	1	5	3	9	4	1	3	6	1	2	0
XMTI4ODA4MzU3Ng==	22466	103288	89822	2759	689	437	405	908	365	221	391	228	102	90	86	227	153	96	65	76	74	71	44	68	39	50	78	66	86	79	0
XMTI4ODA4ODMwMA==	5	0	0	2	5	0	0	0	0	0	0	1	0	0	0	0	0	0	0	0	0	0	0	0	0	0	0	0	0	0	0
XMTI4ODA5MTM5Ng==	21118	28526	1009	1177	853	25921	607	840	574	449	656	316	444	94	527	547	496	379	398	373	318	302	344	321	287	259	267	226	236	184	0
XMTI4ODA5MjAyOA==	6	0	1	0	1	7	0	0	0	0	0	0	0	0	0	0	0	0	0	0	0	0	0	0	0	0	0	0	0	0	0
XMTI4ODA5MjM4MA==	6	14	30	17	11	13	0	0	1	2	1	1	2	0	2	1	2	0	0	3	1	1	0	0	0	0	0	0	1	1	0
XMTI4ODA5MjQ4MA==	56	5	2	2	206	0	2	2	0	2	0	1	0	0	0	0	0	0	0	0	0	0	0	0	0	0	0	0	0	0	0
XMTI4ODA5NDM4NA==	2	0	0	0	1	0	0	0	0	1	0	0	0	0	0	0	0	0	0	0	0	0	0	0	0	0	0	0	0	0	1
XMTI4ODA5NjM0MA==	5	1	1	4	1	0	0	0	0	0	0	0	0	1	3	1	1	1	0	1	1	1	7	2	0	2	1	0	1	0	1
XMTI4ODA5ODQ0OA==	2	0	0	2	1	0	0	0	0	0	0	0	0	0	0	0	0	0	0	0	0	0	0	0	0	0	0	0	0	0	0
XMTI4ODAwMTc2MA==	30	1	5	29	18	2	2	1	1	2	1	0	0	1	4	1	1	1	0	5	3	7	7	4	2	6	3	6	5	0	0
XMTI4ODAwNDMwMA==	304	71	167	364	17	28	51	145	9	3	10	10	22	9	3	2	2	6	3	4	2	1	4	7	5	4	2	0	6	3	1
XMTI4ODAwNTg2MA==	64	12	5	3	2	4	64	0	0	0	4	0	0	0	1	0	0	0	1	0	0	0	0	1	0	0	0	1	1	3	0
XMTI4ODAwODUwNA==	31	6	3	1	4	112	2	1	5	0	1	1	3	2	1	2	0	2	1	2	0	2	0	0	3	1	2	5	29	1	1
XMTI4ODAwOTEyMA==	2	2	2	0	0	1	0	0	0	0	0	0	0	0	0	0	0	0	1	0	1	0	0	0	0	0	0	0	0	0	1
XMTI4ODAxMDQzMg==	4	1	0	5	0	0	0	1	0	0	0	0	1	0	0	0	0	0	0	0	0	0	0	0	0	0	0	0	0	0	0
XMTI4ODAxMTIxMg==	1	0	0	0	0	1	0	0	0	0	0	0	0	0	0	0	0	0	0	0	0	0	0	0	0	0	0	0	0	0	0
XMTI4ODAxMjE5Mg==	174	32	19	136	19	23	12	8	7	5	4	7	9	8	7	5	5	5	10	3	11	1	4	12	4	7	5	5	13	7	0
XMTI4ODAxMzM5Ng==	13476	4813	608	483	3518	22668	3543	646	1684	283	633	6216	326	337	347	464	344	288	273	193	224	204	175	193	138	174	168	204	138	138	0
XMTI4ODAxNTEyNA==	89	212	213	67	32	20	7	8	4	9	7	7	8	0	2	5	4	9	8	9	3	0	2	1	0	0	1	5	0	0	0
XMTI4ODAxNTQ2NA==	20	10	1	26	1	0	3	2	2	7	2	3	1	2	1	1	2	6	2	0	0	1	0	1	2	0	0	0	1	0	0
XMTI4ODAxNzAwOA==	6	2	0	0	7	1	1	0	0	4	0	1	0	0	0	0	1	3	1	0	0	2	30	0	0	0	0	0	1	1	1
XMTI4ODAxOTQxMg==	2	0	0	0	0	1	0	0	0	0	0	0	1	0	0	0	0	0	0	0	0	0	0	0	0	0	0	0	0	0	1
XMTI4ODAyMDg4MA==	1504	402	267	205	440	519	1389	403	338	344	369	294	283	486	779	397	162	206	238	194	204	162	140	163	167	140	88	110	107	100	0
XMTI4ODAyNTA4MA==	2	0	0	1	0	0	0	0	0	2	0	0	0	0	0	0	0	0	0	0	0	0	0	0	0	0	0	0	0	0	1
XMTI4ODAyODU2NA==	7	5	1	0	0	17	39	0	1	1	0	1	0	0	1	3	0	1	1	0	0	2	0	3	0	0	0	1	0	0	0
XMTI4ODAzMjM0NA==	19	0	0	5	168	2	0	0	5	0	0	0	2	1	0	0	0	0	0	0	3	0	0	0	0	0	4	0	0	0	0
XMTI4ODAzNDkwNA==	2	0	1	0	0	2	1	0	1	0	0	0	0	0	0	0	0	0	0	0	0	0	0	0	0	0	0	1	0	0	1
XMTI4ODAzNTQwOA==	129	48	319	10	7	18	7	4	8	2	1	6	6	1	2	5	3	1	3	4	3	2	8	7	75	8	6	18	5	1	1
XMTI4ODAzODc5Mg==	112	29	407	115	674	158	63	53	36	48	28	34	45	28	35	30	25	50	43	29	49	26	22	24	27	26	266	21	24	18	1
XMTI4ODE0MDYwOA==	20	263	1121	14	34	5	4	1	4	5	1	0	2	1	1	1	1	1	0	1	0	1	1	1	0	0	0	0	0	0	0
XMTI4ODE0NDk3Mg==	17	0	5	7	14	2	0	1	0	3	1	1	1	1	2	1	3	2	0	4	6	15	5	7	9	14	5	2	8	5	1
XMTI4ODE0NjM4OA==	35	1	1	0	2	1	29	0	0	0	0	0	0	0	0	0	0	0	0	0	0	0	0	0	0	0	0	0	0	2	0
XMTI4ODE0NjUzNg==	23	32	167	15	29	3	3	1	1	0	0	0	0	0	1	0	1	0	0	0	0	0	0	0	0	0	1	0	3	0	0
XMTI4ODE0OTc4NA==	300	374	151	172	391	425	913	324	374	899	2267	2445	460	487	651	522	467	335	227	224	216	209	981	1387	979	305	297	255	214	202	1
XMTI4ODE1MjkwNA==	5	0	0	2	0	0	0	1	0	0	0	0	0	0	0	0	0	0	0	0	0	0	0	0	0	0	0	0	0	0	1
XMTI4ODE1MzMzNg==	268	309	825	146	39	7	11	39	18	22	13	8	3	1	4	8	22	13	8	5	6	12	2	5	3	4	8	2	6	4	0
XMTI4ODE1NzAwOA==	2	0	0	2	0	0	0	0	0	1	0	0	0	0	0	0	0	0	0	0	0	0	0	0	0	0	0	0	0	0	1
XMTI4ODE1Nzg5Mg==	43	3	2	2	26	0	2	1	0	1	0	1	0	0	0	0	0	2	1	1	0	0	0	0	0	0	0	0	0	0	0
XMTI4ODE1OTIwMA==	104	1	0	0	0	1	58	0	0	0	0	1	0	0	0	0	0	0	0	0	0	0	0	0	0	0	0	0	0	0	0
XMTI4ODE2MDQ5Mg==	39	498	2512	45	66	29	28	5	9	7	7	3	2	5	6	1	2	2	0	1	2	3	1	0	0	1	1	1	1	0	0
XMTI4ODE2Mjg2NA==	6	0	0	0	0	0	3	1	2	1	0	1	0	0	0	0	0	0	0	0	2	1	0	5	0	2	1	2	0	0	1
XMTI4ODE2NzA1Mg==	4	1	1	0	2	1	12	0	0	0	0	0	0	0	0	0	0	0	0	0	0	0	0	0	1	0	0	0	5	0	1
XMTI4ODE3MDY4NA==	31	47	178	23	36	11	11	4	2	5	4	1	0	4	0	2	3	2	3	0	2	1	2	1	6	0	3	0	2	1	0
XMTI4ODE3MTAyOA==	3	0	0	0	0	0	2	0	0	0	0	0	0	0	0	0	0	0	0	0	0	0	0	0	0	0	0	0	0	0	0
XMTI4ODE3MjI1Ng==	346	19	16	1	388	9	5	2	1	2	1	0	4	1	2	3	9	0	2	1	3	0	1	1	1	2	0	2	3	4	0
XMTI4ODE3MzI0MA==	4	0	0	0	0	2	1	0	0	0	0	0	0	0	0	0	0	0	0	0	0	0	0	0	0	0	0	0	0	0	0
XMTI4ODE3NTc1Ng==	18	0	2	14	0	0	0	0	0	0	0	0	0	0	0	1	0	0	0	2	0	0	1	0	0	0	0	1	0	0	0
XMTI4ODE3NzczNg==	3	0	0	0	0	2	0	0	0	0	0	0	0	0	0	0	0	2	0	0	1	0	0	0	0	0	0	0	0	0	1
XMTI4ODE3OTM5Ng==	78	9	12	42	103	28	14	10	0	0	8	12	4	2	3	6	3	5	0	0	4	3	1	5	3	1	0	5	2	1	0
XMTI4ODE4NDQ4NA==	34	27	29	9	67	3	2	1	2	0	0	0	0	1	1	0	1	0	0	5	0	0	2	6	2	6	0	0	0	0	0
XMTI4ODE4OTA0OA==	38153	36979	151408	35271	7723	1551	2279	630	1297	1318	2086	917	1388	1152	620	452	155	114	81	71	15	57	64	43	26	76	50	15	173	83	0
XMTI4ODE5MTEzMg==	192	32	102	112	165	360	294	324	306	280	374	320	502	1035	1095	963	647	295	315	336	301	272	334	368	338	355	423	307	448	349	0
XMTI4ODE5MzA5Ng==	24	1	4	3	4	18	4	0	2	3	5	0	2	3	2	1	4	0	1	0	1	0	3	2	0	1	1	0	0	2	0
XMTI4ODE5ODcwOA==	4	0	14	0	0	0	0	0	0	0	0	0	0	0	0	0	0	0	0	0	0	0	0	0	0	0	0	0	0	0	0
XMTI4ODEwMTg4MA==	5	3	0	0	5	0	0	0	0	1	0	0	0	0	0	0	0	0	0	0	0	0	0	0	0	0	0	0	0	0	0
XMTI4ODEwNDk2MA==	5	0	0	2	9	0	0	0	0	0	0	0	0	0	0	0	0	0	0	0	0	0	0	0	0	0	0	0	0	0	0
XMTI4ODEwOTg0MA==	661	4	4	2	2	2	696	54	1	0	0	1	1	3	0	0	0	3	0	3	4	0	1	0	0	0	0	0	0	0	0
XMTI4ODExMzM2NA==	4	10	6	0	0	1	0	0	0	0	0	0	0	0	0	0	0	0	0	0	0	0	0	0	0	0	0	1	0	0	0
XMTI4ODExMzk3Mg==	2	0	0	0	1	0	0	0	0	0	0	0	0	0	0	0	0	1	0	0	0	0	0	0	0	0	0	0	0	2	1
XMTI4ODExNzM1Mg==	49	10	323	7	2	0	1	0	1	0	0	1	1	0	0	1	2	1	0	0	0	0	0	0	0	0	0	0	0	0	0
XMTI4ODExODY1Mg==	3	0	0	0	3	1	0	0	0	0	0	1	0	0	0	0	0	0	0	0	0	2	0	0	0	6	0	0	0	0	1
XMTI4ODEyMDUyOA==	6	9	1	1	3	4	201	0	3	2	2	4	0	1	1	1	2	0	0	0	0	0	0	0	2	0	0	0	0	2	0
XMTI4ODEyMjc3Mg==	46	11	0	4	294	5	2	1	0	1	1	0	0	0	0	0	0	0	0	0	0	2	0	0	0	0	0	1	0	0	0
XMTI4ODEyNTcxMg==	30	1	219	0	1	0	0	1	1	3	0	0	0	0	1	0	0	0	0	0	0	0	0	0	0	0	0	0	0	0	0
XMTI4ODEyNzI3Mg==	3	1	0	0	0	0	3	0	0	0	0	0	0	0	0	1	0	3	0	0	0	0	0	0	0	0	0	0	0	0	1
XMTI4ODEyNzM0OA==	32	206	821	55	76	106	49	40	58	72	114	76	2	3	2	3	1	4	1	2	2	3	0	1	4	0	0	0	0	0	0
XMTI4ODEzMTQ1Ng==	31650	21677	59827	43609	26622	1954	2902	2208	428	2065	2356	2915	1814	2386	1510	1847	2879	3023	1350	1350	75	1176	1102	1624	1575	1130	989	1492	112	1405	0
XMTI4ODEzNDU5Ng==	798	1378	506	442	4533	5156	1041	603	770	1003	499	478	579	803	500	469	648	550	432	395	467	488	521	416	124	246	149	247	24	348	0
XMTI4ODEzOTUxNg==	1	0	0	1	0	0	0	0	0	0	0	0	0	0	0	0	0	0	0	0	0	0	0	0	0	0	0	0	0	0	0
XMTI4ODI0MTM2OA==	70	9	1	138	2	1	5	3	0	0	1	0	0	0	0	0	0	0	0	1	0	0	0	0	1	0	0	0	0	0	0
XMTI4ODI0MzEzNg==	2	0	0	2	0	1	0	0	0	0	1	0	0	0	0	0	0	0	0	0	0	0	0	0	0	0	0	0	0	0	1
XMTI4ODI0MzY2NA==	11	0	0	7	0	0	0	0	0	0	0	0	1	0	0	0	0	0	0	1	0	0	0	0	0	0	0	1	0	0	0
XMTI4ODI0NzI0NA==	60	14	15	6	3	103	10	9	2	8	6	2	0	1	3	3	2	1	2	4	2	2	124	0	1	0	3	5	1	0	1
XMTI4ODI0OTgyMA==	3	0	1	3	1	2	4	2	1	4	1	5	2	3	3	4	0	3	3	1	2	1	0	4	1	3	0	1	1	1	0
XMTI4ODI1NDE4OA==	6	14	4	24	1	0	0	0	0	0	0	0	0	0	0	0	0	0	0	1	0	0	0	0	0	0	0	0	0	0	0
XMTI4ODI1Njg3Mg==	4	0	1	0	4	0	0	0	0	0	0	0	0	0	0	0	0	1	0	0	0	0	0	0	0	0	0	0	0	0	1
XMTI4ODI1Nzc5Mg==	49	12	622	79	30	367	14	514	9	7	8	11	282	10	242	17	7	11	266	7	6	3	6	11	7	11	10	5	12	5	1
XMTI4ODI1ODEyOA==	61	11	248	2	10	1	3	9	2	1	397	3	6	2	15	303	9	1	4	5	261	9	6	11	0	2	2	7	5	8	1
XMTI4ODI1ODc4OA==	59	1228	1314	108	14	7	43	47	50	39	19	19	22	15	10	13	8	8	16	14	10	12	10	6	4	4	2	4	4	5	0
XMTI4ODI1OTIyMA==	18	15	223	8	36	6	5	6	5	3	3	3	3	4	2	1	1	5	2	4	4	1	1	0	1	3	2	1	0	1	0
XMTI4ODI2MDg0OA==	6	0	0	1	331	0	0	0	0	0	2	0	0	1	1	0	0	0	0	1	0	0	0	1	0	1	0	1	0	0	0
XMTI4ODI2MzkzNg==	10	1	0	1	6	0	0	0	1	3	2	1	0	2	0	0	0	0	0	0	0	1	0	0	0	0	0	0	0	0	1
XMTI4ODI2NDk2MA==	1	1	0	0	0	0	1	1	0	0	0	0	0	0	0	0	0	0	1	0	0	0	0	0	0	0	0	0	0	0	1
XMTI4ODI2NTMyMA==	54	340	597	138	14	2	6	3	0	2	11	2	2	0	1	2	1	0	0	0	0	0	7	1	0	1	0	0	0	0	0
XMTI4ODI2NTU1Mg==	5	2	7	0	4	0	0	0	0	0	0	0	1	0	1	1	2	11	5	1	1	1	2	0	0	1	0	0	1	0	1
XMTI4ODI2NjczNg==	42	13	7	3	51	3	1	1	3	0	0	2	1	2	2	0	0	0	1	6	15	1	1	2	3	1	2	8	6	8	0
XMTI4ODI2Nzc3Ng==	53	46	79	12	5	2	1	0	2	5	0	0	2	0	2	1	2	1	2	0	0	0	1	0	2	108	2	0	0	0	1
XMTI4ODI3MTA0OA==	89	17	34	12	81	5	3	0	2	0	2	1	3	0	3	0	3	0	0	4	1	2	1	3	2	0	3	0	1	0	0
XMTI4ODI3Mjk3Mg==	13	10	71695	21129	42957	28869	14812	33378	155000	7330	14580	30644	900	811	288	405	24	3220	44	27	18	30	20	12	15	23	23	25	369	302	1
XMTI4ODI3Nzc2NA==	97	33	18	95	2	2	0	1	1	0	1	2	2	1	0	1	0	1	1	0	0	0	1	0	0	0	0	0	0	1	0
XMTI4ODI4MDQ0MA==	1	0	0	0	1	0	0	0	0	0	0	0	0	0	0	0	0	0	0	0	0	0	0	0	0	0	0	0	0	0	0
XMTI4ODI4MjA0OA==	6	4	9	0	2	1	0	1	0	0	1	0	0	0	0	1	0	0	0	0	0	0	0	0	0	0	0	0	0	0	0
XMTI4ODI4MjU0OA==	29	4	0	0	2	21	1	4	0	5	3	0	4	23	0	0	6	1	2	8	2	4	1	1	0	0	1	0	0	1	1
XMTI4ODI4Mzg4OA==	62	2	3	0	1	2	78	0	0	0	0	0	0	0	1	2	3	1	0	0	0	0	0	0	0	0	0	0	0	0	0
XMTI4ODI4NjMwOA==	42	8	9	5	253	8	424	15	109	4	6	99	8	8	9	7	9	8	6	6	5	203	7	5	8	6	12	8	2	8	1
XMTI4ODI4NzAzNg==	23	3	2	3	22	2	1	0	2	0	0	1	1	0	0	1	0	1	0	0	0	1	0	1	0	1	1	0	1	0	0
XMTI4ODI4NzYwNA==	7	0	0	0	3	0	0	0	1	0	0	0	0	0	0	0	0	0	0	0	0	0	0	0	0	0	0	0	0	0	0
XMTI4ODI5MTY4OA==	9	1	5	48	4	0	0	0	0	0	0	0	0	0	0	0	0	0	0	0	0	0	0	0	0	0	0	2	0	0	0
XMTI4ODI5MTgwMA==	1	1	0	0	1	0	0	1	0	1	0	0	0	0	0	0	0	0	0	0	0	0	0	1	0	0	0	0	1	0	1
XMTI4ODI5MzE5Ng==	2	0	0	1	0	0	0	0	0	0	0	1	0	0	0	0	0	1	0	0	0	1	0	0	0	0	0	0	0	0	1
XMTI4ODI5Mzc4NA==	44	1	4	1	4	2	101	18	35	7	2	5	1	6	5	1	0	1	1	1	0	1	1	2	1	5	0	1	3	0	1
XMTI4ODI5NTU1Mg==	2	0	0	0	1	1	6	1	5	3	0	0	0	0	0	0	0	0	0	0	0	0	0	0	1	0	0	0	0	0	1
XMTI4ODI5OTA3Ng==	80	15	6	0	1	1	317	3	3	4	4	1	0	0	1	0	1	1	0	1	2	1	1	0	0	0	0	2	0	0	0
XMTI4ODI5OTM2MA==	1208	144	77	123	140	342	965	13	35	714	204	640	185	67	0	0	0	3	1	0	2	1	1	0	0	0	2	1	0	1	1
XMTI4ODIwMDU4NA==	8	2	8	2	2	1	347	0	0	2	2	0	0	2	0	1	0	0	0	0	0	0	0	1	0	0	0	0	0	0	0
XMTI4ODIwMTQ0OA==	49	5	782	0	4	0	0	0	0	0	0	0	0	0	0	0	0	0	0	0	0	0	0	0	0	0	0	0	0	0	0
XMTI4ODIwMjAyOA==	3	2	1	1	10	3	2	6	9	10	7	7	3	5	5	1	2	1	2	5	4	1	2	1	2	1	1	1	2	1	0
XMTI4ODIwMzk0OA==	229	87	613	132	5	3	2	4	1	0	0	2	1	1	0	0	1	0	1	0	2	2	2	0	0	0	0	1	1	0	0
XMTI4ODIxMzcxMg==	21	2	0	1	1	6	55	1	0	0	0	0	0	0	0	0	0	0	0	0	0	0	0	0	0	1	0	0	0	0	0
XMTI4ODIxNDUwMA==	1	0	0	1	0	1	0	0	0	0	0	0	0	0	0	1	0	0	0	0	0	0	0	0	0	0	0	0	0	0	1
XMTI4ODIxNjYyNA==	3551	4090	22033	27985	8796	4970	3485	3124	470	1604	298	157	389	267	120	83	198	231	53	38	30	34	14	29	17	35	12	32	28	17	0
XMTI4ODIxODI4MA==	4	2	0	0	0	4	0	1	0	0	0	0	3	0	0	0	0	1	0	0	0	0	0	0	0	0	0	0	0	0	1
XMTI4ODIxOTkxMg==	19	1	4	21	5	1	0	0	0	0	0	0	1	0	1	1	0	0	2	0	0	0	0	0	0	0	1	1	1	1	0
XMTI4ODIyNTYwNA==	313	346	1496	353	418	494	271	230	127	20	27	32	50	63	27	41	36	17	11	25	16	10	17	14	11	12	16	10	9	9	0
XMTI4ODIyODA0NA==	2	0	0	0	1	0	0	0	0	0	0	0	0	0	0	0	0	0	0	0	0	0	0	0	0	0	0	0	0	0	0
XMTI4ODIyOTU4OA==	30	22	66	12	9	4	48	7	1	5	2	1	0	1	1	0	1	0	1	0	1	1	1	0	2	1	1	0	0	0	0
XMTI4ODIzMDk2NA==	2	0	1	2	2	0	0	0	0	0	0	1	0	0	0	0	0	0	0	0	0	0	0	0	0	0	0	0	0	0	1
XMTI4ODIzMjE4OA==	2	0	0	0	0	1	0	0	0	0	0	0	1	0	0	0	0	0	0	0	0	0	0	0	0	0	0	0	0	0	1
XMTI4ODIzMjY2OA==	41	3	2	12	95	0	0	0	4	0	0	1	1	0	1	1	0	1	0	1	0	2	1	0	0	1	1	0	0	0	0
XMTI4ODIzMzcwOA==	4	1	0	1	3	1	0	0	0	0	0	0	0	0	0	0	0	0	1	0	0	0	0	0	0	0	0	0	0	0	0
XMTI4ODIzNzAzNg==	25	9	6	0	0	46	11	24	5	4	1	0	2	1	1	0	0	0	5	0	4	1	0	1	1	0	0	1	0	0	1
XMTI4ODIzOTA5Mg==	29	22	11	9	49	9	5	8	10	33	10	3	1	1	1	7	2	23	6	6	4	5	2	39	3	3	0	3	0	2	1
XMTI4ODM0MTk4NA==	48	21	120	31	73	5	5	5	8	8	4	4	13	6	3	7	5	2	1	2	5	5	4	3	4	3	1	3	1	2	0
XMTI4ODM0NDgzMg==	23	1	1	1	2	17	1	0	0	0	0	0	1	0	0	0	0	0	0	0	0	0	0	0	0	0	0	0	0	0	0
XMTI4ODM0NTY2MA==	476	2864	277432	84246	15651	1837	400	149	44	28	28	32	51	50	42	3071	27	1712	29	26	14	15	48	7113	21	18	21	34	4215	9	0
XMTI4ODM0NzI5Ng==	26	4	3	24	4	4	0	0	0	0	0	2	0	0	2	0	0	1	0	1	1	0	0	3	0	0	0	0	0	1	0
XMTI4ODM0OTE4NA==	3	0	1	2	0	0	0	0	0	0	0	0	0	0	0	0	0	0	0	0	0	0	0	0	0	0	0	0	0	1	1
XMTI4ODM1MzU4NA==	6	1	5	8	2	0	1	3	1	0	0	0	0	0	2	3	0	0	0	0	0	0	1	0	1	0	0	0	0	0	0
XMTI4ODM1NTY0NA==	4	1	0	4	1	0	0	0	0	0	0	0	0	0	0	0	0	0	0	0	0	0	0	0	0	1	0	0	0	1	0
XMTI4ODM1Nzk0MA==	4	4	2	1	1	0	6	5	1	2	1	0	1	1	0	1	1	0	1	4	1	1	0	0	0	0	0	2	1	0	1
XMTI4ODM2MjM3Mg==	1	1	2	0	0	0	0	0	0	0	0	1	0	0	0	0	0	0	0	0	0	0	0	0	0	0	0	0	0	0	1
XMTI4ODM2MzMzMg==	17	10	97	1	5	2	0	3	0	1	0	0	0	4	3	0	0	3	0	0	0	0	0	0	0	2	0	0	0	0	0
XMTI4ODM2NDAyMA==	2	0	0	0	0	2	0	0	1	0	0	0	0	1	0	0	0	0	1	0	0	0	0	0	0	0	0	0	0	0	1
XMTI4ODM2NTM1Ng==	39	7	90	4	4	1	1	5	0	0	0	1	0	0	1	0	0	1	0	1	0	1	0	0	0	0	0	0	0	0	0
XMTI4ODM2ODYyOA==	1252	2494	3129	1225	1033	843	944	2033	1915	851	586	101	92	88	71	57	43	43	31	32	30	39	29	39	86	63	70	38	24	28	1
XMTI4ODM3MDM4OA==	3	0	5	0	2	1	0	0	0	0	0	0	0	0	0	0	0	0	0	0	0	0	0	0	0	0	0	0	0	0	0
XMTI4ODM3MjcxNg==	26	23	144	7	8	2	0	0	0	3	4	3	5	9	0	3	2	1	3	4	2	1	0	0	0	1	1	0	1	71	1
XMTI4ODM3OTM4OA==	3	0	4	3	0	0	0	0	0	0	0	0	0	0	0	0	0	0	0	0	0	2	0	1	0	0	0	1	0	0	1
XMTI4ODM4MTgzNg==	69	46	121	10	7	4	2	4	0	4	1	2	1	2	2	2	1	0	0	0	0	2	0	0	0	1	0	0	0	0	0
XMTI4ODM4OTI4OA==	3	1	0	3	0	3	4	5	1	0	0	0	0	0	0	0	0	0	0	0	0	0	0	0	0	0	0	0	0	0	1
XMTI4ODM5MDk5Mg==	107	53	2103	47	291	35	30	30	65	57	20	22	12	21	321	9	21	17	8	14	18	11	11	7	7	16	17	13	17	17	0
XMTI4ODM5MTQ5Ng==	350	3549	32164	12772	7133	4101	4251	3534	2770	2116	819	2230	798	1952	843	2234	520	393	1613	474	451	456	470	390	1505	296	364	332	273	1419	0
XMTI4ODM5MTg3Ng==	755	1061	22896	2862	2155	472	1870	310	201	1338	130	100	212	240	1763	207	193	153	155	1183	143	95	80	78	63	77	91	75	1414	51	0
XMTI4ODM5MjA3Mg==	142	40	243	368	306	15	25	4	1	2	2	3	3	2	3	2	2	0	3	0	0	0	1	5	3	1	0	1	0	1	0
XMTI4ODM5MjI0MA==	204	59	320	428	516	34	21	10	5	1	0	6	3	5	5	12	4	4	5	2	1	2	4	2	2	5	2	2	0	0	0
XMTI4ODM5NTcwNA==	23	2	416	13	1	1	1	0	3	0	1	0	1	0	2	0	1	1	1	1	0	1	2	0	85	0	0	0	1	0	1
XMTI4ODM5Nzk1Mg==	428	2202	11009	1417	607	191	177	186	191	220	135	98	126	103	86	107	73	74	85	89	59	46	59	49	35	28	43	38	17	24	0
XMTI4ODM5OTAwNA==	7679	19382	59164	6692	763	1396	1002	180	968	667	652	510	86	241	273	114	346	270	295	231	241	178	7	136	66	53	130	2	153	5	0
XMTI4ODMwMDkxNg==	924	752	1251	2954	2651	287	262	153	87	2339	2506	1724	589	183	17	4	2	3	1	5	4	6	8	1	97	302	201	169	114	21	1
XMTI4ODMwMTc4MA==	5	0	0	0	12	0	0	0	0	0	0	0	0	1	0	0	0	0	0	0	0	0	0	1	0	0	0	0	0	0	0
XMTI4ODMwNTYwMA==	172	22	436	7	5	3	1	0	0	1	1	4	3	0	0	1	2	0	1	1	1	0	1	0	2	79	0	0	2	3	1
XMTI4ODMwNjQ1Mg==	105	20	20	26	843	15477	28	42	34	37	22	29	36	31	29	36	49	62	30	29	21	29	26	27	26	42	25	18	32	32	0
XMTI4ODMwNzg1Mg==	5837	4695	14453	2265	757	391	276	241	333	1185	159	144	113	66	93	84	66	69	68	61	53	38	54	63	61	59	64	50	47	38	0
XMTI4ODMwODI2NA==	774	79	44	25	49	23	400	60	281	36	31	71	40	71	72	30	24	23	25	21	24	12	9	21	18	13	10	9	9	15	1
XMTI4ODMxMDkzNg==	6	0	6	0	0	1	13	0	0	0	1	0	0	0	1	0	0	1	0	0	0	2	0	0	0	0	0	0	0	0	0
XMTI4ODMxNDEyMA==	5	0	0	0	0	2	0	0	0	1	0	0	0	0	0	0	0	0	0	0	0	0	0	0	0	1	0	1	0	0	1
XMTI4ODMxNTY5Mg==	59	7	1645	749	363	16	7	8	2	4	4	12	5	6	8	10	11	14	19	17	13	13	8	15	15	19	28	22	10	9	0
XMTI4ODMxOTY3Mg==	12	1	0	1	3	1	9	0	1	0	0	0	0	0	0	0	0	0	0	0	0	0	9	10	2	1	0	2	3	2	1
XMTI4ODMxOTk2NA==	13	3	4	12	0	0	0	0	0	0	0	0	0	0	0	0	0	1	0	0	0	1	0	0	0	6	1	1	2	0	1
XMTI4ODMyNjM1Ng==	54	4	23	65	43	1	2	0	0	0	0	0	0	1	0	0	0	0	0	0	0	0	0	0	1	0	0	0	0	0	0
XMTI4ODMyODM2MA==	105	29	7	203	100	61	38	32	30	27	3	7	2	77	1	0	1	8	7	1	5	1	0	0	1	0	1	1	1	7	1
XMTI4ODMyOTg2NA==	2	0	0	0	1	0	0	0	0	0	0	0	0	1	1	0	0	0	0	0	0	0	0	0	0	0	0	0	0	0	1
XMTI4ODMzMjI0MA==	23	0	9	17	0	1	2	9	1	0	0	0	0	0	0	2	13	6	9	6	0	0	0	1	1	6	0	0	1	0	1
XMTI4ODMzMjc5Ng==	2	0	0	0	0	0	1	0	0	0	0	0	0	0	0	0	0	0	0	0	0	0	0	0	0	0	0	0	0	0	0
XMTI4ODMzMzQ4OA==	5	0	0	0	3	0	0	0	0	0	0	0	0	0	0	0	0	0	0	0	0	0	0	0	0	0	0	0	0	0	0
XMTI4ODMzNTI3Mg==	6	3	61	91	28	8	3	4	3	8	65	19	465	758	409	89	68	41	45	60	43	44	34	44	40	34	22	14	15	13	1
XMTI4ODMzNjIyMA==	2	0	0	1	0	0	0	0	0	0	0	0	0	0	0	0	0	0	0	1	0	0	0	0	0	0	0	0	0	0	1
XMTI4ODQ0NDg4NA==	9	1	2	0	0	9	2	1	0	1	0	0	0	0	0	0	0	0	0	0	0	0	0	0	0	4	0	0	0	0	1
XMTI4ODQ0NjgwMA==	7	34	3	1743	5	4	3	6	3	1	5	2	2	2	1	1	0	4	6	0	1	1	3	3	2	1	2	3	0	0	0
XMTI4ODQ1MDM0NA==	3	0	0	0	0	0	2	1	0	0	0	0	0	0	0	0	0	0	0	0	1	0	0	0	0	0	1	1	0	0	1
XMTI4ODQ1NjQ5Ng==	118	63	94	94	75	246	463	1080	1076	261	768	264	239	888	311	363	257	938	244	318	641	1231	1106	2380	1624	3370	2015	3185	1893	3065	1
XMTI4ODQ1ODgwNA==	4	6	6	0	2	0	0	0	0	0	0	0	0	0	0	0	0	0	0	0	0	0	0	0	0	1	0	0	0	0	0
XMTI4ODQ2MDc0MA==	3	0	0	0	0	0	2	0	0	0	0	0	0	0	0	0	0	0	0	0	0	0	0	0	0	0	0	0	0	0	0
XMTI4ODQ2MTk0NA==	222	45	45	1116	19	10	3	2	2	4	5	3	1	6	5	2	1	2	3	3	2	3	3	1	1	2	0	5	2	0	0
XMTI4ODQ2MjMwNA==	6	0	0	15	0	0	0	0	0	0	0	0	0	0	0	0	0	0	0	0	0	0	0	0	0	0	0	0	0	0	0
XMTI4ODQ2MzgyOA==	31	2	4	2	5	46	2	3	4	2	2	3	1	2	3	2	1	0	2	0	9	2	0	3	1	4	0	0	3	1	0
XMTI4ODQ2NTI4OA==	154	36	34	37	38	60	525	42	4	4	4	2	6	7	4	2	3	1	0	4	4	1	3	1	2	1	0	2	0	4	0
XMTI4ODQ2NzA1Ng==	306	1045	1968	259	275	182	153	105	56	49	18	28	21	26	16	7	14	18	11	6	10	15	15	20	6	6	9	11	11	14	0
XMTI4ODQ2NzU4MA==	11	0	2	1	9	1	0	0	0	1	0	0	0	0	0	0	0	0	0	0	0	0	0	0	0	0	0	0	0	0	0
XMTI4ODQ2Nzc5Ng==	173	128	98	244	36	23	18	9	12	28	22	30	16	10	16	23	20	5	0	1	0	0	0	5	0	1	1	0	0	0	0
XMTI4ODQ2ODk4MA==	4	0	13	0	2	170	0	1	0	0	0	0	0	0	2	0	3	0	0	2	0	0	0	0	0	0	2	0	0	1	0
XMTI4ODQ3MDE1Mg==	9	0	0	7	21	4	5	1	0	2	5	0	0	0	1	0	0	0	0	0	0	0	0	1	0	2	1	2	1	0	0
XMTI4ODQ3Mzc5Ng==	223	150	287	243	364	931	1186	1108	1416	1897	2132	2921	3026	3350	6045	7846	6017	5744	3737	5872	4232	4403	3247	3315	7570	10373	8373	5099	5288	3645	0
XMTI4ODQ3NjcxNg==	6	4	187	1	0	0	0	0	0	0	1	0	0	0	0	0	0	1	2	0	0	0	0	0	1	0	0	0	0	1	0
XMTI4ODQ3Nzc4MA==	13	2	0	1	16	0	0	0	0	1	0	0	0	0	0	0	0	0	0	0	0	0	0	0	0	0	0	0	0	0	0
XMTI4ODQ4MTg3Mg==	25	1	21	96	9	1	3	4	3	2	0	2	1	3	0	1	2	0	2	1	4	1	0	4	2	1	1	0	0	0	0
XMTI4ODQ4MjI4MA==	2	2	0	0	1	3	0	0	1	0	0	0	0	0	0	0	0	0	0	0	0	0	0	0	0	0	0	0	1	1	0
XMTI4ODQ4NTQ2NA==	3	0	0	2	1	1	0	0	1	0	0	0	0	0	0	0	0	0	0	0	0	0	0	0	0	0	0	1	0	0	1
XMTI4ODQ4ODI0NA==	2	0	0	0	2	0	1	0	0	0	1	0	0	2	1	0	0	0	0	0	0	0	0	4	0	0	0	0	0	0	1
XMTI4ODQ4OTEwNA==	113	59	187	34	17	23	20	18	19	17	2	6	13	29	10	55	91	30	21	25	16	12	16	11	15	13	17	12	19	40	0
XMTI4ODQ5MDI0MA==	9	0	1	0	7	1	0	0	0	1	0	0	0	0	0	1	2	0	0	0	0	0	0	0	2	0	0	2	3	1	1
XMTI4ODQ5Mjc2NA==	3	1	0	1	4	0	0	0	0	0	0	0	0	0	0	0	0	0	0	0	0	0	0	0	0	0	0	0	0	0	0
XMTI4ODQ5NDYxMg==	674	136	389	132	101	718	2867	172	51	35	37	30	43	55	33	37	37	42	35	61	46	199	191	83	64	57	56	38	30	35	0
XMTI4ODQ5NzY4MA==	1	1	0	0	0	0	1	0	0	0	0	0	0	0	0	0	0	0	0	0	0	0	0	0	0	1	1	1	0	0	1
XMTI4ODQwMzMyNA==	0	0	0	1	0	0	1	0	0	0	0	0	0	0	0	0	0	0	0	0	0	0	0	0	0	0	0	0	0	0	0
XMTI4ODQwNjQ0OA==	17	28	11	15	255	6	0	0	0	1	0	0	0	0	1	0	0	0	0	0	0	0	0	0	0	0	0	0	0	0	0
XMTI4ODQwNjg0OA==	158	366	623	91	33	36	20	37	14	21	10	8	6	11	10	5	2	11	4	15	1	5	4	1	1	19	18	7	11	5	0
XMTI4ODQwODg0MA==	45	4	19	11	8	9	621	9	9	4	8	2	1	5	9	4	3	2	5	5	3	4	1	2	0	3	0	1	1	3	0
XMTI4ODQxMzEyOA==	38	16	500	288	124	26	37	21	16	123	9	12	8	6	8	15	15	17	9	15	15	8	11	11	15	12	14	15	10	10	0
XMTI4ODQxNTAwNA==	51	13356	176493	693986	879714	207988	1243	828	399	364	357	342	7	301	111	426	54	109	32	128	1	65	12	60	2	62	64	9	36	129	0
XMTI4ODQxNTY4NA==	5	0	0	0	2	0	0	0	0	0	0	0	0	0	1	0	0	0	0	0	0	0	0	0	0	0	0	0	0	0	1
XMTI4ODQxODM2MA==	1	1	0	1	1	0	2	2	1	0	0	0	0	0	0	0	0	0	2	2	2	0	0	1	1	0	0	0	0	0	1
XMTI4ODQxOTM2MA==	1	0	0	0	1	0	0	0	0	0	0	0	0	0	0	1	0	0	0	0	1	0	0	0	0	0	0	0	1	0	1
XMTI4ODQyMjA5Ng==	8	0	2	0	14	0	0	0	0	0	0	0	1	0	0	0	0	0	1	0	0	0	0	0	1	0	0	0	0	0	0
XMTI4ODQyNDA4MA==	2	0	0	0	1	0	0	0	0	0	0	0	0	0	0	0	0	0	0	0	0	0	0	0	0	0	0	0	0	0	0
XMTI4ODQyNDg5Ng==	4	0	0	0	2	0	0	0	0	0	0	0	0	0	0	0	0	0	0	0	0	0	4	2	0	1	0	0	0	0	1
XMTI4ODQyNjgxNg==	3	1	0	2	0	0	0	0	0	0	0	0	0	0	2	0	0	0	0	0	0	0	0	0	0	0	0	0	0	0	1
XMTI4ODQyNzk1Mg==	4	0	0	1	1	3	0	0	0	0	0	1	0	0	0	0	0	0	0	0	0	0	0	0	0	0	0	0	1	0	0
XMTI4ODQyODE4NA==	1	2	2	1	0	0	0	0	0	0	0	0	0	0	0	0	0	0	1	0	0	0	0	0	0	0	0	0	0	0	1
XMTI4ODQzMDU2NA==	1	0	0	0	0	1	0	2	0	0	0	1	1	1	0	0	1	0	0	0	0	0	0	0	0	1	0	0	0	0	1
XMTI4ODQzNDQyNA==	1	0	1	1	0	0	0	0	0	0	0	0	0	0	0	0	0	0	0	0	0	0	0	0	0	0	0	0	0	0	0
XMTI4ODQzNzUyOA==	11	2	6	5	19	0	1	4	2	0	0	0	0	2	2	2	0	2	1	2	0	3	0	0	1	3	1	4	1	3	0
XMTI4ODQzODk5Ng==	26	1	0	0	0	0	11	0	1	0	0	0	0	0	0	0	0	0	0	0	0	0	0	0	0	0	0	0	0	0	0
XMTI4ODU0MjIyNA==	43	19	2	7	33	2	1	0	1	2	1	0	0	1	0	1	0	2	1	0	0	1	0	1	0	0	1	0	0	1	0
XMTI4ODU0NjM4NA==	231	5002	7041	1403	808	441	751	667	627	697	704	613	190	200	224	187	88	92	315	162	122	102	109	59	82	70	50	35	47	23	0
XMTI4ODU0ODI3Ng==	2	0	0	0	0	0	2	0	0	0	0	0	0	0	0	0	0	0	0	0	0	0	0	0	0	0	0	0	0	0	0
XMTI4ODU0ODYyOA==	104	0	1	4	50	3	0	0	0	0	0	0	0	0	0	0	0	1	1	0	0	0	0	0	0	1	0	0	0	0	0
XMTI4ODU1MDc0MA==	182	14	21	152	26	8	28	1	3	0	0	11	0	1	0	0	0	0	0	3	0	1	0	1	0	0	0	0	0	0	0
XMTI4ODU1NTA4NA==	2	0	0	0	0	1	0	0	0	0	0	0	1	0	0	0	0	0	0	0	0	0	0	0	0	1	0	1	0	0	1
XMTI4ODU1NjIxNg==	45	0	5	34	2	3	22	2	1	4	1	3	0	2	2	0	1	2	0	0	0	0	1	0	1	0	0	0	0	0	0
XMTI4ODU1NzE4OA==	6	26	29	4	5	0	0	1	0	0	0	3	0	0	0	1	0	0	1	3	2	0	2	2	1	1	2	1	0	2	0
XMTI4ODU1NzU3Mg==	1	0	0	0	0	1	0	0	0	0	0	0	1	2	0	0	0	0	0	0	0	0	0	0	0	1	0	1	0	0	1
XMTI4ODU2MDQ4MA==	2	0	0	2	1	0	0	0	0	0	0	0	0	0	0	0	0	0	0	0	0	0	0	0	0	0	0	0	0	0	0
XMTI4ODU2NTQxNg==	19	703	10818	2449	85	48	50	36	38	28	21	23	21	24	17	19	15	23	17	21	16	15	16	20	12	14	10	12	10	6	0
XMTI4ODU2ODg4NA==	38	146	99	21	11	5	0	3	3	1	1	1	2	0	1	0	0	1	1	1	1	0	0	0	1	0	0	0	0	0	0
XMTI4ODU3MTE0OA==	124	352	377	94	48	56	66	111	92	51	58	98	95	109	80	82	86	73	50	65	69	66	75	93	72	124	118	126	8	95	0
XMTI4ODU3MjI3Ng==	3	0	10	0	0	0	0	0	0	0	0	0	0	0	0	0	0	0	0	0	0	0	0	0	0	0	0	0	0	0	0
XMTI4ODU3NDUwOA==	78	4	1	3	67	1	2	5	1	0	1	0	1	0	2	0	0	0	0	0	1	1	5	0	1	0	0	0	0	0	0
XMTI4ODU3NjcwNA==	24	1	85	6	5	14	11	6	0	4	0	0	0	0	0	0	0	0	0	0	2	0	0	0	0	0	1	0	0	1	0
XMTI4ODU3OTg2MA==	2	0	0	0	0	4	0	0	0	0	0	0	0	0	1	0	0	0	0	0	0	0	0	0	0	0	0	0	0	0	1
XMTI4ODU4MTMzMg==	4	0	0	0	0	2	0	0	0	0	0	0	0	0	0	0	0	0	0	2	0	0	0	0	0	0	0	0	0	0	1
XMTI4ODU4MzQwNA==	1	0	1	8	0	0	0	0	0	0	1	0	0	0	0	0	0	0	0	0	0	0	0	0	0	0	0	0	0	0	0
XMTI4ODU5MDk0OA==	2	0	0	1	0	0	0	0	0	0	0	0	0	0	0	0	0	0	0	0	0	0	0	0	0	0	0	0	0	0	0
XMTI4ODUwMTc5Mg==	4	2	8	3	4	3	1	0	0	0	1	1	2	3	1	1	1	2	1	1	2	3	1	3	3	1	1	3	1	1	0
XMTI4ODUwMzQwOA==	3	0	2	0	5	0	2	5	0	0	0	0	0	1	0	0	1	1	0	1	0	0	0	0	0	0	1	0	1	1	1
XMTI4ODUwOTIzNg==	7	0	62	15	26	7	3	5	4	2	2	3	0	1	4	1	2	0	0	2	1	1	1	1	1	6	8	0	2	2	0
XMTI4ODUxMTAxNg==	7	0	0	0	99	0	0	0	0	0	0	1	0	3	1	0	0	0	0	1	0	1	0	0	1	2	0	2	7	0	0
XMTI4ODUxNDIzNg==	16	33	52	17	6	2	6	6	2	3	2	2	0	3	1	1	3	3	1	4	0	0	0	0	0	1	0	1	1	1	0
XMTI4ODUxODMwMA==	26	2	1	1	4	0	34	65	7	0	0	0	0	0	0	0	0	0	0	0	0	1	1	0	0	0	0	0	0	0	1
XMTI4ODUxOTM3Mg==	1	0	0	0	0	0	1	9	1	0	0	0	0	0	0	0	0	0	1	0	0	0	0	0	0	0	0	0	0	0	1
XMTI4ODUyMDIxMg==	11	4	5	3	5	2	21	0	0	1	0	0	0	0	1	0	0	0	0	0	0	0	1	0	0	0	0	1	0	0	0
XMTI4ODUyMDk4MA==	11	2	3	2	10	4	0	1	3	2	1	0	4	4	3	0	0	0	4	0	0	0	0	0	0	0	0	1	1	1	0
XMTI4ODUyMjU1Mg==	655	203	314	2269	4900	1272	404	482	881	1091	3015	713	469	361	296	285	264	307	306	257	191	172	108	92	99	177	186	225	198	179	1
XMTI4ODUyMzUyOA==	4	0	1	1	3	1	0	0	0	0	0	0	0	0	1	0	0	0	0	0	0	0	0	0	0	1	0	2	0	0	1
XMTI4ODUyNjA1Ng==	444	110	324	2540	716	138	68	59	31	28	97	30	13	9	15	11	9	25	20	24	15	14	4	10	24	20	16	13	16	14	0
XMTI4ODUyNjY5Mg==	11	1	2	0	1	11	0	1	0	0	0	0	0	0	0	0	0	0	0	0	0	1	0	0	0	0	0	0	0	0	0
XMTI4ODUyODE1Ng==	1802	1082	1212	1177	1322	4194	2731	995	559	310	283	34	198	100	243	191	0	155	118	142	188	185	147	105	74	94	141	114	70	67	0
XMTI4ODUyODM1Ng==	9	42	67	14	19	28	14	19	13	25	9	2	9	15	20	20	12	11	14	12	5	9	8	2	3	0	7	3	7	11	0
XMTI4ODUyOTQyMA==	300	294	1577	2455	1420	576	1202	324	238	167	95	68	59	58	70	35	60	61	33	51	42	29	7	12	18	19	22	12	16	18	0
XMTI4ODUzMDQwNA==	47	18	10	8	46	7	3	1	1	0	0	2	4	1	2	1	3	1	3	3	1	2	0	0	1	1	0	0	3	1	0
XMTI4ODUzMzI5Mg==	5	0	0	0	0	2	0	0	0	0	0	0	0	0	0	0	0	0	0	0	0	0	0	0	0	0	0	0	0	0	0
XMTI4ODUzNzIxMg==	63	17	120	11	6	1	5	3	0	3	0	2	1	1	1	1	4	0	1	1	6	0	1	1	0	0	2	1	3	0	0
XMTI4ODY0MDQ0OA==	3	2	3	1	3	3	8	1	0	1	1	0	3	1	3	2	3	1	5	1	1	0	1	2	3	0	2	1	4	2	0
XMTI4ODY0MjA0NA==	16	2	1	5	392	0	0	1	1	0	0	0	0	1	3	1	6	0	1	0	0	1	0	2	1	1	0	1	1	1	0
XMTI4ODY0MzI1Mg==	1	0	0	0	0	1	0	0	0	0	0	0	0	0	0	0	0	0	0	0	0	0	0	0	0	1	0	0	0	0	1
XMTI4ODY0NDk4OA==	2353	1372	6294	798	763	440	294	218	196	124	135	143	143	104	123	113	58	110	166	143	178	175	169	192	127	138	117	100	86	84	0
XMTI4ODY0NjE3Ng==	582	22343	28266	3146	968	744	858	2098	673	695	1792	791	325	217	246	279	296	268	208	272	1238	198	212	182	152	154	186	206	250	270	0
XMTI4ODY0NzY5Mg==	5	8	7	7	7	1	17	3	0	3	2	0	1	4	2	5	5	7	1	12	14	1	9	7	10	5	7	14	8	2	0
XMTI4ODY0OTU2MA==	33	12	19	27	59	12	21	15	20	16	11	19	10	6	8	16	12	7	9	11	11	13	1	4	1	5	5	11	13	6	0
XMTI4ODY1MDM0NA==	2905	11421	22087	9052	5113	5348	10845	5434	3523	3048	2940	1264	1262	954	943	1082	1585	1451	1343	867	840	843	671	764	664	248	394	591	689	743	0
XMTI4ODY1NTU5Mg==	763	77	1410	2470	6238	2283	454	383	315	219	221	223	199	164	185	196	180	184	137	141	109	98	88	90	88	88	61	44	50	44	0
XMTI4ODY1NTc0MA==	3	1	0	0	6	0	0	0	0	0	0	0	0	0	0	0	0	0	0	0	0	0	0	0	0	0	0	0	0	0	0
XMTI4ODY2MDI0MA==	228	3	3	5	4	265	6	2	6	0	0	0	0	0	0	0	0	0	0	0	0	0	0	0	0	0	0	0	0	0	0
XMTI4ODY2NTQ0OA==	11	1	0	1	7	0	2	0	0	1	0	0	0	1	1	0	0	0	0	0	0	1	0	0	0	0	0	0	0	0	0
XMTI4ODY2OTU4NA==	120	63	32	14	114	0	4	4	5	2	2	5	2	5	3	0	0	1	0	1	1	1	0	1	0	2	0	0	0	0	0
XMTI4ODY3NDU1Mg==	24	52	110	5	8	14	14	11	38	3	9	5	4	0	2	7	5	5	5	4	3	2	1	3	1	3	1	2	2	0	1
XMTI4ODY3NjU1Mg==	5	3	9	0	3	0	2	0	1	0	0	0	0	0	0	0	0	0	0	0	0	0	0	0	0	0	1	0	0	0	0
XMTI4ODY3NzkyNA==	3	3	3	0	0	1	0	0	0	0	0	0	0	0	0	0	0	0	0	0	0	0	0	0	0	0	0	0	0	0	0
XMTI4ODY3OTc2OA==	2	0	0	0	0	4	0	0	0	0	0	0	0	0	0	0	0	0	0	0	0	0	0	0	0	0	1	0	0	1	1
XMTI4ODY4NDE0OA==	9	0	15	5	1	2	0	0	0	0	0	1	0	0	0	0	0	0	0	0	0	0	0	0	0	0	0	0	0	0	0
XMTI4ODY4OTk3Mg==	2	0	4	0	0	1	1	0	0	0	0	0	0	0	0	0	0	0	0	0	0	0	0	0	0	0	1	0	0	0	1
XMTI4ODY5MDkwNA==	5	2	1	4	0	0	0	0	0	0	0	0	0	0	0	0	0	0	0	0	0	0	0	0	0	0	4	0	0	0	1
XMTI4ODY5MjIyNA==	102	189	420	167	293	51	28	22	22	11	7	11	6	1	7	6	12	20	6	4	5	5	1	1	7	5	4	4	1	5	0
XMTI4ODY5Nzc1Mg==	5	10	3	12	1	1	0	0	1	1	0	0	0	0	1	0	0	2	0	1	0	0	0	0	3	0	4	1	1	0	0
XMTI4ODYwNzU3Ng==	7	11	16	4	4	2	3	3	7	2	0	0	0	0	0	1	1	15	1	1	0	1	1	1	5	5	1	1	1	0	1
XMTI4ODYwOTcyNA==	4	1	0	0	3	0	1	1	1	0	0	0	0	0	0	0	0	0	0	0	1	0	0	0	1	0	0	0	0	0	0
XMTI4ODYxMTQwOA==	19	3	4	9	8	7	52	9	8	2	5	2	5	2	8	2	6	12	6	20	13	6	3	6	7	3	9	29	3	5	1
XMTI4ODYxNzIyNA==	6	0	0	0	0	0	7	0	0	0	0	1	0	0	1	1	0	0	0	0	0	0	1	0	0	1	0	0	0	0	0
XMTI4ODYxODUwNA==	4	0	1	0	9	0	1	0	2	0	0	1	0	0	0	0	0	1	0	1	16	0	0	0	1	2	1	0	0	0	1
XMTI4ODYyMDcwNA==	2	0	2	0	5	0	1	0	0	0	0	0	0	0	0	0	0	0	0	0	0	0	1	0	0	0	0	0	0	0	0
XMTI4ODYyMzQwOA==	5	0	239	102	70	159	103	59	73	26	20	12	11	2	6	12	6	10	2	17	5	7	15	5	0	2	2	2	0	3	0
XMTI4ODYyNTc1Ng==	4	0	0	1	10	17	10	0	0	0	0	0	0	0	0	0	0	0	0	0	0	0	0	0	0	0	0	0	0	0	0
XMTI4ODYzNzYzMg==	5	4	2	0	9	0	0	0	0	0	0	1	0	0	0	0	0	0	0	1	0	0	0	0	0	0	0	0	0	0	0
XMTI4ODYzOTY5Ng==	60	76	232	534	857	492	256	891	178	854	170	772	101	179	111	99	129	83	694	65	60	64	48	65	59	40	52	39	35	55	1
XMTI4ODc0MjkwMA==	41	33	48	20	17	3	5	3	5	9	2	7	3	1	3	3	2	7	8	0	1	4	3	1	5	5	3	5	5	3	0
XMTI4ODc0NDY0OA==	2	2	2	0	0	0	0	0	0	0	0	0	0	0	2	0	0	1	0	0	0	0	0	0	0	0	0	0	0	0	1
XMTI4ODc0NTA0NA==	108	58	24	96	5	17	10	10	5	9	5	4	8	4	11	5	6	5	6	1	0	1	2	0	1	0	2	0	6	73	1
XMTI4ODc0NTc2OA==	70530	319432	165408	3836	3406	901	1670	6266	7571	4467	3468	2332	1690	1553	2183	3900	2203	1264	1995	2309	1191	698	547	477	577	543	465	443	459	2245	0
XMTI4ODc0Njc4NA==	3	1	3	0	3	5	0	3	0	0	0	0	0	0	0	0	0	0	0	0	0	0	0	0	0	0	0	0	0	0	1
XMTI4ODc1MTIzNg==	2	0	0	0	1	0	0	0	0	0	0	0	0	0	0	0	0	0	0	0	0	0	0	0	0	0	0	0	0	0	0
XMTI4ODc1MjMxMg==	6	1	0	0	6	0	0	0	0	0	0	0	0	0	0	0	0	0	0	0	0	0	0	0	0	0	0	0	0	0	0
XMTI4ODc1ODAyMA==	7	7	5	4	20	6	0	1	0	0	1	0	0	0	0	0	0	0	0	1	0	0	0	0	0	0	0	0	0	0	0
XMTI4ODc1OTQ5Ng==	1	0	0	0	0	0	1	0	0	0	0	0	0	0	0	0	0	0	0	0	0	0	0	0	0	0	0	0	0	0	0
XMTI4ODc2MTQxMg==	160	130	53	262	396	74	53	29	153	33	28	30	30	30	39	54	46	71	125	91	100	109	51	58	52	32	47	26	41	38	0
XMTI4ODc2NTgzNg==	32	16	8	9	53	7	3	0	1	0	1	0	1	0	0	1	0	0	0	1	0	0	2	0	0	0	0	0	0	0	0
XMTI4ODc2ODAwNA==	2	2	1	2	7	0	0	0	0	0	0	0	0	0	0	0	0	0	0	0	0	0	0	0	0	0	0	0	0	0	0
XMTI4ODc2ODk2OA==	57	76	525	149	37	10	27	18	4	1	3	2	0	1	5	3	1	4	0	2	0	0	0	1	3	0	1	1	1	1	0
XMTI4ODc3MDg2OA==	431	1265	1051	533	132	47	43	29	22	25	22	10	391	17	16	20	18	11	21	9	54	49	64	43	14	9	3	8	5	5	0
XMTI4ODc3MzA0MA==	978	1834	2719	718	424	174	124	91	69	59	45	60	50	41	45	46	43	51	47	45	47	62	41	51	35	21	33	45	64	27	0
XMTI4ODc3NTIyMA==	4	1	10	0	0	0	2	0	0	0	0	0	0	0	0	0	0	0	0	1	0	0	0	0	0	1	0	0	0	0	0
XMTI4ODc3NzE3Mg==	4	1	9	0	0	0	1	0	1	0	0	0	0	0	0	0	0	1	0	1	0	0	2	0	2	0	0	0	0	1	0
XMTI4ODc3NzczMg==	408	546	5015	3592	865	227	142	144	142	73	50	40	51	44	34	59	51	79	47	46	43	49	39	25	30	51	43	33	33	31	0
XMTI4ODc4MzEzMg==	1	1	6	0	0	0	1	0	0	0	0	0	0	0	0	0	0	0	0	0	0	0	0	0	0	0	0	0	0	0	0
XMTI4ODc4OTYwMA==	9	1	6	14	3	8	4	1	1	2	3	1	2	2	0	1	2	1	1	2	3	0	0	1	2	3	3	0	0	0	0
XMTI4ODc4OTk0NA==	31	97	35	18	313	3	6	6	8	4	7	5	80	14	6	6	7	5	2	2	3	6	3	5	2	0	3	6	4	3	1
XMTI4ODc5ODg4OA==	3	1	3	3	0	0	0	0	0	0	0	0	1	0	0	0	0	0	2	0	0	0	0	0	0	0	0	0	0	0	1
XMTI4ODc5OTYxNg==	12	6	4	4	33	2	2	0	1	0	1	0	0	0	0	3	0	0	4	5	1	1	0	0	0	0	3	1	1	1	0
XMTI4ODcwMTY1Mg==	115	91	211	7	3	2	2	2	3	2	1	516	2	1	0	813	1	1	2	0	0	0	0	0	2	1	1	2	1	7524	1
XMTI4ODcwNDI4OA==	186324	56837	203010	189065	5400	8341	865	668	2437	1212	698	522	351	394	626	27	577	398	277	245	283	321	530	325	255	189	140	138	260	692	0
XMTI4ODcwNDkwMA==	3	57	14	35	1	4	0	0	0	2	0	0	0	0	1	0	0	0	0	0	0	0	0	0	0	0	0	0	0	0	0
XMTI4ODcwNjEzMg==	10	18	11	123	4	4	1	3	0	2	0	0	0	0	0	0	0	0	0	0	0	0	0	0	0	0	0	0	0	0	0
XMTI4ODcwNzg4MA==	4	0	2	2	3	23	18	0	0	0	0	0	0	1	2	0	0	0	2	1	0	0	0	1	2	1	0	0	0	0	0
XMTI4ODcwOTI2MA==	1	1	1	0	0	0	0	0	0	0	0	0	0	0	0	0	0	1	0	0	0	0	0	0	0	0	0	0	0	0	1
XMTI4ODcxMjUyOA==	3	0	1	0	0	2	0	1	0	0	0	0	0	0	0	0	0	0	0	0	1	1	0	0	0	0	0	0	0	2	1
XMTI4ODcxMjc3Mg==	13	1	2	0	2	14	1	2	1	0	0	0	0	1	0	1	1	0	1	1	1	2	1	0	0	0	0	12	1	0	1
XMTI4ODcxMzYwOA==	1	0	1	0	2	0	0	0	0	0	0	0	0	0	0	0	0	1	0	0	0	0	0	0	0	0	0	0	0	0	1
XMTI4ODcxNzg3Ng==	3	0	0	0	2	0	4	2	0	1	0	0	0	1	1	1	0	0	1	1	1	1	1	0	1	0	3	0	0	0	1
XMTI4ODcyMDcyOA==	3	1	0	0	0	2	0	0	0	0	0	0	0	0	0	0	0	0	0	2	0	0	0	0	0	1	0	0	0	0	1
XMTI4ODcyMjE0OA==	6	1	14	0	1	0	0	0	0	0	1	0	0	0	0	0	0	0	0	0	0	0	0	0	0	0	0	0	0	0	0
XMTI4ODcyMzMyOA==	2	0	0	0	0	0	10	0	0	0	0	0	0	0	0	0	0	0	0	0	116	5	0	2	0	0	0	0	0	1	1
XMTI4ODcyNDAxMg==	4	0	0	0	0	2	1	0	0	1	0	0	0	0	0	0	0	0	0	0	0	0	0	0	0	1	0	0	0	0	1
XMTI4ODcyNjIwMA==	4	1	1	0	0	4	1	0	0	3	1	0	0	0	0	0	1	1	0	1	1	1	0	0	1	0	0	0	0	0	1
XMTI4ODczNDA4MA==	960	328	695	4959	7419	2339	609	495	475	490	350	385	385	442	326	452	319	296	299	253	259	237	255	257	244	230	243	216	210	170	0
XMTI4ODczNjM2MA==	42	70	64	5	5	0	0	2	2	2	0	2	0	2	5	0	1	0	0	1	0	1	0	1	0	1	1	1	2	0	0
XMTI4ODczOTI0OA==	30	64	20	703	3	2	1	3	1	1	1	0	0	0	0	0	1	2	0	3	0	4	0	4	1	1	1	0	0	0	0
XMTI4ODg0NDQ2MA==	5	3	6	1	4	0	1	0	0	0	0	0	1	1	1	0	2	0	0	1	0	2	0	0	0	1	1	0	0	0	0
XMTI4ODg1Nzc0MA==	2	1	0	0	0	1	3	0	0	0	0	1	0	0	0	0	1	1	1	0	0	1	0	0	2	0	0	0	0	0	1
XMTI4ODg2MjIzMg==	3	0	0	0	0	2	0	0	0	0	1	0	0	0	0	0	0	0	0	0	0	2	0	0	0	0	0	0	0	0	1
XMTI4ODgwNDQ0NA==	6	2	13	2	0	0	1	2	0	2	0	2	0	1	0	0	0	0	0	0	0	0	1	0	0	0	0	0	0	0	0
XMTI4ODgwNTY0NA==	2	0	0	0	1	0	0	0	0	0	0	0	0	0	0	0	0	0	0	0	0	1	1	0	0	0	0	0	0	0	1
XMTI4ODgyMTA1Mg==	7	1	200	5	7	0	0	2	0	0	1	0	0	1	0	0	0	0	0	0	0	2	0	1	1	0	1	0	0	0	0
XMTI4ODgyNDc1Mg==	4	5	24	5	4	2	1	0	2	0	0	3	0	0	5	2	0	0	0	1	53	1	0	1	0	1	0	1	0	0	1
XMTI4ODgyNzI2MA==	5	1	2	6	0	1	2	0	2	1	0	1	0	1	1	2	1	1	2	0	0	0	4	1	0	1	1	0	0	1	1
XMTI4ODgyOTY4OA==	35	24	93	0	0	2	1	0	0	0	0	0	0	4	1	0	1	0	0	0	0	2	0	0	1	0	0	0	0	0	0
XMTI4ODgzMzg3Ng==	7	0	0	1	8	0	0	0	2	1	0	0	1	1	1	1	0	0	3	0	0	0	1	0	0	1	2	0	0	0	1
