XMTM2MDk2Mzk4OA==	8380	13531	5417	4102	79	1703	1888	1302	1719	1863	1412	1526	1375	1110	1217	2063	1286	1368	691	701	816	1365	1443	626	385	1059	487	823	840	768	0
XMTM2MTYwNzM2MA==	103	184	130	59	8	12	42	52	27	14	30	28	8	20	5	26	23	9	5	44	24	17	32	14	15	28	25	14	10	14	0
XMTM2MTM3Mzc5Ng==	25	2204	4	6	6	7	5	8	11	2	3	2	12	11	2	0	2	3	1	0	3	2	2	107	12	13	271	24	77	0	0
XMTM2MTQ5MjU4NA==	7	10	8	0	2	0	5	1	0	0	0	0	1	1	0	4	0	0	0	0	1	0	0	0	0	0	0	0	0	0	1
XMTM2MTA0NzI0OA==	234	609	463	212	13	107	126	90	14	4	5	8	0	1	1	2	0	1	3	31	1	1	2	2	0	2	1	0	0	1	0
XMTM2MTcxMjk3Mg==	710	1045	463	519	85	359	337	303	289	240	156	195	235	262	170	266	193	153	157	168	168	116	211	167	143	190	153	143	150	135	0
XMTM2MDc2NzM3Ng==	9	22	3	5	1	1	4	0	2	0	0	1	0	0	1	0	1	0	0	0	0	0	0	1	1	0	0	1	3	1	0
XMTM2MTI4NDY5Ng==	28	31	11	6	1	11	13	4	13	10	19	26	12	36	50	21	41	60	93	231	146	217	352	303	108	179	40	148	100	135	1
XMTM2MTcxNjg5Mg==	130	214	61	46	3	24	27	28	33	20	18	21	10	3	1	17	23	16	0	83	15	15	5	19	5	2	9	20	12	14	0
XMTM2MDc0NTc2NA==	8	14	9	5	1	2	0	1	0	2	0	1	1	0	1	1	0	1	5	2	1	1	0	0	0	3	0	0	3	1	0
XMTM2MTQzNTQwMA==	24	41	22	10	5	11	7	25	28	26	8	1	3	2	0	3	2	4	2	50	10	13	17	4	2	4	6	7	6	8	1
XMTM2MTQ4NTkyMA==	29	30	10	15	1	9	10	5	5	15	4	4	11	16	7	6	8	2	4	7	0	1	1	1	0	11	4	1	0	4	0
XMTM2MTUwNjE0OA==	27	64	12	5	0	0	5	7	3	2	7	4	1	0	6	2	1	1	0	27	8	5	1	0	1	2	5	3	2	5	1
XMTM2MDg5NzQyOA==	84	229	42	0	1	0	0	0	1	0	0	0	1	1	0	0	0	0	0	0	1	0	0	27	1	98	14	5	1	10	1
XMTM2MTQ1Mzg0NA==	5	7	4	0	1	1	0	0	0	0	0	0	0	0	0	0	0	0	0	0	0	0	0	0	0	0	0	3	1	2	1
XMTM2MTYyOTQ3Ng==	8	28	4	0	0	0	0	0	0	0	0	0	0	0	0	0	1	0	1	0	1	0	0	0	0	0	1	2	2	4	0
XMTM2MTM0OTcyNA==	2997	3949	1634	1626	106	542	1181	906	523	558	571	496	486	575	392	278	207	220	206	223	234	158	218	150	177	245	105	195	139	158	0
XMTM2MTQ5MTg0NA==	1300	3135	2324	1173	183	624	640	578	760	869	471	424	537	359	360	514	427	318	292	305	361	788	807	558	390	509	337	539	217	342	0
XMTM2MTE0NDc2OA==	21834	63147	12183	11137	12883	11502	11053	11744	11283	11980	5	16	11	12	82632	68	2	17	7	4	7	32	22	40	24	31	14404	23	1	0	1
XMTM2MDg5OTU2OA==	3441	7556	2821	2444	16	1	5	20	116	3	1	5	0	8	0	10	7	10	8	1	3	2	11	4	9	287	183	73	117	229	0
XMTM2MTIyNjI2MA==	8	12	5	3	2	4	1	1	5	0	1	1	2	0	0	0	1	1	0	6	1	3	0	1	1	0	0	1	4	2	0
XMTM2MDgzOTA0MA==	147779	243164	137894	67863	1554	1104	763	804	591	631	855	1541	4338	3180	1650	562	354	389	518	738	544	387	296	460	283	604	286	287	30509	494	0
XMTM2MTAyMjAwOA==	7	34	0	0	2	0	0	0	0	0	0	1	0	0	0	0	0	0	0	0	0	0	0	0	1	0	0	0	0	0	0
XMTM2MTE5NjIxNg==	198	216	61	106	19	79	43	56	60	28	37	27	10	27	14	23	5	5	2	126	1	2	3	1	0	2	5	8	3	4	1
XMTM2MTU5NzE0NA==	45	190	24	18	6	1	3	23	5	1	3	0	1	0	0	0	0	0	1	7	1	0	0	1	0	0	1	0	0	1	0
XMTM2MTYzNzU3Ng==	61	71	34	19	5	9	19	20	18	9	6	16	7	0	1	0	0	6	0	26	2	6	4	5	2	0	2	3	3	6	0
XMTM2MTQzMDg1Mg==	15	49	10	14	23	9	22	40	21	14	3	3	5	4	15	0	3	1	7	26	21	8	1	1	0	2	3	4	2	16	1
XMTM2MTQ0ODg4MA==	10	77	12	4	3	0	0	0	0	1	1	11	1	47	2	16	0	4	3	31	1	0	0	0	0	0	1	0	0	0	1
XMTM2MDc5Njg0MA==	109	126	42	40	34	32	29	25	16	31	21	38	27	0	82	146	20	1	0	92	49	25	20	9	0	16	23	17	19	16	1
XMTM2MTIzMjkwMA==	1040	2066	469	314	11	16	190	125	85	107	88	112	69	17	46	82	77	98	85	272	99	135	134	30	20	119	102	114	127	161	0
XMTM2MTQ4Nzg2NA==	172	350	98	31	12	0	10	14	7	10	8	5	8	0	2	2	6	1	2	15	8	1	3	3	1	0	3	2	2	16	0
XMTM2MTUzMzE4NA==	61	180	19	5	9	1	2	11	5	8	3	0	1	1	1	1	1	2	2	21	2	1	4	2	0	1	2	5	2	3	0
XMTM2MTUzNjg5Ng==	42	65	8	15	3	10	21	31	19	17	13	5	4	6	4	34	3	0	1	38	8	3	13	6	4	13	1	6	3	6	0
XMTM2MTQ0NDgyOA==	480	673	289	260	6	17	60	72	53	74	36	44	14	19	0	0	0	4	9	52	2	1	0	4	3	0	1	0	3	2	0
XMTM2MTQ3MzkwNA==	9	15	3	4	3	6	4	6	7	9	11	5	2	2	1	1	2	4	2	4	5	5	3	1	0	3	0	0	1	14	1
XMTM2MTM0NTkwOA==	10	59	29	16	10	14	7	5	5	2	1	1	1	0	0	0	0	1	2	7	0	0	1	0	0	1	0	1	0	0	0
XMTM2MTMyMzM2OA==	13	20	4	14	1	4	8	6	2	0	0	2	0	1	0	1	0	0	1	3	0	2	1	1	0	0	0	0	1	0	0
XMTM2MDg3ODgyNA==	63	207	72	39	0	3	17	20	4	5	0	4	3	3	2	1	3	1	1	20	4	0	2	3	1	0	1	2	4	0	0
XMTM2MTY0MTgwMA==	22	46	25	3	1	0	3	0	0	1	0	0	0	0	1	0	0	0	1	2	0	0	0	0	0	1	0	0	0	0	0
XMTM2MTE0NTQ2OA==	2800	5225	913	386	215	267	27	99	168	213	138	153	187	112	133	207	106	113	105	133	104	119	236	301	51	75	64	110	69	75	0
XMTM2MTIwNTQzMg==	145	310	118	98	10	21	23	44	25	16	9	38	33	14	2	41	62	15	1	66	2	0	2	1	0	74	5	5	0	0	0
XMTM2MTIyODIyOA==	226	311	128	115	5	44	50	19	9	16	12	2	5	1	10	2	2	2	1	53	7	3	1	1	1	3	1	5	2	4	0
XMTM2MTA5NTczMg==	320	89537	823	456	260	144	145	100	87	102	109	76	71	59	31	70	78	101	46	4	47	25	40	16	17	13	16	1612	1410	294	0
XMTM2MTE3ODkyOA==	562	2170	1079	762	13	226	105	37	18	55	1	3	8	7	1	1	6	33	5	119	1	6	4	8	1	192	20	24	12	16	0
XMTM2MTExMDI3Mg==	137	410	19	5	4	0	0	3	0	0	1	4	1	0	2	6	0	6	1	1	0	0	0	1	0	1	32	3	22	2	0
XMTM2MTYxNjU2OA==	352	831	217	45	45	0	3	84	43	56	34	9	0	11	54	9	1	47	11	21	33	50	22	5	2	0	1	8	16	49	0
XMTM2MDg3MDU0MA==	33	65	13	29	11	21	1	7	1	1	3	2	5	3	2	0	1	0	16	3	1	0	0	1	0	1	2	1	1	0	0
XMTM2MTA2OTYzMg==	219	257	99	65	27	14	87	40	51	45	27	12	23	16	14	3	7	8	50	2	12	30	41	15	15	27	7	33	17	20	0
XMTM2MTQ5MDk5Mg==	1474	2038	1249	655	237	277	487	199	108	254	67	142	92	107	86	71	86	66	78	62	56	68	16	30	10	4	32	45	36	26	0
XMTM2MTU4MjI2NA==	36	85	31	31	15	38	35	35	29	6	20	1	3	1	1	3	2	5	2	31	4	0	3	0	0	0	6	1	1	0	0
XMTM2MTQ1NDI4MA==	156	313	68	11	10	5	3	5	5	1	3	3	2	2	4	11	25	0	1	1	4	1	1	3	1	9	1	3	8	14	0
XMTM2MDc1NjUwMA==	17	20	7	8	1	5	11	2	3	10	4	3	0	2	0	1	0	1	5	19	1	2	2	2	0	0	2	2	2	6	1
XMTM2MTI1MTgzMg==	479	787	311	308	59	131	147	143	85	99	65	51	58	48	46	32	14	79	29	46	34	20	41	26	25	35	29	35	19	41	0
XMTM2MTUwMzU0OA==	189	240	71	114	4	65	86	181	88	35	30	53	79	38	30	44	42	7	0	50	4	46	43	6	11	9	13	41	25	79	1
XMTM2MTQwNDQwOA==	7	93	0	1	0	0	0	0	0	0	1	0	3	0	0	0	1	0	0	0	0	0	0	0	1	0	0	3	0	0	0
XMTM2MTYxMjU0OA==	31	71	18	13	1	19	33	16	3	1	1	3	2	1	2	2	0	1	1	16	3	5	6	1	4	3	1	2	1	4	0
XMTM2MTYyNDA4OA==	29	88	0	11	0	2	0	1	4	3	1	3	0	0	0	1	1	0	1	4	0	0	0	0	1	0	0	0	0	0	0
XMTM2MTAxMDM3Ng==	6	10	6	0	0	1	0	0	0	0	0	0	2	0	1	0	1	0	1	5	0	1	0	2	0	0	0	1	0	0	1
XMTM2MTIzNTI2NA==	38	329	1	1	0	0	0	0	0	0	0	0	0	0	0	0	0	0	0	0	0	0	18	19	10	0	7	5	8	0	0
XMTM2MTYwMDMyMA==	560	3180	661	354	35	95	109	95	71	44	28	39	11	1	2	6	3	3	0	158	74	32	13	7	6	18	7	10	2	10	0
XMTM2MDgwMzk4NA==	42	90	19	6	2	1	5	0	3	4	0	0	0	1	0	1	1	0	0	2	3	0	0	0	0	0	0	0	1	0	0
XMTM2MTQ1MjMzMg==	40	407	184	137	7	15	22	20	12	10	24	8	0	8	1	4	9	3	5	98	13	8	21	26	13	11	61	52	6	16	0
XMTM2MTYxMzc4NA==	171	1777	327	317	139	450	483	481	182	5	61	53	50	11	77	44	77	120	47	64	64	73	60	35	3	138	47	77	64	42	0
XMTM2MDkzMTkyMA==	744	1228	366	184	14	18	89	101	70	91	42	37	28	28	50	34	47	49	20	18	26	17	47	145	71	51	11	30	14	14	0
XMTM2MTU2MjE1Mg==	4444	6924	3532	1297	339	462	589	388	263	54	261	311	94	122	81	18	96	84	86	74	67	241	6	186	359	60	93	2	51	67	0
XMTM2MTYyMzg3Mg==	19	66	2	0	1	1	0	0	0	0	0	1	0	0	0	0	0	0	0	0	0	0	0	1	0	0	0	5	0	1	0
XMTM2MTQ4Nzk0OA==	64	133	25	5	1	2	1	0	3	0	3	3	1	1	2	1	0	2	0	8	1	1	0	1	0	0	0	5	2	16	0
XMTM2MDg1MzI4OA==	87	108	29	54	5	7	31	35	48	44	7	2	2	1	1	1	0	5	2	6	6	5	3	6	1	0	1	5	3	2	0
XMTM2MDg5MDQ1Ng==	91	153	63	21	1	2	10	20	21	13	1	7	2	5	4	5	6	6	0	34	0	4	1	2	1	5	8	2	4	1	0
XMTM2MTYwMzE2OA==	70	190	31	1	3	2	1	0	0	0	0	1	0	0	1	1	0	0	0	0	0	1	0	0	3	0	1	1	0	3	0
XMTM2MTQ2MTg2OA==	139	3027	139	40	45	22	24	14	1	17	2	24	31	20	15	11	9	9	9	56	15	18	27	4	1	19	9	18	8	10	0
XMTM2MTM4OTQ4OA==	299	2051	921	819	192	1009	431	291	364	231	151	639	317	392	456	423	386	419	484	471	857	597	867	538	389	1538	778	754	1075	952	0
XMTM2MTExOTYxNg==	290	1191	618	632	461	488	427	428	344	388	338	323	718	910	879	680	550	528	289	434	350	325	390	376	259	351	197	456	374	362	0
XMTM2MTU1ODAyNA==	15	33	12	2	1	0	0	0	0	0	0	1	0	0	1	0	1	0	0	0	1	0	0	0	0	0	0	3	1	0	0
XMTM2MTMzMzYyNA==	10	16	6	4	2	6	3	3	2	1	1	3	0	0	1	0	0	2	1	10	2	1	1	0	2	1	1	1	0	0	1
XMTM2MTIyOTAzNg==	26	53	11	7	1	0	0	0	0	2	1	0	0	0	2	1	3	0	24	18	4	0	1	0	2	1	0	0	2	0	1
XMTM2MTIyMTc1Mg==	1540	527067	185584	4808	17274	17903	9017	2788	11521	16021	3356	13	1005	729	12243	6907	1035	1016	918	1280	6660	3461	691	302	432	749	543	3206	31507	14796	0
XMTM2MTI3NzQ4NA==	4	14	5	0	1	1	0	0	13	19	36	40	42	57	72	16	48	94	112	145	135	297	428	277	130	200	53	164	154	128	1
XMTM2MTI3MTk0MA==	6	15	5	2	0	0	0	0	0	0	1	0	0	0	0	0	1	1	0	1	0	0	0	0	0	0	0	0	0	0	0
XMTM2MTI3NjgyNA==	3	9	0	0	0	1	0	3	13	20	37	41	33	23	66	38	47	93	74	212	143	262	440	302	130	193	51	166	154	126	1
XMTM2MTUzMDE3Mg==	7	22	12	3	0	1	0	0	0	0	2	0	0	2	0	11	3	0	0	1	0	0	0	0	0	4	0	0	0	0	1
XMTM2MTU4MDM2NA==	8	14	1	1	0	0	5	0	9	3	1	1	1	5	2	0	5	0	1	5	1	0	0	2	5	6	1	4	3	2	1
XMTM2MTE5NjYwMA==	81	233	65	70	21	50	62	77	40	24	16	18	17	5	11	25	0	0	4	70	8	7	0	19	3	4	7	35	11	22	0
XMTM1OTI5NTkyNA==	4	8	2	2	1	0	0	0	0	0	1	1	0	0	0	0	0	1	0	1	1	0	0	0	2	2	2	2	1	0	0
XMTM2MTU1NDQyOA==	107	628	172	70	1	11	7	20	11	16	6	1	2	11	1	0	1	2	1	41	2	2	0	0	1	2	0	1	0	0	0
XMTM2MTM3NDQyMA==	7498	13659	4162	4181	293	283	1016	862	868	755	723	376	429	219	188	180	112	351	86	76	94	185	37	115	66	117	143	76	2145	566	0
XMTM2MTQ5ODk5Mg==	67	269	168	101	2	2	17	2	0	1	0	1	0	3	0	0	0	0	0	0	1	0	0	3	3	1	9	2	0	0	0
XMTM2MTQ1NDcwOA==	3	8	0	1	0	0	0	1	0	0	0	0	0	1	0	0	0	0	0	0	0	0	0	0	0	1	0	0	0	0	0
XMTM2MDc3MTgwMA==	6	20	2	1	0	0	1	1	0	1	0	0	1	0	0	0	0	0	0	2	2	0	0	0	0	3	1	0	1	0	0
XMTM2MTE3MjM4MA==	520	2841	2273	1182	1588	1022	507	3275	1433	714	367	357	490	227	228	242	124	181	144	149	170	131	323	112	86	70	80	88	67	99	1
XMTM2MTMwNDQ4MA==	28	32	8	8	5	12	8	7	7	10	1	13	9	14	1	0	0	5	1	20	4	3	3	0	2	0	25	10	3	6	1
XMTM2MTM0MDcwMA==	4	12	5	0	0	1	0	3	0	0	3	1	2	0	0	1	0	3	0	1	1	0	0	2	1	0	1	1	1	0	0
XMTM2MTMxMTk0MA==	406	498	279	158	25	58	57	54	49	71	55	48	24	7	29	23	22	14	46	197	71	58	85	72	72	145	25	58	44	36	0
XMTM2MTQ4MzA2MA==	5719	25200	3604	1997	932	176	4009	7328	4214	5241	1680	167	1504	2140	3744	4602	1196	1246	1118	1631	1403	9127	7783	1932	578	2856	3870	4694	3324	90	0
XMTM2MTU5MTA4NA==	57	191	12	2	2	3	1	0	1	0	0	0	3	0	3	1	0	3	1	0	0	0	0	1	0	1	2	1	0	0	0
XMTM2MTM3Mjc0NA==	32	235	113	29	1	15	6	0	0	0	0	2	0	0	3	1	3	1	0	2	1	0	0	1	0	1	2	0	1	0	0
XMTM2MTM2MjU4OA==	9070	19891	8921	4668	3498	6767	7499	2626	3135	2693	1430	2374	1588	1188	1131	1078	895	1033	858	1928	1097	1154	1334	255	1093	505	899	2009	4366	1064	0
XMTM2MTIwNTI4OA==	11184	15483	5180	4959	1453	3767	2218	1692	1245	4088	1665	1377	1508	1366	1565	1165	725	560	702	785	537	630	864	718	763	1081	592	1211	900	656	0
XMTM2MTMzNTIyNA==	637	875	437	436	22	244	130	123	90	102	143	52	102	63	44	99	62	39	57	33	28	49	50	44	21	49	31	32	29	28	0
XMTM2MTUxNzA0MA==	1	6	3	1	0	0	0	0	0	0	0	0	0	0	0	0	0	0	0	0	0	0	0	0	0	0	0	0	0	0	0
XMTM2MTU4NjQ4MA==	1122	3813	875	682	135	725	876	1107	190	134	12	7	42	84	74	40	71	68	80	57	55	48	64	54	37	55	31	45	42	45	1
XMTM2MDk2NDEwOA==	723	2821	1982	1558	447	525	905	905	595	372	215	195	234	228	303	239	267	201	196	180	160	175	242	205	172	316	100	181	192	175	0
XMTM2MTU2MTE2OA==	793	3502	714	897	703	1227	1031	1029	141	86	9	5	61	79	167	63	168	66	141	75	84	112	31	92	44	139	187	77	138	465	0
XMTM2MDk1Nzk5Ng==	52266	326777	1521	1494	1459	1295	1102	1094	279	69	16	37	132	130	109	125	112	54	74	50	62	73	19	36	35	29	25736	211	443	388	0
XMTM2MDgxNDg1Ng==	24	30	10	3	10	13	6	8	7	2	0	0	1	0	0	0	0	1	20	2	9	1	1	1	1	3	0	0	2	1	1
XMTM2MTA1Nzk5Mg==	13	32	0	1	0	5	1	5	1	0	1	0	1	0	0	0	0	0	0	2	0	0	0	1	0	0	1	0	0	1	0
XMTM2MDk1MTk4OA==	3	10	4	0	0	0	0	0	0	1	0	0	0	1	0	0	2	0	0	4	1	0	1	0	0	8	0	1	0	0	1
XMTM2MTMzNjY2OA==	57	95	23	22	6	19	28	39	23	15	2	17	5	10	0	4	1	3	0	75	7	18	5	9	10	3	1	16	21	19	1
XMTM2MDczNDQ2MA==	10	39	7	0	0	2	0	0	0	0	0	0	1	1	3	5	2	2	0	3	0	1	0	0	2	0	0	2	0	0	0
XMTM2MTI4MjY1Mg==	12	77	20	1	2	0	0	0	0	1	0	0	1	0	6	2	1	0	0	8	0	0	0	0	0	0	1	1	0	0	0
XMTM2MTUzMTEzMg==	6	27	7	4	0	2	6	9	15	3	0	2	2	0	3	8	0	0	3	7	5	3	2	1	1	2	2	0	4	10	1
XMTM2MTExODM2OA==	11	26	8	6	4	0	0	4	3	3	0	0	0	4	0	5	0	4	1	0	0	0	5	0	1	9	1	0	0	0	0
XMTM2MTI4MzMwMA==	5	12	6	3	0	0	2	3	1	20	20	33	5	41	56	19	61	34	37	278	144	297	360	112	60	110	102	92	194	161	1
XMTM2MTEyMzY2MA==	12	39	0	0	0	0	0	0	0	0	1	0	0	0	0	0	0	0	0	0	0	1	0	0	0	0	0	3	0	0	0
XMTM2MDg0NzUzNg==	30	78	24	12	2	0	0	0	0	1	2	1	0	0	1	3	2	0	2	1	1	0	1	0	0	1	1	0	0	0	0
XMTM2MTM5NjY5Ng==	390	562	109	116	51	131	82	76	206	40	25	52	28	156	28	199	28	32	10	154	24	29	21	58	6	92	17	33	51	191	0
XMTM2MTUxNTI0MA==	105	111	41	34	1	1	85	26	17	39	15	22	4	10	3	3	1	1	1	72	8	4	15	0	3	6	40	7	9	0	1
XMTM2MTUxMTAxNg==	27	53	19	17	0	12	7	4	1	9	3	2	2	2	1	0	2	2	0	11	0	2	2	1	0	3	1	0	1	0	0
XMTM2MDg2MzgyNA==	18	66	0	0	0	0	0	0	0	0	1	0	0	0	0	0	0	0	0	1	2	0	0	4	0	1	0	1	0	0	0
XMTM2MTU4NjM1Ng==	24	41	10	4	1	1	6	3	3	5	0	0	0	2	4	1	1	0	0	8	1	2	1	0	0	2	1	0	1	0	0
XMTM2MDg5MjM5Ng==	35	140	43	14	3	0	2	5	8	1	15	6	9	26	152	72	198	77	0	45	2	19	9	2	1	1	1	3	0	2	1
XMTM2MTY1OTI5Mg==	1	2	0	1	0	0	0	0	0	0	0	0	0	0	0	0	0	0	3	1	0	0	4	1	1	0	0	0	0	0	1
XMTM2MTAxNzA0NA==	4	15	4	1	1	0	1	0	2	1	0	3	3	0	2	0	2	1	0	12	0	1	1	0	0	0	2	2	3	2	1
XMTM2MTUwODE2MA==	125	1565	326	222	354	236	326	354	215	353	217	529	43	256	166	197	314	72	128	111	88	36	151	56	31	260	44	87	32	765	0
XMTM2MDk0NjY4MA==	50	129	1	0	0	1	0	0	0	0	1	0	0	0	0	0	1	0	0	0	0	0	0	0	0	0	0	16	1	0	0
XMTM2MTEwNDYwOA==	20	81	19	27	14	10	0	0	0	0	0	0	0	0	0	0	0	1	0	0	0	0	0	0	0	0	12	3	2	1	0
XMTM2MTE1MDUyMA==	1841	2651	1246	757	427	1351	964	448	534	548	377	322	479	534	530	434	396	558	315	150	196	163	276	90	137	202	80	95	65	40	0
XMTM2MDc0MTY2NA==	12325	15337	9060	6608	183	3955	4575	4915	2487	4573	1378	1385	1569	1109	1045	1049	940	915	921	852	837	785	1053	607	415	766	731	961	631	700	0
XMTM2MTYwMDIwNA==	164	506	42	14	7	6	3	2	0	1	1	0	0	3	1	1	0	6	0	1	2	3	0	0	1	1	0	0	0	5	0
XMTM2MTY0MTQ4MA==	3	15	0	0	0	0	0	0	0	0	0	0	0	0	0	1	0	0	0	0	0	0	1	0	3	0	0	0	0	0	1
XMTM2MDk2NjM2MA==	502	17052	26	18	9	10	14	10	23	10	0	9	2	6	0	37	6	1	1	1	2	2	2	2	2	5	2428	476	1732	14	1
XMTM2MTYyMDM2NA==	41	188	14	1	0	0	0	2	3	0	1	0	0	2	0	1	3	0	0	0	0	0	1	0	0	2	0	3	8	11	0
XMTM2MTM1MTM4MA==	929	1304	393	490	86	301	212	204	121	121	130	69	113	72	103	71	73	66	80	85	81	106	93	54	45	75	58	71	67	114	0
XMTM2MDk2NzM4NA==	285	12246	972	45	11	26	13	4	8	10	16	19	18	6	7	10	6	36	32	29	14	21	20	2	5	7	3	10	1	7	0
XMTM2MTM1Nzg3Ng==	264	2610	1363	621	113	106	131	124	61	42	88	72	49	28	40	23	53	4	5	13	24	12	13	11	4	12	4	4	2	12	0
XMTM2MTU1ODcxNg==	177	316	211	86	12	49	61	62	58	53	27	41	55	69	50	16	37	15	33	70	35	43	31	19	18	18	7	25	65	37	0
XMTM2MTIyMjEwOA==	527	21996	4105	2149	41	6589	13196	2978	2168	954	574	543	350	253	295	301	293	302	107	195	164	173	176	104	60	139	106	139	100	107	0
XMTM2MTUyNzk2NA==	66	371	75	15	22	0	5	6	4	1	0	0	1	1	0	0	2	0	0	1	1	1	0	0	0	1	0	0	0	0	0
XMTM2MTIwNjY5Ng==	1717	3132	889	819	357	621	638	2701	1183	813	80	626	413	535	898	753	162	116	68	128	659	1460	869	156	63	224	143	155	504	372	1
XMTM2MTU4MDQ0NA==	6	9	1	7	1	1	0	1	0	0	0	0	0	0	0	0	0	1	0	0	0	0	0	0	0	0	0	0	1	1	0
XMTM2MTY1NzQ4OA==	2	6	0	0	0	0	0	0	0	0	0	0	0	1	0	0	1	0	0	0	0	0	0	0	0	0	0	0	0	0	1
XMTM2MTU3MDg4MA==	45	50	14	21	0	22	6	3	3	5	2	0	0	1	4	2	3	1	1	21	8	2	0	0	5	2	1	1	3	4	0
XMTM2MTUyNTU0OA==	9	12	2	5	5	1	4	7	3	5	5	2	0	0	5	1	2	21	4	1	4	5	0	2	1	1	1	2	0	6	1
XMTM2MDg0MDQxMg==	37	102	34	16	3	3	1	2	0	7	0	0	0	0	4	0	4	0	3	2	1	0	0	0	0	1	1	0	0	0	0
XMTM2MTU1MTc3Mg==	42	119	82	31	10	18	20	15	9	8	9	4	2	0	0	0	0	1	0	17	4094	2533	3758	1311	362	393	217	241	144	141	1
XMTM2MDcyOTY3Ng==	42	81	20	10	2	1	23	7	13	8	4	7	1	1	0	1	4	1	0	29	1	3	3	1	2	2	0	4	2	0	1
XMTM2MTYzMTU4MA==	66	221	1	4	6	1	0	0	0	2	0	1	0	1	1	2	0	0	0	0	0	0	3	0	0	13	12	8	0	134	1
XMTM2MDkyMTQ5Ng==	47	108	11	4	11	2	6	42	3	0	0	2	1	0	2	28	2	0	0	5	0	0	1	0	0	0	0	0	0	0	1
XMTM2MTQ4NzE4MA==	10	21	4	7	9	3	1	2	1	2	1	3	7	5	3	1	7	3	10	0	1	2	3	4	6	1	0	1	6	2	0
XMTM2MTYwNTA4MA==	25	129	0	0	1	0	0	0	0	1	2	2	0	0	0	0	0	0	0	0	0	0	14	1	4	1	2	6	4	0	0
XMTM2MTYyMDQ5Ng==	20	58	18	24	24	16	9	15	13	11	9	6	2	1	13	5	12	4	5	48	8	8	7	4	0	0	3	1	1	2	1
XMTM2MTU5MjU5Ng==	43	136	18	10	1	5	21	7	0	0	0	3	1	0	2	0	1	0	5	2	1	3	0	1	0	2	1	9	2	2	0
XMTM2MTQzNzU0OA==	10	39	19	27	8	28	1	15	4	10	39	13	23	10	32	64	9	20	13	15	25	9	18	30	42	67	14	36	43	32	0
XMTM2MTYxMTA3Ng==	7	67	14	0	0	0	0	0	0	0	0	0	0	3	0	0	0	0	0	0	0	0	0	0	0	0	1	0	0	3	0
XMTM2MDk2MDE5Ng==	398	547	301	313	27	82	135	163	149	136	83	135	147	66	93	31	47	50	18	35	41	32	53	26	6	35	35	51	40	33	0
XMTM2MDkzNjkxNg==	4193	6271	1757	1798	71	877	1472	1331	1174	1173	872	1111	1151	808	582	656	692	624	279	201	159	194	190	175	98	251	203	159	126	127	0
XMTM2MDkzNDEzMg==	73	86	22	34	14	24	30	22	25	21	15	1	4	2	1	0	1	1	10	89	6	12	0	11	0	4	2	5	9	5	1
XMTM2MTExMzcwMA==	491	2654	422	583	59	358	387	517	438	193	58	57	55	43	114	56	21	54	26	80	41	56	32	5	7	9	14	49	23	51	0
XMTM2MTQ5MzMxNg==	164	1051	150	95	34	99	142	167	53	43	32	38	35	37	67	36	59	84	2	38	63	49	58	70	4	64	46	27	30	33	0
XMTM2MTAzMDkyMA==	4	5	4	0	1	0	2	0	0	0	0	0	0	0	0	3	0	0	0	1	0	0	1	1	1	0	0	0	0	1	1
XMTM2MTIxNDU1Mg==	237	474	162	154	3	19	54	67	23	22	6	42	57	29	3	46	47	22	2	84	1	0	1	2	1	94	8	3	0	0	0
XMTM2MTQxNzU1Ng==	2615	4975	1755	86	42	117	145	59	38	138	29	14	22	34	27	7	24	31	30	30	41	15	10	29	13	18	28	16	36	423	0
XMTM2MTYwMzkzMg==	77	194	30	28	7	18	27	9	5	5	4	6	4	7	11	17	13	4	3	54	11	9	30	9	9	25	23	58	36	10	0
XMTM2MTYyMjQxMg==	109	113	64	37	6	18	43	40	14	19	25	7	22	14	2	2	4	0	7	48	14	9	21	3	2	13	12	12	12	9	0
XMTM2MTU5NzYzNg==	1	2	1	1	0	1	0	1	0	0	0	0	1	0	0	0	0	0	1	0	2	0	0	1	0	3	0	0	1	2	1
XMTM2MTI2MDkxMg==	100	1190	261	0	16	43	7	15	1	15	12	11	6	27	7	2	2	12	12	98	12	1	4	11	1	52	40	13	25	15	0
XMTM2MTM3NDk1Ng==	591	1102	293	149	10	26	28	85	33	35	45	26	12	13	8	4	8	3	3	81	9	5	2	7	4	6	5	12	8	9	0
XMTM2MDcxODk3Ng==	72	160	43	73	15	1	9	26	15	14	16	4	4	1	2	1	15	2	0	83	11	1	20	10	2	4	11	7	10	10	1
XMTM2MDc3Mzk0MA==	23633	74100	12038	12767	9068	49	59	22	8	3	6	24	1	8	2	1	1	1	1	41	12	11	19	9	0	5	6	12	16	9	0
XMTM2MTYxNTYyOA==	57	395	9	5	15	2	3	0	1	6	4	0	2	4	0	5	1	1	5	10	1	1	0	1	0	1	1	2	7	14	0
XMTM2MTMyMzc3Ng==	411	1645	497	241	30	17	49	118	57	19	47	29	38	68	25	11	3	19	3	163	29	86	51	3	22	9	11	9	14	13	0
XMTM2MTAxMzM3Mg==	15	53	11	0	3	3	0	1	4	1	0	0	0	0	1	0	0	1	0	1	1	0	0	0	0	0	1	1	0	0	0
XMTM2MTUwMjQwNA==	6084	42272	10556	1081	663	316	937	111	268	371	668	1037	1039	579	246	121	168	122	88	136	114	120	150	118	61	135	116	118	112	103	0
XMTM2MTU5NDQ3Mg==	96	44271	7037	2	75	71	64	41	62	47	50	42	76	38	48	19	17	17	15	11	38	8	63	13	2156	563	27	106	868	371	0
XMTM2MTMzMDYyNA==	25	77	53	39	14	14	5	11	7	6	0	3	0	2	1	1	2	2	2	15	3	1	1	0	0	0	1	0	0	0	0
XMTM2MTYwODM3Mg==	109	490	3	4	1	1	5	8	0	0	1	0	1	1	0	8	2	0	0	1	0	0	0	7	9	27	1	31	13	1	0
XMTM2MDgwMzUyOA==	117	293	7	6	1	4	5	0	0	1	1	0	1	2	0	1	0	15	4	0	1	2	3	1	0	0	4	0	2	1	0
XMTM2MTQ3MTc5Ng==	25	256	15	0	0	0	0	0	0	0	0	0	0	0	0	2	1	0	2	0	1	0	0	0	0	0	0	0	0	0	0
XMTM2MTUzNDg3Ng==	6	54	1	0	0	0	0	0	0	0	0	0	0	0	0	0	0	0	0	0	1	1	15	3	1	2	0	0	1	0	1
XMTM2MDczMzg5Ng==	112837	362948	119265	62050	228	98	19	306	287	512	119	62	58	40	13	46	24	3	20	405	37	42	38	6	9	33	13	21	14	13	0
XMTM2MTYwOTMzMg==	368	879	310	187	11	126	131	163	57	48	11	40	11	23	40	5	18	27	17	56	29	24	26	13	14	3	13	13	13	14	0
XMTM2MTA2NzkxNg==	2810	3669	1943	1100	106	776	859	711	296	404	288	330	368	576	600	562	349	140	51	84	83	53	81	47	61	61	33	68	85	69	0
XMTM2MTI5ODMzMg==	55	92	26	15	8	1	2	2	1	1	0	0	1	0	1	0	1	2	0	0	1	0	2	0	0	3	1	0	0	0	0
XMTM2MTUwODg2MA==	172	971	342	178	136	154	89	77	46	65	17	47	46	12	15	24	51	16	12	3	11	11	15	14	44	18	12	16	4	9	0
XMTM2MTA2Nzk5Ng==	197	265	109	72	6	16	46	65	46	29	20	17	49	15	68	17	18	31	11	90	13	43	45	43	23	30	23	50	29	30	0
XMTM2MDc1ODY2OA==	19	22	12	3	2	3	8	15	12	19	5	3	4	1	2	2	16	18	29	72	41	64	60	25	47	34	55	45	18	13	1
XMTM2MTI3MDc5Ng==	5	11	1	0	0	0	1	0	1	0	0	0	0	0	0	0	0	0	0	0	0	0	0	1	0	2	0	0	0	0	0
XMTM2MTMwMTQ0OA==	575	1144	504	175	23	19	79	55	60	23	35	24	37	24	28	38	36	31	19	13	14	21	19	18	14	24	52	21	11	15	0
XMTM2MTc0MjQ0NA==	4	5	3	2	0	0	3	7	3	3	0	0	2	6	1	0	1	0	1	14	2	7	0	4	1	2	0	1	4	5	1
XMTM2MTM5NzY4NA==	427	1740	1544	1115	314	425	442	383	411	199	117	207	178	218	158	132	135	164	101	98	115	91	139	114	100	114	66	420	160	80	0
XMTM2MTQ3NjcwMA==	146	3141	362	15	35	35	12	18	12	1	0	2	2	0	0	3	5	3	8	36	3	6	5	1	3	7	2	13	3	0	0
XMTM2MDk0OTg5Ng==	1460	9142	3324	1107	81	118	102	18	57	84	58	55	13	1	24	3	4	21	15	109	22	26	56	18	48	51	11	16	7	15	0
XMTM2MDc1MTkwOA==	7372	25711	13975	5006	285	2785	2841	3418	3308	1804	990	1947	1712	1466	1409	1028	646	253	121	170	265	961	819	185	222	512	195	1110	335	318	0
XMTM2MTI2MDkxNg==	3	21	4	1	1	1	1	0	1	0	0	0	1	0	1	1	1	0	0	6	1	1	1	1	3	3	2	0	1	1	1
XMTM2MTMyNDkyNA==	750	5403	3014	1505	461	1020	508	540	344	272	290	340	293	313	419	415	255	319	189	189	229	258	267	135	203	356	151	243	190	242	0
XMTM2MDk2NDIzNg==	34	192	24	3	1	0	1	0	0	0	1	0	0	1	3	0	0	0	0	2	0	0	0	0	1	2	2	17	4	0	0
XMTM2MTU5NjI5Mg==	25	104	0	0	0	0	0	0	0	0	0	1	0	0	0	0	1	0	0	0	0	0	0	0	0	0	22	18	2	0	1
XMTM2MTQ4MTk0NA==	3720	6646	2118	873	128	102	301	299	69	937	236	146	140	149	59	57	40	65	103	53	41	52	69	34	55	42	34	180	479	175	0
XMTM2MTI3Njk0NA==	5738	8409	2819	1681	153	3773	4283	2494	1547	3311	1617	1660	1126	1686	1012	677	436	364	294	304	688	448	243	294	254	371	196	319	250	225	0
XMTM2MTExNTM4OA==	7	15	2	1	2	0	7	7	0	0	3	3	2	3	0	0	1	0	0	27	3	2	1	2	0	2	0	0	0	4	1
XMTM2MTIzNDk0MA==	3194	4586	1622	1010	55	1251	1246	1464	1559	948	930	660	521	457	645	627	675	670	638	536	346	345	447	337	337	407	367	9134	4515	886	1
XMTM2MTQ5NDM0NA==	1358	2231	718	306	62	25	121	167	90	94	84	105	39	87	59	26	83	87	62	289	58	83	58	39	8	60	20	44	54	39	0
XMTM2MTU4NDE2MA==	139	1184	242	84	14	2	31	43	37	5	1	5	4	2	2	1	2	2	0	18	1	3	1	3	0	3	1	1	1	1	0
XMTM2MTYyNDgxNg==	105	199	48	22	4	0	0	0	1	0	0	1	0	0	0	1	0	2	0	0	0	1	0	1	0	0	0	0	16	3	0
XMTM2MTE4OTcxNg==	6	35	1	1	5	1	1	0	0	0	0	0	0	0	0	0	0	0	0	0	0	0	0	0	0	0	0	0	0	0	0
XMTM2MTE4NDY5Ng==	474	685	370	281	237	175	124	49	100	40	37	32	4	1	93	84	8	21	1	330	37	14	18	15	10	65	25	59	53	49	0
XMTM2MDk1NzM0MA==	5	19	3	8	0	5	1	2	3	5	1	1	3	0	2	2	1	3	0	14	5	0	0	0	0	7	1	1	0	1	1
XMTM2MTE0OTk4NA==	3	50	5	0	0	0	0	0	1	0	0	0	4	1	0	2	2	0	0	0	1	1	0	0	0	0	0	0	10	0	1
XMTM2MTI3MTEyMA==	6	34	0	0	0	0	0	0	0	0	1	1	0	0	0	0	1	0	0	0	0	0	0	0	0	1	0	3	1	0	0
XMTM2MTQ4Njg2OA==	252	1968	39	41	26	42	33	25	27	30	40	4	36	37	30	47	28	5	9	13	36	29	38	19	49	39	15	29	24	29	0
XMTM2MTU3NjA0MA==	568	911	205	277	49	214	120	150	151	103	141	108	146	166	135	123	158	189	150	167	197	219	230	138	133	246	139	143	131	155	0
XMTM2MDg4NzAwMA==	1	2	1	0	0	0	0	0	0	0	0	0	0	0	0	0	0	0	0	0	0	0	0	0	0	0	0	0	0	0	0
XMTM2MTQxMDIwMA==	1811	12615	432	292	209	123	63	65	5	188	110	25	75	56	10	378	33	11	5	34	15	20	15	12	23	50	30	327	903	36	0
XMTM2MTU5NzY5Ng==	124	139	62	37	6	23	47	45	46	45	29	40	6	24	0	24	2	5	1	194	32	58	21	32	12	3	48	94	89	77	1
XMTM2MTQ2ODg0OA==	9	21	6	0	2	3	2	8	25	1	1	0	2	2	0	3	1	5	10	1	2	2	13	2	4	0	3	1	0	0	1
XMTM2MTE2NzQ2OA==	1036	6160	756	88	18	18	37	17	16	2	0	1	3	15	32	15	11	97	6	1	2	0	8	2	1	4	5	5	89	35	0
XMTM2MTIxNTAyNA==	70	189	37	70	12	38	18	26	18	14	32	19	22	7	1	1	2	4	7	64	10	8	11	0	8	1	4	2	1	1	0
XMTM2MTM3MDkyMA==	307	1597	301	264	12	245	185	240	45	82	149	61	329	187	118	184	71	40	23	22	36	25	50	35	35	53	43	87	54	36	0
XMTM2MTY0MTI2NA==	138	195	68	70	5	8	33	68	107	90	10	6	24	9	2	7	1	0	1	17	1	0	2	0	1	2	1	0	2	2	1
XMTM2MTIyMDI4MA==	10	98	41	1	1	1	0	0	0	1	0	1	0	0	1	0	2	0	0	2	0	0	0	0	0	1	0	0	0	0	0
XMTM2MTQ5MzQ1Mg==	82	384	35	18	18	7	5	7	11	9	9	6	0	2	24	13	10	0	2	60	10	6	4	11	4	5	1	12	12	10	0
XMTM2MTU5MTAzNg==	102	684	153	113	46	176	203	204	77	168	107	198	229	230	197	199	226	197	189	216	98	151	144	101	124	171	135	133	135	133	0
XMTM2MTMxMTY0MA==	6388	7696	1863	1763	32	1741	3218	5411	4290	891	574	1985	1638	2148	3937	3329	1047	877	698	811	839	3125	2567	441	367	1035	450	1035	1895	1478	0
XMTM2MDc1ODk5Mg==	10	157	71	28	35	36	35	24	18	9	1	1	0	0	0	0	2	0	0	2	1	0	0	0	0	0	0	0	0	0	0
XMTM2MTU1ODMyNA==	4204	8630	5646	4084	2286	1837	2276	2284	1576	2264	714	769	794	582	671	1311	1164	1067	441	259	279	259	683	1018	754	1198	258	480	256	303	0
XMTM2MTU5MTAyNA==	914	1260	655	568	90	253	231	130	105	114	90	69	63	54	120	44	63	75	54	42	79	83	51	45	57	60	35	130	149	205	0
XMTM2MTM1NjI4MA==	311	18788	7235	4475	5028	5389	5061	4729	3261	4922	4182	4307	5195	5174	3520	3289	3564	4704	3663	4796	2264	3497	4233	2879	3382	6357	3050	5892	3731	3444	0
XMTM2MDc2Mjg4OA==	2	3	1	0	2	1	0	2	3	0	0	1	0	1	0	0	0	0	0	1	0	0	3	0	0	0	0	0	3	1	1
XMTM2MTE5MjEzNg==	5	48	18	2	0	0	0	0	2	0	0	0	1	0	0	0	0	0	0	3	7	0	0	0	0	0	0	0	0	0	0
XMTM2MDg1NjQ1Ng==	260	584	333	171	11	68	35	33	26	37	20	1	0	11	1	0	0	20	0	117	4	3	3	5	2	5	4	1	10	8	0
XMTM2MTMyNjg5Ng==	318	884	121	100	37	21	4	80	46	46	21	47	80	190	303	12	1	40	41	247	49	42	42	10	7	12	13	25	27	18	1
XMTM1OTMzMDg1Ng==	83	158	24	0	35	0	13	88	79	28	15	17	19	107	390	584	1123	1336	952	903	956	1077	1425	908	585	872	225	673	580	683	1
XMTM2MTYzMjI3Mg==	4	21	9	9	6	2	3	2	2	0	3	0	1	0	3	1	1	1	1	7	1	0	0	1	1	0	0	0	1	2	0
XMTM2MTE2MTYzNg==	78	110	47	60	20	11	17	21	12	9	3	4	8	2	2	1	3	3	2	67	8	23	3	6	2	2	11	19	12	2	1
XMTM2MTYxNDU4MA==	110	136	52	45	2	24	27	15	16	45	24	4	1	0	1	3	12	1	6	63	4	5	17	2	0	16	8	36	4	9	0
XMTM2MTQ5MDc2OA==	5	20	0	0	1	0	0	0	0	0	0	0	0	0	0	0	0	0	0	1	0	0	0	0	0	0	1	2	1	0	0
XMTM2MTU4NDU5Mg==	19	51	0	1	1	0	0	0	0	0	1	0	1	0	0	0	0	0	1	0	0	16	8	0	2	0	0	1	0	0	1
XMTM2MTI3ODIwNA==	9	16	7	2	3	0	1	7	5	40	46	26	48	38	56	82	39	27	41	296	137	384	461	72	71	124	121	137	190	234	1
XMTM2MTA1ODE1Ng==	1776	3838	3072	1204	281	1262	883	825	685	386	297	546	548	404	561	465	350	282	192	287	271	435	455	192	183	383	158	361	394	382	0
XMTM2MTMwNTQ4NA==	1917	4199	1746	289	136	138	51	36	12	25	3	8	14	16	22	4	1	73	7	4	2	12	4	13	1	12	5	12	7	722	0
XMTM2MDgzMzY5Mg==	8	119	2	0	0	0	1	0	0	0	0	0	0	0	0	0	0	0	0	1	0	0	0	0	0	1	29	0	0	0	1
XMTM2MTIwNDY5Mg==	2138	4378	3661	1868	85	450	518	459	393	510	345	322	341	172	224	411	579	453	419	298	160	175	345	850	310	259	307	182	175	279	0
XMTM2MTQwMjQ4NA==	88	218	132	97	22	69	59	69	44	76	19	2	1	2	33	30	0	34	33	19	0	1	1	1	1	0	0	2	0	0	0
XMTM2MTIzNTA1Ng==	705	793	459	340	18	196	238	185	200	225	85	326	309	218	258	324	249	334	175	183	189	246	201	130	138	247	89	85	88	68	0
XMTM2MTQyNjM2NA==	8	19	1	1	4	6	12	1	0	2	4	4	2	3	1	15	2	4	0	19	2	14	2	9	1	6	0	3	4	5	1
XMTM2MTYwNjc2NA==	35	84	26	14	3	4	7	7	1	0	2	0	2	0	1	1	0	0	0	19	0	1	0	0	0	2	1	0	1	0	0
XMTM2MDc1Mzc0MA==	39	88	18	19	1	0	4	1	0	0	0	2	1	0	2	0	1	0	1	0	1	1	0	0	0	0	0	0	1	0	0
XMTM2MTExOTA3Ng==	493	1171	148	3	30	25	31	20	6	5	0	0	3	3	3	8	14	24	2	30	4	10	6	0	1	3	1	5	3	7	0
XMTM2MTEwOTY4NA==	680	1121	244	480	49	342	334	305	194	251	252	343	336	344	226	202	200	161	124	187	128	161	197	317	7	245	89	222	181	141	0
XMTM2MTA0NzU3Mg==	106	286	35	38	3	5	1	15	14	15	10	9	4	8	5	1	4	2	3	18	3	15	17	10	1	8	4	8	8	11	0
XMTM2MTQ4NzE0NA==	239	1718	6	9	5	3	0	5	4	5	1	2	14	2	1	0	1	0	0	3	1	0	13	17	8	40	12	8	13	2	0
XMTM2MTI4MjEwOA==	613	3366	766	886	443	936	511	194	324	616	587	327	85	2	17	1	13	21	4	23	23	3	16	7	5	9	6	1	13	33	0
XMTM2MDY3ODU2NA==	8	19	9	7	0	2	2	6	9	15	4	3	0	1	0	2	0	10	1	1	0	3	0	0	1	8	2	0	0	2	1
XMTM2MTQ4NzYyMA==	110	701	392	139	149	89	61	37	9	24	18	21	34	32	21	0	5	3	3	59	13	12	9	7	2	13	19	1	12	4	0
XMTM2MTMyODY0MA==	9	20026	1	1	1	0	0	0	0	0	0	1	1	0	0	0	0	0	0	0	0	0	0	1	0	0	100	4	3	0	0
XMTM2MTYyNTA3Mg==	1895	3727	1659	789	224	574	942	706	600	451	485	472	678	542	479	480	264	387	340	307	372	373	420	274	179	361	292	405	376	295	0
XMTM2MTYzMzg2OA==	519	1037	197	178	92	119	125	99	62	107	67	105	30	21	7	23	35	26	25	56	34	33	38	29	18	25	39	27	27	35	0
XMTM2MTM5NzYzNg==	7550	9401	5660	5016	60	965	1281	1294	1407	963	753	1468	1087	616	453	552	401	281	224	308	213	264	250	149	61	178	116	152	184	159	0
XMTM2MTUxMzkzMg==	1049	1450	716	629	29	222	330	288	209	320	157	225	155	114	133	124	102	125	67	87	80	83	89	96	34	70	81	58	53	56	0
XMTM2MDgzOTMyMA==	2017	7148	758	1597	356	735	990	1043	670	1236	1137	1237	1180	927	930	222	516	45	238	742	1502	2066	779	1169	957	2291	643	1527	1436	698	0
XMTM2MTYwMTI4OA==	149	901	107	94	23	67	117	106	3	1	1	1	0	3	2	1	7	31	1	2	2	7	2	0	2	3	4	58	5	13	0
XMTM2MDc2NDE5Ng==	215	496	134	28	5	13	23	20	57	18	12	8	2	1	22	4	11	5	1	75	9	1	5	3	6	7	3	3	7	3	0
XMTM2MTIwMTEwOA==	375	486	242	123	20	28	87	47	48	61	40	34	50	41	27	24	53	26	11	34	15	54	55	40	77	58	19	27	31	29	0
XMTM2MTE0NjA1Mg==	70069	236432	32465	33156	12232	41667	27208	11318	11457	10958	10738	11399	1349	2	10536	1	157	1340	2	1993	13	11673	15	6	7	23	3	13	9	12	0
XMTM2MTYzNjI3Ng==	882	2572	31	107	85	58	14	28	38	49	32	15	19	12	33	50	18	23	21	15	15	17	17	16	4	7	4	7	25	18	0
XMTM2MTU1ODY3Mg==	8	36	17	3	1	0	2	0	0	0	1	3	3	0	0	1	4	0	0	2	0	0	2	0	0	4	1	0	0	0	0
XMTM2MDk2NzQxMg==	312	23010	898	196	106	74	114	109	55	92	60	52	103	77	96	41	93	68	43	39	58	50	46	4	26	26	19	147	2895	26	1
XMTM2MTYzMDgzMg==	46	939	172	106	356	378	446	66	286	86	26	27	27	22	43	19	28	20	24	68	43	38	30	14	18	42	18	31	71	87	0
XMTM2MTYyNzE4OA==	11	17	5	2	2	0	2	0	5	4	2	0	1	1	2	0	3	4	3	15	4	5	2	0	1	1	1	1	0	4	1
XMTM2MTA5NzkwOA==	44	100	8	1	3	0	7	1	5	1	6	1	3	8	8	70	56	11	0	26	5	1	1	2	0	0	0	0	0	1	1
XMTM2MTI5MzUwMA==	5828	27807	1565	486	239	66	53	97	97	61	54	71	52	35	48	66	37	47	58	47	27	81	36	64	49	45	1216	2206	1922	107	0
XMTM2MTY3NjI0NA==	148	401	82	8	17	7	4	2	2	4	0	4	1	2	0	1	0	1	0	19	3	3	6	18	1	6	2	8	7	4	0
XMTM2MTI3NzY4MA==	3	4	1	3	0	0	0	0	0	0	0	0	0	1	0	0	0	0	0	0	0	0	0	0	0	0	0	0	0	0	0
XMTM2MTQxMzg0MA==	15	34	9	17	6	10	26	27	7	8	2	3	0	1	0	0	0	0	2	24	2	0	1	0	0	1	2	2	0	1	1
XMTM2MTQ0MjY5Ng==	7	13	1	6	3	1	2	5	5	3	1	0	0	2	0	1	0	1	7	1	0	0	1	3	1	4	1	10	0	2	1
XMTM2MTExMjc4NA==	1918	8395	91	186	173	102	75	51	44	59	45	41	1	23	6	30	28	60	8	4	4	6	4	17	66	10	26	47	45	10	0
XMTM2MTQ3ODA4MA==	4	19	10	3	0	0	0	1	0	0	0	0	0	0	0	0	1	0	0	1	0	0	0	0	0	1	1	0	0	0	0
XMTM2MTUxMzQ4MA==	629	1312	705	590	97	422	365	358	300	255	150	240	174	147	145	149	118	140	80	147	70	74	110	85	43	74	68	63	46	56	0
XMTM2MTA2ODk5Ng==	209	254	123	46	41	24	39	62	40	51	34	26	11	29	33	46	24	52	24	93	29	53	48	59	25	36	19	36	26	27	0
XMTM2MTQyODM5Mg==	159	293	48	33	20	1	22	33	50	14	4	14	0	16	1	3	7	3	0	60	7	11	5	3	2	2	6	7	7	19	0
XMTM2MTUwMjYzMg==	17	308	32	0	0	1	2	0	2	1	1	0	0	1	0	0	5	1	0	3	0	3	0	4	1	0	0	0	1	0	0
XMTM2MTE3MDM4NA==	26	57	19	7	13	8	10	35	68	151	34	26	24	25	76	90	95	55	27	33	27	2109	292	15	43	58	16	18	45	92	1
XMTM2MTUwNzg4MA==	203	371	126	84	5	63	64	75	143	123	132	166	196	210	236	46	124	216	73	2	322	19	88	11	51	121	43	175	142	112	0
XMTM2MTMzNDIzMg==	16	24	9	8	9	9	9	5	4	3	0	0	0	0	5	1	4	1	0	0	0	0	0	0	0	0	0	0	0	0	0
XMTM2MTU5NjU3Ng==	232	1350	176	166	45	283	379	275	57	39	9	18	26	29	54	25	16	13	16	22	24	19	18	12	20	18	80	20	10	260	0
XMTM2MTM2MDE0MA==	21	31	15	11	7	1	7	5	1	4	2	8	0	0	1	6	0	4	0	24	2	1	2	1	0	3	10	9	7	10	1
XMTM2MDkyODY2MA==	167	189	60	50	24	51	66	88	58	101	52	46	83	45	100	105	74	92	42	74	85	76	96	55	32	46	74	84	74	90	0
XMTM2MDgzNDA3Mg==	91	198	57	1	1	0	4	2	5	0	3	0	2	1	0	0	0	1	1	9	1	0	0	0	0	0	0	2	0	0	0
XMTM2MTU4ODAxNg==	23	8632	197	254	212	138	125	120	25	16	14	19	23	30	21	29	21	3	5	34	15	19	9	15	6	14	16	33	20	18	0
XMTM2MTYwNTA1Ng==	42	118	0	3	0	0	0	0	0	0	0	0	0	0	0	0	1	0	0	0	0	0	0	18	0	2	9	6	1	0	0
XMTM2MTE0ODc2OA==	102	134	46	17	83	16	1	2	1	0	0	0	0	2	0	5	2	2	0	1	0	0	0	1	0	1	0	1	0	0	0
XMTM2MTI3Mjk1Mg==	2	5	1	4	3	1	1	6	27	57	35	63	67	40	70	53	37	125	166	223	158	592	643	174	43	278	81	91	296	186	1
XMTM2MTU2NDg4OA==	650	3547	21	12	3	5	2	2	1	0	0	4	2	0	4	3	8	0	0	0	0	0	3	2	1	0	0	85	631	10	1
XMTM2MTU3NjY2OA==	60	66	21	22	7	17	37	15	4	4	4	4	4	14	3	7	3	0	0	21	4	6	7	1	2	1	0	4	1	1	0
XMTM2MDk3NzU0NA==	2188	45513	14551	855	1185	111	55	702	2677	830	1631	340	254	17	166	129	2258	425	174	73	2083	308	1876	165	23	24	29	114	887	1055	0
XMTM2MTIxNTAyMA==	100	183	44	84	39	64	38	32	24	27	58	32	40	3	9	11	0	4	25	119	5	11	19	8	2	18	4	7	10	5	1
XMTM2MTM2NDU5Mg==	46	71	37	20	9	14	12	5	10	4	6	1	0	0	1	0	1	0	0	25	0	2	1	1	1	0	2	8	2	5	0
XMTM2MTIyMTg2OA==	1009	11609	1695	4006	1900	3419	4609	1011	321	542	1431	2701	1604	2062	1524	1532	1632	2188	1560	1491	1842	1364	1657	1752	2074	2924	1971	2326	2030	1797	0
XMTM2MTM4NTk2MA==	3	27	6	3	1	0	0	0	0	0	0	1	0	0	0	0	0	0	0	0	0	0	0	0	0	1	0	0	0	0	0
XMTM2MTU5NjY4OA==	37	94	2	3	1	3	3	1	0	2	0	2	1	0	2	3	0	1	3	0	1	1	0	0	0	0	0	0	2	0	0
XMTM2MTI4MDY4OA==	3	4	2	1	1	0	1	3	9	23	13	45	26	32	73	23	83	42	30	255	96	341	397	127	60	122	123	137	222	132	1
XMTM2MTIxNzg5Ng==	13	52	2	0	1	0	1	0	0	0	0	0	1	0	0	0	0	0	0	1	0	0	0	0	0	0	0	0	3	0	0
XMTM2MTU5NDEzNg==	35	82	5	5	2	2	1	0	0	1	0	0	0	1	2	1	1	3	6	2	3	3	0	2	0	1	0	0	0	2	0
XMTM2MTIwODg5Mg==	1760	3046	2227	1513	203	169	282	338	254	164	106	128	81	182	185	227	104	90	48	103	86	140	246	89	51	87	98	240	269	227	0
XMTM2MTM0ODMxNg==	115	216	55	45	9	1	24	5	1	4	7	1	0	1	1	1	0	1	0	22	5	1	2	2	0	1	1	6	3	0	0
XMTM2MDc2NDU5Mg==	12	26	7	2	0	0	1	1	0	1	0	0	0	0	0	2	2	1	0	5	1	0	0	3	1	1	1	1	1	2	0
XMTM2MTU0MzAwMA==	268	444	273	156	13	59	71	44	40	49	57	38	43	5	10	7	1	2	14	86	12	8	6	4	2	12	7	19	6	10	0
XMTM2MTQ0ODg3Ng==	87	251	57	2	4	7	3	16	49	30	11	2	6	1	2	1	1	6	1	74	22	18	25	3	6	10	0	11	11	14	1
XMTM2MTE3MzU1Mg==	24	49	4	1	0	15	1	0	1	0	0	0	1	0	1	0	0	0	0	2	0	0	0	0	0	0	0	0	0	1	0
XMTM2MDg0OTQxNg==	20	128	4	3	2	0	1	1	0	1	0	0	0	0	1	2	0	0	1	1	0	2	0	0	0	0	2	0	1	0	0
XMTM2MTUzMzU4NA==	1157	4880	2442	2293	1770	2287	2056	1765	1006	1582	1149	961	1297	880	808	821	737	679	449	565	526	602	645	447	371	636	339	683	404	620	0
XMTM2MTYyMzg2MA==	508	1853	495	708	366	784	886	643	432	61	85	71	66	175	110	131	130	150	153	126	142	144	141	136	104	199	87	186	104	139	0
XMTM2MTUzNjIwOA==	7	10	5	2	0	1	0	0	1	1	0	0	1	0	0	1	1	1	0	1	0	0	0	0	0	1	0	0	0	0	0
XMTM2MTcwNDc0MA==	84	344	1	6	5	0	0	0	0	0	0	0	0	0	0	4	1	0	0	0	0	0	0	1	0	1	3	17	0	0	0
XMTM2MTA5ODE3Ng==	5	12	1	1	1	0	0	1	1	0	0	0	0	0	4	2	1	0	0	4	0	0	0	0	1	1	0	0	0	0	1
XMTM2MTU0NjE3Ng==	1789	4991	2022	1304	169	646	510	301	120	194	205	440	199	141	300	214	453	81	187	204	142	12	217	215	212	321	273	576	282	218	0
XMTM2MTYzOTUyMA==	267	348	131	212	3	59	73	80	60	58	29	39	22	29	32	18	18	19	4	55	10	16	21	15	4	1	28	19	15	16	0
XMTM2MTYyNDEyMA==	52	180	6	1	0	3	2	0	2	1	12	1	8	1	3	2	0	10	2	5	0	0	1	0	0	1	3	4	0	0	0
XMTM2MTUxMDA5Mg==	73	186	106	51	38	56	56	149	84	32	7	48	4	0	20	4	16	14	0	132	8	34	33	5	2	15	5	15	19	16	1
XMTM2MTM3MDM4NA==	135	900	385	200	5	132	130	137	63	180	109	510	177	280	117	134	84	20	31	60	90	46	38	20	66	105	61	91	93	94	1
XMTM2MTQyMTI0OA==	91	204	67	5	8	2	1	0	1	0	0	0	1	0	0	0	2	1	0	0	0	0	0	1	0	0	0	4	4	52	1
XMTM2MDg0NDMxNg==	24	29	14	9	0	4	9	7	8	3	1	0	2	1	0	1	1	13	3	0	3	4	0	0	1	2	3	3	2	5	0
XMTM2MDc0NTg4OA==	31308	45091	21484	11715	3738	250	675	3963	6986	1442	1062	3067	2389	1590	3190	791	1125	1200	1794	4777	2702	2251	3100	2852	1739	660	556	1507	1225	1181	0
XMTM2MTI5Nzg5Ng==	38	76	51	31	3	17	12	24	4	11	10	2	2	0	11	2	11	4	0	51	4	2	3	2	0	4	2	3	3	2	1
XMTM2MTAwNjM3Mg==	251	687	350	340	208	209	106	93	69	60	40	39	41	42	37	36	21	20	21	22	24	14	22	12	15	43	11	145	108	79	0
XMTM2MTA2OTM0OA==	149	184	133	81	22	17	53	42	21	29	23	9	21	24	30	15	22	42	0	45	13	31	48	8	4	7	5	27	11	10	0
XMTI4NDg5NzMzNg==	24	1546	6	2	7	3	1	0	3	6	245	1	0	1	6	1	1	0	0	0	2	1	2	1	2	0	1	0	3	0	1
XMTI4NTY2MDczNg==	337	800	20	7	6	7	7	6	12	5	3	3	3	1	2	8	3	2	1	6	19	12	8	9	8	6	11	4	3	2	0
XMTI4Nzc5ODgxMg==	1229	14073	17	8	10	5	16	1139	5	6	2	1	5	5	11	1	1	5	7	5	3	2	2	0	1	3	2	0	1	0	0
XMTI4Nzk3NDU2NA==	30	38	17	17	17	11	3	13	9	6	8	2	4	13	7	8	7	10	10	5	14	11	8	9	13	12	11	6	8	42	1
XMTI4Nzk4NTY3Mg==	1100	1649	527	319	252	106	145	129	124	88	93	104	115	134	98	80	90	70	57	73	50	39	42	44	35	88	114	58	48	77	0
XMTI4Nzk5MDU0MA==	22	79	0	0	0	0	0	0	0	0	0	1	0	0	0	0	0	2	1	2	0	0	0	0	0	0	0	0	0	0	0
XMTI4Nzk5NDU4MA==	8740	10448	5517	1560	1410	1727	3084	1284	807	770	897	782	1829	4714	4219	3659	2609	5382	4620	4702	4415	2543	1183	1023	405	370	320	804	867	232	0
XMTI4ODA1MTAzNg==	1238	23859	67	66	65	61	39	53	44	48	24	23	28	40	40	47	38	21	42	33	18	24	24	26	20	38	27	17	28	12	0
XMTI4ODA1NTA0NA==	21	54	11	2	7	2	0	0	1	2	2	0	1	0	1	0	1	0	0	0	1	1	2	0	2	4	2	0	0	0	0
XMTI4ODA1OTU1Mg==	144	553	146	32	50	47	60	51	28	22	19	8	5	7	5	3	21	15	3	3	7	4	14	13	8	5	10	3	2	8	0
XMTI4ODA2MDg3Mg==	4	5	3	0	0	3	0	0	0	1	0	0	1	4	2	1	2	0	1	1	0	0	0	1	4	0	0	1	1	1	1
XMTI4ODA2MjAwMA==	41	139	3	2	2	1	4	1	1	1	1	0	0	0	0	0	0	0	0	0	2	0	0	0	0	2	0	0	0	0	0
XMTI4ODA2NjEwNA==	10	81	1	0	0	0	0	0	0	0	0	0	0	0	0	0	0	0	0	0	0	1	0	0	0	0	0	0	0	2	0
XMTI4ODA2ODU2OA==	188	1385	47	29	35	27	32	18	21	15	26	236	35	24	32	18	9	9	10	12	17	16	16	16	19	14	12	2	5	7	1
XMTI4ODAwMDg2MA==	12	18	15	3	8	4	2	1	1	0	0	0	0	0	0	0	0	0	1	0	0	0	0	0	0	0	0	0	0	0	0
XMTI4ODAxMDY2MA==	9	156	4	1	1	1	0	0	1	0	5	0	1	3	0	0	0	0	0	0	0	0	5	1	0	0	0	0	0	0	0
XMTI4ODAyMTYyNA==	46	97	50	24	22	10	2	6	0	2	2	0	0	0	0	1	1	0	0	4	0	5	0	0	0	0	0	2	0	0	0
XMTI4ODAyMjExMg==	11	41	1	0	0	0	0	0	0	0	0	0	0	0	0	0	0	0	0	0	0	0	0	0	0	0	0	0	0	0	0
XMTI4ODAyNDc0NA==	50	2237	24	15	13	9	14	391	20	10	7	4	0	5	2	8	3	9	1	3	4	7	2	2	2	4	0	0	4	3	1
XMTI4ODAzNTk5Ng==	528	2457	87	30	32	39	18	24	14	12	7	17	11	5	8	352	8	3	4	2	10	11	15	7	8	11	4	5	9	9	0
XMTI4ODAzOTc2MA==	446	14962	15	10	25	9	7	7	7	5	6	2	3	5	3	12	3	11	3	3	3	0	4	8	4	3	6	0	2	3	0
XMTI4ODE0MjY1Ng==	45	66	26	4	8	9	2	5	3	0	1	2	1	2	0	2	3	2	2	0	1	3	0	0	0	1	0	0	0	1	0
XMTI4ODE1NTkxNg==	65543	140821	107743	40377	58972	37367	39695	791	710	653	722	623	682	751	827	793	656	421	333	312	762	690	733	549	607	556	608	621	190	448	0
XMTI4ODE1NjY0OA==	198	710	468	159	201	113	110	78	73	42	18	22	17	30	23	72	83	72	62	24	22	24	16	26	22	27	80	80	29	50	0
XMTI4ODE1OTU4NA==	283	808	72	21	10	8	4	9	11	11	6	13	11	8	16	17	23	13	21	20	20	24	18	26	19	17	18	12	15	13	0
XMTI4ODE2MjA2NA==	13	123	1	0	0	1	0	0	1	0	0	0	0	0	0	0	3	0	0	0	0	0	0	0	0	0	0	0	0	0	0
XMTI4ODE2NjkwMA==	85	6869	6	1	5	2	1	2	0	0	2	1	3	0	0	3	1	0	6	7	7	4	9	4	5	4	6	2	10	4	0
XMTI4ODE3OTQzNg==	60	85	60	19	16	21	28	9	10	12	5	10	7	8	2	9	7	12	15	3	4	9	1	7	10	8	5	7	7	3	0
XMTI4ODExMjAzNg==	101	187	83	59	0	3	0	0	86	1	69	1	1	2	0	4	15	8	6	2	1	6	2629	3	1	4	1	1	0	3	1
XMTI4ODExNDkxNg==	164	374	160	88	77	86	67	71	40	23	27	16	2	6	7	4	5	6	3	9	2	12	9	12	8	7	5	6	6	6	0
XMTI4ODExNzEyNA==	12	24	4	0	1	1	2	0	3	0	2	2	0	2	3	0	1	1	1	0	0	0	0	0	0	0	1	2	0	1	0
XMTI4ODExOTY0NA==	45	188	4	0	0	1	0	2	3	1	0	0	2	0	1	0	5	1	1	0	1	0	1	2	1	1	0	0	0	0	0
XMTI4ODEyMDAzNg==	34	304	30	12	28	38	113	20	9	11	9	4	2	2	3	3	5	2	4	2	1	1	0	5	0	3	1	0	1	0	0
XMTI4ODEzMTYzNg==	358	537	322	29	191	37	25	42	435	192	96	93	90	51	17	58	54	355	33	36	41	30	26	34	28	23	33	24	9	384	1
XMTI4ODEzNDY0MA==	324	1085	50	30	30	27	19	9	7	29	19	19	22	23	22	30	29	29	30	19	25	22	24	24	29	23	18	23	16	24	0
XMTI4ODEzOTI4NA==	10	188	5	1	1	35	1	1	1	0	0	1	0	0	1	0	0	0	0	0	0	0	0	0	0	0	0	0	2	0	0
XMTI4ODI0MzA5Mg==	60	152	131	80	45	4	2	0	3	1	1	1	1	0	0	0	0	0	1	1	0	0	0	0	1	0	2	0	1	0	0
XMTI4ODI0OTUyMA==	9	20	16	17	5	1	0	0	0	0	1	0	0	0	0	0	0	0	0	0	0	0	0	0	0	0	0	0	0	0	0
XMTI4ODI1NDAwOA==	234	960	166	38	11	8	2	5	8	2	2	1	2	1	4	15	9	2	4	5	2	3	7	2	0	1	0	3	0	0	0
XMTI4ODI1NjIxMg==	103	201	66	14	14	5	6	2	3	2	1	0	1	0	0	0	3	0	1	2	1	0	0	1	0	0	3	0	0	3	0
XMTI4ODI2NDYxMg==	33	97	4	5	7	3	2	2	1	4	2	3	2	22	0	4	1	4	1	0	2	5	4	3	2	0	1	6	1	3	0
XMTI4ODI2NTQ2MA==	43	190	80	13	1	1	1	0	0	0	0	0	1	1	0	0	1	0	0	0	0	0	0	0	0	1	0	0	0	0	0
XMTI4ODI3NTUwNA==	9860	104251	1620	1716	297	288	295	34	100	195	159	114	137	100	98	83	162	379	244	86	83	128	114	131	139	141	80	84	53	69	0
XMTI4ODI3Nzk4OA==	57	240	92	19	6	1	2	0	0	0	0	0	1	0	2	4	0	0	0	0	0	0	0	0	0	0	0	0	0	0	0
XMTI4ODI4NzQwNA==	46	418	1	2	6	1	0	3	1	2	1	1	3	0	0	2	0	1	0	3	1	0	1	0	1	53	0	0	1	0	0
XMTI4ODI4ODk5Ng==	42584	125126	10403	607	546	202	139	222	45	87	74	107	31	53	97	66	37	46	58	39	24	56	39	5	53	61	3	55	34	32	0
XMTI4ODI5MjcwOA==	1527	9020	756	112	75	40	23	28	9	11	21	16	16	8	5015	604	92	43	38	22	6	14	11	14	14	4	5	3	0	3	1
XMTI4ODI5NTQxMg==	4	11	0	0	0	0	0	0	0	0	0	0	0	0	0	0	0	0	0	0	0	0	0	0	0	0	0	0	0	0	0
XMTI4ODI5NjYzNg==	53	1969	7	3	8	3	5	1	0	3	0	2	0	1	4	1	1	2	3	1	1	0	0	0	5	1	1	1	0	0	0
XMTI4ODIwNDQ1Ng==	256	875	3	0	1	0	1	2	2	0	0	0	1	2	0	1	5	104	1	0	1	0	0	1	1	1	2	0	2	0	0
XMTI4ODIwODQ0OA==	4569	5879	5217	1600	808	378	338	513	428	185	221	179	215	156	143	208	160	114	129	189	132	168	200	235	354	334	318	389	340	455	0
XMTI4ODIwOTg1Mg==	210	947	26	13	127	5	5	5	3	4	10	2	4	5	10	6	8	6	4	4	11	6	8	6	3	4	2	3	160	11	0
XMTI4ODIxNTE3Ng==	5	9	1	3	1	0	0	1	1	1	0	2	0	1	0	0	1	0	0	1	0	1	0	1	0	0	0	0	0	0	0
XMTI4ODIxNzY3Mg==	17866	82383	2691	3253	543	999	658	572	481	100	272	61	193	192	102	243	184	129	110	182	242	278	251	228	227	226	243	194	214	199	0
XMTI4ODIyNjgwNA==	119	207	111	19	33	79	26	28	22	17	15	20	5	14	33	266	13	5	5	11	23	15	11	11	6	2	10	2	171	15	1
XMTI4ODM0MDAwMA==	290	10781	553	1588	252	191	162	99	16	6	13	2	2	5	8	8	7	9	1081	7	3	7	4	7	10	4	4	5	7	4	0
XMTI4ODM0MTAwOA==	77	158	93	59	25	7	9	5	10	4	2	7	0	5	2	2	0	3	0	6	2	1	6	4	0	2	3	3	4	1	0
XMTI4ODM0MzYxMg==	72	284	18	5	5	5	4	2	4	0	2	0	1	2	4	2	2	0	3	6	3	1	4	2	2	1	2	1	0	2	0
XMTI4ODM1MDQ2OA==	11	191	0	0	0	2	2	0	1	0	4	0	0	0	1	0	0	0	0	0	0	0	0	0	1	5	2	4	4	2	0
XMTI4ODM3MzA3Ng==	3	14	0	0	0	0	0	0	0	0	0	0	0	0	0	0	0	0	0	0	0	0	0	0	0	0	0	0	0	0	0
XMTI4ODM3NjM3Ng==	17284	77569	719	4794	889	4934	11326	666	193	263	317	106	78	54	59	48	113	497	298	77	39	46	42	36	30	34	25	25	38	21	0
XMTI4ODM3OTU1Mg==	896	7802	3246	2968	2459	860	1922	417	179	1371	111	112	84	1202	76	89	93	81	79	1219	52	67	57	64	1116	52	48	43	38	42	0
XMTI4ODM4NDA4MA==	749	1985	602	384	547	503	469	372	349	252	138	1159	1978	2017	934	169	114	115	1542	1103	2261	1056	237	200	131	127	101	86	90	91	1
XMTI4ODM4NDY3Ng==	18	593	5	0	0	0	0	0	0	0	0	0	0	0	0	1	0	0	0	0	0	0	0	0	2	0	0	0	0	0	0
XMTI4ODM4NzA0OA==	34	332	9	1	0	2	0	1	1	1	0	3	3	1	2	2	0	0	22	21	13	7	2	2	1	2	1	0	1	0	0
XMTI4ODM4NzI5Mg==	1	2	0	0	0	1	1	0	1	0	0	0	1	0	0	0	0	0	0	0	0	0	0	0	0	1	0	3	1	0	1
XMTI4ODM4Nzc2OA==	0	1	0	0	0	0	0	0	0	0	1	0	0	0	0	0	0	0	0	0	0	0	0	0	0	0	0	0	0	0	1
XMTI4ODM5MDQzNg==	644	1520	654	76	50	32	40	24	22	32	29	24	21	24	28	19	14	22	21	21	22	16	12	14	6	7	9	2	4	4	0
XMTI4ODM5MzcwNA==	462	2030	410	82	90	73	146	173	629	253	289	909	341	1018	366	352	1218	307	374	1480	581	561	1721	591	589	1641	645	706	634	1782	0
XMTI4ODMwMDc0NA==	2463	12999	232	83	68	57	36	263	27	30	76	78	67	44	57	28	36	36	31	71	58	33	22	37	47	22	15	26	27	15	0
XMTI4ODMwNDI0OA==	78	256	16	10	5	5	5	7	6	1	4	3	2	8	3	4	1	3	8	4	0	1	3	9	2	8	6	40	86	10	1
XMTI4ODMwNzE2OA==	147	325	268	128	82	103	74	95	101	113	88	81	69	100	89	98	251	148	75	77	87	77	91	85	86	69	99	93	83	125	0
XMTI4ODMwODY0NA==	0	1	0	0	0	0	0	0	0	0	0	0	0	0	0	0	0	0	0	0	0	0	0	0	0	0	0	0	0	0	0
XMTI4ODMyMzc0NA==	2471	54719	307	278	186	157	91	119	49	60	48	39	24	14	15	15	15	13	20	12	24	10	16	13	8	4	9	11	6	8	0
XMTI4ODMyNTA0OA==	85	344	222	214	121	6	6	9	8	7	6	6	6	4	6	11	11	8	16	17	12	8	8	11	9	12	8	17	3	7	0
XMTI4ODQ0MDYyOA==	114	312	17	8	7	2	2	1	4	2	0	2	0	0	1	0	2	1	2	2	1	0	1	4	0	0	2	1	3	3	0
XMTI4ODQ0Mzc5Mg==	368	547	167	111	126	155	209	228	119	147	135	93	146	156	86	174	178	106	138	145	156	186	102	118	72	107	102	135	70	79	0
XMTI4ODQ0OTIxMg==	3	12	0	0	1	0	0	0	0	0	0	0	0	0	0	0	0	0	0	0	1	0	0	0	0	0	0	0	0	0	0
XMTI4ODQ2ODQ2NA==	12	29	1	2	0	1	2	1	0	2	1	5	0	0	0	0	0	0	0	0	2	0	0	0	0	2	0	1	1	0	0
XMTI4ODQ3MzIwOA==	9	67	1	2	0	0	0	0	0	0	0	0	0	0	0	0	0	0	0	0	0	0	0	0	0	0	0	0	0	0	0
XMTI4ODQ3NDEwNA==	8	23	6	3	2	0	0	11	2	2	1	0	0	0	0	1	1	0	0	0	0	0	0	0	0	0	0	0	2	19	1
XMTI4ODQ3NDg1Mg==	54054	153473	24600	10311	9484	7058	7783	7708	6786	6482	6710	5288	4293	3741	4858	5917	4432	3614	704	2347	1174	2274	2123	1976	2101	861	1502	1453	1334	1302	0
XMTI4ODQ3ODQwNA==	2	8	0	1	0	0	0	0	0	0	0	0	0	0	0	0	0	0	0	0	0	0	0	0	0	0	0	0	0	0	0
XMTI4ODQ4NDAzNg==	273	579	83	23	13	12	0	0	2	3	1	1	0	0	8	1	0	0	1	1	0	0	0	1	0	2	1	1	0	1	0
XMTI4ODQ4NTc0NA==	174	483	321	168	139	93	97	60	62	48	37	22	14	20	17	39	44	39	15	20	7	10	7	13	9	2	12	22	14	5	0
XMTI4ODQwMTY0NA==	34	193	9	2	2	0	0	2	0	3	0	1	0	0	1	0	0	0	0	0	0	0	2	1	0	0	0	0	1	1	0
XMTI4ODQwODE2NA==	2366	9730	49	705	39	49	41	151	37	45	40	49	22	83	39	19	33	9	9	39	22	17	17	13	23	19	26	31	32	21	0
XMTI4ODQwOTcwOA==	106	146	46	17	32	23	23	10	14	22	9	10	10	13	8	9	4	16	6	8	14	15	10	10	5	5	6	10	0	13	0
XMTI4ODQxMjE4NA==	145	223	130	65	33	6	3	1	0	3	2	2	3	1	5	8	1	8	4	0	1	0	3	0	0	4	3	0	3	0	0
XMTI4ODQxNTExNg==	5	10	4	3	3	2	2	2	4	2	8	4	3	3	6	6	2	5	8	5	4	4	1	0	3	3	3	0	8	7	0
XMTI4ODQyNTY4NA==	455	748	270	44	34	46	36	29	23	30	21	20	15	14	6	21	24	35	11	7	8	9	29	22	16	13	10	15	20	6	0
XMTI4ODQyNTgxMg==	27	29	23	9	1	5	5	5	2	1	2	2	3	6	3	3	2	1	6	0	2	2	1	3	1	1	4	1	1	0	0
XMTI4ODQyODkyOA==	901	16293	10005	1430	3703	2877	4153	2133	704	499	294	213	116	100	135	121	111	66	70	103	83	70	51	58	69	64	61	42	37	60	0
XMTI4ODU0NDk0MA==	5259	33470	9089	566	1001	329	286	298	210	245	229	230	290	205	142	170	260	51	22	15	24	12	13	21	10	6	6	5	10	5	0
XMTI4ODU0NzA1Mg==	147	173	3	135	98	2	2	2	1	2	3	2	3	0	0	0	0	1	1	0	1	2	0	0	0	0	0	0	0	0	0
XMTI4ODU0ODY3Mg==	223	684	79	29	26	15	30	6	26	11	11	16	7	18	16	9	7	7	13	16	11	13	11	12	17	11	15	14	10	9	0
XMTI4ODU0ODk4MA==	113	3174	512	1133	581	71	871	115	91	912	77	83	85	64	163	92	97	1178	22	22	25	14	19	22	19	7	17	10	12	21	1
XMTI4ODU1MDM3Mg==	44	387	108	20	23	19	6	367	1	4	10	11	3	4	9	2	5	6	4	8	6	13	4	4	4	7	5	4	3	2	1
XMTI4ODU2MjY4NA==	4	18	7	2	0	0	0	0	0	0	0	0	0	0	0	0	0	0	0	0	0	0	0	0	0	0	0	0	0	0	0
XMTI4ODU2NTAwNA==	10	42	0	0	0	0	0	0	0	0	0	0	0	0	0	0	0	0	0	0	0	0	0	0	0	0	0	0	0	0	0
XMTI4ODU2NTM0NA==	6627	89213	10959	6593	7701	5954	5687	3748	1955	1923	1797	591	2125	665	2576	1256	2001	695	654	2142	778	2125	714	1681	584	596	1861	495	541	2054	0
XMTI4ODU2ODUyMA==	61	184	107	39	18	7	8	3	4	5	4	6	1	3	0	2	2	6	2	1	2	0	1	1	1	1	1	0	2	5	0
XMTI4ODU2OTg0NA==	109	303	133	39	12	6	2	6	6	12	1	2	2	4	6	0	3	1	1	4	3	0	1	0	0	1	3	2	0	0	0
XMTI4ODU3NzIxNg==	34	462	280	99	63	33	31	14	14	20	19	27	26	21	28	19	25	29	24	21	21	10	22	8	21	9	18	27	28	24	0
XMTI4ODU3OTg1Mg==	1453	3884	38	64	57	64	50	53	49	54	52	51	40	54	29	50	37	50	52	58	43	40	54	42	39	47	70	34	44	43	0
XMTI4ODU4NTgxMg==	144	469	37	31	96	21	16	9	6	15	10	5	2	1	3	104	4	4	3	10	23	22	14	10	5	9	4	9	285	0	1
XMTI4ODU5MzA1Ng==	41	331	5	4	43	0	2	0	0	0	0	0	0	0	0	0	0	0	0	0	0	0	0	1	3	0	0	0	1	0	0
XMTI4ODU5Nzk1Mg==	160	460	331	114	110	82	110	92	105	39	25	17	22	23	24	37	28	18	11	18	16	25	15	14	12	6	14	5	9	8	0
XMTI4ODUxMTQzNg==	932058	1128622	594155	271282	288747	188899	173494	161632	55679	41549	33533	25452	28178	24503	31909	27949	20324	15115	12913	12944	11979	18612	25671	12849	9364	8077	7943	8766	13939	14740	0
XMTI4ODUxNDc3Ng==	4296	13273	1640	249	168	121	138	91	79	75	62	220	202	257	108	142	95	82	90	82	67	64	48	56	29	54	42	49	44	47	0
XMTI4ODUxNTAyOA==	11	22	10	1	3	0	3	0	0	3	2	2	1	2	0	3	0	0	1	5	4	0	0	1	0	0	0	0	1	1	0
XMTI4ODUxNzk1Mg==	484	3401	498	117	101	82	92	46	39	37	33	69	66	78	64	45	26	28	26	27	43	55	32	32	26	35	20	24	23	30	0
XMTI4ODUyMjk4MA==	2	6	0	0	0	0	0	0	0	0	0	0	0	0	0	0	0	0	0	0	0	0	0	1	0	0	0	0	0	0	1
XMTI4ODUyMzYzNg==	1264	3709	24	12	8	9	3	4	148	679	13	8	9	6	5	3	2	4	0	4	4	6	0	3	3	2	3	1	6	1	1
XMTI4ODUyODQ1Mg==	168	668	226	39	36	22	32	21	8	17	17	4	4	3	12	7	6	12	9	178	19	91	6	1	2	8	6	8	4	3	1
XMTI4ODUzMDgxNg==	2973	90875	6915	1872	405	411	1431	340	244	179	172	173	147	164	158	131	87	95	374	385	411	543	434	132	127	121	98	72	90	67	0
XMTI4ODUzMTc0OA==	74	381	110	14	2	8	6	1	1	2	2	3	5	3	2	5	4	1	14	4	1	1	2	0	2	1	1	0	1	3	0
XMTI4ODUzNjM0OA==	265	1246	148	30	34	27	32	17	11	9	13	16	19	16	22	19	9	23	13	8	13	18	6	12	18	13	4	9	3	8	0
XMTI4ODUzNjYwOA==	78	137	96	21	30	19	29	25	24	31	22	30	12	17	20	28	27	34	22	16	11	16	12	5	10	10	11	17	16	25	0
XMTI4ODY0MzczMg==	12	36	0	0	0	0	0	0	0	0	0	0	0	0	0	0	0	0	0	0	0	0	0	0	0	0	0	0	0	0	0
XMTI4ODY1NTA2MA==	6	45	0	0	0	0	0	0	0	0	0	0	0	0	0	0	0	0	0	0	0	0	0	0	1	0	0	0	4	0	0
XMTI4ODY1NTU2NA==	33	111	9	0	3	0	0	0	0	0	0	0	0	0	0	5	0	0	1	1	1	0	0	0	0	0	1	0	1	0	0
XMTI4ODY1NzA2OA==	4	11	2	3	3	1	1	1	5	5	0	2	0	3	5	3	1	2	6	4	6	3	4	1	1	3	1	0	1	0	0
XMTI4ODY3MzY4OA==	74	168	24	17	28	72	33	14	94	9	5	7	6	5	7	7	8	4	8	13	12	10	6	9	14	8	11	9	8	8	1
XMTI4ODY3NTI4MA==	3832	25612	1794	108	41	21	21	19	9	19	14	7	22	13	14	14	7	10	7	9	15	60	19	10	4	6	5	8	5	6	0
XMTI4ODY4Mjg0NA==	509	1288	41	61	43	20	15	18	3	7	18	3	3	3	12	7	7	3	89	19	7	6	2	2	0	4	1	1	2	1	0
XMTI4ODY4NjY1Ng==	11097	35523	1668	1777	1164	1476	255	1262	926	493	226	165	167	187	3	85	78	32	29	59	59	9	80	62	7	72	36	89	15	110	0
XMTI4ODY4OTMzMg==	22	137	0	4	2	2	1	0	0	0	0	0	0	0	0	0	0	0	0	0	0	0	0	0	0	0	4	328	1	0	1
XMTI4ODY5MTU4NA==	18	298	36	40	38	39	106	20	1	1	0	1	0	0	0	0	0	1	0	0	0	0	0	0	2	0	0	2	0	0	0
XMTI4ODY5MTY0OA==	1933	17874	4229	5184	8154	6926	10101	7367	4732	4368	7206	4225	3704	3764	4305	4395	3317	5572	8885	9178	9577	11455	12310	9780	6341	5940	5680	5807	5843	5836	0
XMTI4ODY5NzE2NA==	1616	2733	1391	506	581	523	607	631	639	453	337	1128	262	289	272	1626	76	54	73	55	76	91	80	136	81	59	46	8879	12856	263536	1
XMTI4ODYwMTM3Mg==	11	14	3	2	13	2	2	2	7	9	1	4	3	2	0	2	4	1	3	6	3	0	3	2	1	0	0	5	3	2	0
XMTI4ODYwMTk0MA==	2	6	2	0	0	0	0	0	0	0	0	0	0	3	0	1	0	0	0	0	0	0	0	1	0	0	0	0	0	0	1
XMTI4ODYwODQ3Mg==	5767	9285	4554	2114	1596	1312	1312	1165	815	753	745	818	509	590	398	317	444	332	141	147	164	189	82	438	650	644	573	611	490	220	0
XMTI4ODYxNDI1Ng==	2	3	1	0	0	0	2	1	0	0	0	0	0	0	0	0	0	0	0	0	0	0	0	0	1	0	0	0	0	0	1
XMTI4ODYxNTA3Mg==	58	1411	315	508	111	85	111	389	54	27	4	0	0	4	0	2	2	6	5	6	5	379	5	20	7	5	5	10	6	2	1
XMTI4ODYxNzg0OA==	72	161	78	94	34	63	59	46	49	53	32	29	19	30	18	23	13	26	27	14	15	15	9	10	11	13	11	24	16	13	0
XMTI4ODYyMDA5Mg==	111	195	35	56	116	4	21	3	0	2	0	3	1	0	0	0	0	0	0	0	0	2	0	0	0	0	0	0	0	0	0
XMTI4ODYzMDQwNA==	96	291	91	14	25	23	19	12	9	17	14	14	13	7	12	9	1	6	8	10	21	10	8	6	5	1	2	2	1	2	0
XMTI4ODc0NTg1Ng==	149	1388	455	11	33	25	15	27	16	8	11	2	15	6	12	19	18	19	13	11	10	1	10	4	3	1	3	4	25	22	0
XMTI4ODc0Nzk4MA==	15	215	5	3	2	5	3	3	3	4	0	1	1	0	6	0	3	2	2	0	5	1	6	2	1	3	4	3	0	0	0
XMTI4ODc1MTQ2NA==	3795	5677	2421	1444	2733	1510	1395	1574	1508	1406	1215	796	564	556	571	541	607	660	591	483	351	426	497	600	569	411	351	365	302	252	0
XMTI4ODc1MjQzNg==	179	415	41	11	8	3	5	3	6	3	3	1	0	1	0	2	0	0	3	0	1	0	1	0	1	0	0	1	0	0	0
XMTI4ODc1MzI4NA==	358	3623	47	13	23	14	1	2	1	2	1	0	0	2	2	1	1	0	1	0	0	1	2	2	0	1	1	1	1	1	0
XMTI4ODc1NjQ4OA==	1476	6709	306	210	68	73	57	53	20	36	36	37	20	31	21	21	27	46	33	28	20	5	20	41	17	31	20	14	28	18	0
XMTI4ODc1NzU4MA==	59	104	35	10	77	8	3	1	7	1	3	2	0	3	2	1	1	0	2	2	4	1	1	3	0	1	0	2	0	2	0
XMTI4ODc1Nzg3Mg==	27	40	7	4	14	14	0	2	0	0	0	1	0	0	0	0	0	0	0	1	0	0	0	7	4	4	4	1	0	0	0
XMTI4ODc2OTA4NA==	6	26	0	4	1	1	0	1	0	1	0	0	1	0	0	0	0	0	0	1	2	0	1	0	0	0	1	0	1	1	0
XMTI4ODc2OTAzNg==	40	56	39	5	9	2	3	1	6	3	0	1	4	3	29	1	2	1	1	2	1	0	2	0	5	2	0	0	0	1	1
XMTI4ODc3MDI2OA==	12	19	3	4	1	4	1	0	3	4	0	2	1	1	2	3	0	1	0	1	0	0	1	0	1	0	0	0	0	0	0
XMTI4ODc3MDQ4MA==	482	832	424	175	139	28	16	24	8	12	5	6	8	9	16	7	7	1	9	4	2	7	1	6	5	1	1	3	0	2	0
XMTI4ODc3MjU2OA==	1071	3804	1303	189	181	769	95	76	68	40	63	41	212	281	271	142	36	25	27	24	27	20	11	20	13	17	19	28	24	16	0
XMTI4ODc3NDg4NA==	240	4285	3232	718	337	1869	2316	214	117	117	175	206	134	107	128	125	190	160	1341	400	344	205	225	283	194	227	1202	150	75	62	0
XMTI4ODc3ODU2OA==	59	175	39	4	15	3	2	2	1	0	0	0	0	0	0	0	0	0	0	0	0	0	0	0	0	0	0	0	1	0	0
XMTI4ODc3OTQ3Ng==	112	208	64	28	25	30	10	10	17	13	10	8	11	11	30	11	72	4	2	4	8	5	7	15	3	1	16	8	6	3	0
XMTI4ODc3OTYzNg==	1018	6246	3133	2389	616	396	265	309	1457	311	194	170	140	159	175	207	164	220	199	142	227	178	165	155	121	173	64	67	59	64	0
XMTI4ODc3OTgwNA==	36	88	27	3	5	32	3	3	4	3	3	2	0	3	0	0	4	3	0	1	1	9	119	7	2	2	1	6	0	2	1
XMTI4ODc4MTQ0NA==	21	33	5	2	6	2	5	1	1	1	1	0	3	0	2	3	1	3	0	1	2	4	1	3	1	2	0	2	0	1	0
XMTI4ODc4MTkyMA==	1839	13821	4141	4120	769	667	1678	675	1630	622	557	454	165	125	134	1615	1656	189	177	184	181	178	179	141	119	109	115	98	98	112	0
XMTI4ODc4ODE2NA==	15	22	10	8	2	4	0	1	1	3	2	3	2	0	1	2	1	4	0	3	3	0	1	1	0	1	1	1	0	0	0
XMTI4ODc4OTA3Mg==	10	12	6	4	3	2	2	2	1	2	7	4	16	3	0	2	2	0	1	3	0	0	0	0	0	0	0	3	1	0	1
XMTI4ODc4OTYzMg==	4	7	2	4	3	3	1	5	0	2	5	0	1	1	5	2	2	2	3	0	3	2	0	0	2	5	1	2	2	0	0
XMTI4ODc4OTYzNg==	5	9	1	3	4	1	3	5	2	0	10	5	5	1	3	6	4	2	2	5	7	3	1	0	7	4	1	3	2	2	0
XMTI4ODc5ODExMg==	1978	2076	1111	737	586	366	383	408	311	272	233	163	210	207	171	155	141	118	140	153	207	232	358	364	228	170	158	103	161	195	0
XMTI4ODcwMjE4MA==	108	432	98	49	44	30	27	21	12	9	4	4	3	3	7	3	7	10	4	8	2	5	0	5	1	1	6	1	2	4	0
XMTI4ODcwMjgyMA==	11279	21153	14073	2707	3284	1892	2846	1085	1660	1982	2204	2049	1628	428	992	930	903	695	782	923	900	658	617	414	229	544	866	643	665	680	0
XMTI4ODcwNjUxMg==	31	88	2	0	1	1	16	1	0	0	0	0	0	0	0	0	1	1	0	0	0	0	0	0	0	0	0	0	0	0	0
XMTI4ODcwNzQ0NA==	663	1169	316	97	85	52	45	66	92	42	30	22	34	32	53	43	26	34	55	80	52	32	35	32	22	15	13	9	17	3	0
XMTI4ODcwNzQyOA==	5439	14599	5423	4681	1457	2427	949	2253	701	660	531	410	283	354	364	366	286	189	76	54	103	81	21	115	80	24	76	74	8	153	0
XMTI4ODcwNzcxNg==	299	567	212	23	12	8	12	156	14	6	7	4	5	6	0	12	660	10	13	8	5	3	4	1	5	2	1	4	612	1	1
XMTI4ODcwNzkyMA==	559	49616	296	28	31	11	3	54	75	68	12	61	3	55	41	25	54	5	51	22	8	1	60	11	25	31	36	12	21	145	0
XMTI4ODcwODAwMA==	1016	2074	1175	599	872	506	499	628	746	707	522	543	1438	832	407	460	469	491	435	520	812	677	530	491	727	907	819	811	771	679	0
XMTI4ODcwODczNg==	2297	3076	733	1065	429	355	445	377	388	446	346	55	39	37	53	54	94	1173	1526	88	72	48	44	29	34	29	27	27	27	27	1
XMTI4ODcwOTA3Mg==	20	1795	881	738	991	870	819	801	14	1312	12	1232	19	1465	23	1349	17	1277	29	1212	21	1246	16	1232	14	1242	13	19	1863	14	0
XMTI4ODcxMTMzNg==	23	36	10	8	5	1	7	3	0	3	2	3	0	0	1	0	0	1	0	3	0	0	0	1	0	0	0	0	0	0	0
XMTI4ODcxMzk0OA==	28	55	20	7	5	6	12	2	4	2	1	1	3	2	0	4	0	0	0	2	2	0	2	2	2	0	1	4	5	1	0
XMTI4ODcxNDc2NA==	30	43	26	17	9	10	8	4	4	2	6	3	2	3	3	2	0	1	1	0	1	8	4	7	3	0	3	1	4	0	0
XMTI4ODcxNTE0NA==	29	63	15	31	1	0	0	1	2	0	0	0	0	0	0	0	0	0	0	0	0	0	0	0	1	0	0	0	0	0	0
XMTI4ODcxNTQyNA==	75	1910	18	13	16	10	3	1	8	2	2	0	6	6	0	2	2	3	4	6	1	2	0	4	7	3	2	3	6	6	0
XMTI4ODcxNTY0OA==	6	14	2	3	0	0	3	0	0	1	1	1	2	0	0	0	0	0	0	0	0	0	0	0	0	0	0	0	0	0	0
XMTI4ODcxNTgxMg==	53	1324	16	8	7	9	4	1	3	1	7	5	1	0	0	2	2	3	1	0	2	5	1	5	3	0	0	2	0	0	0
XMTI4ODcxODI4NA==	5	7	2	1	1	2	2	1	0	0	0	0	1	0	0	1	1	0	0	0	1	1	0	0	2	1	4	0	0	0	1
XMTI4ODcyMDM4OA==	25	104	3	0	3	4	1	2	0	1	3	0	2	0	2	0	0	4	0	0	2	3	3	0	3	2	3	0	0	1	0
XMTI4ODcyMzkyMA==	5	6	2	1	2	0	2	0	2	0	0	0	0	0	1	1	0	1	0	0	0	0	0	0	0	1	0	0	0	0	0
XMTI4ODcyNDA3Ng==	185	243	96	50	35	23	20	54	26	10	13	23	10	9	11	13	6	6	7	9	4	3	10	19	22	6	6	5	8	3	0
XMTI4ODcyNjAyMA==	4	15	8	5	1	0	0	0	0	2	4	1	0	2	0	1	1	3	0	1	0	3	0	1	2	2	0	1	1	0	0
XMTI4ODcyNzYzNg==	3	10	0	0	0	4	0	0	1	0	0	0	0	0	0	0	0	0	0	0	0	0	0	0	0	1	0	0	0	0	0
XMTI4ODcyODIyMA==	21	4689	2204	2134	481	359	488	445	442	503	362	97	103	71	52	79	64	97	103	238	138	176	163	178	137	92	56	52	19	28	0
XMTI4ODcyOTYxNg==	12	23	7	0	3	0	0	0	0	1	0	1	0	0	0	0	0	0	0	0	1	0	0	0	0	0	0	0	0	0	0
XMTI4ODczMjE3Mg==	49	64	41	16	9	2	6	2	1	2	3	2	2	1	1	2	2	1	4	2	0	1	1	0	0	0	0	0	3	0	0
XMTI4ODczNDcwOA==	70	166	49	24	32	9	10	6	4	5	3	3	1	1	1	3	1	0	3	1	0	2	1	0	0	2	2	1	2	0	0
XMTI4ODczNjYwNA==	26	48	23	6	2	0	0	0	3	0	1	3	1	2	0	1	1	0	1	2	0	2	1	1	0	2	0	1	0	0	0
XMTI4ODczNzYyOA==	2	14	0	0	0	0	0	0	0	0	0	0	0	0	0	0	0	0	0	0	0	1	0	0	0	0	0	0	0	0	0
XMTI4ODczNzk4OA==	3	4	2	0	0	2	0	0	0	0	1	0	0	2	0	0	0	0	0	0	0	0	0	0	0	2	0	0	0	0	1
XMTI4ODczODIyOA==	15	219	32	2	1	1	0	0	3	0	0	0	0	0	0	1	1	0	1	0	0	1	0	0	0	0	0	0	0	0	0
XMTI4ODczODcwMA==	12450	56686	45000	5377	4517	17503	36694	23811	19296	25148	13815	16902	14205	16352	12008	17258	20083	17736	19150	20031	15400	13166	7850	6862	6038	4865	6703	5277	6319	4320	0
XMTI4ODg0MDAyMA==	128	1231	67	29	227	11	11	28	53	9	12	296	1946	1937	656	44	33	31	45	13	21	15	16	16	11	12	11	11	4	13	1
XMTI4ODg0MDAzMg==	396	2863	1601	1290	1552	705	643	680	853	676	689	573	488	1578	557	347	272	276	422	415	450	405	399	381	281	225	272	300	282	211	0
XMTI4ODg0MDUxMg==	2082	11092	5829	2504	597	274	321	282	290	174	171	5963	34043	33340	11417	831	538	331	288	207	145	136	104	128	80	107	106	88	86	113	1
XMTI4ODg0NjAwOA==	41	85	5	3	28	4	5	6	5	42	9	7	3	14	6	10	7	13	10	5	5	7	19	5	4	6	13	7	9	4	1
XMTI4ODg0NjgyNA==	112	363	145	32	34	11	13	8	5	8	5	6	8	7	1	6	4	16	13	18	23	29	18	17	13	19	19	116	8	18	1
XMTI4ODg0NzE0MA==	48	301	82	10	6	7	14	11	15	11	7	15	11	2	2	0	1	2	1	4	1	1	3	4	6	2	7	1	8	6	0
XMTI4ODg0OTYwNA==	8	29	2	3	4	0	2	1	1	0	0	0	1	0	0	0	0	0	0	0	0	0	0	0	0	0	0	0	0	0	0
XMTI4ODg1MTEzNg==	1727	3733	246	92	120	98	136	179	104	92	38	38	20	24	11	13	7	7	7	9	4	3	9	5	7	3	9	11	9	4	0
XMTI4ODg2Mzk5Mg==	18	33	17	6	10	4	3	3	5	1	1	0	1	2	0	5	3	1	0	1	2	2	0	2	1	0	8	2	3	2	0
XMTI4ODg2NDQzNg==	20	31	14	0	2	1	3	2	0	1	1	2	1	0	0	2	0	0	0	0	0	1	1	3	2	1	1	0	2	1	0
XMTI4ODg2NDcyMA==	18	27	12	6	5	6	6	3	1	1	4	1	1	1	1	1	1	3	0	1	1	2	0	5	1	0	0	0	0	1	0
XMTI4ODg2NTE0MA==	21	1045	84	9	17	19	16	19	17	6	1	3	1	1	1	1	1	3	14	17	17	5	6	5	8	3	2	7	6	4	0
XMTI4ODg2NTUzNg==	58	75	37	23	5	9	18	19	10	9	126	14	6	8	4	3	1	1	0	0	0	0	6	2	0	0	0	4	2	4	1
XMTI4ODgwMDYwMA==	6	8	5	2	2	0	0	3	1	0	1	0	1	2	1	1	0	0	0	0	0	1	0	0	0	0	0	0	0	0	0
XMTI4ODgwMjk5Ng==	7	14	1	1	1	1	0	0	0	0	0	0	0	0	0	0	1	1	0	4	1	0	2	0	3	2	1	1	0	0	0
XMTI4ODgxMDcyOA==	20	23	8	5	4	2	10	1	7	5	2	2	7	2	2	6	3	8	8	0	3	0	7	7	4	0	5	6	3	2	0
XMTI4ODgxMDk1Mg==	34	67	46	22	15	13	14	11	7	3	2	0	3	0	0	2	0	1	2	0	0	2	3	3	0	2	2	4	0	3	0
XMTI4ODgxMTk2OA==	164	399	74	113	128	88	63	72	70	72	62	71	66	257	110	91	93	68	77	63	67	49	57	46	50	48	43	52	62	46	0
XMTI4ODgxNTU5Mg==	648	4068	62	15	23	15	11	10	7	7	5	5	2	2	3	3	2	2	4	5	625	3	1	2	3	1	1	1	0	3	1
XMTI4ODgxODkxNg==	46	79	55	29	23	6	13	13	14	8	2	0	0	0	0	0	0	0	0	0	0	0	0	0	0	0	0	0	0	0	0
XMTI4ODgyMDQxMg==	100	282	45	2	5	5	1	0	5	7	1	0	0	0	0	0	0	0	0	0	0	2	2	0	0	0	0	0	0	0	0
XMTI4ODgyMDc3Mg==	7	19	0	1	1	0	0	0	0	0	0	0	1	0	0	0	0	0	0	0	0	0	0	0	1	0	0	0	0	1	0
XMTI4ODgyMjUyNA==	15	68	12	4	0	2	2	1	1	0	1	0	0	1	0	0	0	1	0	0	0	0	0	1	0	0	0	0	1	1	0
XMTI4ODgyMjk5Mg==	2525	3499	1930	884	740	924	800	748	856	525	963	1032	222	259	1896	589	889	833	680	719	853	594	543	368	573	2677	5948	3624	880	671	1
XMTI4ODgyNjAwNA==	15205	29071	6849	2928	4574	3270	3518	1784	1853	1451	1170	1114	881	763	659	627	617	1128	830	705	745	654	761	591	3053	2073	824	624	542	418	0
XMTI4ODgyNjg1Ng==	17	21	7	8	6	2	0	0	0	0	0	0	0	0	0	3	0	0	1	0	0	0	0	0	2	0	0	1	0	0	0
XMTI4ODgzNDYwOA==	25	53	5	7	2	3	1	9	1	1	5	4	5	4	3	4	1	3	2	1	1	1	4	2	0	4	1	2	3	2	0
XMTI4ODgzOTk2OA==	1616	8131	4314	1239	2464	366	558	473	418	323	278	309	1260	285	332	454	478	441	364	299	322	337	682	275	420	429	392	497	457	574	0
