XMTM2MTI2MTM4MA==	3	0	4	0	0	1	0	0	0	0	0	0	0	0	0	0	0	0	0	0	0	0	0	0	0	0	0	0	0	0	0
XMTM2MDg4MDAyMA==	126	44	122	18	10	0	3	5	2	6	9	1	11	1	1	5	0	3	0	40	13	2	0	1	2	5	0	7	3	2	0
XMTM2MDc2NTMwOA==	1	0	1	0	0	0	0	0	0	1	0	0	0	0	0	4	0	1	0	0	0	0	0	0	0	0	3	0	0	0	1
XMTM2MDk1MTAyNA==	11	2	13	7	0	0	1	2	1	0	1	0	0	0	0	0	0	0	1	3	0	0	0	1	1	1	2	2	0	0	0
XMTM2MDc5NTgzNg==	4	0	2	0	1	0	0	0	0	0	0	0	0	0	0	0	0	0	0	0	0	0	0	0	0	0	0	0	0	0	0
XMTM2MDk0NDg4OA==	4	2	5	1	0	1	0	1	0	0	0	0	1	0	0	0	0	0	2	1	0	2	0	0	0	5	0	0	0	5	1
XMTM2MTMxMTQ4NA==	10	3	6	0	0	0	0	0	0	0	0	0	1	1	0	0	0	0	0	0	0	0	0	0	0	0	0	0	0	0	0
XMTM2MDczNTcxNg==	23	1	11	2	0	0	0	1	0	0	1	0	0	0	0	0	1	1	0	1	0	0	0	0	0	0	0	0	0	0	0
XMTM2MDgxNzcxMg==	90	31	66	9	5	1	2	6	2	0	0	1	1	2	0	2	0	3	0	18	8	2	0	2	1	1	0	0	0	8	0
XMTM2MTcwMjI4NA==	727	349	1348	20	11	19	12	27	5	10	4	9	0	0	8	23	0	30	17	1	1	2	2	4	3	6	1	5	2	4	0
XMTM2MTI0ODk1Mg==	1348	494	1348	519	34	253	110	23	21	591	446	164	30	33	7	10	0	4	0	96	28	4	6	19	2	1	21	32	19	7	1
XMTM2MTUzNTc5Ng==	2	0	2	0	0	0	0	0	0	0	0	1	0	0	0	0	0	0	0	0	0	0	2	0	0	1	0	0	0	0	1
XMTM2MTI1Mjk3Mg==	2	0	1	0	0	0	0	1	0	0	0	0	0	0	0	0	0	0	0	0	0	0	0	0	0	0	0	0	0	0	1
XMTM2MTI3MzUzMg==	9	8	11	1	1	0	0	4	23	49	16	79	57	40	68	97	5	112	4	304	276	476	577	71	52	180	151	117	291	183	1
XMTM2MTE2OTA2OA==	11	3	14	0	0	0	0	0	0	0	0	0	0	0	0	0	0	1	0	0	0	0	0	0	0	2	0	0	0	1	0
XMTM2MTU3OTI0OA==	6	3	6	1	1	0	0	1	0	0	0	3	1	0	0	2	0	3	3	6	1	0	1	1	0	1	1	1	6	2	1
XMTM2MTM2NzU2NA==	2	0	3	0	0	0	0	0	0	0	0	0	0	0	0	0	0	0	0	0	0	0	0	0	0	0	0	0	0	0	0
XMTM2MTI5NjM3Mg==	152	98	135	34	3	3	3	1	1	2	0	0	0	0	1	0	1	0	0	6	1	1	1	0	0	0	1	0	0	0	0
XMTM2MTY3OTEyNA==	57	20	37	0	0	0	0	0	0	0	0	1	1	0	1	0	0	0	0	0	2	0	1	0	0	1	0	0	5	0	0
XMTM2MTI5NzQ2MA==	7861	2571	11713	247	75	24	239	422	6748	333	285	356	443	273	384	350	357	310	354	225	318	401	426	9199	245	294	264	451	392	423	1
XMTM2MDc4MDY1Ng==	3	0	2	0	0	0	1	1	0	0	0	0	0	0	0	0	0	0	0	0	0	0	0	0	1	0	1	2	0	0	1
XMTM2MDkwNDQ1Ng==	1444	1359	2081	39	27	49	6	7	15	15	14	27	3	2	2	2	79	5	3	10	2	2	5	7	3	6	1	1	168	4	0
XMTM2MTA4MjAwNA==	1	0	1	0	0	0	0	0	0	0	0	0	0	0	0	0	0	0	0	0	0	1	0	0	0	0	0	0	0	0	1
XMTM2MTEzMjUwMA==	23	12	17	2	0	1	3	0	0	0	1	0	0	1	0	0	0	0	1	1	0	0	1	0	0	0	0	1	0	0	0
XMTM2MTE1MTc4OA==	2	1	2	0	0	0	1	0	0	0	0	1	0	0	0	0	0	0	1	0	0	0	1	0	0	0	0	8	2	0	1
XMTM2MDgyMjgwNA==	4	1	3	0	0	0	0	0	0	0	0	0	1	0	0	0	0	0	0	0	1	0	0	2	2	0	1	1	1	0	1
XMTM2MTIzOTU2MA==	3	0	2	0	0	0	0	0	0	0	0	0	0	0	0	0	0	0	0	0	0	0	0	0	0	0	0	0	0	0	0
XMTM2MDgyMjU1Ng==	119	37	89	21	1	5	8	1	1	0	0	0	0	2	2	4	0	0	0	0	0	0	0	0	0	0	0	0	8	0	0
XMTM2MTE5NTkwNA==	3	0	2	0	0	0	0	0	0	0	0	0	0	0	0	0	0	0	0	0	3	0	0	0	0	0	0	0	1	0	1
XMTM2MDk4MzExNg==	26	6	29	22	2	0	0	0	1	4	0	2	0	0	0	1	1	0	1	14	0	2	0	1	0	0	0	0	2	3	1
XMTM2MTAwMzY2NA==	64	34	94	13	1	1	1	1	2	3	0	1	0	2	2	0	2	0	0	14	8	1	5	2	0	1	1	1	2	0	0
XMTM2MTMxNTEzMg==	4	1	3	0	1	0	0	0	0	0	2	1	1	0	1	1	2	3	0	0	1	0	0	1	0	0	0	1	1	0	1
XMTM2MDg5NTkwNA==	4	0	2	0	0	0	0	0	4	9	0	0	0	0	0	0	0	1	0	0	0	0	0	0	1	0	0	0	0	0	1
XMTM2MTE0NTUyOA==	8	2	5	0	0	0	0	0	0	0	0	0	1	0	0	0	0	0	0	0	0	0	0	0	0	0	0	0	0	0	0
XMTM2MDkyNzIyMA==	2	0	1	0	0	0	0	0	0	0	0	0	0	0	1	0	0	0	0	0	0	0	0	0	0	0	0	0	0	0	1
XMTM2MTIzODg0MA==	2	0	1	0	0	0	0	0	0	0	0	0	0	0	0	0	0	0	0	0	0	0	0	0	0	0	0	0	0	0	0
XMTM2MDg2NDA2OA==	6	4	5	1	0	0	0	1	0	0	0	0	0	0	0	0	0	0	0	0	0	0	0	0	1	0	0	0	0	0	0
XMTM2MDg3MTA0MA==	2	0	1	0	0	0	0	0	0	0	0	0	0	0	0	0	0	0	0	0	0	0	0	0	0	0	0	0	0	0	0
XMTM2MTE3NTMxNg==	238	68	256	66	14	2	4	1	4	3	321	367	106	39	21	11	7	11	1	34	12	0	10	4	3	2	2	2	3	4	1
XMTM2MDkzNzcwOA==	26	14	27	0	1	2	1	5	3	0	1	0	0	0	1	2	1	2	0	1	0	0	0	0	0	0	0	0	0	0	0
XMTM2MTE3Njg2NA==	4	1	2	0	0	0	0	0	1	0	0	0	0	0	0	0	0	0	0	1	0	0	0	0	0	0	0	0	0	2	1
XMTM2MDg2NDg2MA==	13	1	24	2	1	0	0	0	0	0	0	0	0	0	0	0	0	0	0	0	0	0	0	0	0	0	1	0	0	0	0
XMTM2MTI5MzY5Ng==	4	0	3	0	0	0	2	0	2	0	0	0	0	0	0	1	0	0	0	0	0	0	0	0	0	0	0	0	0	0	1
XMTM2MTA2OTAxMg==	117	57	90	7	2	1	1	0	1	0	0	0	1	0	0	0	0	3	0	1	1	1	0	0	1	0	0	1	17	4	0
XMTM2MTQ4MzU1Ng==	3	0	2	0	0	0	0	0	0	1	0	0	0	0	0	0	0	0	1	1	0	0	0	0	0	0	0	0	0	0	1
XMTM2MTQyMTgyNA==	2	1	2	0	0	0	0	0	0	0	0	0	0	0	0	0	0	0	0	0	0	0	0	0	0	0	0	0	1	3	1
XMTM2MTEzMDQ0NA==	5	0	5	1	0	2	0	5	2	1	0	3	0	0	0	0	0	0	1	3	1	0	0	0	0	0	0	0	2	0	1
XMTM2MDkzODM3Mg==	17	7	23	1	0	2	2	0	3	1	2	1	0	1	1	0	6	0	1	12	5	1	1	1	2	0	0	0	0	2	1
XMTM2MDk5ODI0MA==	2	0	1	0	0	0	0	0	0	0	0	0	0	0	0	0	0	0	0	0	0	0	0	0	0	1	0	0	0	0	1
XMTM2MTIyMzAzMg==	2	0	1	0	0	0	0	0	1	0	0	0	0	0	0	0	0	0	0	0	0	0	0	0	0	0	0	0	0	0	1
XMTM2MDg4NDExMg==	2	0	1	0	0	0	0	0	0	0	0	0	0	0	0	0	0	0	0	0	0	0	0	0	0	1	0	0	0	0	1
XMTM2MDkyNzc0MA==	187	150	196	11	12	3	6	13	2	5	2	11	17	17	4	19	24	3	0	48	7	10	7	12	0	6	14	13	6	13	0
XMTM2MDg3ODU2OA==	7	2	5	0	0	0	0	0	0	0	0	0	0	0	0	2	0	0	0	0	0	0	0	0	0	0	0	0	0	0	1
XMTM2MTAwMjg5Ng==	2	0	1	0	0	0	0	0	0	0	0	0	1	0	1	0	0	1	0	0	0	0	0	0	0	0	0	0	0	0	1
XMTM2MDgzOTQwOA==	9	1	12	0	0	0	0	0	0	0	0	0	0	0	0	0	0	0	0	0	0	0	0	0	0	0	1	0	1	0	0
XMTM2MTM3NjgxMg==	166	107	162	106	8	3	1	1	1	0	9	2	1	0	0	1	0	0	0	5	1	1	2	0	1	1	0	0	0	1	0
XMTM2MDg1MzYwMA==	50	8	29	0	1	0	1	0	0	1	0	0	0	1	0	6	0	0	0	2	0	1	0	0	0	0	0	0	0	0	0
XMTM2MDk1MzgzNg==	26	5	25	1	1	0	13	3	1	0	0	0	0	1	0	0	0	0	0	0	1	0	0	0	0	0	0	0	1	54	1
XMTM2MDg3MDkyNA==	2	1	2	0	0	0	0	1	1	0	0	0	0	0	0	0	0	0	0	0	0	0	0	0	0	0	0	0	0	0	1
XMTM2MDg0NjI0OA==	1	0	1	0	0	0	0	0	0	0	0	0	0	0	0	0	0	0	0	0	0	0	0	0	0	0	0	0	0	0	0
XMTM2MDQ3ODgyMA==	223	110	181	60	6	2	2	13	4	9	15	0	0	1	2	4	2	8	0	28	4	3	2	2	1	11	7	21	11	5	0
XMTM2MTEwNTU3Mg==	74	62	95	3	0	1	1	1	0	0	0	0	1	0	0	0	0	5	0	0	1	0	0	1	0	1	1	0	3	0	0
XMTM2MTY1Nzk5Mg==	1	0	1	0	0	0	0	0	0	0	0	0	0	0	0	0	0	1	0	0	0	0	0	0	0	0	0	1	0	0	1
XMTM2MTM1MDA2NA==	95	57	133	32	0	1	0	1	2	6	1	1	2	0	6	778	813	94	71	60	31	16	72	83	78	135	47	90	56	63	1
XMTM2MTIxOTA1Mg==	17	4	25	6	1	0	0	0	0	0	0	0	0	1	1	0	0	0	1	2	0	1	0	0	0	0	0	2	0	0	0
XMTM2MDkwNjIyOA==	3	0	4	0	0	0	0	0	0	0	0	0	0	0	0	0	0	0	0	0	0	0	0	0	0	0	0	0	0	0	0
XMTM2MTExNzk5Ng==	4	2	3	0	0	0	0	0	0	0	0	0	1	0	0	0	0	0	0	0	0	0	0	0	0	0	0	1	0	0	0
XMTM2MDgwNzYwOA==	11	3	8	1	1	0	0	0	0	0	0	0	0	1	0	0	0	0	0	2	0	0	1	0	0	1	0	0	0	0	0
XMTM2MTQ2Nzk0MA==	2	0	1	0	0	0	0	0	0	0	0	0	0	0	0	0	0	0	0	0	0	0	0	0	0	0	0	0	0	0	0
XMTM2MTExODU0OA==	5	1	3	0	0	0	0	0	0	0	0	0	0	0	0	0	0	0	0	0	0	0	0	0	0	0	0	1	0	0	1
XMTM2MTE0NjM4OA==	90	31	69	18	1	12	16	4	1	9	5	2	1	2	0	0	1	0	3	44	3	0	6	2	4	0	0	0	0	2	1
XMTM2MTYyMTQ3Mg==	2	1	2	0	0	0	0	0	0	0	0	1	0	0	0	1	0	0	0	0	0	0	0	1	0	0	0	0	0	0	1
XMTM2MTQwMDkxMg==	24	9	26	10	0	2	0	0	0	0	1	0	1	0	1	2	1	0	1	1	1	0	0	0	0	0	0	0	1	0	0
XMTM2MDc4MzkwOA==	3	0	2	0	0	0	0	1	0	0	0	0	0	0	0	0	0	0	0	0	2	0	0	0	0	0	0	0	0	0	1
XMTM1OTQwOTAxNg==	3	0	3	1	1	0	0	1	0	3	0	3	0	0	1	2	0	3	6	2	1	0	0	0	1	1	1	2	2	3	1
XMTM2MDUzMDE1Mg==	2	0	1	0	0	0	0	0	0	0	0	0	0	0	0	0	0	0	0	0	0	0	0	0	0	0	0	0	0	0	0
XMTM2MTYxNjkyNA==	3	1	2	0	0	0	0	0	0	0	0	0	0	1	0	0	0	1	0	0	0	0	0	0	0	2	0	0	0	0	1
XMTM2MDgzODI3Mg==	39	4	20	1	0	0	1	0	0	1	1	0	0	0	0	0	1	0	0	2	0	0	0	0	0	1	0	0	0	0	0
XMTM2MDc5NjQ4MA==	1232	422	1619	84	101	16	12	199	15	16	12	9	3	1	0	1	0	2	1	40	5	8	4	1	5	2	6	1	10	17	0
XMTM2MDcyMzQ3Ng==	1	0	1	0	0	0	0	0	0	0	0	0	0	0	0	0	0	0	0	0	0	0	0	0	0	0	0	0	0	0	0
XMTM2MDkxNDM1Ng==	2	0	1	0	0	0	0	0	0	0	0	0	0	0	0	0	0	0	0	0	0	0	0	0	0	0	0	0	0	1	1
XMTM2MDkyNzAxNg==	6	0	3	1	0	0	0	0	0	0	0	0	0	1	0	0	0	0	0	0	0	0	0	1	0	1	0	0	0	0	0
XMTM2MTAyMDkyMA==	9	3	12	0	0	0	0	0	1	0	0	0	0	0	1	0	0	0	0	0	0	0	0	4	0	2	0	0	0	0	1
XMTM2MTY5MDkyOA==	2	0	2	0	0	1	0	0	0	0	0	0	0	0	0	0	0	0	0	0	0	0	0	0	0	0	0	0	1	1	1
XMTM2MDg2Nzc5Mg==	107	32	72	3	1	2	2	0	0	1	0	0	1	0	2	0	0	1	0	0	0	0	0	2	0	0	0	0	1	0	0
XMTM2MDczMzcxMg==	12	7	9	1	1	0	0	0	0	0	0	0	0	0	0	0	0	0	0	0	0	0	0	0	0	0	0	0	0	0	0
XMTM2MTIxMjYxMg==	5	2	5	2	0	0	0	1	0	0	0	0	1	0	0	2	0	1	0	1	0	0	0	3	0	3	0	0	0	0	1
XMTM2MTE5NTM5Ng==	2	0	1	0	0	0	0	0	0	0	0	0	0	0	0	0	0	0	1	0	0	0	0	0	0	0	0	1	0	0	1
XMTM2MDkwNDQ5Mg==	1436	679	1100	30	4	16	1	5	20	28	2	1	14	1	7	1	40	2	0	1	1	2	1	1	1	0	4	93	69	2	0
XMTM2MDg3ODQ0OA==	2	0	4	0	0	0	0	0	0	0	0	0	2	0	1	1	0	0	1	4	1	1	0	0	0	1	1	0	0	0	1
XMTM2MDcyMjQyNA==	182	83	126	32	1	1	2	0	2	2	0	0	1	0	2	2	0	3	0	0	0	0	4	1	0	0	1	0	14	1	0
XMTM2MTE2NTg4NA==	8	3	7	1	0	0	0	0	0	0	0	0	1	0	0	0	0	1	0	0	1	0	0	0	0	2	0	0	0	0	0
XMTM2MDk0NzQ4MA==	1	0	1	0	0	0	0	0	0	0	0	0	0	0	0	0	0	0	0	0	0	0	0	0	0	0	0	0	0	0	0
XMTM2MTI0MTY2MA==	6	0	4	0	0	0	0	0	0	0	0	0	0	0	0	0	0	0	0	0	0	0	0	0	0	0	0	0	0	0	0
XMTM2MTI5MjM3Ng==	4	0	2	0	0	0	0	0	0	0	0	0	0	0	0	0	0	0	0	0	0	0	0	0	0	0	0	0	1	0	1
XMTM2MTExNjgwOA==	5	2	3	0	0	0	0	2	0	0	0	0	0	0	0	1	0	0	0	0	0	0	0	0	0	0	0	0	0	0	1
XMTM2MTIyNDE2NA==	2	1	2	0	0	0	1	0	2	1	1	0	0	1	0	0	1	0	0	1	0	0	0	1	0	0	0	1	0	0	1
XMTM1ODU1NTIwOA==	13	10	19	0	0	0	0	0	0	0	0	1	0	0	0	0	0	0	0	0	1	0	0	0	0	0	0	1	0	0	0
XMTM2MTA5MDU4NA==	13	1	16	4	3	1	0	0	0	1	1	1	0	4	0	0	0	1	0	0	2	1	0	1414	5	1	0	0	11	2	1
XMTM2MTAwMDU4MA==	113	78	94	7	9	2	2	4	8	6	2	1	0	5	1	15	0	2	2	2	1	1	22	5	0	19	1	1	1	0	0
XMTM2MTI3NDc0NA==	2	0	1	0	0	0	0	0	2	0	0	1	0	0	0	0	1	0	0	0	0	0	0	0	0	1	0	1	0	0	1
XMTM2MTAwNTcyMA==	4	2	3	0	0	1	0	0	0	0	0	1	0	0	0	1	0	0	0	0	0	1	0	1	0	0	0	0	0	3	1
XMTM2MTY0MjM5Mg==	53	22	55	7	0	21	8	4	0	1	0	0	0	1	1	0	1	1	0	0	0	0	0	0	0	0	0	0	0	0	0
XMTM2MTA0Mjk4MA==	5	0	2	0	0	0	0	0	0	0	0	0	2	0	1	1	0	0	0	3	0	0	0	0	1	2	0	0	0	0	1
XMTM2MDg4OTg4NA==	5	1	4	1	0	3	0	4	0	3	2	0	0	1	3	1	1	0	0	7	2	0	0	1	0	0	4	2	0	2	1
XMTM2MTA3ODM5Ng==	29	11	24	0	0	1	0	1	1	0	1	1	0	0	0	1	3	0	0	1690	11	0	2	7	0	3	1	0	0	2	1
XMTM2MDg5NTg3Mg==	1	0	1	0	0	0	0	0	0	0	0	0	0	0	0	0	0	0	0	0	0	0	0	0	0	0	0	0	0	0	0
XMTM2MDgyNDQ3Ng==	4	0	5	0	0	0	0	0	0	0	0	0	0	0	0	0	0	0	0	0	1	0	2	0	0	0	0	0	0	1	1
XMTM2MTUwNDg0NA==	20	4	12	0	0	0	0	0	0	0	0	0	1	0	0	0	0	0	0	0	0	0	0	0	0	0	0	0	2	0	0
XMTM2MTM4NTgyOA==	60	29	55	1	2	0	1	1	1	0	0	2	1	0	0	1	1	3	0	2	1	3	0	1	0	0	0	2	3	1	0
XMTM2MTQ4Mzg3Ng==	4	0	2	0	0	1	0	0	0	0	0	1	0	51	2	13	0	0	1	3	0	0	0	0	0	0	0	0	0	1	1
XMTM2MTAzOTgwNA==	255	86	231	154	0	13	54	22	5	18	10	22	14	4	7	6	4	7	9	30	8	10	18	8	15	16	25	9	25	15	0
XMTM2MDg4ODQwMA==	3	0	3	0	0	0	0	1	0	0	0	0	0	1	0	1	0	0	0	1	0	0	0	0	0	0	0	0	0	0	1
XMTM2MTUwNTEyOA==	5	1	7	0	1	0	0	3	0	0	0	0	0	0	0	0	0	0	0	0	0	0	0	0	0	0	0	0	0	0	1
XMTM2MTYwNDM0OA==	9	1	8	1	1	0	2	0	0	0	0	1	1	0	6	15	6	0	0	72	6	4	2	0	2	0	1	1	0	0	1
XMTM2MTYwODQyOA==	2	0	1	0	0	0	0	0	0	0	0	0	0	1	1	1	1	1	0	0	0	2	0	0	0	0	0	0	0	0	1
XMTM2MTIwNDgxMg==	3	1	2	0	0	0	0	0	1	0	1	1	1	1	1	1	0	0	0	4	0	0	0	1	0	2	0	0	0	0	1
XMTM2MDg3MzY5Ng==	1	0	1	0	0	0	0	0	0	0	0	0	0	0	0	0	0	0	59	39	6	0	1	1	1	1	1	0	0	1	1
XMTM2MDk3MzkyNA==	32	7	51	9	0	8	4	2	6	31	175	5024	3	1	2199	3	0	0	251	2383	12	124	1	0	0	1976	1	0	3	27918	1
XMTM2MTcyMDcxMg==	5	2	6	0	0	0	1	2	1	1	1	1	0	0	1	1	0	3	0	3	0	0	0	0	0	1	0	0	0	0	1
XMTM2MDg4NTU4NA==	1	0	1	0	0	0	0	0	0	0	0	0	0	0	0	0	0	0	0	0	0	0	0	0	0	0	0	0	0	0	0
XMTI4NzE4MTk2OA==	133	13	98	25	20	32	13	21	134	47	21	23	26	28	28	141	10	20	22	119	42	40	41	38	18	33	39	51	39	24	1
XMTI4Nzc3Nzc1Ng==	4	0	3	0	0	1	0	0	0	0	0	0	0	0	0	0	0	0	0	0	0	0	0	0	0	0	0	0	0	0	0
XMTI4NzcyNTE5Ng==	60	8	67	0	0	2	0	1	0	0	0	0	0	2	0	1	0	0	0	0	1	0	0	0	0	0	0	0	0	0	0
XMTI4NzcyNzkyOA==	2	0	3	1	0	1	0	0	1	0	0	0	0	0	0	0	0	0	0	2	0	0	0	0	0	0	0	0	0	0	1
XMTI4Nzk1NzcwMA==	8	1	4	0	0	0	0	0	0	0	0	2	6	1	0	0	0	0	1	0	0	0	0	0	0	0	0	0	0	0	1
XMTI4Nzk2ODM5Mg==	10	2	11	0	0	0	0	0	0	0	0	0	1	0	1	0	0	0	0	0	0	0	0	0	0	0	0	0	1	0	0
XMTI4Nzk3OTI4NA==	2447	36	1470	25	18	466	27	30	28	11	10	10	12	15	12	3	10	544	20	17	23	18	10	16	11	18	15	17	16	13	1
XMTI4Nzk5MjIzMg==	38	7	26	6	6	4	4	7	1	10	4	12	5	10	9	10	0	3	6	6	5	4	11	8	6	4	5	2	4	1	0
XMTI4NzkyODU0NA==	551	83	333	69	45	40	28	54	46	254	46	43	29	28	42	44	47	47	32	35	30	36	29	33	26	37	16	33	35	32	1
XMTI4ODA0MTMyNA==	8	0	5	0	1	0	0	0	0	0	0	0	0	0	0	0	0	0	0	0	0	0	0	0	0	0	0	0	0	0	0
XMTI4ODA0MjcyOA==	6	2	8	0	0	0	0	2	0	1	0	0	0	0	2	0	2	0	0	1	0	0	0	1	0	0	0	0	0	0	0
XMTI4ODA0MzkzNg==	6	3	7	1	0	0	0	1	0	0	0	0	0	0	0	0	0	0	0	1	2	1	1	0	1	0	0	0	0	0	0
XMTI4ODA1NTYwMA==	6	0	3	0	0	0	0	0	0	1	0	0	1	0	0	0	0	0	0	0	0	0	0	0	0	0	1	0	0	0	0
XMTI4ODA2NjQwOA==	377	287	363	49	34	27	53	18	11	18	15	9	11	4	11	10	11	8	13	12	8	6	7	12	7	6	1	5	8	4	0
XMTI4ODA2OTQ4NA==	91	12	57	9	3	0	3	0	2	5	1	5	5	1	3	1	0	0	2	5	2	5	2	0	1	3	3	0	5	1	0
XMTI4ODA4MzQzMg==	3	0	4	0	0	0	1	0	0	0	0	0	0	0	0	0	0	0	0	0	0	0	0	0	0	0	0	0	1	0	1
XMTI4ODA4NDAwOA==	2	0	1	0	0	0	0	0	0	0	0	0	0	0	0	0	0	0	0	0	0	0	0	0	0	0	0	0	0	0	0
XMTI4ODA4NjU1Mg==	8	1	6	0	0	0	0	0	0	0	0	0	0	0	0	0	0	0	0	0	0	0	0	0	0	0	0	0	0	0	0
XMTI4ODA5MjcyMA==	5	2	3	0	0	0	0	0	0	0	1	2	0	0	0	0	0	0	0	0	0	0	0	0	0	0	0	0	1	0	1
XMTI4ODAwMDA5Ng==	17	2	19	1	0	1	0	1	0	2	0	1	1	0	0	0	0	0	2	3	0	0	0	4	0	1	1	0	1	0	0
XMTI4ODAwMjY4MA==	6	1	7	2	0	1	0	0	0	0	0	0	0	0	70	32	11	8	13	8	44	42	6	2	5	2	25	11	1	5	1
XMTI4ODAwODAxNg==	12	3	7	0	2	0	0	0	1	0	0	0	2	0	0	0	0	0	0	0	0	0	0	0	0	0	0	0	0	1	0
XMTI4ODAwODE0MA==	18	1	10	0	0	0	0	0	0	0	0	0	0	0	0	0	0	0	0	0	0	0	0	0	0	0	0	0	0	0	0
XMTI4ODAxNDA0MA==	11	6	8	0	0	1	0	0	0	0	0	0	0	1	1	0	1	0	0	1	0	0	0	0	0	0	0	0	0	0	0
XMTI4ODAxOTkwNA==	45	4	59	1	0	0	1	0	1	0	0	0	0	0	0	0	0	0	0	5	0	0	0	1	0	0	0	0	0	0	0
XMTI4ODAyMjg4MA==	16	7	15	3	3	2	4	4	2	6	2	2	4	3	5	3	4	6	5	6	4	6	8	3	22	7	4	5	8	9	1
XMTI4ODAyOTkxMg==	116	20	157	7	9	14	17	10	3	7	4	5	4	8	4	4	10	10	11	2	5	6	3	2	4	2	3	7	0	3	0
XMTI4ODAzMDI1Mg==	7	4	9	0	0	1	0	0	0	0	0	0	0	0	0	0	1	0	1	0	0	0	0	0	0	0	0	0	0	0	0
XMTI4ODAzMTkyNA==	5	1	4	0	1	1	0	0	0	0	0	0	0	0	0	0	0	0	0	0	0	0	0	0	0	0	0	0	0	0	0
XMTI4ODAzNzI3Mg==	6	2	5	0	1	0	0	0	0	1	0	0	0	0	0	0	0	0	0	0	0	0	0	0	1	0	0	0	0	0	0
XMTI4ODAzOTI2MA==	4	2	7	0	0	0	0	0	0	0	1	1	0	0	0	1	0	0	0	0	0	0	0	1	0	0	0	0	1	0	0
XMTI4ODE0MTU0MA==	1031	32	831	9	14	15	8	8	9	2	3	9	10	8	4	4	5	1	1	4	2	0	2	3	2	2	2	2	1	6	0
XMTI4ODE0MzUxMg==	21	1	32	3	2	2	0	3	2	2	1	4	1	2	1	2	2	8	2	2	0	2	2	4	4	1	1	1	0	3	0
XMTI4ODE0NzMyNA==	10	4	11	2	1	1	2	0	3	3	2	1	0	0	2	1	1	0	2	1	0	0	3	2	1	0	0	0	0	0	0
XMTI4ODE1MTc3Ng==	3	1	4	0	1	0	0	2	1	0	3	2	3	0	2	1	1	1	0	0	0	2	0	0	1	2	1	0	1	0	0
XMTI4ODE1NTk3Ng==	31	2	28	4	1	0	0	0	0	1	0	0	0	0	1	0	0	0	0	0	0	0	1	0	0	1	0	0	0	0	0
XMTI4ODE1NzgyNA==	112	16	59	0	3	0	0	0	0	0	0	0	0	0	0	0	0	0	0	0	0	0	2	0	0	0	0	0	0	1	0
XMTI4ODE2Mjk1Ng==	1	0	2	0	0	0	0	0	0	0	0	0	0	0	0	0	0	0	0	0	0	0	0	0	0	0	0	0	0	0	0
XMTI4ODE2NDc0NA==	2	0	1	0	0	0	0	0	0	0	0	0	0	0	0	0	0	0	0	0	0	0	0	0	0	0	0	0	0	0	0
XMTI4ODE2NzE0OA==	9	1	9	0	2	0	0	0	0	1	0	0	0	0	0	1	1	0	0	0	0	0	0	0	0	1	1	0	0	0	0
XMTI4ODE2NzQwNA==	2	0	1	0	0	0	0	0	0	0	0	0	0	0	0	0	0	0	0	0	1	0	0	0	0	0	0	0	0	0	1
XMTI4ODE3MjI0OA==	73	16	63	1	12	1	1	0	1	0	1	0	1	2	0	0	0	0	2	0	0	0	1	0	0	0	0	1	1	1	0
XMTI4ODE3MzgzNg==	25	7	28	4	3	3	2	1	1	6	1	2	4	2	2	4	3	2	6	4	0	0	2	1	0	3	1	21	2	3	1
XMTI4ODE3NDY0NA==	12	1	9	0	1	0	0	0	1	0	0	0	0	0	1	0	0	0	0	1	0	0	0	0	0	0	0	0	0	0	0
XMTI4ODE3NjczMg==	108	18	141	22	14	15	21	13	28	11	20	8	8	25	9	9	4	5	13	7	3	7	20	23	33	17	22	31	19	0	0
XMTI4ODE3OTczNg==	17	4	14	3	3	2	2	6	0	1	2	2	2	1	1	1	1	1	0	1	1	2	2	0	1	2	1	0	1	5	0
XMTI4ODE4MzI3Ng==	4	0	3	1	0	1	0	2	0	3	0	3	1	1	2	0	2	2	0	0	0	1	3	2	1	1	2	2	3	0	0
XMTI4ODE4NDgyNA==	12	4	7	0	0	0	1	1	0	0	0	0	0	4	12	0	0	0	0	0	0	2	0	0	0	0	0	0	0	0	1
XMTI4ODE4NDk4OA==	3	1	2	0	0	0	0	0	0	0	0	0	0	0	0	0	0	0	3	12	0	0	0	0	0	0	0	1	0	0	1
XMTI4ODE4NzQ2NA==	3	0	4	0	0	0	0	0	0	0	0	0	0	0	0	0	0	0	0	0	0	0	0	0	0	0	0	0	0	0	0
XMTI4ODE5MzE2MA==	2	0	1	0	0	0	0	0	0	0	0	0	0	0	0	0	0	0	0	0	0	0	0	0	0	0	0	0	0	0	0
XMTI4ODE5NTk3Ng==	6	1	4	0	0	0	0	0	0	0	0	0	0	0	0	0	0	0	2	0	0	0	0	0	0	0	0	0	0	0	1
XMTI4ODEwNDE5Ng==	697	168	741	225	253	150	103	72	87	103	181	102	76	70	71	52	48	49	63	55	45	34	50	43	43	44	40	26	45	41	0
XMTI4ODEwOTU3Mg==	501	238	578	13	164	181	1	52	1	6	4	0	7	0	0	2	10	17	17	15	7	18	14	5	15	5	4	7	14	5	0
XMTI4ODEwOTUzMg==	30	23	30	1	1	1	0	0	0	0	0	0	0	0	0	0	0	0	0	0	0	0	0	0	0	0	0	1	0	0	0
XMTI4ODExMzczMg==	5	0	5	0	0	0	0	2	0	0	0	0	0	0	0	0	0	0	0	1	0	0	0	0	0	1	0	0	0	0	1
XMTI4ODExNzY5Mg==	159	41	113	50	11	5	2	9	0	1	3	2	3	1	4	1	1	0	0	0	0	0	3	0	1	2	1	2	2	0	0
XMTI4ODExODMyOA==	14	1	8	1	4	0	0	0	0	0	0	0	0	0	0	0	0	0	0	0	0	0	0	0	0	0	0	0	0	0	0
XMTI4ODEyMDk0MA==	7	2	5	1	1	0	0	0	0	0	2	0	0	0	0	2	1	0	1	0	0	0	0	0	0	0	0	0	0	0	0
XMTI4ODEyNzQ3Ng==	10	0	4	0	0	0	0	0	0	0	0	0	0	0	0	0	0	0	0	0	0	0	0	0	1	0	0	0	0	0	0
XMTI4ODEzMDA4MA==	4	0	2	0	0	0	0	0	0	0	0	0	0	0	0	0	0	0	0	0	0	0	0	0	0	0	0	0	0	0	0
XMTI4ODEzMjY1Ng==	24	13	24	1	1	0	2	3	0	0	0	0	0	2	0	0	0	0	0	0	0	0	0	0	0	0	0	0	0	0	0
XMTI4ODEzNjAxMg==	6	0	3	0	0	0	0	0	0	0	0	0	0	1	0	0	0	0	0	0	0	0	0	0	0	0	0	0	1	0	0
XMTI4ODI0Nzk3Ng==	31	6	55	0	2	3	8	7	11	45	27	2	1	3	3	1	1	1	0	0	0	0	1	1	0	0	4	1	0	0	1
XMTI4ODI1MDMyNA==	109	4	92	4	2	1	3	0	3	0	0	0	0	1	0	0	0	0	0	0	0	0	0	0	0	0	0	0	0	0	0
XMTI4ODI1Mjk2NA==	1	0	1	0	0	0	0	0	0	0	0	0	0	0	0	0	0	0	0	0	0	0	0	0	0	0	0	0	0	0	0
XMTI4ODI1Mjk5Mg==	1	0	1	0	0	0	0	0	0	0	0	0	0	0	0	0	0	0	0	0	0	0	0	0	0	0	0	0	0	0	0
XMTI4ODI1ODY5Ng==	6	0	4	0	0	0	0	0	0	0	0	0	0	0	0	0	0	0	0	0	0	0	0	0	0	0	0	0	0	0	0
XMTI4ODI1OTgyNA==	8	1	5	0	1	0	0	0	3	0	0	0	0	0	0	0	0	0	0	0	0	0	0	0	0	0	0	0	0	0	1
XMTI4ODI2Mjg2MA==	3	2	3	0	0	0	0	0	0	0	0	0	0	0	0	0	0	0	0	0	0	0	0	0	0	0	0	0	0	0	0
XMTI4ODI2MzM1Mg==	49	25	49	6	0	2	1	0	1	0	0	0	1	1	0	0	1	0	0	0	1	0	0	0	0	0	0	0	0	0	0
XMTI4ODI2NTc2NA==	274	24	476	49	47	30	27	12	13	58	9	8	9	17	1890	6	10	6	8	4	4	3	8	6	5	5	5	2	5	7	1
XMTI4ODI2Njc0MA==	2	0	1	0	0	0	0	0	0	0	0	0	0	0	1	1	0	0	0	0	1	0	0	0	1	0	0	0	1	0	1
XMTI4ODI3NDg0OA==	28	15	29	3	1	0	0	0	1	0	1	1	1	0	0	0	0	0	0	0	0	0	0	0	0	0	0	0	0	0	0
XMTI4ODI4MTA3Mg==	291	23	254	8	8	3	4	5	4	4	1	3	0	3	1	2	1	0	0	1	0	1	1	0	5	1	1	3	0	2	0
XMTI4ODI4ODEyOA==	358	18	202	4	2	3	2	1	1	1	1	0	0	0	0	1	0	0	1	0	0	1	0	0	0	0	0	0	0	0	0
XMTI4ODI4ODI1Mg==	21	15	29	1	0	0	1	0	0	0	0	0	1	0	0	0	0	0	0	1	0	0	0	0	0	0	0	0	0	0	0
XMTI4ODI5MTE0OA==	5	0	4	0	2	0	0	0	1	2	1	0	0	0	0	0	2	0	0	0	0	0	0	1	0	0	1	0	2	0	0
XMTI4ODI5MTU5Ng==	4	1	6	0	1	0	2	2	0	0	0	1	0	2	1	0	1	1	1	0	1	1	1	1	0	0	0	1	2	0	0
XMTI4ODI5NDcwMA==	37	3	36	12	3	3	0	0	1	0	2	0	2	0	0	3	0	1	0	0	1	0	2	0	0	1	0	0	0	0	0
XMTI4ODIwNzY0MA==	5	0	3	0	0	1	0	0	0	0	0	0	0	0	0	0	0	0	0	0	0	0	0	0	0	0	0	0	0	0	0
XMTI4ODIxNDc0NA==	5	1	3	0	0	0	0	0	0	1	0	0	0	0	0	0	0	0	0	0	0	0	0	0	0	0	0	0	0	0	1
XMTI4ODIyNTQ1Ng==	5	1	5	3	0	0	0	0	0	1	1	3	3	0	0	0	0	0	0	0	0	0	0	0	0	0	0	0	0	0	1
XMTI4ODIyNjA1Ng==	592	293	530	141	98	71	48	56	34	46	34	54	28	25	13	26	30	25	12	15	8	12	5	0	11	5	5	2	11	6	0
XMTI4ODIyNjcyMA==	7	0	5	0	0	2	3	2	0	0	0	0	2	1	2	1	0	1	1	1	0	0	1	5	1	0	0	0	0	0	1
XMTI4ODIyODY2MA==	4	3	4	0	0	0	0	0	0	0	0	0	0	0	0	0	0	0	0	0	0	0	0	0	0	0	0	0	0	0	0
XMTI4ODIzMzQ5Mg==	2	0	4	0	0	0	0	0	1	0	0	0	0	0	0	0	0	0	0	0	0	0	0	0	0	0	0	0	0	0	1
XMTI4ODIzNTU2MA==	4	0	2	0	0	0	0	0	0	0	0	0	0	0	0	0	0	0	0	0	0	0	0	0	0	0	0	0	0	0	0
XMTI4ODIzODIwNA==	5	1	3	0	0	0	0	0	0	0	1	0	0	0	0	0	0	0	0	0	0	0	0	0	0	0	0	0	0	0	1
XMTI4ODIzOTE3Mg==	4	1	2	0	0	0	0	0	0	0	0	0	0	0	0	0	0	0	0	0	0	0	0	0	0	0	1	0	0	0	1
XMTI4ODM0MjQ1Ng==	25	0	11	0	0	0	0	0	0	0	0	0	0	0	0	0	1	0	0	0	0	0	0	0	0	0	0	1	0	0	0
XMTI4ODM0Mzk4MA==	3	0	2	0	0	0	1	0	0	0	0	0	0	0	0	1	0	0	0	0	0	0	0	0	1	0	0	0	0	0	1
XMTI4ODM0NjE2MA==	6	1	5	0	0	0	1	0	0	0	0	0	0	0	0	0	0	0	0	0	0	0	0	0	0	0	0	0	0	0	0
XMTI4ODM0OTYyMA==	19	4	28	1	2	3	0	0	1	0	0	0	0	0	0	4	0	0	0	0	1	3	1	0	0	0	0	0	0	0	0
XMTI4ODM1MjAyMA==	2	0	2	0	0	0	0	0	0	0	0	0	0	0	0	0	0	0	0	0	0	0	0	0	0	0	0	0	0	0	0
XMTI4ODM1MzE2MA==	4	0	2	1	0	0	0	0	1	0	0	0	0	0	0	0	0	0	0	0	0	0	0	0	0	0	0	0	0	0	1
XMTI4ODM1NDkwNA==	3	0	2	0	0	0	0	0	0	1	0	0	0	1	0	0	0	0	0	0	0	0	0	0	0	0	0	0	0	0	1
XMTI4ODM1NjY4NA==	1	0	1	0	0	0	0	0	0	0	0	0	0	0	0	0	0	0	0	0	0	0	0	0	0	0	0	0	0	0	0
XMTI4ODM1Njk0MA==	15	4	15	2	1	0	1	1	2	2	0	0	2	0	1	2	3	1	1	0	1	0	1	0	3	0	0	4	1	1	0
XMTI4ODM2MjM0MA==	14	1	18	0	0	0	0	0	0	0	0	0	0	0	0	0	0	0	0	0	0	0	0	0	0	0	0	2	0	0	0
XMTI4ODM2MjcyOA==	12	1	10	0	2	1	1	0	0	0	0	0	0	0	0	1	0	0	0	0	0	0	0	0	2	0	0	2	0	0	0
XMTI4ODM2MzUwOA==	1	0	2	0	0	0	0	0	0	0	0	0	0	0	0	0	0	0	0	0	0	0	0	0	0	0	0	0	0	0	0
XMTI4ODM2MzY5Ng==	1	0	2	0	0	0	0	0	0	0	0	0	0	0	0	0	0	0	0	0	0	0	0	0	0	0	0	0	0	0	0
XMTI4ODM2NDI0MA==	6	0	5	0	0	0	0	0	0	0	1	4	0	0	0	0	0	0	0	0	0	0	0	0	0	0	0	0	0	0	1
XMTI4ODM2NDMyNA==	1	0	2	0	0	0	0	0	0	0	0	0	0	0	0	0	0	0	0	0	0	0	0	0	0	0	0	0	0	0	0
XMTI4ODM2NTQyOA==	4	0	2	1	0	0	0	0	0	0	0	1	0	0	0	0	0	0	0	1	0	0	0	0	0	0	1	0	0	0	1
XMTI4ODM2NzUwMA==	5	0	3	0	0	1	1	0	0	0	0	0	0	0	0	0	0	0	0	0	0	0	0	0	0	0	0	0	0	0	0
XMTI4ODM3MTMxMg==	9	2	6	1	0	0	1	0	0	0	1	0	0	0	0	0	0	0	0	0	0	0	0	0	0	0	0	0	0	0	0
XMTI4ODM3NDIwMA==	6	0	6	1	0	0	0	0	0	0	0	0	0	0	0	0	0	0	0	0	0	0	0	0	0	0	0	0	0	0	0
XMTI4ODM3ODQ1Ng==	16	6	11	2	1	0	0	1	0	0	2	0	0	0	0	1	0	0	0	0	0	0	1	1	0	0	0	0	0	0	0
XMTI4ODM4MDg0OA==	9	5	9	3	3	0	1	2	2	0	0	0	1	1	6	5	1	0	6	3	0	0	0	1	1	2	3	3	1	0	0
XMTI4ODM4NDEwMA==	5	0	3	0	1	0	0	0	0	0	0	0	0	0	0	0	0	0	0	0	0	0	0	0	0	0	0	0	0	0	0
XMTI4ODM4NTQwOA==	5	1	5	0	0	1	0	0	0	0	0	0	0	0	0	0	0	0	0	0	0	0	0	0	0	0	0	0	0	0	0
XMTI4ODM4NjQ2NA==	5	0	2	0	0	0	0	0	0	10	0	1	0	0	0	0	0	0	0	0	0	0	0	1	0	0	0	0	0	0	1
XMTI4ODM4NjYxNg==	59	9	49	10	15	8	8	8	9	18	8	7	8	6	3	10	5	6	10	5	4	12	5	3	4	4	4	7	6	1	0
XMTI4ODM5MzI0NA==	1	0	1	0	0	0	0	0	0	0	0	0	0	0	0	0	0	0	0	0	0	0	0	0	0	0	0	0	0	0	0
XMTI4ODM5Mzc1Mg==	283	8	178	2	2	2	0	1	1	0	1	1	0	0	0	1	0	0	1	0	0	1	1	1	0	0	0	0	0	0	0
XMTI4ODM5MzkyMA==	3	0	4	0	0	0	0	0	0	0	0	0	0	0	0	0	0	0	0	0	0	0	0	0	0	0	0	0	0	0	0
XMTI4ODM5NDk0OA==	10	2	15	3	2	1	0	1	0	0	1	1	0	0	0	0	0	0	0	0	6	0	1	0	3	0	0	0	0	1	1
XMTI4ODM5ODcwOA==	3	0	3	0	0	0	0	0	0	0	1	0	0	0	0	0	0	0	0	0	0	0	0	0	0	0	0	0	0	0	1
XMTI4ODMwMjA0NA==	2	0	1	0	0	0	0	0	0	0	0	0	0	0	0	0	0	0	0	0	0	1	0	0	0	0	0	0	0	0	1
XMTI4ODMwMjI3Mg==	1	0	1	0	0	0	0	0	0	0	0	0	0	2	0	0	0	0	0	0	0	0	0	0	0	0	0	0	0	0	1
XMTI4ODMxNTAwNA==	11	1	6	0	1	0	2	3	1	0	1	2	1	0	0	0	0	0	0	1	1	0	0	0	0	0	0	0	0	0	0
XMTI4ODMyODczMg==	5	0	7	1	0	0	0	0	0	0	0	0	0	0	0	0	0	0	0	0	0	0	0	0	0	0	0	0	0	0	0
XMTI4ODMzMDYxMg==	11	0	5	0	0	0	0	0	0	0	0	0	0	0	0	0	0	0	0	0	0	0	0	0	0	0	0	0	0	0	0
XMTI4ODMzMDg3Mg==	5	0	3	0	0	0	0	0	1	0	0	0	0	0	0	0	0	0	0	0	0	0	0	0	0	0	0	0	0	0	1
XMTI4ODMzNjM2OA==	189	7	158	3	5	1	0	1	1	0	2	4	3	0	2	1	0	0	0	2	2	134	8	0	1	0	0	1	0	2	1
XMTI4ODMzOTkzMg==	372	110	343	88	22	14	8	13	7	11	8	10	3	8	3	5	9	6	3	4	3	3	7	2	4	4	5	8	16	6	0
XMTI4ODQ1MjE2OA==	27	11	25	5	3	1	2	1	0	1	2	1	1	1	1	0	0	0	0	0	1	0	0	2	1	1	0	0	1	0	0
XMTI4ODQ1MzYyMA==	10	1	6	4	0	0	0	0	0	0	1	0	2	2	0	0	0	0	0	3	0	0	0	0	0	0	0	0	0	0	1
XMTI4ODQ1NTEyOA==	26	2	16	0	0	0	0	0	1	0	0	0	1	0	0	2	0	1	0	0	0	2	0	0	0	0	0	0	0	0	0
XMTI4ODQ1ODU2MA==	34	10	23	1	3	0	0	0	1	0	1	0	0	0	1	1	2	0	0	0	0	0	0	0	1	0	0	0	0	0	0
XMTI4ODQ1OTUyOA==	14	2	21	1	0	0	0	0	0	0	1	0	2	0	0	0	0	0	0	0	0	0	0	0	0	0	0	0	0	0	0
XMTI4ODQ2MDkwOA==	5	0	3	0	0	0	0	0	0	0	6	0	0	1	2	4	2	1	0	2	0	2	1	2	2	3	2	5	2	2	1
XMTI4ODQ2NjM1Mg==	103	25	224	4	1	0	3	0	1	0	0	0	1	1	0	0	0	1	0	0	1	0	1	0	0	0	0	1	0	0	0
XMTI4ODQ3Nzc2MA==	314	27	170	7	6	12	7	5	4	4	7	3	2	5	7	2	3	3	6	1	2	5	1	1	3	5	0	8	3	2	0
XMTI4ODQ4MTY0OA==	10	1	8	0	1	1	2	86	0	1	1	0	0	0	0	5	0	3	0	0	4	0	0	2	0	0	0	0	0	0	1
XMTI4ODQ4NDg1Ng==	2	0	1	0	0	0	0	0	0	0	0	0	0	0	0	0	0	0	0	0	0	0	0	0	0	0	0	0	0	0	0
XMTI4ODQ4NTMxNg==	4	3	4	0	0	0	0	0	0	0	0	0	0	1	0	0	0	0	0	0	0	0	0	0	0	0	0	0	0	0	0
XMTI4ODQ4NTg4NA==	190	39	177	96	31	8	6	2	2	116	1	3	1	1	2	1	2	4	2	10	2	2	0	3	4	2	0	1	0	1	1
XMTI4ODQ4NzI2MA==	226	77	153	5	8	8	2	1	0	3	1	1	2	1	0	0	0	2	0	1	0	1	0	1	0	0	0	0	0	1	0
XMTI4ODQ4NzYwNA==	144	90	140	10	3	2	6	2	1	0	0	1	2	1	0	1	1	1	0	1	1	1	2	1	0	2	0	0	0	0	0
XMTI4ODQ4NzgyMA==	7	0	5	2	0	2	0	1	0	0	0	0	0	0	0	0	0	0	0	0	0	0	0	0	0	0	0	0	0	0	0
XMTI4ODQ5NzEzNg==	1	0	1	0	0	0	0	0	0	0	0	0	0	0	0	0	0	0	0	0	0	0	0	0	0	0	0	0	0	0	0
XMTI4ODQ5ODkwOA==	6	2	4	0	1	1	0	3	0	0	0	1	2	2	1	4	2	2	2	3	3	0	0	2	2	0	1	0	2	0	0
XMTI4ODQ5OTE2OA==	3	2	3	0	1	1	0	0	0	0	0	0	0	0	0	0	0	1	0	0	0	0	0	0	0	1	0	1	0	0	0
XMTI4ODQ5OTQwOA==	2	0	1	0	0	0	0	0	0	0	0	0	0	0	0	0	0	0	0	0	0	0	0	0	0	0	0	0	0	0	0
XMTI4ODQ5OTQzMg==	116	41	86	21	16	12	8	11	9	12	8	17	4	3	12	5	3	12	5	9	4	2	2	2	4	2	8	1	2	4	0
XMTI4ODQ5OTY2MA==	175	158	199	10	11	6	9	7	3	1	3	0	5	2	1	0	3	0	2	1	1	2	2	4	3	0	2	2	0	1	0
XMTI4ODQ5OTg4MA==	184	42	319	63	10	14	6	7	5	5	19	172	5	0	6	2	2	1	1	2	1	1	1	2	4	2	9	4	4	0	1
XMTI4ODQwODk2NA==	137	121	136	59	2	3	0	3	1	1	0	0	2	2	3	1	1	3	8	5	2	3	3	3	2	3	2	2	2	1	0
XMTI4ODQxMDc1Ng==	162	14	174	19	155	6	20	10	19	35	22	17	30	14	9	9	7	9	25	52	105	12	15	17	17	9	8	19	21	12	1
XMTI4ODQxMjAyOA==	2	0	2	0	0	0	0	0	0	0	0	0	0	0	0	0	0	0	0	0	0	0	0	0	0	0	0	0	0	0	0
XMTI4ODQxMzYwNA==	2	0	2	0	0	1	0	0	0	0	0	0	0	0	0	0	0	0	0	0	0	0	0	0	0	0	0	0	0	0	0
XMTI4ODQxNzUxMg==	2	0	2	0	0	0	0	0	0	0	0	0	0	0	0	0	0	0	0	1	0	0	0	0	0	0	0	1	0	0	1
XMTI4ODQxNzkyMA==	3	2	3	0	0	0	0	0	0	0	0	0	0	0	0	0	0	0	0	0	0	0	0	0	0	0	0	0	0	0	0
XMTI4ODQxODMzNg==	5	0	3	0	0	0	0	0	0	0	0	0	0	0	0	4	0	0	0	0	0	0	0	1	0	0	0	0	0	0	1
XMTI4ODQyMjA3Ng==	1	0	2	0	0	0	0	0	0	0	0	0	0	0	0	0	0	0	0	0	0	0	0	0	0	0	0	0	0	0	0
XMTI4ODQyNTI4MA==	2	0	1	0	0	0	0	0	0	0	0	0	0	0	0	0	0	0	0	0	0	1	0	0	0	0	0	0	0	0	1
XMTI4ODQyODE0NA==	7	2	6	1	1	1	1	1	2	2	3	3	0	5	1	7	2	3	3	2	1	2	3	1	2	15	0	0	2	4	1
XMTI4ODQzMDEwMA==	62	5	101	5	5	3	4	1	2	2	1	0	0	1	0	0	8	2	0	1	0	1	1	1	0	3	1	0	0	2	0
XMTI4ODQzNDg1Mg==	11	1	9	0	0	1	0	0	0	0	0	0	0	0	0	0	0	0	0	0	0	0	0	0	0	0	0	0	0	0	0
XMTI4ODQzNjMzMg==	100	26	99	12	16	9	1	0	0	2	0	1	1	0	0	1	0	0	0	1	1	1	2	1	0	0	0	2	0	0	0
XMTI4ODQzNjQ2NA==	10	3	13	2	0	0	3	1	1	2	2	1	3	3	2	0	3	1	0	2	7	0	3	2	3	1	0	1	3	1	0
XMTI4ODU0Mzc3Mg==	10	2	6	0	3	0	0	0	0	1	0	0	0	1	0	1	2	0	0	0	0	0	0	0	0	0	0	0	0	0	0
XMTI4ODU0ODM5Mg==	22	1	33	0	0	0	0	0	0	0	0	0	0	0	0	0	0	0	0	0	0	0	0	0	0	0	0	0	0	2	0
XMTI4ODU2MTU0OA==	4	0	3	0	0	0	0	0	0	0	0	0	0	0	0	0	0	0	0	0	0	0	0	0	1	0	0	0	0	0	1
XMTI4ODU2MTUxMg==	3	1	4	0	0	0	0	0	0	0	0	0	0	0	0	0	0	1	0	0	0	0	0	0	0	0	0	0	0	0	1
XMTI4ODU2MjkyOA==	63	8	43	0	0	0	0	0	0	0	0	0	20	76	1	0	0	1	1	0	0	0	0	0	0	0	0	0	0	0	1
XMTI4ODU3ODk4OA==	2	1	2	0	0	1	1	0	0	0	0	0	0	2	0	0	0	0	0	0	1	0	0	0	0	0	0	0	0	0	1
XMTI4ODU4MjQ2OA==	195	62	159	15	7	6	23	4	8	2	6	0	0	2	1	1	0	0	1	1	1	0	0	19	3	4	5	1	4	4	0
XMTI4ODU4NTc2NA==	1	0	1	0	0	0	0	0	0	0	0	0	0	0	0	0	0	1	0	0	0	0	0	0	0	0	0	0	1	0	1
XMTI4ODU4OTg1Mg==	1	0	1	0	0	0	0	0	0	0	0	0	0	0	0	0	0	0	0	0	1	0	0	0	0	0	1	0	1	0	1
XMTI4ODU5MzAwOA==	2	0	1	0	0	0	0	0	0	0	0	0	0	0	0	0	0	0	0	0	1	0	0	1	0	0	0	0	0	0	1
XMTI4ODU5NzQ5Ng==	4	0	2	0	0	0	0	0	0	0	0	0	0	0	0	0	0	0	0	0	0	0	0	0	0	0	0	0	0	0	0
XMTI4ODUwMjQ0NA==	86	41	100	0	2	2	0	0	0	1	0	0	0	0	1	1	0	0	0	1	0	0	0	0	6	0	0	0	0	0	0
XMTI4ODUwMjcyMA==	115	25	85	8	4	0	0	0	0	1	0	0	0	0	0	0	0	0	0	0	0	1	0	0	0	0	0	0	0	0	0
XMTI4ODUwMzYyOA==	3	0	2	0	0	1	0	0	0	0	0	1	0	0	0	0	0	0	0	0	0	0	0	0	0	1	0	0	0	0	1
XMTI4ODUwMzcwOA==	3	1	4	0	0	0	0	0	0	0	0	0	0	0	0	0	0	0	0	0	0	0	0	0	0	0	0	0	0	0	0
XMTI4ODUwNzE0NA==	34	1	21	0	1	0	1	0	2	0	0	0	0	0	2	2	0	0	0	0	11	6	1	3	0	0	1	5	0	0	1
XMTI4ODUxODIzNg==	238	38	150	48	29	11	3	9	1	3	6	6	3	7	7	7	8	9	21	41	15	9	12	28	17	5	6	3	3	1	0
XMTI4ODUyMTcwOA==	2	0	3	0	0	0	0	0	0	0	0	0	0	0	0	0	0	0	0	0	0	0	0	0	0	0	0	0	0	0	0
XMTI4ODUyNTM3Mg==	9	1	10	1	2	0	0	0	0	0	0	0	0	0	0	0	0	0	0	0	0	0	0	0	0	0	0	0	0	0	0
XMTI4ODUyNzE0MA==	16	7	22	0	0	1	0	2	0	1	0	0	0	0	0	0	0	0	0	0	1	1	0	0	0	0	0	3	0	1	0
XMTI4ODUzMzIyOA==	68	17	44	0	2	0	0	0	0	0	0	0	15	83	1	0	0	1	1	0	0	0	0	0	0	0	0	0	0	0	1
XMTI4ODUzNDM3Ng==	14	3	10	0	0	0	0	0	0	0	0	0	0	0	0	0	0	0	0	0	0	0	0	0	0	0	0	0	0	0	0
XMTI4ODUzNTg4OA==	73	28	83	3	4	1	0	0	1	1	1	0	0	0	0	0	0	0	3	0	3	40	1	1	1	0	2	2	0	0	1
XMTI4ODUzNzUwOA==	3	0	2	0	0	0	0	0	0	0	0	0	0	0	0	0	0	0	0	2	0	0	0	0	0	0	0	0	0	0	1
XMTI4ODUzNzYwOA==	67	28	85	0	1	4	1	0	3	4	1	2	1	25	2	7	4	1	6	2	0	3	3	2	3	0	1	0	0	1	0
XMTI4ODUzNzk0NA==	4	1	3	2	0	0	0	0	0	0	0	0	0	0	0	0	0	0	0	2	0	0	0	0	0	0	0	0	0	0	1
XMTI4ODUzODExMg==	11	1	11	1	0	0	0	0	0	0	0	0	0	0	0	0	0	0	0	0	0	0	0	0	0	0	0	0	0	0	0
XMTI4ODY0MDcwNA==	11	3	7	0	1	1	0	0	0	0	3	0	0	0	0	0	0	0	0	0	0	0	0	0	0	0	0	0	0	0	1
XMTI4ODY0MTc3Ng==	5	1	4	0	1	0	0	1	0	0	0	1	0	2	0	0	0	0	0	0	0	0	0	0	0	3	0	0	0	0	1
XMTI4ODY1MTM2NA==	27	3	37	0	0	0	0	0	1	2	0	0	0	0	0	0	0	1	0	1	1	0	0	0	0	0	0	0	0	0	0
XMTI4ODY1NTg3Mg==	2	0	2	0	0	0	1	0	0	0	0	0	0	0	0	0	0	1	1	0	0	0	0	0	0	0	0	0	0	0	1
XMTI4ODY2MDIxNg==	408	278	436	72	143	56	31	34	31	40	31	44	40	15	10	37	30	54	33	29	11	26	28	56	32	25	29	26	22	21	0
XMTI4ODY5MTk0NA==	29	14	26	3	2	1	1	1	4	0	1	2	0	1	0	2	0	0	0	1	0	3	3	1	1	0	0	2	0	1	0
XMTI4ODY5NDg4MA==	8	1	4	0	1	0	0	0	0	0	0	0	0	0	0	0	0	0	0	0	0	0	0	0	0	0	0	0	0	0	0
XMTI4ODYwMTQ2OA==	7	0	6	0	0	0	0	0	0	0	0	0	0	0	0	0	0	1	1	0	0	0	0	0	0	0	0	0	1	1	0
XMTI4ODYwMzI5Mg==	32	7	51	1	4	2	3	3	2	1	0	1	0	2	0	2	2	1	4	2	1	1	0	0	2	0	1	2	2	0	0
XMTI4ODYwNzUzNg==	10	5	7	0	0	0	0	0	0	0	0	0	0	0	0	0	0	0	0	0	0	0	0	0	0	0	0	0	0	0	0
XMTI4ODYwODI2NA==	8	3	6	1	0	0	1	1	0	1	2	1	0	0	1	1	2	0	0	1	2	0	0	3	3	0	0	2	0	2	0
XMTI4ODYyNzEwNA==	7	5	6	0	0	0	0	0	0	0	0	0	0	0	0	0	0	0	0	0	0	0	0	0	0	0	0	0	0	0	0
XMTI4ODYyNzg4NA==	49	4	66	0	1	0	0	0	0	0	0	0	0	0	0	0	0	0	0	0	0	0	0	0	0	1	0	0	0	0	0
XMTI4ODYzMTA4MA==	2	0	1	0	0	0	0	0	0	0	0	0	0	0	0	0	0	0	0	0	0	0	0	0	0	0	0	0	0	0	0
XMTI4ODYzOTg4OA==	2	0	2	0	0	0	0	0	1	0	1	0	0	0	0	0	0	0	0	0	0	0	0	0	0	0	0	0	0	0	1
XMTI4ODc0NjgxMg==	5	2	3	0	0	0	0	0	0	1	0	0	0	0	0	0	0	1	2	0	0	0	0	0	0	0	0	0	0	0	1
XMTI4ODc1NjA1Mg==	33	13	23	0	0	0	2	2	5	0	0	0	0	0	0	0	0	1	0	0	0	2	0	0	0	1	0	0	0	0	0
XMTI4ODc2Mzc4MA==	50	30	58	0	0	0	0	0	3	0	0	0	0	0	0	0	0	0	0	0	0	0	0	0	0	0	0	0	0	0	0
XMTI4ODc4MzA4NA==	9	5	9	0	0	2	1	0	0	0	0	0	2	0	0	0	1	0	0	0	0	0	0	0	2	0	0	0	0	0	0
XMTI4ODc4ODUzMg==	18	4	35	2	1	0	1	0	1	1	0	0	0	1	0	0	0	1	3	2	0	0	0	0	1	2	0	2	0	0	0
XMTI4ODcwNDA1Mg==	19	4	18	0	4	1	1	2	2	0	1	1	2	2	3	0	3	4	3	1	3	1	1	1	1	1	8	4	3	4	0
XMTI4ODcyMjQ2NA==	4	0	2	0	0	0	0	0	1	0	0	0	0	0	1	0	0	0	0	0	0	0	0	0	0	0	0	0	0	0	1
XMTI4ODcyMzMyMA==	166	53	334	3	4	7	2	2	3	1	0	0	0	2	0	0	0	0	0	2	1	0	0	0	0	1	0	1	0	0	0
XMTI4ODcyOTExNg==	8	0	7	0	0	0	0	0	0	0	0	0	0	0	4	0	0	0	0	0	0	0	0	0	0	0	0	0	0	0	1
XMTI4ODczNDA1Ng==	10	1	7	1	0	0	0	0	1	0	0	0	0	0	0	0	0	0	0	0	1	0	0	0	0	0	1	0	0	0	0
XMTI4ODg2MjEyNA==	48	8	82	1	0	0	0	0	0	0	0	0	0	1	0	1	0	0	0	0	0	0	0	0	0	0	0	0	1	2	0
XMTI4ODg2NDI4OA==	11	6	10	1	0	0	0	0	0	0	0	0	0	0	0	0	0	0	0	0	0	0	0	0	0	0	0	0	0	0	0
XMTI4ODgxMDQwOA==	5	1	10	0	0	0	0	0	0	0	0	0	0	0	0	0	0	0	0	0	0	0	0	0	0	0	0	0	0	0	0
XMTI4ODgxMDg2NA==	2	0	1	0	0	0	0	0	0	0	0	0	0	0	0	0	0	0	0	0	0	0	0	0	0	0	0	0	0	0	0
XMTI4ODgxNTM0NA==	4	0	6	2	2	0	0	1	1	1	1	0	0	0	0	1	1	3	1	3	1	1	0	2	1	2	0	1	1	5	1
XMTI4ODgxODE4MA==	7	4	9	0	0	0	0	0	1	0	0	0	0	0	0	0	0	0	0	0	0	0	0	0	0	0	1	0	0	0	0
XMTI4ODgxOTA2OA==	8	1	5	0	2	1	0	0	2	0	0	0	0	2	1	0	0	0	4	0	0	1	2	0	0	0	0	0	0	0	1
XMTI4ODgyMDMyOA==	3	1	3	0	2	0	0	0	1	0	0	1	0	0	0	1	0	0	0	1	0	0	0	1	0	0	0	0	0	1	0
