XMTM2MDk2Mzk4OA==	8380	13531	5417	4102	79	1703	1888	1302	1719	1863	1412	1526	1375	1110	1217	2063	1286	1368	691	701	816	1365	1443	626	385	1059	487	823	840	768
XMTM2MTQ5MjU4NA==	7	10	8	0	2	0	5	1	0	0	0	0	1	1	0	4	0	0	0	0	1	0	0	0	0	0	0	0	0	0
XMTM2MTcxMjk3Mg==	710	1045	463	519	85	359	337	303	289	240	156	195	235	262	170	266	193	153	157	168	168	116	211	167	143	190	153	143	150	135
XMTM2MTI4NDY5Ng==	28	31	11	6	1	11	13	4	13	10	19	26	12	36	50	21	41	60	93	231	146	217	352	303	108	179	40	148	100	135
XMTM2MDc0NTc2NA==	8	14	9	5	1	2	0	1	0	2	0	1	1	0	1	1	0	1	5	2	1	1	0	0	0	3	0	0	3	1
XMTM2MTQ4NTkyMA==	29	30	10	15	1	9	10	5	5	15	4	4	11	16	7	6	8	2	4	7	0	1	1	1	0	11	4	1	0	4
XMTM2MDg5NzQyOA==	84	229	42	0	1	0	0	0	1	0	0	0	1	1	0	0	0	0	0	0	1	0	0	27	1	98	14	5	1	10
XMTM2MTYyOTQ3Ng==	8	28	4	0	0	0	0	0	0	0	0	0	0	0	0	0	1	0	1	0	1	0	0	0	0	0	1	2	2	4
XMTM2MTQ5MTg0NA==	1300	3135	2324	1173	183	624	640	578	760	869	471	424	537	359	360	514	427	318	292	305	361	788	807	558	390	509	337	539	217	342
XMTM2MDg5OTU2OA==	3441	7556	2821	2444	16	1	5	20	116	3	1	5	0	8	0	10	7	10	8	1	3	2	11	4	9	287	183	73	117	229
XMTM2MDgzOTA0MA==	147779	243164	137894	67863	1554	1104	763	804	591	631	855	1541	4338	3180	1650	562	354	389	518	738	544	387	296	460	283	604	286	287	30509	494
XMTM2MTE5NjIxNg==	198	216	61	106	19	79	43	56	60	28	37	27	10	27	14	23	5	5	2	126	1	2	3	1	0	2	5	8	3	4
XMTM2MTYzNzU3Ng==	61	71	34	19	5	9	19	20	18	9	6	16	7	0	1	0	0	6	0	26	2	6	4	5	2	0	2	3	3	6
XMTM2MTQ0ODg4MA==	10	77	12	4	3	0	0	0	0	1	1	11	1	47	2	16	0	4	3	31	1	0	0	0	0	0	1	0	0	0
XMTM2MTIzMjkwMA==	1040	2066	469	314	11	16	190	125	85	107	88	112	69	17	46	82	77	98	85	272	99	135	134	30	20	119	102	114	127	161
XMTM2MTUzMzE4NA==	61	180	19	5	9	1	2	11	5	8	3	0	1	1	1	1	1	2	2	21	2	1	4	2	0	1	2	5	2	3
XMTM2MTQ0NDgyOA==	480	673	289	260	6	17	60	72	53	74	36	44	14	19	0	0	0	4	9	52	2	1	0	4	3	0	1	0	3	2
XMTM2MTM0NTkwOA==	10	59	29	16	10	14	7	5	5	2	1	1	1	0	0	0	0	1	2	7	0	0	1	0	0	1	0	1	0	0
XMTM2MDg3ODgyNA==	63	207	72	39	0	3	17	20	4	5	0	4	3	3	2	1	3	1	1	20	4	0	2	3	1	0	1	2	4	0
XMTM2MTE0NTQ2OA==	2800	5225	913	386	215	267	27	99	168	213	138	153	187	112	133	207	106	113	105	133	104	119	236	301	51	75	64	110	69	75
XMTM2MTIyODIyOA==	226	311	128	115	5	44	50	19	9	16	12	2	5	1	10	2	2	2	1	53	7	3	1	1	1	3	1	5	2	4
XMTM2MTExMDI3Mg==	137	410	19	5	4	0	0	3	0	0	1	4	1	0	2	6	0	6	1	1	0	0	0	1	0	1	32	3	22	2
XMTM2MDg3MDU0MA==	33	65	13	29	11	21	1	7	1	1	3	2	5	3	2	0	1	0	16	3	1	0	0	1	0	1	2	1	1	0
XMTM2MTQ5MDk5Mg==	1474	2038	1249	655	237	277	487	199	108	254	67	142	92	107	86	71	86	66	78	62	56	68	16	30	10	4	32	45	36	26
XMTM2MTQ1NDI4MA==	156	313	68	11	10	5	3	5	5	1	3	3	2	2	4	11	25	0	1	1	4	1	1	3	1	9	1	3	8	14
XMTM2MTI1MTgzMg==	479	787	311	308	59	131	147	143	85	99	65	51	58	48	46	32	14	79	29	46	34	20	41	26	25	35	29	35	19	41
XMTM2MTYxMjU0OA==	31	71	18	13	1	19	33	16	3	1	1	3	2	1	2	2	0	1	1	16	3	5	6	1	4	3	1	2	1	4
XMTM2MTAxMDM3Ng==	6	10	6	0	0	1	0	0	0	0	0	0	2	0	1	0	1	0	1	5	0	1	0	2	0	0	0	1	0	0
XMTM2MDgwMzk4NA==	42	90	19	6	2	1	5	0	3	4	0	0	0	1	0	1	1	0	0	2	3	0	0	0	0	0	0	0	1	0
XMTM2MTYxMzc4NA==	171	1777	327	317	139	450	483	481	182	5	61	53	50	11	77	44	77	120	47	64	64	73	60	35	3	138	47	77	64	42
XMTM2MTU2MjE1Mg==	4444	6924	3532	1297	339	462	589	388	263	54	261	311	94	122	81	18	96	84	86	74	67	241	6	186	359	60	93	2	51	67
XMTM2MTQ4Nzk0OA==	64	133	25	5	1	2	1	0	3	0	3	3	1	1	2	1	0	2	0	8	1	1	0	1	0	0	0	5	2	16
XMTM2MDg5MDQ1Ng==	91	153	63	21	1	2	10	20	21	13	1	7	2	5	4	5	6	6	0	34	0	4	1	2	1	5	8	2	4	1
XMTM2MTM4OTQ4OA==	299	2051	921	819	192	1009	431	291	364	231	151	639	317	392	456	423	386	419	484	471	857	597	867	538	389	1538	778	754	1075	952
XMTM2MTU1ODAyNA==	15	33	12	2	1	0	0	0	0	0	0	1	0	0	1	0	1	0	0	0	1	0	0	0	0	0	0	3	1	0
XMTM2MTIyOTAzNg==	26	53	11	7	1	0	0	0	0	2	1	0	0	0	2	1	3	0	24	18	4	0	1	0	2	1	0	0	2	0
XMTM2MTI3NzQ4NA==	4	14	5	0	1	1	0	0	13	19	36	40	42	57	72	16	48	94	112	145	135	297	428	277	130	200	53	164	154	128
XMTM2MTI3NjgyNA==	3	9	0	0	0	1	0	3	13	20	37	41	33	23	66	38	47	93	74	212	143	262	440	302	130	193	51	166	154	126
XMTM2MTU4MDM2NA==	8	14	1	1	0	0	5	0	9	3	1	1	1	5	2	0	5	0	1	5	1	0	0	2	5	6	1	4	3	2
XMTM1OTI5NTkyNA==	4	8	2	2	1	0	0	0	0	0	1	1	0	0	0	0	0	1	0	1	1	0	0	0	2	2	2	2	1	0
XMTM2MTM3NDQyMA==	7498	13659	4162	4181	293	283	1016	862	868	755	723	376	429	219	188	180	112	351	86	76	94	185	37	115	66	117	143	76	2145	566
XMTM2MTQ1NDcwOA==	3	8	0	1	0	0	0	1	0	0	0	0	0	1	0	0	0	0	0	0	0	0	0	0	0	1	0	0	0	0
XMTM2MTE3MjM4MA==	520	2841	2273	1182	1588	1022	507	3275	1433	714	367	357	490	227	228	242	124	181	144	149	170	131	323	112	86	70	80	88	67	99
XMTM2MTM0MDcwMA==	4	12	5	0	0	1	0	3	0	0	3	1	2	0	0	1	0	3	0	1	1	0	0	2	1	0	1	1	1	0
XMTM2MTQ4MzA2MA==	5719	25200	3604	1997	932	176	4009	7328	4214	5241	1680	167	1504	2140	3744	4602	1196	1246	1118	1631	1403	9127	7783	1932	578	2856	3870	4694	3324	90
XMTM2MTM3Mjc0NA==	32	235	113	29	1	15	6	0	0	0	0	2	0	0	3	1	3	1	0	2	1	0	0	1	0	1	2	0	1	0
XMTM2MTIwNTI4OA==	11184	15483	5180	4959	1453	3767	2218	1692	1245	4088	1665	1377	1508	1366	1565	1165	725	560	702	785	537	630	864	718	763	1081	592	1211	900	656
XMTM2MTUxNzA0MA==	1	6	3	1	0	0	0	0	0	0	0	0	0	0	0	0	0	0	0	0	0	0	0	0	0	0	0	0	0	0
XMTM2MDk2NDEwOA==	723	2821	1982	1558	447	525	905	905	595	372	215	195	234	228	303	239	267	201	196	180	160	175	242	205	172	316	100	181	192	175
XMTM2MDgxNDg1Ng==	24	30	10	3	10	13	6	8	7	2	0	0	1	0	0	0	0	1	20	2	9	1	1	1	1	3	0	0	2	1
XMTM2MDk1MTk4OA==	3	10	4	0	0	0	0	0	0	1	0	0	0	1	0	0	2	0	0	4	1	0	1	0	0	8	0	1	0	0
XMTM2MDczNDQ2MA==	10	39	7	0	0	2	0	0	0	0	0	0	1	1	3	5	2	2	0	3	0	1	0	0	2	0	0	2	0	0
XMTM2MTUzMTEzMg==	6	27	7	4	0	2	6	9	15	3	0	2	2	0	3	8	0	0	3	7	5	3	2	1	1	2	2	0	4	10
XMTM2MTI4MzMwMA==	5	12	6	3	0	0	2	3	1	20	20	33	5	41	56	19	61	34	37	278	144	297	360	112	60	110	102	92	194	161
XMTM2MDg0NzUzNg==	30	78	24	12	2	0	0	0	0	1	2	1	0	0	1	3	2	0	2	1	1	0	1	0	0	1	1	0	0	0
XMTM2MTUxNTI0MA==	105	111	41	34	1	1	85	26	17	39	15	22	4	10	3	3	1	1	1	72	8	4	15	0	3	6	40	7	9	0
XMTM2MDg2MzgyNA==	18	66	0	0	0	0	0	0	0	0	1	0	0	0	0	0	0	0	0	1	2	0	0	4	0	1	0	1	0	0
XMTM2MDg5MjM5Ng==	35	140	43	14	3	0	2	5	8	1	15	6	9	26	152	72	198	77	0	45	2	19	9	2	1	1	1	3	0	2
XMTM2MTAxNzA0NA==	4	15	4	1	1	0	1	0	2	1	0	3	3	0	2	0	2	1	0	12	0	1	1	0	0	0	2	2	3	2
XMTM2MDk0NjY4MA==	50	129	1	0	0	1	0	0	0	0	1	0	0	0	0	0	1	0	0	0	0	0	0	0	0	0	0	16	1	0
XMTM2MTE1MDUyMA==	1841	2651	1246	757	427	1351	964	448	534	548	377	322	479	534	530	434	396	558	315	150	196	163	276	90	137	202	80	95	65	40
XMTM2MTYwMDIwNA==	164	506	42	14	7	6	3	2	0	1	1	0	0	3	1	1	0	6	0	1	2	3	0	0	1	1	0	0	0	5
XMTM2MTM1MTM4MA==	929	1304	393	490	86	301	212	204	121	121	130	69	113	72	103	71	73	66	80	85	81	106	93	54	45	75	58	71	67	114
XMTM2MTU1ODcxNg==	177	316	211	86	12	49	61	62	58	53	27	41	55	69	50	16	37	15	33	70	35	43	31	19	18	18	7	25	65	37
XMTM2MTUyNzk2NA==	66	371	75	15	22	0	5	6	4	1	0	0	1	1	0	0	2	0	0	1	1	1	0	0	0	1	0	0	0	0
XMTM2MTU4MDQ0NA==	6	9	1	7	1	1	0	1	0	0	0	0	0	0	0	0	0	1	0	0	0	0	0	0	0	0	0	0	1	1
XMTM2MTU3MDg4MA==	45	50	14	21	0	22	6	3	3	5	2	0	0	1	4	2	3	1	1	21	8	2	0	0	5	2	1	1	3	4
XMTM2MDg0MDQxMg==	37	102	34	16	3	3	1	2	0	7	0	0	0	0	4	0	4	0	3	2	1	0	0	0	0	1	1	0	0	0
XMTM2MDcyOTY3Ng==	42	81	20	10	2	1	23	7	13	8	4	7	1	1	0	1	4	1	0	29	1	3	3	1	2	2	0	4	2	0
XMTM2MDkyMTQ5Ng==	47	108	11	4	11	2	6	42	3	0	0	2	1	0	2	28	2	0	0	5	0	0	1	0	0	0	0	0	0	0
XMTM2MTYyMDQ5Ng==	20	58	18	24	24	16	9	15	13	11	9	6	2	1	13	5	12	4	5	48	8	8	7	4	0	0	3	1	1	2
XMTM2MTQzNzU0OA==	10	39	19	27	8	28	1	15	4	10	39	13	23	10	32	64	9	20	13	15	25	9	18	30	42	67	14	36	43	32
XMTM2MDk2MDE5Ng==	398	547	301	313	27	82	135	163	149	136	83	135	147	66	93	31	47	50	18	35	41	32	53	26	6	35	35	51	40	33
XMTM2MDkzNDEzMg==	73	86	22	34	14	24	30	22	25	21	15	1	4	2	1	0	1	1	10	89	6	12	0	11	0	4	2	5	9	5
XMTM2MTQ5MzMxNg==	164	1051	150	95	34	99	142	167	53	43	32	38	35	37	67	36	59	84	2	38	63	49	58	70	4	64	46	27	30	33
XMTM2MTIxNDU1Mg==	237	474	162	154	3	19	54	67	23	22	6	42	57	29	3	46	47	22	2	84	1	0	1	2	1	94	8	3	0	0
XMTM2MTYwMzkzMg==	77	194	30	28	7	18	27	9	5	5	4	6	4	7	11	17	13	4	3	54	11	9	30	9	9	25	23	58	36	10
XMTM2MTU5NzYzNg==	1	2	1	1	0	1	0	1	0	0	0	0	1	0	0	0	0	0	1	0	2	0	0	1	0	3	0	0	1	2
XMTM2MTM3NDk1Ng==	591	1102	293	149	10	26	28	85	33	35	45	26	12	13	8	4	8	3	3	81	9	5	2	7	4	6	5	12	8	9
XMTM2MDc3Mzk0MA==	23633	74100	12038	12767	9068	49	59	22	8	3	6	24	1	8	2	1	1	1	1	41	12	11	19	9	0	5	6	12	16	9
XMTM2MTAxMzM3Mg==	15	53	11	0	3	3	0	1	4	1	0	0	0	0	1	0	0	1	0	1	1	0	0	0	0	0	1	1	0	0
XMTM2MTMzMDYyNA==	25	77	53	39	14	14	5	11	7	6	0	3	0	2	1	1	2	2	2	15	3	1	1	0	0	0	1	0	0	0
XMTM2MDgwMzUyOA==	117	293	7	6	1	4	5	0	0	1	1	0	1	2	0	1	0	15	4	0	1	2	3	1	0	0	4	0	2	1
XMTM2MTYwOTMzMg==	368	879	310	187	11	126	131	163	57	48	11	40	11	23	40	5	18	27	17	56	29	24	26	13	14	3	13	13	13	14
XMTM2MTI5ODMzMg==	55	92	26	15	8	1	2	2	1	1	0	0	1	0	1	0	1	2	0	0	1	0	2	0	0	3	1	0	0	0
XMTM2MTA2Nzk5Ng==	197	265	109	72	6	16	46	65	46	29	20	17	49	15	68	17	18	31	11	90	13	43	45	43	23	30	23	50	29	30
XMTM2MTI3MDc5Ng==	5	11	1	0	0	0	1	0	1	0	0	0	0	0	0	0	0	0	0	0	0	0	0	1	0	2	0	0	0	0
XMTM2MTc0MjQ0NA==	4	5	3	2	0	0	3	7	3	3	0	0	2	6	1	0	1	0	1	14	2	7	0	4	1	2	0	1	4	5
XMTM2MDk0OTg5Ng==	1460	9142	3324	1107	81	118	102	18	57	84	58	55	13	1	24	3	4	21	15	109	22	26	56	18	48	51	11	16	7	15
XMTM2MTI2MDkxNg==	3	21	4	1	1	1	1	0	1	0	0	0	1	0	1	1	1	0	0	6	1	1	1	1	3	3	2	0	1	1
XMTM2MDk2NDIzNg==	34	192	24	3	1	0	1	0	0	0	1	0	0	1	3	0	0	0	0	2	0	0	0	0	1	2	2	17	4	0
XMTM2MTI3Njk0NA==	5738	8409	2819	1681	153	3773	4283	2494	1547	3311	1617	1660	1126	1686	1012	677	436	364	294	304	688	448	243	294	254	371	196	319	250	225
XMTM2MTIzNDk0MA==	3194	4586	1622	1010	55	1251	1246	1464	1559	948	930	660	521	457	645	627	675	670	638	536	346	345	447	337	337	407	367	9134	4515	886
XMTM2MTU4NDE2MA==	139	1184	242	84	14	2	31	43	37	5	1	5	4	2	2	1	2	2	0	18	1	3	1	3	0	3	1	1	1	1
XMTM2MTE4OTcxNg==	6	35	1	1	5	1	1	0	0	0	0	0	0	0	0	0	0	0	0	0	0	0	0	0	0	0	0	0	0	0
XMTM2MDk1NzM0MA==	5	19	3	8	0	5	1	2	3	5	1	1	3	0	2	2	1	3	0	14	5	0	0	0	0	7	1	1	0	1
XMTM2MDg4NzAwMA==	1	2	1	0	0	0	0	0	0	0	0	0	0	0	0	0	0	0	0	0	0	0	0	0	0	0	0	0	0	0
XMTM2MTQ2ODg0OA==	9	21	6	0	2	3	2	8	25	1	1	0	2	2	0	3	1	5	10	1	2	2	13	2	4	0	3	1	0	0
XMTM2MTIxNTAyNA==	70	189	37	70	12	38	18	26	18	14	32	19	22	7	1	1	2	4	7	64	10	8	11	0	8	1	4	2	1	1
XMTM2MTY0MTI2NA==	138	195	68	70	5	8	33	68	107	90	10	6	24	9	2	7	1	0	1	17	1	0	2	0	1	2	1	0	2	2
XMTM2MTQ5MzQ1Mg==	82	384	35	18	18	7	5	7	11	9	9	6	0	2	24	13	10	0	2	60	10	6	4	11	4	5	1	12	12	10
XMTM2MTMxMTY0MA==	6388	7696	1863	1763	32	1741	3218	5411	4290	891	574	1985	1638	2148	3937	3329	1047	877	698	811	839	3125	2567	441	367	1035	450	1035	1895	1478
XMTM2MTU1ODMyNA==	4204	8630	5646	4084	2286	1837	2276	2284	1576	2264	714	769	794	582	671	1311	1164	1067	441	259	279	259	683	1018	754	1198	258	480	256	303
XMTM2MTM1NjI4MA==	311	18788	7235	4475	5028	5389	5061	4729	3261	4922	4182	4307	5195	5174	3520	3289	3564	4704	3663	4796	2264	3497	4233	2879	3382	6357	3050	5892	3731	3444
XMTM2MTE5MjEzNg==	5	48	18	2	0	0	0	0	2	0	0	0	1	0	0	0	0	0	0	3	7	0	0	0	0	0	0	0	0	0
XMTM2MTMyNjg5Ng==	318	884	121	100	37	21	4	80	46	46	21	47	80	190	303	12	1	40	41	247	49	42	42	10	7	12	13	25	27	18
XMTM2MTYzMjI3Mg==	4	21	9	9	6	2	3	2	2	0	3	0	1	0	3	1	1	1	1	7	1	0	0	1	1	0	0	0	1	2
XMTM2MTYxNDU4MA==	110	136	52	45	2	24	27	15	16	45	24	4	1	0	1	3	12	1	6	63	4	5	17	2	0	16	8	36	4	9
XMTM2MTU4NDU5Mg==	19	51	0	1	1	0	0	0	0	0	1	0	1	0	0	0	0	0	1	0	0	16	8	0	2	0	0	1	0	0
XMTM2MTA1ODE1Ng==	1776	3838	3072	1204	281	1262	883	825	685	386	297	546	548	404	561	465	350	282	192	287	271	435	455	192	183	383	158	361	394	382
XMTM2MTIwNDY5Mg==	2138	4378	3661	1868	85	450	518	459	393	510	345	322	341	172	224	411	579	453	419	298	160	175	345	850	310	259	307	182	175	279
XMTM2MTIzNTA1Ng==	705	793	459	340	18	196	238	185	200	225	85	326	309	218	258	324	249	334	175	183	189	246	201	130	138	247	89	85	88	68
XMTM2MTYwNjc2NA==	35	84	26	14	3	4	7	7	1	0	2	0	2	0	1	1	0	0	0	19	0	1	0	0	0	2	1	0	1	0
XMTM2MTExOTA3Ng==	493	1171	148	3	30	25	31	20	6	5	0	0	3	3	3	8	14	24	2	30	4	10	6	0	1	3	1	5	3	7
XMTM2MTA0NzU3Mg==	106	286	35	38	3	5	1	15	14	15	10	9	4	8	5	1	4	2	3	18	3	15	17	10	1	8	4	8	8	11
XMTM2MDY3ODU2NA==	8	19	9	7	0	2	2	6	9	15	4	3	0	1	0	2	0	10	1	1	0	3	0	0	1	8	2	0	0	2
XMTM2MTYyNTA3Mg==	1895	3727	1659	789	224	574	942	706	600	451	485	472	678	542	479	480	264	387	340	307	372	373	420	274	179	361	292	405	376	295
XMTM2MTM5NzYzNg==	7550	9401	5660	5016	60	965	1281	1294	1407	963	753	1468	1087	616	453	552	401	281	224	308	213	264	250	149	61	178	116	152	184	159
XMTM2MDgzOTMyMA==	2017	7148	758	1597	356	735	990	1043	670	1236	1137	1237	1180	927	930	222	516	45	238	742	1502	2066	779	1169	957	2291	643	1527	1436	698
XMTM2MDc2NDE5Ng==	215	496	134	28	5	13	23	20	57	18	12	8	2	1	22	4	11	5	1	75	9	1	5	3	6	7	3	3	7	3
XMTM2MTE0NjA1Mg==	70069	236432	32465	33156	12232	41667	27208	11318	11457	10958	10738	11399	1349	2	10536	1	157	1340	2	1993	13	11673	15	6	7	23	3	13	9	12
XMTM2MTU1ODY3Mg==	8	36	17	3	1	0	2	0	0	0	1	3	3	0	0	1	4	0	0	2	0	0	2	0	0	4	1	0	0	0
XMTM2MTYyNzE4OA==	11	17	5	2	2	0	2	0	5	4	2	0	1	1	2	0	3	4	3	15	4	5	2	0	1	1	1	1	0	4
XMTM2MTI5MzUwMA==	5828	27807	1565	486	239	66	53	97	97	61	54	71	52	35	48	66	37	47	58	47	27	81	36	64	49	45	1216	2206	1922	107
XMTM2MTI3NzY4MA==	3	4	1	3	0	0	0	0	0	0	0	0	0	1	0	0	0	0	0	0	0	0	0	0	0	0	0	0	0	0
XMTM2MTQ0MjY5Ng==	7	13	1	6	3	1	2	5	5	3	1	0	0	2	0	1	0	1	7	1	0	0	1	3	1	4	1	10	0	2
XMTM2MTQ3ODA4MA==	4	19	10	3	0	0	0	1	0	0	0	0	0	0	0	0	1	0	0	1	0	0	0	0	0	1	1	0	0	0
XMTM2MTA2ODk5Ng==	209	254	123	46	41	24	39	62	40	51	34	26	11	29	33	46	24	52	24	93	29	53	48	59	25	36	19	36	26	27
XMTM2MTE3MDM4NA==	26	57	19	7	13	8	10	35	68	151	34	26	24	25	76	90	95	55	27	33	27	2109	292	15	43	58	16	18	45	92
XMTM2MTMzNDIzMg==	16	24	9	8	9	9	9	5	4	3	0	0	0	0	5	1	4	1	0	0	0	0	0	0	0	0	0	0	0	0
XMTM2MTM2MDE0MA==	21	31	15	11	7	1	7	5	1	4	2	8	0	0	1	6	0	4	0	24	2	1	2	1	0	3	10	9	7	10
XMTM2MDgzNDA3Mg==	91	198	57	1	1	0	4	2	5	0	3	0	2	1	0	0	0	1	1	9	1	0	0	0	0	0	0	2	0	0
XMTM2MTE0ODc2OA==	102	134	46	17	83	16	1	2	1	0	0	0	0	2	0	5	2	2	0	1	0	0	0	1	0	1	0	1	0	0
XMTM2MTU3NjY2OA==	60	66	21	22	7	17	37	15	4	4	4	4	4	14	3	7	3	0	0	21	4	6	7	1	2	1	0	4	1	1
XMTM2MTIxNTAyMA==	100	183	44	84	39	64	38	32	24	27	58	32	40	3	9	11	0	4	25	119	5	11	19	8	2	18	4	7	10	5
XMTM2MTIyMTg2OA==	1009	11609	1695	4006	1900	3419	4609	1011	321	542	1431	2701	1604	2062	1524	1532	1632	2188	1560	1491	1842	1364	1657	1752	2074	2924	1971	2326	2030	1797
XMTM2MTU5NjY4OA==	37	94	2	3	1	3	3	1	0	2	0	2	1	0	2	3	0	1	3	0	1	1	0	0	0	0	0	0	2	0
XMTM2MTIxNzg5Ng==	13	52	2	0	1	0	1	0	0	0	0	0	1	0	0	0	0	0	0	1	0	0	0	0	0	0	0	0	3	0
XMTM2MTIwODg5Mg==	1760	3046	2227	1513	203	169	282	338	254	164	106	128	81	182	185	227	104	90	48	103	86	140	246	89	51	87	98	240	269	227
XMTM2MDc2NDU5Mg==	12	26	7	2	0	0	1	1	0	1	0	0	0	0	0	2	2	1	0	5	1	0	0	3	1	1	1	1	1	2
XMTM2MTQ0ODg3Ng==	87	251	57	2	4	7	3	16	49	30	11	2	6	1	2	1	1	6	1	74	22	18	25	3	6	10	0	11	11	14
XMTM2MTUzMzU4NA==	1157	4880	2442	2293	1770	2287	2056	1765	1006	1582	1149	961	1297	880	808	821	737	679	449	565	526	602	645	447	371	636	339	683	404	620
XMTM2MTUzNjIwOA==	7	10	5	2	0	1	0	0	1	1	0	0	1	0	0	1	1	1	0	1	0	0	0	0	0	1	0	0	0	0
XMTM2MTA5ODE3Ng==	5	12	1	1	1	0	0	1	1	0	0	0	0	0	4	2	1	0	0	4	0	0	0	0	1	1	0	0	0	0
XMTM2MTYzOTUyMA==	267	348	131	212	3	59	73	80	60	58	29	39	22	29	32	18	18	19	4	55	10	16	21	15	4	1	28	19	15	16
XMTM2MTUxMDA5Mg==	73	186	106	51	38	56	56	149	84	32	7	48	4	0	20	4	16	14	0	132	8	34	33	5	2	15	5	15	19	16
XMTM2MTQyMTI0OA==	91	204	67	5	8	2	1	0	1	0	0	0	1	0	0	0	2	1	0	0	0	0	0	1	0	0	0	4	4	52
XMTM2MDc0NTg4OA==	31308	45091	21484	11715	3738	250	675	3963	6986	1442	1062	3067	2389	1590	3190	791	1125	1200	1794	4777	2702	2251	3100	2852	1739	660	556	1507	1225	1181
XMTM2MTAwNjM3Mg==	251	687	350	340	208	209	106	93	69	60	40	39	41	42	37	36	21	20	21	22	24	14	22	12	15	43	11	145	108	79
XMTI4NTY2MDczNg==	337	800	20	7	6	7	7	6	12	5	3	3	3	1	2	8	3	2	1	6	19	12	8	9	8	6	11	4	3	2
XMTI4Nzk4NTY3Mg==	1100	1649	527	319	252	106	145	129	124	88	93	104	115	134	98	80	90	70	57	73	50	39	42	44	35	88	114	58	48	77
XMTI4Nzk5NDU4MA==	8740	10448	5517	1560	1410	1727	3084	1284	807	770	897	782	1829	4714	4219	3659	2609	5382	4620	4702	4415	2543	1183	1023	405	370	320	804	867	232
XMTI4ODA1OTU1Mg==	144	553	146	32	50	47	60	51	28	22	19	8	5	7	5	3	21	15	3	3	7	4	14	13	8	5	10	3	2	8
XMTI4ODA2MjAwMA==	41	139	3	2	2	1	4	1	1	1	1	0	0	0	0	0	0	0	0	0	2	0	0	0	0	2	0	0	0	0
XMTI4ODAwMDg2MA==	12	18	15	3	8	4	2	1	1	0	0	0	0	0	0	0	0	0	1	0	0	0	0	0	0	0	0	0	0	0
XMTI4ODAyMjExMg==	11	41	1	0	0	0	0	0	0	0	0	0	0	0	0	0	0	0	0	0	0	0	0	0	0	0	0	0	0	0
XMTI4ODE0MjY1Ng==	45	66	26	4	8	9	2	5	3	0	1	2	1	2	0	2	3	2	2	0	1	3	0	0	0	1	0	0	0	1
XMTI4ODE1NjY0OA==	198	710	468	159	201	113	110	78	73	42	18	22	17	30	23	72	83	72	62	24	22	24	16	26	22	27	80	80	29	50
XMTI4ODE3OTQzNg==	60	85	60	19	16	21	28	9	10	12	5	10	7	8	2	9	7	12	15	3	4	9	1	7	10	8	5	7	7	3
XMTI4ODExNDkxNg==	164	374	160	88	77	86	67	71	40	23	27	16	2	6	7	4	5	6	3	9	2	12	9	12	8	7	5	6	6	6
XMTI4ODExOTY0NA==	45	188	4	0	0	1	0	2	3	1	0	0	2	0	1	0	5	1	1	0	1	0	1	2	1	1	0	0	0	0
XMTI4ODEzMTYzNg==	358	537	322	29	191	37	25	42	435	192	96	93	90	51	17	58	54	355	33	36	41	30	26	34	28	23	33	24	9	384
XMTI4ODEzOTI4NA==	10	188	5	1	1	35	1	1	1	0	0	1	0	0	1	0	0	0	0	0	0	0	0	0	0	0	0	0	2	0
XMTI4ODI0OTUyMA==	9	20	16	17	5	1	0	0	0	0	1	0	0	0	0	0	0	0	0	0	0	0	0	0	0	0	0	0	0	0
XMTI4ODI1NjIxMg==	103	201	66	14	14	5	6	2	3	2	1	0	1	0	0	0	3	0	1	2	1	0	0	1	0	0	3	0	0	3
XMTI4ODI2NTQ2MA==	43	190	80	13	1	1	1	0	0	0	0	0	1	1	0	0	1	0	0	0	0	0	0	0	0	1	0	0	0	0
XMTI4ODI4ODk5Ng==	42584	125126	10403	607	546	202	139	222	45	87	74	107	31	53	97	66	37	46	58	39	24	56	39	5	53	61	3	55	34	32
XMTI4ODI5NTQxMg==	4	11	0	0	0	0	0	0	0	0	0	0	0	0	0	0	0	0	0	0	0	0	0	0	0	0	0	0	0	0
XMTI4ODIwODQ0OA==	4569	5879	5217	1600	808	378	338	513	428	185	221	179	215	156	143	208	160	114	129	189	132	168	200	235	354	334	318	389	340	455
XMTI4ODIxNTE3Ng==	5	9	1	3	1	0	0	1	1	1	0	2	0	1	0	0	1	0	0	1	0	1	0	1	0	0	0	0	0	0
XMTI4ODIyNjgwNA==	119	207	111	19	33	79	26	28	22	17	15	20	5	14	33	266	13	5	5	11	23	15	11	11	6	2	10	2	171	15
XMTI4ODM0MTAwOA==	77	158	93	59	25	7	9	5	10	4	2	7	0	5	2	2	0	3	0	6	2	1	6	4	0	2	3	3	4	1
XMTI4ODM3NjM3Ng==	17284	77569	719	4794	889	4934	11326	666	193	263	317	106	78	54	59	48	113	497	298	77	39	46	42	36	30	34	25	25	38	21
XMTI4ODM4NDA4MA==	749	1985	602	384	547	503	469	372	349	252	138	1159	1978	2017	934	169	114	115	1542	1103	2261	1056	237	200	131	127	101	86	90	91
XMTI4ODM5MDQzNg==	644	1520	654	76	50	32	40	24	22	32	29	24	21	24	28	19	14	22	21	21	22	16	12	14	6	7	9	2	4	4
XMTI4ODMwNDI0OA==	78	256	16	10	5	5	5	7	6	1	4	3	2	8	3	4	1	3	8	4	0	1	3	9	2	8	6	40	86	10
XMTI4ODMyNTA0OA==	85	344	222	214	121	6	6	9	8	7	6	6	6	4	6	11	11	8	16	17	12	8	8	11	9	12	8	17	3	7
XMTI4ODQ0Mzc5Mg==	368	547	167	111	126	155	209	228	119	147	135	93	146	156	86	174	178	106	138	145	156	186	102	118	72	107	102	135	70	79
XMTI4ODQ2ODQ2NA==	12	29	1	2	0	1	2	1	0	2	1	5	0	0	0	0	0	0	0	0	2	0	0	0	0	2	0	1	1	0
XMTI4ODQ3NDg1Mg==	54054	153473	24600	10311	9484	7058	7783	7708	6786	6482	6710	5288	4293	3741	4858	5917	4432	3614	704	2347	1174	2274	2123	1976	2101	861	1502	1453	1334	1302
XMTI4ODQ4NDAzNg==	273	579	83	23	13	12	0	0	2	3	1	1	0	0	8	1	0	0	1	1	0	0	0	1	0	2	1	1	0	1
XMTI4ODQwODE2NA==	2366	9730	49	705	39	49	41	151	37	45	40	49	22	83	39	19	33	9	9	39	22	17	17	13	23	19	26	31	32	21
XMTI4ODQxMjE4NA==	145	223	130	65	33	6	3	1	0	3	2	2	3	1	5	8	1	8	4	0	1	0	3	0	0	4	3	0	3	0
XMTI4ODQyNTY4NA==	455	748	270	44	34	46	36	29	23	30	21	20	15	14	6	21	24	35	11	7	8	9	29	22	16	13	10	15	20	6
XMTI4ODQyODkyOA==	901	16293	10005	1430	3703	2877	4153	2133	704	499	294	213	116	100	135	121	111	66	70	103	83	70	51	58	69	64	61	42	37	60
XMTI4ODU0NzA1Mg==	147	173	3	135	98	2	2	2	1	2	3	2	3	0	0	0	0	1	1	0	1	2	0	0	0	0	0	0	0	0
XMTI4ODU0ODk4MA==	113	3174	512	1133	581	71	871	115	91	912	77	83	85	64	163	92	97	1178	22	22	25	14	19	22	19	7	17	10	12	21
XMTI4ODU2MjY4NA==	4	18	7	2	0	0	0	0	0	0	0	0	0	0	0	0	0	0	0	0	0	0	0	0	0	0	0	0	0	0
XMTI4ODU2ODUyMA==	61	184	107	39	18	7	8	3	4	5	4	6	1	3	0	2	2	6	2	1	2	0	1	1	1	1	1	0	2	5
XMTI4ODU3NzIxNg==	34	462	280	99	63	33	31	14	14	20	19	27	26	21	28	19	25	29	24	21	21	10	22	8	21	9	18	27	28	24
XMTI4ODU4NTgxMg==	144	469	37	31	96	21	16	9	6	15	10	5	2	1	3	104	4	4	3	10	23	22	14	10	5	9	4	9	285	0
XMTI4ODU5Nzk1Mg==	160	460	331	114	110	82	110	92	105	39	25	17	22	23	24	37	28	18	11	18	16	25	15	14	12	6	14	5	9	8
XMTI4ODUxNDc3Ng==	4296	13273	1640	249	168	121	138	91	79	75	62	220	202	257	108	142	95	82	90	82	67	64	48	56	29	54	42	49	44	47
XMTI4ODUxNzk1Mg==	484	3401	498	117	101	82	92	46	39	37	33	69	66	78	64	45	26	28	26	27	43	55	32	32	26	35	20	24	23	30
XMTI4ODUyMzYzNg==	1264	3709	24	12	8	9	3	4	148	679	13	8	9	6	5	3	2	4	0	4	4	6	0	3	3	2	3	1	6	1
XMTI4ODUzMTc0OA==	74	381	110	14	2	8	6	1	1	2	2	3	5	3	2	5	4	1	14	4	1	1	2	0	2	1	1	0	1	3
XMTI4ODUzNjYwOA==	78	137	96	21	30	19	29	25	24	31	22	30	12	17	20	28	27	34	22	16	11	16	12	5	10	10	11	17	16	25
XMTI4ODY1NTU2NA==	33	111	9	0	3	0	0	0	0	0	0	0	0	0	0	5	0	0	1	1	1	0	0	0	0	0	1	0	1	0
XMTI4ODY3MzY4OA==	74	168	24	17	28	72	33	14	94	9	5	7	6	5	7	7	8	4	8	13	12	10	6	9	14	8	11	9	8	8
XMTI4ODY4NjY1Ng==	11097	35523	1668	1777	1164	1476	255	1262	926	493	226	165	167	187	3	85	78	32	29	59	59	9	80	62	7	72	36	89	15	110
XMTI4ODY5MTY0OA==	1933	17874	4229	5184	8154	6926	10101	7367	4732	4368	7206	4225	3704	3764	4305	4395	3317	5572	8885	9178	9577	11455	12310	9780	6341	5940	5680	5807	5843	5836
XMTI4ODYwMTM3Mg==	11	14	3	2	13	2	2	2	7	9	1	4	3	2	0	2	4	1	3	6	3	0	3	2	1	0	0	5	3	2
XMTI4ODYwODQ3Mg==	5767	9285	4554	2114	1596	1312	1312	1165	815	753	745	818	509	590	398	317	444	332	141	147	164	189	82	438	650	644	573	611	490	220
XMTI4ODYxNTA3Mg==	58	1411	315	508	111	85	111	389	54	27	4	0	0	4	0	2	2	6	5	6	5	379	5	20	7	5	5	10	6	2
XMTI4ODYyMDA5Mg==	111	195	35	56	116	4	21	3	0	2	0	3	1	0	0	0	0	0	0	0	0	2	0	0	0	0	0	0	0	0
XMTI4ODc0NTg1Ng==	149	1388	455	11	33	25	15	27	16	8	11	2	15	6	12	19	18	19	13	11	10	1	10	4	3	1	3	4	25	22
XMTI4ODc1MjQzNg==	179	415	41	11	8	3	5	3	6	3	3	1	0	1	0	2	0	0	3	0	1	0	1	0	1	0	0	1	0	0
XMTI4ODc1NzU4MA==	59	104	35	10	77	8	3	1	7	1	3	2	0	3	2	1	1	0	2	2	4	1	1	3	0	1	0	2	0	2
XMTI4ODc2OTA4NA==	6	26	0	4	1	1	0	1	0	1	0	0	1	0	0	0	0	0	0	1	2	0	1	0	0	0	1	0	1	1
XMTI4ODc3MDI2OA==	12	19	3	4	1	4	1	0	3	4	0	2	1	1	2	3	0	1	0	1	0	0	1	0	1	0	0	0	0	0
XMTI4ODc3MjU2OA==	1071	3804	1303	189	181	769	95	76	68	40	63	41	212	281	271	142	36	25	27	24	27	20	11	20	13	17	19	28	24	16
XMTI4ODc3ODU2OA==	59	175	39	4	15	3	2	2	1	0	0	0	0	0	0	0	0	0	0	0	0	0	0	0	0	0	0	0	1	0
XMTI4ODc3OTYzNg==	1018	6246	3133	2389	616	396	265	309	1457	311	194	170	140	159	175	207	164	220	199	142	227	178	165	155	121	173	64	67	59	64
XMTI4ODc4MTQ0NA==	21	33	5	2	6	2	5	1	1	1	1	0	3	0	2	3	1	3	0	1	2	4	1	3	1	2	0	2	0	1
XMTI4ODc4ODE2NA==	15	22	10	8	2	4	0	1	1	3	2	3	2	0	1	2	1	4	0	3	3	0	1	1	0	1	1	1	0	0
XMTI4ODc4OTYzMg==	4	7	2	4	3	3	1	5	0	2	5	0	1	1	5	2	2	2	3	0	3	2	0	0	2	5	1	2	2	0
XMTI4ODc5ODExMg==	1978	2076	1111	737	586	366	383	408	311	272	233	163	210	207	171	155	141	118	140	153	207	232	358	364	228	170	158	103	161	195
XMTI4ODcwMjgyMA==	11279	21153	14073	2707	3284	1892	2846	1085	1660	1982	2204	2049	1628	428	992	930	903	695	782	923	900	658	617	414	229	544	866	643	665	680
XMTI4ODcwNzQ0NA==	663	1169	316	97	85	52	45	66	92	42	30	22	34	32	53	43	26	34	55	80	52	32	35	32	22	15	13	9	17	3
XMTI4ODcwNzcxNg==	299	567	212	23	12	8	12	156	14	6	7	4	5	6	0	12	660	10	13	8	5	3	4	1	5	2	1	4	612	1
XMTI4ODcwODczNg==	2297	3076	733	1065	429	355	445	377	388	446	346	55	39	37	53	54	94	1173	1526	88	72	48	44	29	34	29	27	27	27	27
XMTI4ODcxMTMzNg==	23	36	10	8	5	1	7	3	0	3	2	3	0	0	1	0	0	1	0	3	0	0	0	1	0	0	0	0	0	0
XMTI4ODcxNDc2NA==	30	43	26	17	9	10	8	4	4	2	6	3	2	3	3	2	0	1	1	0	1	8	4	7	3	0	3	1	4	0
XMTI4ODcxNTY0OA==	6	14	2	3	0	0	3	0	0	1	1	1	2	0	0	0	0	0	0	0	0	0	0	0	0	0	0	0	0	0
XMTI4ODcyMDM4OA==	25	104	3	0	3	4	1	2	0	1	3	0	2	0	2	0	0	4	0	0	2	3	3	0	3	2	3	0	0	1
XMTI4ODcyNDA3Ng==	185	243	96	50	35	23	20	54	26	10	13	23	10	9	11	13	6	6	7	9	4	3	10	19	22	6	6	5	8	3
XMTI4ODcyNzYzNg==	3	10	0	0	0	4	0	0	1	0	0	0	0	0	0	0	0	0	0	0	0	0	0	0	0	1	0	0	0	0
XMTI4ODcyOTYxNg==	12	23	7	0	3	0	0	0	0	1	0	1	0	0	0	0	0	0	0	0	1	0	0	0	0	0	0	0	0	0
XMTI4ODczNDcwOA==	70	166	49	24	32	9	10	6	4	5	3	3	1	1	1	3	1	0	3	1	0	2	1	0	0	2	2	1	2	0
XMTI4ODczNzk4OA==	3	4	2	0	0	2	0	0	0	0	1	0	0	2	0	0	0	0	0	0	0	0	0	0	0	2	0	0	0	0
XMTI4ODg0MDAyMA==	128	1231	67	29	227	11	11	28	53	9	12	296	1946	1937	656	44	33	31	45	13	21	15	16	16	11	12	11	11	4	13
XMTI4ODg0MDUxMg==	2082	11092	5829	2504	597	274	321	282	290	174	171	5963	34043	33340	11417	831	538	331	288	207	145	136	104	128	80	107	106	88	86	113
XMTI4ODg0NjgyNA==	112	363	145	32	34	11	13	8	5	8	5	6	8	7	1	6	4	16	13	18	23	29	18	17	13	19	19	116	8	18
XMTI4ODg0OTYwNA==	8	29	2	3	4	0	2	1	1	0	0	0	1	0	0	0	0	0	0	0	0	0	0	0	0	0	0	0	0	0
XMTI4ODg2Mzk5Mg==	18	33	17	6	10	4	3	3	5	1	1	0	1	2	0	5	3	1	0	1	2	2	0	2	1	0	8	2	3	2
XMTI4ODg2NDcyMA==	18	27	12	6	5	6	6	3	1	1	4	1	1	1	1	1	1	3	0	1	1	2	0	5	1	0	0	0	0	1
XMTI4ODgwMDYwMA==	6	8	5	2	2	0	0	3	1	0	1	0	1	2	1	1	0	0	0	0	0	1	0	0	0	0	0	0	0	0
XMTI4ODgxMDcyOA==	20	23	8	5	4	2	10	1	7	5	2	2	7	2	2	6	3	8	8	0	3	0	7	7	4	0	5	6	3	2
XMTI4ODgxMTk2OA==	164	399	74	113	128	88	63	72	70	72	62	71	66	257	110	91	93	68	77	63	67	49	57	46	50	48	43	52	62	46
XMTI4ODgyMDQxMg==	100	282	45	2	5	5	1	0	5	7	1	0	0	0	0	0	0	0	0	0	0	2	2	0	0	0	0	0	0	0
XMTI4ODgyMjUyNA==	15	68	12	4	0	2	2	1	1	0	1	0	0	1	0	0	0	1	0	0	0	0	0	1	0	0	0	0	1	1
XMTI4ODgyNjAwNA==	15205	29071	6849	2928	4574	3270	3518	1784	1853	1451	1170	1114	881	763	659	627	617	1128	830	705	745	654	761	591	3053	2073	824	624	542	418
XMTI4ODgzNDYwOA==	25	53	5	7	2	3	1	9	1	1	5	4	5	4	3	4	1	3	2	1	1	1	4	2	0	4	1	2	3	2
